-0.22246944624253165
0.1883750580231317
0.6321861389393256
0.7456018254961976
0.542496290165294
1.0079246850693457
0.6620125476582266
0.6960184992024199
0.7070748851614737
0.7785238090127398
0.8348613287384846
0.9039958232989791
0.7795431262865347
0.8732928017004192
0.8040583589587745
1.0593731011041216
1.2607383343307745
0.9471941560476871
1.1086179980992614
0.9121338499434901
0.8701574596823212
3.914129851894176
4.018131364584647
4.2315585472428605
3.9897512978498155
3.814569093111771
4.011625309531788
4.110000938885658
3.9206173573104492
3.8213638296831185
3.724767868604631
3.8433152402170254
3.75361708072147
3.7383531764134084
3.7440531814417346
3.9122712409013816
3.8014956799128616
3.9017303466606275
3.67085364131624
3.880739977110358
3.5822603989747086
3.4738258715536032
