92.68663024902344
60.610206604003906
97.41480255126953
51.6425666809082
40.985416412353516
85.12674713134766
80.21411895751953
93.90263366699219
94.21720123291016
74.22449493408203
62.65453338623047
98.55292510986328
67.45378112792969
88.3623046875
67.33897399902344
82.4383773803711
93.90930938720703
90.23207092285156
100.80882263183594
76.77476501464844
89.53782653808594
101.02369689941406
80.13655853271484
79.88549041748047
67.24517822265625
62.43828201293945
95.291748046875
55.22483444213867
81.60961151123047
117.65618896484375
63.858333587646484
72.63432312011719
92.74923706054688
87.01368713378906
55.633338928222656
84.98381805419922
70.15890502929688
95.00540924072266
74.73485565185547
110.91301727294922
63.64356994628906
72.0225601196289
67.3866958618164
81.5912094116211
67.74126434326172
60.591644287109375
98.39128875732422
89.40324401855469
71.10734558105469
75.04161834716797
77.5567855834961
75.38566589355469
77.05037689208984
76.2459716796875
105.72774505615234
52.77052307128906
83.27631378173828
93.34193420410156
100.89208221435547
81.65572357177734
89.65637969970703
100.10202026367188
109.65817260742188
49.480125427246094
76.30850219726562
45.70539855957031
100.45161437988281
88.12834167480469
63.65838623046875
60.5555305480957
101.66888427734375
73.52015686035156
63.24186706542969
84.89273071289062
67.04716491699219
122.66645050048828
81.5877914428711
97.77232360839844
100.79834747314453
87.23313903808594
74.2255630493164
118.015869140625
94.71914672851562
97.88748931884766
88.23362731933594
83.09414672851562
53.39651107788086
72.81463623046875
96.4678726196289
123.26329040527344
36.16789245605469
61.241432189941406
54.46672439575195
51.05101013183594
50.96445846557617
69.46533966064453
94.78496551513672
91.95988464355469
98.4218521118164
112.9649658203125
109.62055969238281
72.23550415039062
46.87841796875
88.65828704833984
52.11545181274414
81.79865264892578
91.4989242553711
52.97695541381836
52.64215850830078
84.45535278320312
86.6822509765625
70.18163299560547
106.90451049804688
65.24829864501953
65.55120086669922
78.6722412109375
109.53179931640625
60.134342193603516
54.685970306396484
72.21167755126953
63.17626190185547
78.1141128540039
98.14559173583984
68.0970687866211
77.25674438476562
65.8995590209961
109.16724395751953
47.40765380859375
95.45939636230469
62.19430923461914
81.6615982055664
69.90171813964844
59.229759216308594
89.28227233886719
118.57647705078125
70.69517517089844
106.12730407714844
69.89407348632812
77.51172637939453
98.28800201416016
100.60255432128906
101.99835968017578
115.3874282836914
48.670780181884766
90.81725311279297
50.67793655395508
103.28700256347656
85.54051971435547
63.52145767211914
49.02980041503906
85.74237823486328
52.22144317626953
51.69919204711914
35.80595016479492
69.08358764648438
74.98764038085938
76.00926208496094
59.3332633972168
55.491416931152344
87.53414154052734
69.3395767211914
87.27517700195312
77.46656036376953
71.80108642578125
79.4250259399414
86.2033462524414
76.0887451171875
46.71623229980469
73.88119506835938
74.11888885498047
66.06895446777344
50.366676330566406
72.7265625
114.00371551513672
69.0261001586914
120.84724426269531
84.07320404052734
94.14546203613281
40.64166259765625
71.02365112304688
92.9580307006836
80.9880599975586
20.967409133911133
55.75226593017578
15.527800559997559
41.07476043701172
57.087646484375
59.431331634521484
47.49677658081055
64.602783203125
76.82013702392578
95.22010803222656
82.53179931640625
81.90937042236328
75.56854248046875
68.68754577636719
46.969844818115234
63.23049545288086
89.23267364501953
89.91410827636719
29.04878044128418
66.2730484008789
79.64231872558594
67.5147705078125
91.56246185302734
57.52103805541992
63.953521728515625
93.41875457763672
70.1324462890625
100.26522827148438
84.60224914550781
85.15789031982422
103.27096557617188
48.2879753112793
68.7255859375
94.11280059814453
52.32440948486328
74.2753677368164
78.11611938476562
82.07525634765625
105.44249725341797
64.30440521240234
78.323974609375
74.20500183105469
87.63787078857422
82.99163818359375
84.5937271118164
79.7462158203125
66.90895080566406
81.699462890625
55.3953742980957
89.1858901977539
97.95800018310547
88.05781555175781
90.39439392089844
91.26825714111328
94.29087829589844
71.9454116821289
28.363061904907227
70.19355010986328
69.65396881103516
53.767822265625
99.10595703125
73.54627227783203
74.8142318725586
63.46540069580078
96.3335189819336
61.93354415893555
81.69124603271484
52.502098083496094
71.93590545654297
36.246673583984375
90.17304992675781
82.0747299194336
39.0125846862793
51.35810089111328
58.49627685546875
62.39260482788086
75.51604461669922
33.348594665527344
101.2707290649414
72.50135040283203
89.68917083740234
60.345458984375
61.870323181152344
80.32056427001953
71.53475189208984
89.04020690917969
48.38117218017578
48.75630569458008
100.6069107055664
63.32990646362305
69.38504791259766
94.68994140625
94.14680480957031
100.5630874633789
91.52456665039062
93.50768280029297
66.38838195800781
67.34183502197266
51.295963287353516
85.76931762695312
99.33218383789062
108.6360855102539
48.18501663208008
88.9964599609375
80.92401885986328
87.86516571044922
69.57982635498047
87.70171356201172
76.88172912597656
92.07060241699219
86.18745422363281
68.23706817626953
102.38711547851562
58.825626373291016
84.4664306640625
69.68724060058594
75.2730941772461
72.89269256591797
65.19270324707031
93.12605285644531
59.386837005615234
75.37113952636719
66.82894897460938
87.46134185791016
89.18080139160156
79.99945068359375
86.40835571289062
34.287899017333984
73.0771713256836
99.64053344726562
67.26931762695312
81.50252532958984
82.97689056396484
81.89076232910156
94.20519256591797
68.50276947021484
97.92724609375
108.3274154663086
76.41680908203125
70.02205657958984
74.00096130371094
96.8652572631836
102.89362335205078
59.69886779785156
79.49752807617188
88.55274200439453
70.50153350830078
58.82869338989258
81.83275604248047
67.59351348876953
80.012939453125
90.8042221069336
57.7525749206543
79.42827606201172
75.51812744140625
79.78813171386719
66.98766326904297
85.5019302368164
113.6667709350586
80.8520736694336
55.123497009277344
91.3084716796875
71.94613647460938
84.27195739746094
42.82577896118164
54.66261672973633
60.939491271972656
89.92129516601562
73.79497528076172
82.68408203125
40.59196090698242
68.46052551269531
82.67157745361328
66.99333953857422
45.743350982666016
96.95732116699219
81.43158721923828
72.74016571044922
119.22455596923828
92.94644927978516
79.96893310546875
120.91317749023438
112.29106903076172
77.92046356201172
46.46393966674805
92.67598724365234
70.39313507080078
44.982906341552734
61.658607482910156
97.1511459350586
73.7070083618164
73.03137969970703
80.46624755859375
72.71957397460938
106.34492492675781
85.2113037109375
91.65265655517578
80.7223892211914
71.34478759765625
74.36686706542969
66.66456604003906
47.69198989868164
96.98322296142578
65.84966278076172
44.19502258300781
110.16446685791016
72.73052215576172
97.65223693847656
70.13352966308594
78.7885513305664
101.46792602539062
79.93290710449219
41.080970764160156
41.2522087097168
66.52552795410156
86.76105499267578
96.59546661376953
99.5943603515625
40.152626037597656
83.5115737915039
87.84046173095703
118.16185760498047
67.23371887207031
54.04595184326172
95.91649627685547
103.12110900878906
80.22587585449219
56.14640808105469
66.89897155761719
65.60455322265625
63.45722198486328
68.6031494140625
60.005001068115234
87.31718444824219
80.79212188720703
67.33490753173828
92.24588775634766
56.654998779296875
80.07756042480469
82.07368469238281
93.4952621459961
108.25138092041016
78.73251342773438
82.42346954345703
65.45706939697266
93.97054290771484
94.78252410888672
94.2701187133789
69.32979583740234
93.5979232788086
60.65345001220703
82.6426773071289
110.13842010498047
70.06007385253906
105.07064056396484
49.57255935668945
73.42876434326172
104.74335479736328
68.61610412597656
39.21592712402344
82.73971557617188
57.283348083496094
74.06344604492188
61.695770263671875
96.29549407958984
93.72470092773438
92.14652252197266
76.76094818115234
94.74224853515625
73.77937316894531
68.43362426757812
67.95530700683594
98.77487182617188
58.25849151611328
129.05087280273438
78.64754486083984
116.3818359375
81.84215545654297
61.32024383544922
70.42144775390625
70.65278625488281
84.5557861328125
104.33055114746094
75.14846801757812
87.67021942138672
111.80924224853516
55.398468017578125
78.76777648925781
77.54939270019531
134.8008575439453
108.11609649658203
58.613529205322266
68.64965057373047
61.27988052368164
106.60481262207031
114.57192993164062
85.15353393554688
92.42886352539062
66.91654968261719
83.85710906982422
73.75739288330078
53.23988723754883
69.09212493896484
100.06878662109375
50.219566345214844
109.94969177246094
79.16738891601562
86.18824005126953
53.834774017333984
112.07704162597656
115.30694580078125
64.12755584716797
92.52772521972656
52.72841262817383
82.80001831054688
77.58636474609375
88.26200103759766
58.698089599609375
44.21144485473633
81.70858764648438
77.99813842773438
64.83226776123047
42.711570739746094
61.227813720703125
64.33573913574219
73.32029724121094
56.93103790283203
90.6999282836914
84.35441589355469
92.34661102294922
85.14461517333984
55.83793258666992
52.85080337524414
89.16912841796875
40.58180236816406
64.55266571044922
48.42662811279297
44.757347106933594
85.15667724609375
69.53549194335938
81.16570281982422
86.59607696533203
47.159912109375
56.81793975830078
52.01311492919922
66.63732147216797
80.81510925292969
74.002685546875
88.0650405883789
99.49546813964844
77.56316375732422
95.76411437988281
80.37220001220703
26.060760498046875
71.8890380859375
66.54430389404297
95.26698303222656
80.28267669677734
97.16619873046875
60.738616943359375
88.94092559814453
28.32122039794922
62.59344482421875
56.91072463989258
84.27545166015625
56.641109466552734
73.57818603515625
35.91135025024414
82.66851043701172
104.89096069335938
89.10133361816406
92.68327331542969
89.98382568359375
66.185546875
38.51514434814453
75.82161712646484
97.05087280273438
80.03071594238281
87.47134399414062
83.49112701416016
71.7727279663086
94.77625274658203
108.38377380371094
66.40422058105469
89.5311508178711
81.3602523803711
63.04032897949219
52.43272399902344
90.92999267578125
83.64213562011719
93.09569549560547
78.33734893798828
77.54841613769531
88.98943328857422
75.53553009033203
61.4848747253418
96.530517578125
76.29145812988281
57.4466438293457
58.74348449707031
78.21146392822266
95.42660522460938
71.85250091552734
55.027095794677734
68.74117279052734
89.08385467529297
82.84776306152344
117.89134979248047
119.30709838867188
102.38151550292969
65.28326416015625
66.40283966064453
66.1732177734375
98.12425231933594
57.71009826660156
72.80134582519531
80.17416381835938
79.89453887939453
109.2048110961914
59.72515869140625
84.21324157714844
45.2535514831543
51.95396423339844
81.41863250732422
95.66136932373047
77.57683563232422
71.2266616821289
73.0974349975586
85.2785873413086
77.57394409179688
94.10346221923828
72.93390655517578
92.88844299316406
54.97591781616211
94.75300598144531
113.6972427368164
105.33552551269531
79.40767669677734
78.27413940429688
98.46005249023438
97.31141662597656
118.17302703857422
79.1010971069336
43.24040603637695
50.46541213989258
89.19506072998047
46.042701721191406
68.57261657714844
87.76351165771484
60.60645294189453
78.18502807617188
96.33820343017578
66.73377990722656
84.5069351196289
65.21601867675781
57.27075958251953
111.37550354003906
90.87506103515625
79.25662231445312
68.00059509277344
78.4352798461914
93.77316284179688
70.42252349853516
95.4214859008789
89.23408508300781
62.52418899536133
86.23524475097656
60.11425018310547
88.70590209960938
54.74678039550781
89.5455093383789
80.4761962890625
92.85965728759766
72.5814437866211
67.44544219970703
68.94208526611328
82.423828125
72.77208709716797
85.24528503417969
101.2657699584961
69.51456451416016
55.38977813720703
88.45072937011719
80.55342864990234
82.33541107177734
77.39623260498047
89.77479553222656
97.75080108642578
88.86885070800781
93.77460479736328
107.86592102050781
89.58145141601562
58.022926330566406
73.3515853881836
59.174564361572266
91.06645965576172
86.65243530273438
74.44368743896484
105.71642303466797
109.35481262207031
75.42512512207031
104.2197265625
76.41828918457031
73.4886245727539
72.72412109375
36.23154830932617
89.30784606933594
44.11899185180664
88.46221160888672
37.625247955322266
91.12751007080078
18.660945892333984
75.65193939208984
115.77848052978516
77.36128234863281
71.8589859008789
49.15746307373047
90.68097686767578
52.04804611206055
110.21192169189453
42.224605560302734
74.4363784790039
69.27997589111328
124.16374969482422
117.72845458984375
62.71989822387695
48.507328033447266
91.42572021484375
75.76673889160156
68.83859252929688
82.5029067993164
114.7112808227539
99.79595184326172
96.97607421875
89.36380767822266
51.88922119140625
60.19904708862305
125.2505111694336
115.59611511230469
78.15303039550781
103.00433349609375
102.38834381103516
111.2192153930664
98.79473876953125
105.73719024658203
104.89903259277344
101.16445922851562
78.4231185913086
82.50373077392578
49.46803283691406
66.45001983642578
88.06597137451172
91.15514373779297
107.88872528076172
86.23342895507812
88.9675521850586
97.07544708251953
75.47700500488281
87.62419891357422
78.97000885009766
95.17949676513672
90.3226547241211
83.88529968261719
95.88616180419922
74.31652069091797
98.48875427246094
72.41197204589844
102.89791870117188
75.38362884521484
64.19464874267578
39.770896911621094
52.790245056152344
95.888671875
108.64385986328125
61.810150146484375
57.23046875
44.91768264770508
98.10975646972656
64.18800354003906
128.1576690673828
64.48789978027344
64.90007781982422
96.50251007080078
70.3226318359375
83.70498657226562
58.1527099609375
60.12512969970703
84.3015365600586
72.919189453125
119.30357360839844
56.253326416015625
71.75206756591797
74.5389175415039
37.02688217163086
104.9495620727539
43.498111724853516
31.817909240722656
59.05889129638672
91.01716613769531
90.93157196044922
103.07006072998047
32.84685134887695
67.07618713378906
81.00467681884766
50.020259857177734
80.0832290649414
64.4619369506836
66.88562774658203
68.98031616210938
69.347412109375
88.27741241455078
62.60343933105469
86.17759704589844
61.98011779785156
55.434234619140625
69.0161361694336
92.06262969970703
63.30283737182617
89.47772979736328
96.29064178466797
104.89775085449219
63.32672119140625
73.1842269897461
64.30860900878906
82.46009063720703
78.73583221435547
107.9132308959961
60.19519805908203
98.28079223632812
83.77302551269531
103.38849639892578
72.85494995117188
52.309974670410156
73.25585174560547
53.001747131347656
78.43067169189453
76.47918701171875
78.09417724609375
92.12638854980469
115.93929290771484
101.80255126953125
66.52156829833984
69.44027709960938
89.51821899414062
82.42987060546875
64.28826904296875
68.96954345703125
58.5534553527832
73.28036499023438
86.56787872314453
96.53910064697266
59.04938507080078
68.7215805053711
74.33699035644531
71.78253936767578
40.65873336791992
54.58135223388672
79.79914855957031
93.16291046142578
88.37671661376953
82.78781127929688
108.9227294921875
73.11589050292969
43.4669075012207
43.89763259887695
120.23652648925781
67.96158599853516
69.47138214111328
66.33123779296875
101.84541320800781
55.97465515136719
92.03422546386719
86.52749633789062
59.291160583496094
80.66632843017578
73.18934631347656
91.8372573852539
75.63420867919922
77.61936950683594
67.24945831298828
76.93782806396484
111.51458740234375
84.34661102294922
96.43292236328125
70.34471893310547
91.82109069824219
67.33014678955078
85.51982879638672
63.892189025878906
53.48613739013672
92.23514556884766
37.21302795410156
89.37711334228516
83.65845489501953
76.80982971191406
109.9769058227539
76.76004791259766
96.98661041259766
113.59571075439453
64.65929412841797
97.1301040649414
72.47571563720703
68.42222595214844
88.46334075927734
73.0858154296875
87.01651000976562
80.5719223022461
66.60456085205078
73.06635284423828
81.91148376464844
71.58548736572266
60.128387451171875
82.9580078125
61.4364013671875
50.604984283447266
69.89551544189453
82.25741577148438
71.56475830078125
84.8243408203125
119.17312622070312
103.55303955078125
67.98941040039062
97.5362548828125
56.6880989074707
79.94029235839844
87.7492446899414
87.46668243408203
108.1288833618164
34.26372528076172
52.304039001464844
77.09022521972656
63.734893798828125
90.13370513916016
93.19303131103516
130.0182342529297
88.36143493652344
89.33009338378906
67.66905212402344
90.81790924072266
56.94837951660156
95.19422912597656
64.96159362792969
63.45970153808594
64.83097839355469
76.05805969238281
95.08621215820312
87.48155212402344
88.9614028930664
82.14395904541016
76.52493286132812
100.47280883789062
71.81716918945312
86.98509216308594
93.84505462646484
75.74565124511719
69.60707092285156
83.47555541992188
102.59626770019531
102.91943359375
113.01629638671875
58.95352554321289
57.50223922729492
93.6070556640625
122.80933380126953
74.1774673461914
40.78887176513672
54.37552261352539
88.697509765625
100.6678695678711
33.827144622802734
76.10440063476562
89.07945251464844
72.66824340820312
76.6159439086914
83.11699676513672
73.5248794555664
105.41532897949219
112.04943084716797
83.61669158935547
61.025821685791016
107.55318450927734
75.88400268554688
62.52507781982422
75.65387725830078
56.50215148925781
83.50442504882812
66.92522430419922
85.49185943603516
102.45426177978516
86.91426086425781
82.84352111816406
74.28321838378906
76.96693420410156
126.19147491455078
85.60540771484375
69.25621032714844
107.28070831298828
53.8499870300293
85.34154510498047
62.343048095703125
84.74628448486328
74.18648529052734
100.71831512451172
85.52264404296875
104.05045318603516
122.59909057617188
53.464420318603516
83.30768585205078
92.3406753540039
69.7435073852539
55.30391311645508
84.4760971069336
96.48345947265625
96.02886199951172
44.32502365112305
72.62388610839844
75.01304626464844
65.00363159179688
72.96387481689453
83.91352844238281
38.86131286621094
84.39401245117188
110.06021118164062
74.93436431884766
110.64444732666016
115.48731231689453
45.06327819824219
99.01009368896484
70.42638397216797
45.53990936279297
106.88414001464844
96.96221160888672
88.46797943115234
93.66328430175781
102.7276611328125
91.96802520751953
75.25239562988281
78.01753234863281
72.05816650390625
100.5140380859375
74.89910125732422
64.18680572509766
50.569068908691406
98.9319076538086
89.31301879882812
93.43885040283203
69.24667358398438
62.68906784057617
75.31512451171875
99.22630310058594
68.54747772216797
56.48191452026367
97.08660125732422
75.55736541748047
92.97026824951172
129.59629821777344
82.73492431640625
80.20381164550781
56.177913665771484
61.53430938720703
54.59090042114258
95.25309753417969
68.18213653564453
14.968001365661621
63.15676498413086
74.53997039794922
98.24183654785156
107.8921890258789
86.88082122802734
84.23413848876953
107.0589828491211
62.15126037597656
81.57057189941406
98.45503997802734
57.57413864135742
56.7003288269043
105.0184326171875
61.75819778442383
85.63900756835938
92.14031982421875
83.48622131347656
96.3354721069336
77.50784301757812
119.46197509765625
64.62621307373047
107.66360473632812
81.28009796142578
103.51236724853516
61.02619934082031
96.8232421875
95.1740951538086
92.39193725585938
90.72782135009766
72.21993255615234
59.57542419433594
104.59226989746094
71.27891540527344
66.73058319091797
72.95487213134766
70.8426513671875
80.7602310180664
96.40789031982422
133.6904754638672
67.1205062866211
84.95417785644531
78.88508605957031
50.92793273925781
82.80760955810547
84.9376449584961
95.7056884765625
36.724666595458984
37.225135803222656
64.82218933105469
65.52782440185547
98.90667724609375
54.63896942138672
80.68135833740234
63.392330169677734
50.624961853027344
39.042579650878906
38.50288391113281
96.1371078491211
78.14930725097656
64.21031188964844
82.10470581054688
45.18939971923828
89.35196685791016
86.7478256225586
67.30522918701172
66.77700805664062
81.21882629394531
62.93754196166992
62.96479034423828
69.7038345336914
89.90511322021484
64.02688598632812
69.87451934814453
102.59306335449219
66.2396011352539
112.03873443603516
86.54098510742188
69.03694152832031
104.90560913085938
98.04539489746094
82.50299835205078
74.34175872802734
107.2393798828125
79.0086898803711
90.32972717285156
105.46817016601562
82.30945587158203
69.73389434814453
113.4689712524414
64.44542694091797
105.03091430664062
80.38066101074219
57.78258514404297
52.12805938720703
142.20388793945312
83.35032653808594
81.16122436523438
68.8097915649414
65.89022827148438
106.54434204101562
67.92044830322266
89.34661102294922
57.94123458862305
38.0499153137207
63.7760124206543
50.11347198486328
113.21434020996094
67.856689453125
65.36172485351562
54.13728332519531
87.43864440917969
69.82540893554688
71.00395202636719
111.06454467773438
61.47837829589844
116.012939453125
82.73468017578125
62.963809967041016
89.75662231445312
105.9193115234375
46.4703254699707
84.46992492675781
64.84738159179688
113.0051498413086
77.28881072998047
104.98094177246094
85.55696868896484
115.13934326171875
76.21022033691406
64.76455688476562
60.885536193847656
75.34854125976562
73.06173706054688
89.94290161132812
96.77706909179688
83.5114517211914
58.280086517333984
70.99447631835938
84.9033203125
57.76905059814453
73.4281234741211
48.7902946472168
98.2092514038086
100.03048706054688
68.23238372802734
95.65472412109375
77.38130187988281
64.30516052246094
55.308650970458984
54.98277282714844
69.99937438964844
87.4926986694336
85.70812225341797
64.71173858642578
83.02500915527344
105.49700164794922
92.62076568603516
25.726757049560547
79.21155548095703
62.89935302734375
79.7734146118164
89.81961059570312
53.38080978393555
76.93840026855469
107.82746887207031
105.83136749267578
115.79067993164062
37.482086181640625
54.51802444458008
69.72552490234375
87.90351104736328
87.62325286865234
84.8843994140625
88.48921203613281
87.79116821289062
41.13639831542969
69.78105163574219
102.45777130126953
95.03793334960938
55.03409957885742
58.850677490234375
59.32680130004883
81.44023132324219
51.31239318847656
68.38860321044922
66.88035583496094
93.14881896972656
67.25292205810547
86.50350952148438
74.88091278076172
76.4810562133789
96.23251342773438
40.107566833496094
80.3605728149414
39.11708450317383
97.40290832519531
64.75077819824219
116.41361999511719
51.84853744506836
95.16575622558594
88.9170913696289
85.51600646972656
56.395042419433594
68.39545440673828
91.37226867675781
70.46794128417969
86.24051666259766
90.05830383300781
81.56825256347656
65.1825942993164
60.803794860839844
79.54978942871094
81.02328491210938
79.36328125
59.799232482910156
96.99252319335938
104.31189727783203
67.74246978759766
87.08458709716797
89.59529113769531
70.55245971679688
114.1779556274414
67.95841979980469
50.60331344604492
66.92300415039062
90.36823272705078
71.3531723022461
58.613746643066406
87.60807800292969
79.71318054199219
30.571712493896484
73.96869659423828
70.84095001220703
61.5723762512207
69.995361328125
60.619659423828125
101.92559814453125
62.60116195678711
50.688743591308594
91.57591247558594
91.75260925292969
64.16276550292969
107.15373229980469
58.9572639465332
99.22482299804688
58.4160270690918
81.5992660522461
73.76296997070312
63.645111083984375
77.66374206542969
66.45806121826172
70.1579360961914
129.4137725830078
67.12191772460938
90.95904541015625
85.64940643310547
92.5599136352539
61.04182052612305
101.45146942138672
58.32643508911133
81.13307189941406
66.4661636352539
85.536865234375
63.0747184753418
106.0233383178711
98.97318267822266
47.41389846801758
58.3158073425293
83.10047149658203
76.5564956665039
71.8570556640625
75.48747253417969
79.4691162109375
104.3249740600586
105.18278503417969
66.55950164794922
79.14266204833984
85.962646484375
108.32808685302734
90.47367095947266
86.85247802734375
53.49538803100586
91.51240539550781
55.20182800292969
57.64801788330078
67.91722106933594
52.57762908935547
54.44908905029297
67.24015808105469
91.48428344726562
95.21430206298828
53.5628662109375
41.97441864013672
72.33331298828125
103.66625213623047
62.46038818359375
38.86811828613281
105.59217071533203
114.35711669921875
76.52738189697266
71.87923431396484
123.84701538085938
84.32230377197266
73.15229034423828
68.63417053222656
103.19750213623047
61.941261291503906
80.55827331542969
59.02754211425781
84.12966918945312
60.19648742675781
73.29138946533203
138.42929077148438
79.30097198486328
74.14785766601562
75.89021301269531
78.2775650024414
116.40501403808594
122.8148422241211
116.88226318359375
72.01922607421875
60.614402770996094
81.76394653320312
85.96256256103516
27.5656795501709
106.67192840576172
60.703372955322266
76.72631072998047
64.20877838134766
94.83251190185547
89.50570678710938
100.7082290649414
105.96639251708984
69.82266235351562
54.05625915527344
85.65057373046875
86.47388458251953
64.63082885742188
92.63851165771484
86.40760040283203
73.0655288696289
65.89522552490234
102.15045928955078
76.94100952148438
81.58710479736328
72.66497039794922
52.40389633178711
62.77494430541992
81.6227035522461
74.72544860839844
78.56328582763672
99.0715560913086
76.76885986328125
92.19295501708984
59.23727035522461
74.66793823242188
90.2804183959961
71.80287170410156
90.76336669921875
120.20199584960938
103.3509521484375
93.10152435302734
54.71671676635742
64.77742767333984
59.902259826660156
85.69608306884766
57.58720016479492
69.52197265625
75.19160461425781
74.88618469238281
60.6801872253418
85.45891571044922
94.77748107910156
65.67903900146484
64.47799682617188
53.71660232543945
64.93004608154297
81.64717864990234
115.31065368652344
54.11129379272461
100.18562316894531
112.24124908447266
59.435760498046875
22.441381454467773
96.46965026855469
91.22881317138672
58.392478942871094
104.40221405029297
102.80287170410156
52.260501861572266
80.67283630371094
44.486454010009766
70.12329864501953
69.32018280029297
75.05304718017578
84.46308898925781
76.20719909667969
70.94744873046875
83.6104507446289
68.36723327636719
86.13953399658203
53.297630310058594
111.71810150146484
85.03140258789062
84.88764953613281
59.55300521850586
90.73965454101562
67.23976135253906
62.15177536010742
46.265071868896484
116.1254653930664
84.4233627319336
45.91328811645508
66.51705932617188
96.47193908691406
78.79105377197266
64.34494018554688
113.97692108154297
81.48444366455078
67.20529174804688
56.7125244140625
34.537017822265625
87.11940002441406
101.47917938232422
103.97916412353516
53.70140075683594
73.39049530029297
70.13361358642578
79.8268814086914
85.60771942138672
73.8685302734375
53.925270080566406
83.46391296386719
78.78520965576172
98.49629211425781
60.55138397216797
100.14356994628906
99.07636260986328
75.9614028930664
55.211341857910156
66.5478515625
86.97996520996094
70.34134674072266
53.870361328125
62.896026611328125
92.1646728515625
65.79500579833984
85.66993713378906
88.40338897705078
86.25829315185547
58.14753341674805
71.3603515625
86.81798553466797
62.698909759521484
74.05815124511719
95.45539093017578
84.02176666259766
87.10697174072266
53.610469818115234
98.11376190185547
57.61690902709961
80.77519989013672
87.01066589355469
96.56431579589844
59.708744049072266
50.97469711303711
71.56684112548828
93.5351791381836
61.16349792480469
57.591392517089844
71.90546417236328
63.73107147216797
61.28297424316406
111.22290802001953
68.97098541259766
81.09226989746094
92.5800552368164
62.157691955566406
81.37841796875
47.01926803588867
53.230247497558594
72.54853820800781
76.82952117919922
101.84417724609375
92.4004135131836
94.03251647949219
95.37834167480469
107.69468688964844
73.35920715332031
49.886112213134766
91.14689636230469
59.46831512451172
102.19123077392578
54.91743850708008
62.554412841796875
78.8541259765625
66.87748718261719
114.51113891601562
60.76255798339844
62.77290344238281
62.54710388183594
99.8710708618164
47.475154876708984
67.64258575439453
99.62400817871094
35.073001861572266
86.65522766113281
79.56535339355469
41.20042419433594
95.81797790527344
133.07569885253906
41.44104766845703
96.59546661376953
33.65830993652344
56.37708282470703
73.83663177490234
127.71178436279297
66.06181335449219
85.52719116210938
77.50285339355469
44.609580993652344
106.76627349853516
106.6226577758789
79.94193267822266
55.421348571777344
67.9709701538086
87.7261734008789
80.1213150024414
89.02615356445312
110.24955749511719
103.644775390625
76.15897369384766
78.15447998046875
101.1397933959961
94.24765014648438
60.993465423583984
73.58798217773438
103.21085357666016
85.14816284179688
91.56047821044922
119.05419158935547
86.9051284790039
76.33427429199219
75.88741302490234
93.97210693359375
28.35334014892578
55.85135269165039
79.21963500976562
91.66597747802734
51.87885284423828
114.6563720703125
70.62457275390625
83.08973693847656
89.68898010253906
100.68499755859375
106.18527221679688
74.57969665527344
63.8536491394043
100.18037414550781
67.90155029296875
68.2125244140625
102.1677017211914
86.9685287475586
74.99871063232422
88.36236572265625
85.33216094970703
63.444671630859375
87.44999694824219
69.94196319580078
49.83668518066406
92.98631286621094
83.05437469482422
95.15386962890625
61.8819580078125
107.49292755126953
118.00625610351562
76.77925109863281
103.9082260131836
26.818344116210938
84.15390014648438
88.52751159667969
81.04032135009766
91.77413177490234
72.601318359375
73.76407623291016
50.447261810302734
61.57780075073242
75.8421401977539
86.56298828125
108.33820343017578
75.62882995605469
79.9114761352539
71.41556549072266
98.21620178222656
111.41242980957031
101.57241821289062
93.93426513671875
68.04523468017578
115.80352020263672
100.2259750366211
41.0130615234375
109.60023498535156
65.5593032836914
80.80619812011719
111.08780670166016
80.88326263427734
58.44179916381836
64.00944519042969
32.5339469909668
99.52079010009766
85.48785400390625
64.57826232910156
42.875205993652344
52.912235260009766
79.19200897216797
78.67573547363281
60.863426208496094
38.98223114013672
84.91413879394531
67.28984832763672
74.33839416503906
113.48670959472656
92.09294891357422
94.73721313476562
55.0019416809082
100.24281311035156
80.29481506347656
51.42668533325195
101.5918960571289
86.8092041015625
85.7644271850586
109.70761108398438
82.54490661621094
78.92959594726562
53.0447883605957
87.25116729736328
118.07353210449219
48.61343765258789
68.54782104492188
74.57442474365234
85.4422378540039
88.77787780761719
60.10932159423828
55.94085693359375
68.43086242675781
68.44197845458984
63.85415267944336
46.67975616455078
84.8663558959961
101.80854034423828
106.35184478759766
22.019617080688477
58.43962478637695
79.13099670410156
70.97592163085938
105.40855407714844
75.98350524902344
67.18378448486328
108.6662826538086
54.752506256103516
44.04631805419922
49.56862258911133
82.01886749267578
80.90454864501953
68.4478988647461
134.9580078125
95.77183532714844
48.92402648925781
80.56578826904297
72.9328842163086
88.23401641845703
101.90868377685547
72.08329010009766
97.90210723876953
21.747434616088867
76.58436584472656
105.75154113769531
116.69615936279297
95.97209930419922
87.48139190673828
73.69947052001953
89.9802017211914
99.07799530029297
75.41984558105469
51.91110610961914
73.78338623046875
87.05023193359375
105.73751831054688
66.11672973632812
87.32540130615234
103.89311218261719
98.7381591796875
92.5701675415039
48.22037887573242
33.55177307128906
87.62537384033203
60.11150360107422
69.66663360595703
77.34262084960938
108.37798309326172
72.77225494384766
94.94283294677734
70.34844207763672
85.34243774414062
59.343040466308594
49.50132369995117
64.97103118896484
51.07408142089844
75.64845275878906
67.98812103271484
112.2140884399414
77.37641906738281
73.00153350830078
119.24124908447266
64.25643920898438
85.1555404663086
78.40582275390625
50.59463882446289
93.07695770263672
94.68131256103516
52.590606689453125
58.003517150878906
83.66632843017578
84.9918212890625
76.55965423583984
61.94712829589844
62.62404251098633
89.10901641845703
106.81633758544922
71.34011840820312
70.81398010253906
82.1705322265625
73.14742279052734
62.06147766113281
65.61519622802734
59.41035842895508
121.27874755859375
87.6294174194336
59.86280822753906
104.86199951171875
66.30294036865234
75.8601303100586
96.75692749023438
51.96895217895508
90.57478332519531
74.96031951904297
47.488529205322266
77.39988708496094
65.18982696533203
114.93544006347656
90.60919952392578
61.36381149291992
99.61433410644531
94.50370788574219
100.81232452392578
75.01395416259766
71.01223754882812
80.44176483154297
47.6123161315918
85.4989242553711
83.1300277709961
77.14091491699219
44.590736389160156
61.53300857543945
78.32363891601562
80.6295166015625
66.81407928466797
73.94583892822266
62.361351013183594
91.7929458618164
110.7579574584961
77.85652923583984
74.65364074707031
58.531925201416016
93.99491119384766
78.48857116699219
77.32820129394531
71.73954772949219
35.2295036315918
104.5544662475586
41.83300018310547
53.13752746582031
86.3948745727539
69.58268737792969
62.23252868652344
73.83689880371094
68.52408599853516
63.155818939208984
78.93936920166016
97.43978881835938
88.14613342285156
48.689701080322266
100.76898193359375
94.54149627685547
63.9063606262207
69.03256225585938
65.7274398803711
75.466796875
71.03451538085938
64.64012908935547
44.76292419433594
61.43830490112305
84.01384735107422
71.55887603759766
103.90734100341797
92.34918212890625
83.77501678466797
102.39573669433594
64.72541046142578
73.36204528808594
68.14092254638672
47.57600021362305
72.504150390625
70.49884033203125
39.15415954589844
97.70992279052734
85.92310333251953
75.97405242919922
49.14143753051758
85.37874603271484
79.26109313964844
98.19737243652344
77.54393768310547
83.8331527709961
114.36907958984375
79.68657684326172
68.66223907470703
94.37311553955078
71.23501586914062
82.79964447021484
72.68623352050781
80.8663558959961
107.79376220703125
52.388336181640625
76.8764419555664
72.34527587890625
62.807552337646484
55.85575485229492
43.12517166137695
53.303741455078125
76.10653686523438
66.62779235839844
95.6877670288086
73.30796813964844
105.02568054199219
69.06055450439453
69.11398315429688
75.47289276123047
92.02241516113281
55.13572692871094
68.43582153320312
70.03492736816406
60.423641204833984
85.61087799072266
62.64323425292969
46.557228088378906
108.73809814453125
60.191612243652344
82.7939682006836
101.03763580322266
76.45934295654297
84.90060424804688
93.89875030517578
81.99580383300781
69.70783996582031
73.08824920654297
84.4202651977539
65.07455444335938
51.53523635864258
44.803340911865234
76.72628021240234
68.37470245361328
64.51307678222656
79.74822998046875
70.531982421875
52.60235595703125
74.20734405517578
110.50755310058594
83.59446716308594
74.76470947265625
95.2547836303711
73.73658752441406
96.5207748413086
103.86485290527344
56.137786865234375
80.47618865966797
64.89801025390625
63.07278823852539
72.37004852294922
47.84204864501953
75.70716857910156
59.390106201171875
66.12342071533203
56.399654388427734
81.4791259765625
96.2353515625
92.42076873779297
111.7601318359375
73.184326171875
89.2507553100586
50.626976013183594
74.15027618408203
38.43156814575195
78.13966369628906
92.9870834350586
88.23303985595703
82.4612045288086
73.88844299316406
72.67115020751953
76.06581115722656
64.29216766357422
86.85452270507812
90.03717041015625
94.05133819580078
47.50873565673828
77.9682388305664
78.95613861083984
63.811275482177734
86.5409927368164
102.75080108642578
76.9594955444336
110.13451385498047
50.172088623046875
82.7695083618164
69.47191619873047
58.64668273925781
92.56450653076172
56.46387481689453
41.65785217285156
54.7239875793457
120.40380859375
65.01105499267578
81.30884552001953
56.5461540222168
90.50366973876953
46.01252746582031
48.17973327636719
110.43351745605469
65.63176727294922
60.93304443359375
75.1765365600586
75.39356231689453
82.49900817871094
74.13874053955078
51.997802734375
93.11611938476562
79.1460189819336
77.23432922363281
75.13514709472656
67.86920928955078
78.36177825927734
93.78714752197266
55.20982360839844
73.00941467285156
70.9346694946289
72.74226379394531
80.32636260986328
59.718536376953125
68.71807098388672
74.81421661376953
77.18824005126953
89.56626892089844
75.01729583740234
38.48928451538086
88.73631286621094
83.85459899902344
85.52603149414062
109.34117889404297
42.90507507324219
72.7142562866211
73.3712158203125
87.40607452392578
72.65677642822266
99.3615493774414
75.02815246582031
72.51241302490234
102.0713119506836
91.91268920898438
98.2801284790039
61.74278259277344
84.5765151977539
69.20924377441406
86.0240249633789
124.4216079711914
62.19532012939453
46.000755310058594
81.82759857177734
96.290771484375
51.41431427001953
59.84322738647461
74.34735870361328
86.47855377197266
88.4521255493164
31.370847702026367
46.56809616088867
95.95915985107422
82.13633728027344
64.39112854003906
63.227012634277344
67.65367126464844
85.75566864013672
60.588199615478516
82.4501724243164
81.63622283935547
75.89086151123047
77.04239654541016
64.12579345703125
96.40778350830078
128.85086059570312
82.86054229736328
82.18061828613281
102.0652847290039
40.113121032714844
80.34711456298828
109.22463989257812
72.95592498779297
61.051055908203125
41.304901123046875
36.615867614746094
55.683258056640625
122.11829376220703
86.68213653564453
73.19139862060547
85.97036743164062
92.12679290771484
69.23095703125
54.0839958190918
81.1392822265625
47.95610427856445
62.157772064208984
90.08841705322266
87.80696868896484
80.20474243164062
73.5052490234375
65.53370666503906
96.8672103881836
93.95166778564453
92.97795104980469
135.341796875
87.67683410644531
79.96734619140625
95.8755111694336
68.60739135742188
90.4129638671875
83.88465881347656
64.58150482177734
103.32518768310547
110.53885650634766
86.10618591308594
62.86683654785156
88.58360290527344
73.24449920654297
95.88723754882812
56.72473907470703
89.6263198852539
43.78070068359375
101.56465911865234
95.6272201538086
74.02628326416016
42.40209197998047
70.67597961425781
56.72612380981445
101.10542297363281
45.41849899291992
97.88169860839844
97.14891815185547
85.9854965209961
79.03506469726562
85.943359375
70.57852172851562
64.82836151123047
42.58140563964844
76.84295654296875
52.87501907348633
67.90396881103516
86.7992172241211
83.46940612792969
71.2828140258789
98.26289367675781
56.04583740234375
94.95880889892578
80.82229614257812
69.23485565185547
36.62954330444336
58.90455627441406
78.30947875976562
66.511962890625
53.428016662597656
86.14755249023438
73.36056518554688
57.164100646972656
82.82144165039062
53.541786193847656
65.05876922607422
78.01798248291016
84.73373413085938
66.26786041259766
58.53214645385742
67.6180648803711
93.48760986328125
90.8885498046875
98.6802978515625
85.66448211669922
78.32796478271484
66.75715637207031
89.08045196533203
67.2206802368164
76.1817398071289
93.73783874511719
67.75202941894531
68.22576141357422
86.92848205566406
65.75460052490234
70.011962890625
91.86894226074219
81.01888275146484
61.853370666503906
69.15889739990234
53.586997985839844
41.92557907104492
53.06859588623047
82.59933471679688
70.91757202148438
81.25636291503906
43.22783279418945
87.96971130371094
74.5043716430664
88.13372802734375
89.78890991210938
85.1790542602539
49.022003173828125
66.5673599243164
111.00172424316406
75.46521759033203
67.8174057006836
126.7401351928711
79.32099151611328
49.58325958251953
115.65058898925781
95.02523040771484
94.52526092529297
73.31617736816406
110.80894470214844
95.02619171142578
98.08879852294922
66.0186538696289
88.41574096679688
93.47549438476562
64.16268920898438
79.07574462890625
79.8634033203125
67.22593688964844
76.11190032958984
112.19189453125
79.09214782714844
85.36722564697266
96.60357666015625
49.3696403503418
64.65291595458984
88.10015106201172
90.46125030517578
128.60446166992188
72.96086120605469
66.5426254272461
50.886470794677734
63.58101272583008
69.84950256347656
55.443885803222656
82.09300994873047
90.5462875366211
72.08502960205078
63.09977722167969
74.92972564697266
40.44329833984375
88.2116470336914
56.622886657714844
79.69761657714844
85.48102569580078
81.97061157226562
77.2890853881836
76.36062622070312
50.25523376464844
94.60111999511719
75.71151733398438
68.65289306640625
39.42865753173828
57.08876419067383
71.61151123046875
87.62551879882812
73.56875610351562
102.42382049560547
109.20429229736328
57.635414123535156
51.684139251708984
39.1408576965332
86.27262878417969
80.62847900390625
57.71856689453125
65.3315658569336
72.70475006103516
65.63665771484375
84.49436950683594
103.14740753173828
92.09922790527344
71.4439468383789
85.94678497314453
73.11328887939453
120.15513610839844
73.23250579833984
76.54560089111328
81.83441162109375
63.12866973876953
76.83901977539062
45.719600677490234
89.24696350097656
48.67414855957031
121.6633529663086
52.49790954589844
78.8227310180664
27.32691764831543
94.69696807861328
78.41169738769531
113.20978546142578
50.55753707885742
112.70591735839844
81.51604461669922
67.35429382324219
92.36683654785156
74.90873718261719
85.29702758789062
57.13904571533203
81.51087188720703
88.22461700439453
70.9350357055664
74.80816650390625
75.9742660522461
109.24432373046875
64.32640838623047
72.95843505859375
68.0870590209961
87.67606353759766
49.48032760620117
61.81161880493164
114.57353973388672
77.23368072509766
91.5972900390625
94.81436920166016
84.84014892578125
59.25053787231445
134.36358642578125
68.8916244506836
59.803062438964844
83.90813446044922
105.27179718017578
61.793582916259766
71.310302734375
56.598854064941406
60.454402923583984
83.06025695800781
62.163414001464844
83.35762786865234
109.5339126586914
86.97355651855469
94.27284240722656
72.02373504638672
71.49786376953125
68.5236587524414
65.25770568847656
126.09530639648438
63.31287384033203
108.41778564453125
40.626853942871094
80.1210708618164
76.26097869873047
66.01211547851562
78.53348541259766
59.17301940917969
88.977294921875
44.9218635559082
84.36659240722656
86.5523910522461
59.28412628173828
58.360862731933594
66.91436767578125
43.484073638916016
71.25926971435547
69.23345947265625
82.58930969238281
99.19989776611328
93.71891021728516
57.71366500854492
78.1477279663086
74.59895324707031
85.52928161621094
93.33032989501953
55.56669235229492
65.02307891845703
56.1384391784668
24.52834701538086
84.18512725830078
91.40859985351562
100.56392669677734
50.209163665771484
93.75902557373047
69.72975158691406
49.49365997314453
78.66947937011719
85.43698120117188
102.91438293457031
70.61211395263672
74.51579284667969
68.98094940185547
45.90895080566406
91.825439453125
91.65594482421875
66.33528137207031
67.70952606201172
67.71504211425781
94.7522964477539
82.68560791015625
78.79270935058594
48.912841796875
90.078369140625
88.13172912597656
55.06364822387695
84.44837188720703
64.35333251953125
104.91557312011719
76.19669342041016
78.9193344116211
80.60266876220703
84.98239135742188
93.0998306274414
46.77268981933594
70.11280059814453
92.77496337890625
73.83660125732422
80.16268157958984
80.1576919555664
71.97723388671875
56.616580963134766
91.97321319580078
87.74966430664062
59.01190948486328
93.32388305664062
72.19584655761719
75.249267578125
109.61637115478516
50.062904357910156
49.472259521484375
68.26814270019531
80.05862426757812
58.029144287109375
67.0728759765625
83.07722473144531
70.0560531616211
65.50517272949219
92.61188507080078
27.463268280029297
94.67436218261719
92.8232192993164
75.60138702392578
94.05220794677734
78.65237426757812
91.64735412597656
103.19590759277344
112.36302947998047
80.21791076660156
90.64781951904297
86.9677505493164
54.92568588256836
80.94390106201172
86.84476470947266
67.6473159790039
80.7680892944336
82.57718658447266
84.91565704345703
98.3362045288086
81.3236083984375
134.3672332763672
56.7879524230957
67.07466888427734
82.71945190429688
73.35216522216797
79.21328735351562
77.53730773925781
68.40679168701172
97.27112579345703
81.42259979248047
97.82256317138672
92.45282745361328
60.385990142822266
71.13109588623047
95.29136657714844
57.082969665527344
89.9961929321289
68.34508514404297
105.28364562988281
75.53681182861328
84.43216705322266
87.39427947998047
52.951175689697266
68.82219696044922
92.67212677001953
65.57565307617188
105.14806365966797
84.16475677490234
86.11209106445312
93.83534240722656
75.36239624023438
52.28727340698242
42.07762908935547
87.02670288085938
77.32852935791016
105.87377166748047
88.84428405761719
92.26790618896484
84.08007049560547
85.28659057617188
76.42756652832031
38.03936767578125
93.6616439819336
95.46253967285156
92.01984405517578
77.197265625
109.45054626464844
101.51513671875
109.43846893310547
81.04561614990234
78.70767974853516
58.01945495605469
68.75430297851562
63.752384185791016
87.10999298095703
75.7721176147461
50.87190246582031
75.3254623413086
70.72428131103516
72.89742279052734
98.87909698486328
94.62733459472656
66.28910064697266
56.02052307128906
49.57755661010742
98.54481506347656
72.8266372680664
68.91177368164062
51.420536041259766
55.125457763671875
62.830421447753906
108.57756042480469
67.9355697631836
72.0993881225586
74.45791625976562
107.86630249023438
110.75006866455078
97.09344482421875
89.52896881103516
76.53817749023438
73.27942657470703
106.26959228515625
96.4481201171875
63.238651275634766
97.51750946044922
63.85071563720703
80.7088394165039
52.187660217285156
93.09259033203125
113.58407592773438
56.36982345581055
94.93917083740234
93.93524932861328
90.89242553710938
70.95506286621094
75.66693115234375
112.6385498046875
94.14024353027344
88.6683349609375
39.728302001953125
64.89022827148438
74.01777648925781
105.3259048461914
69.50326538085938
72.50935363769531
83.29847717285156
86.77207946777344
97.830078125
78.9522476196289
81.77255249023438
105.07160949707031
68.45594787597656
86.8797378540039
68.97721862792969
96.03340148925781
60.70146942138672
98.43406677246094
62.964115142822266
111.68941497802734
74.94651794433594
79.38518524169922
93.31427764892578
66.30165100097656
101.65222930908203
75.45809173583984
46.91677474975586
76.5903549194336
65.65203094482422
66.45800018310547
99.66863250732422
86.75763702392578
85.50301361083984
67.01761627197266
61.93976593017578
131.89508056640625
100.29696655273438
82.87698364257812
61.190006256103516
93.18844604492188
103.5965347290039
92.11593627929688
90.53781127929688
90.82059478759766
96.03034973144531
86.78023529052734
52.37404251098633
93.02420043945312
75.90851593017578
74.99220275878906
83.21566009521484
30.118305206298828
93.13585662841797
64.25984191894531
69.6390380859375
40.67979049682617
56.28520584106445
91.31538391113281
98.36914825439453
87.36727142333984
83.62063598632812
71.49352264404297
63.96937942504883
82.10853576660156
104.05970001220703
54.59420394897461
69.46947479248047
70.9559555053711
45.401161193847656
60.882568359375
30.87868309020996
53.634647369384766
43.713924407958984
79.55494689941406
66.42517852783203
33.478458404541016
76.26985931396484
61.968963623046875
72.08576965332031
76.52281951904297
96.83789825439453
82.52210235595703
44.05664825439453
52.69960021972656
69.2694091796875
64.62234497070312
100.21812438964844
92.0632095336914
72.57815551757812
59.68690872192383
58.058807373046875
94.55748748779297
70.14613342285156
53.44440841674805
84.09111785888672
74.41414642333984
54.75117874145508
85.77200317382812
96.77147674560547
90.00360107421875
53.86460876464844
62.12702941894531
76.38581848144531
72.68876647949219
70.30754852294922
91.00799560546875
73.21533966064453
51.92721176147461
91.9986343383789
57.13664627075195
81.10049438476562
53.75009536743164
47.71581268310547
61.652427673339844
100.28026580810547
85.05937957763672
99.8056869506836
59.29975128173828
93.64026641845703
113.07456970214844
61.210445404052734
40.15074157714844
98.67760467529297
81.69490051269531
73.70502471923828
66.3988265991211
75.0742416381836
38.44515609741211
70.6471939086914
63.84089279174805
64.88410949707031
68.4310531616211
106.85406494140625
43.95817565917969
96.12530517578125
91.54048156738281
61.62745666503906
31.907615661621094
76.89794158935547
45.506446838378906
74.88318634033203
102.91578674316406
79.18073272705078
102.90453338623047
96.3903579711914
71.6268310546875
70.3756332397461
54.63407516479492
80.84303283691406
77.91292572021484
86.46648406982422
89.20687103271484
67.56623840332031
83.91118621826172
72.3016586303711
103.90279388427734
54.390960693359375
104.33930969238281
100.16708374023438
54.67642593383789
102.3232192993164
71.29975128173828
91.97315979003906
105.99305725097656
71.47415161132812
93.85176086425781
71.95480346679688
87.33653259277344
96.96076965332031
90.86783599853516
82.54568481445312
82.04605865478516
43.883113861083984
75.093505859375
68.89852142333984
76.33736419677734
66.42164611816406
85.737548828125
97.56526184082031
109.56327819824219
96.79389190673828
65.20621490478516
91.20821380615234
76.94298553466797
94.30499267578125
101.33148956298828
97.97014617919922
70.40403747558594
77.56716918945312
35.164283752441406
28.12770652770996
66.11441802978516
57.51376724243164
48.62686538696289
56.269691467285156
94.44950866699219
98.78451538085938
67.65214538574219
49.058006286621094
95.57083129882812
84.61783599853516
86.20748138427734
66.20413208007812
63.9683837890625
59.293251037597656
78.52262115478516
69.4476318359375
94.5168685913086
76.1512680053711
56.829132080078125
55.54112243652344
80.3779296875
68.58836364746094
89.90789031982422
114.08805847167969
68.30552673339844
57.842674255371094
78.3793716430664
47.40964889526367
49.493370056152344
64.5523681640625
91.31307220458984
97.81178283691406
81.33370208740234
39.49344253540039
87.56238555908203
72.8819808959961
67.74671936035156
90.75230407714844
65.92984008789062
63.05670166015625
83.26612091064453
52.79889678955078
116.64802551269531
114.17324829101562
96.34689331054688
73.5321044921875
46.91630172729492
64.94097137451172
69.23065948486328
59.524810791015625
107.21128845214844
74.02762603759766
71.46131896972656
73.1810073852539
123.35731506347656
80.85386657714844
76.8988265991211
77.02713775634766
50.750885009765625
51.01448440551758
30.66370391845703
87.04093933105469
87.56968688964844
70.53172302246094
80.66607666015625
53.789608001708984
90.2009048461914
119.14295959472656
33.518280029296875
61.12020492553711
87.9784927368164
55.8079719543457
89.30223846435547
86.63198852539062
86.931396484375
67.6382064819336
83.8916015625
50.534332275390625
41.16944885253906
87.34378051757812
79.97171020507812
90.16356658935547
71.19987487792969
89.54036712646484
54.628414154052734
68.27926635742188
88.9208984375
94.21714782714844
77.24266815185547
97.200927734375
79.04027557373047
66.52653503417969
80.39779663085938
49.11732482910156
76.56190490722656
60.64183044433594
73.60330963134766
69.41663360595703
66.35121154785156
74.12564086914062
54.622501373291016
42.12361526489258
66.32393646240234
67.82411193847656
78.60038757324219
90.51448822021484
87.05464935302734
103.12293243408203
66.85685729980469
70.84521484375
72.84754180908203
110.5965576171875
65.16111755371094
48.52460479736328
53.904541015625
105.61131286621094
89.62239837646484
100.5462417602539
41.3123664855957
101.20693969726562
105.90309143066406
58.86164474487305
44.380287170410156
113.1563720703125
65.7884750366211
84.18356323242188
58.045509338378906
58.63013458251953
70.4457778930664
79.3620376586914
79.00237274169922
68.72695922851562
95.21627044677734
96.77239990234375
49.0955696105957
42.34068298339844
74.6828842163086
92.11766815185547
60.5644645690918
99.12097930908203
65.3718032836914
97.7210464477539
78.23556518554688
76.5047836303711
70.37571716308594
70.93680572509766
93.8349609375
90.34654235839844
41.46368408203125
127.92719268798828
72.25975036621094
67.63482666015625
83.90990447998047
33.066184997558594
97.44078063964844
87.1432876586914
86.29096221923828
66.86640167236328
62.56549072265625
68.78530883789062
92.99055480957031
34.347652435302734
71.24823760986328
99.87641906738281
94.82553100585938
112.39324951171875
95.9355239868164
103.37406158447266
100.81663513183594
99.67742156982422
98.9311294555664
103.36836242675781
66.5835952758789
76.82389068603516
64.01818084716797
58.9127311706543
71.74880981445312
115.50006866455078
106.52408599853516
79.81298828125
81.83514404296875
94.99893951416016
67.40727233886719
76.7851791381836
