9.399409294128418
20.533306121826172
8.507721900939941
8.483113288879395
9.910425186157227
13.910717964172363
13.04835319519043
19.73116683959961
13.572490692138672
10.383519172668457
42.15662384033203
15.312334060668945
21.64214515686035
10.176593780517578
33.60710906982422
11.184025764465332
20.669361114501953
9.17492389678955
21.21407699584961
3.88364315032959
29.691261291503906
4.851263999938965
6.852182388305664
35.37873840332031
16.5666446685791
17.442764282226562
11.716934204101562
7.381678581237793
20.045669555664062
13.003140449523926
9.896407127380371
19.69684410095215
14.039872169494629
28.24906349182129
18.50395965576172
21.15439224243164
11.501241683959961
11.579995155334473
15.535351753234863
16.14712142944336
14.427492141723633
8.113238334655762
5.283456325531006
5.808530807495117
22.40473747253418
17.65997314453125
14.523894309997559
26.618188858032227
29.428743362426758
16.746044158935547
16.21929931640625
21.392166137695312
10.354511260986328
19.2609806060791
4.525323867797852
7.942604064941406
20.589967727661133
12.429125785827637
11.719942092895508
15.832115173339844
27.66596794128418
26.89897918701172
24.12299156188965
11.580904960632324
25.87394905090332
16.516103744506836
6.902684211730957
20.1514949798584
5.634979248046875
22.068592071533203
18.663997650146484
24.851408004760742
15.260249137878418
17.625123977661133
5.500546455383301
10.296061515808105
19.823396682739258
6.056798934936523
5.289838790893555
8.83259105682373
12.064388275146484
18.401840209960938
12.74966049194336
3.8944013118743896
15.241415977478027
9.759796142578125
10.390202522277832
15.382880210876465
15.114731788635254
18.780405044555664
28.762859344482422
19.077539443969727
25.711156845092773
12.569172859191895
17.276208877563477
23.7291259765625
25.003877639770508
14.132755279541016
19.00288963317871
12.627854347229004
38.955623626708984
12.772855758666992
19.162158966064453
21.704635620117188
18.25686264038086
14.147481918334961
13.6460542678833
42.16704177856445
19.563852310180664
33.36503982543945
30.546249389648438
26.806861877441406
11.775275230407715
29.58566665649414
12.108192443847656
22.457839965820312
16.34642219543457
25.069377899169922
16.107357025146484
17.15020751953125
17.33053207397461
4.244531631469727
26.65621566772461
24.114208221435547
13.1503324508667
9.914297103881836
7.856378555297852
7.744245529174805
15.597541809082031
28.228078842163086
16.73822021484375
15.017558097839355
18.900358200073242
18.594608306884766
15.407485961914062
12.020624160766602
18.6977481842041
16.53615951538086
20.89313316345215
14.78900146484375
5.282087802886963
25.500404357910156
23.04961395263672
19.365882873535156
8.935789108276367
13.125627517700195
15.66873836517334
11.930888175964355
5.048737049102783
1.7226238250732422
14.894076347351074
20.5216064453125
25.016502380371094
22.66006851196289
14.97499942779541
13.051065444946289
16.55869483947754
18.38743019104004
28.368091583251953
10.958700180053711
36.620208740234375
23.673242568969727
7.948086738586426
18.27886390686035
4.547237396240234
20.610782623291016
22.98751449584961
22.35209083557129
14.20792293548584
28.927520751953125
19.63977813720703
6.550625801086426
16.99395751953125
12.067549705505371
42.7518424987793
8.18641471862793
6.60636568069458
22.387983322143555
39.24309158325195
11.08683967590332
22.67313003540039
15.555946350097656
26.878995895385742
10.987677574157715
17.789749145507812
12.871975898742676
29.532291412353516
12.978464126586914
28.232587814331055
18.388647079467773
23.07227897644043
24.071407318115234
10.493026733398438
15.654897689819336
14.455735206604004
35.240386962890625
9.422989845275879
18.08283042907715
6.854140758514404
24.315526962280273
20.214101791381836
9.222845077514648
13.359943389892578
17.42562484741211
29.149019241333008
23.94268226623535
8.941285133361816
16.839035034179688
15.341951370239258
9.13387680053711
10.970318794250488
12.212933540344238
23.732765197753906
9.9291410446167
22.496030807495117
43.05986022949219
13.913435935974121
6.727781772613525
24.522050857543945
22.490652084350586
26.58424949645996
16.748029708862305
10.732489585876465
25.130216598510742
13.99605655670166
14.27391529083252
22.290109634399414
29.198116302490234
13.194068908691406
9.889583587646484
15.33884334564209
21.39153289794922
29.779634475708008
15.181928634643555
15.584297180175781
23.940166473388672
11.800281524658203
35.14799118041992
14.151213645935059
14.031083106994629
17.687028884887695
19.198686599731445
17.014629364013672
25.58951759338379
13.9652099609375
19.672767639160156
17.19244956970215
24.930234909057617
20.24736785888672
19.71245765686035
19.676898956298828
20.938650131225586
39.58615493774414
5.796298980712891
12.82983684539795
11.513439178466797
20.952308654785156
14.856136322021484
9.538883209228516
33.576683044433594
10.395208358764648
19.12384033203125
12.771893501281738
15.34953784942627
12.010356903076172
14.683797836303711
9.468877792358398
28.515968322753906
12.787169456481934
28.80860137939453
26.038854598999023
11.851412773132324
14.533880233764648
6.720051288604736
19.128286361694336
15.225098609924316
23.957931518554688
5.464062213897705
22.814132690429688
24.001747131347656
15.425908088684082
12.958778381347656
19.69910430908203
19.728471755981445
29.078533172607422
20.85658073425293
18.461017608642578
6.886251449584961
21.717947006225586
18.68899154663086
10.151693344116211
25.424604415893555
9.546090126037598
16.82410430908203
17.013877868652344
21.426206588745117
18.649255752563477
12.55487060546875
4.087885856628418
17.58526611328125
28.60911750793457
17.38317108154297
8.866028785705566
5.7353644371032715
10.504986763000488
15.06057071685791
8.013903617858887
11.072894096374512
4.862679958343506
33.15233612060547
25.098371505737305
4.207169532775879
27.720205307006836
14.729707717895508
25.83638572692871
19.96587371826172
8.594015121459961
18.58700180053711
17.8143310546875
22.420364379882812
11.967836380004883
28.753023147583008
15.223650932312012
16.945573806762695
22.09234619140625
9.30467700958252
8.264398574829102
21.35997200012207
5.980991363525391
12.39379596710205
11.20656967163086
16.555635452270508
24.85772705078125
10.468879699707031
11.90972900390625
20.88283920288086
17.974885940551758
9.632752418518066
15.715407371520996
38.54871368408203
25.746137619018555
23.045761108398438
7.483585834503174
5.480251312255859
26.54384994506836
17.63292121887207
1.806425929069519
21.92428207397461
15.819161415100098
27.463043212890625
11.070436477661133
17.068668365478516
13.71434211730957
15.826967239379883
26.540361404418945
34.03752517700195
23.583980560302734
19.953779220581055
11.036778450012207
5.7326836585998535
41.211204528808594
36.161521911621094
9.781726837158203
16.896516799926758
23.0084171295166
15.524548530578613
25.40013313293457
31.454404830932617
12.929012298583984
12.54232120513916
3.212813377380371
22.825061798095703
10.357939720153809
10.76388168334961
27.681581497192383
15.88784408569336
29.010517120361328
12.089277267456055
10.313246726989746
13.392294883728027
14.855643272399902
13.369963645935059
6.686582088470459
3.378110885620117
24.73948097229004
17.568330764770508
15.81053352355957
23.097856521606445
17.440916061401367
20.318267822265625
19.976930618286133
35.944664001464844
11.803906440734863
11.144673347473145
14.230863571166992
30.09113311767578
7.4458770751953125
28.200374603271484
26.99419403076172
13.583463668823242
19.747943878173828
16.443777084350586
24.262372970581055
23.442886352539062
12.81497573852539
14.834539413452148
12.55040454864502
24.95763397216797
14.499445915222168
16.07642364501953
10.39378833770752
7.351710319519043
12.09323501586914
23.418636322021484
5.242003440856934
16.236173629760742
16.832504272460938
9.982576370239258
24.71278953552246
14.096717834472656
3.7829792499542236
30.73739242553711
22.292564392089844
21.334152221679688
14.847784042358398
17.566545486450195
23.270389556884766
28.72916030883789
9.511408805847168
17.635208129882812
16.410770416259766
23.186965942382812
18.982234954833984
21.116390228271484
15.105777740478516
18.794885635375977
11.335538864135742
6.447120666503906
9.225627899169922
18.367679595947266
11.609811782836914
11.854156494140625
15.310906410217285
32.20768356323242
17.56168556213379
22.592693328857422
10.943910598754883
19.590797424316406
21.26946258544922
22.6072940826416
29.109275817871094
16.491954803466797
23.760021209716797
11.851195335388184
30.227027893066406
18.733360290527344
21.51573944091797
30.51730728149414
23.543859481811523
17.697526931762695
11.327119827270508
29.909807205200195
18.653846740722656
20.33417320251465
8.914466857910156
24.233888626098633
23.723731994628906
15.02264404296875
27.534337997436523
18.308855056762695
5.180389881134033
25.573139190673828
18.62799072265625
17.63018035888672
15.549922943115234
19.851703643798828
28.316431045532227
26.639577865600586
23.848289489746094
15.51827335357666
25.750728607177734
10.686593055725098
24.086048126220703
13.692327499389648
1.5982471704483032
22.35911750793457
14.12907600402832
37.21190643310547
22.54338836669922
18.848228454589844
24.135793685913086
9.374749183654785
15.181124687194824
46.5191535949707
22.2468318939209
25.800691604614258
14.411211967468262
24.546438217163086
23.88651466369629
10.574291229248047
10.526947021484375
12.951869010925293
26.655569076538086
30.53533172607422
46.77690124511719
22.795042037963867
9.261730194091797
20.615617752075195
11.209254264831543
18.17840003967285
2.5173897743225098
26.08753204345703
17.413537979125977
13.238754272460938
17.671422958374023
9.17564582824707
12.501134872436523
7.159956455230713
12.097253799438477
25.173505783081055
20.6009464263916
7.670517921447754
14.217560768127441
21.088098526000977
9.90628719329834
25.71685028076172
34.717166900634766
13.257196426391602
13.590117454528809
16.460468292236328
7.971837997436523
20.608474731445312
13.802102088928223
11.654501914978027
8.944246292114258
25.345680236816406
19.453460693359375
10.960564613342285
16.948688507080078
28.337217330932617
21.45224380493164
11.983227729797363
12.931792259216309
12.125579833984375
10.326692581176758
25.168888092041016
25.721311569213867
24.316020965576172
23.716970443725586
18.748058319091797
28.643239974975586
9.811868667602539
25.333585739135742
14.157135009765625
1.8805172443389893
21.267230987548828
19.270776748657227
29.074186325073242
17.7058162689209
14.051815032958984
5.666208744049072
9.675537109375
20.787572860717773
22.867277145385742
16.698421478271484
21.631298065185547
25.890480041503906
20.15537452697754
15.228816986083984
6.31117057800293
16.17110252380371
16.409942626953125
21.57794761657715
11.398147583007812
21.945693969726562
24.071882247924805
9.065631866455078
27.78619384765625
16.9638729095459
30.395395278930664
12.145780563354492
15.189594268798828
30.496767044067383
10.089875221252441
17.56939125061035
11.858345985412598
19.2916202545166
39.04401397705078
27.074081420898438
15.701659202575684
25.7414493560791
14.38109016418457
21.426366806030273
25.765153884887695
15.648334503173828
14.220453262329102
18.620956420898438
25.179725646972656
35.18128204345703
23.890138626098633
20.535781860351562
7.936500072479248
5.319535255432129
14.494321823120117
12.772612571716309
15.188691139221191
18.92356300354004
13.535983085632324
31.250900268554688
6.626642227172852
15.144919395446777
24.601642608642578
33.38168716430664
4.919163227081299
12.773058891296387
31.83261489868164
28.7777042388916
23.25695037841797
20.665578842163086
24.662519454956055
7.2566986083984375
29.825063705444336
23.61777114868164
11.541825294494629
29.07339859008789
14.303873062133789
12.930947303771973
19.65997886657715
9.292003631591797
6.74599027633667
8.797200202941895
38.31250762939453
19.89109992980957
15.44788646697998
20.64737319946289
20.582815170288086
20.973644256591797
19.39932632446289
22.93523597717285
5.9489006996154785
21.54320526123047
19.869029998779297
18.32710075378418
4.021162986755371
21.714908599853516
10.469502449035645
3.9545083045959473
19.922704696655273
47.0404052734375
13.219660758972168
3.9265480041503906
24.674741744995117
31.888742446899414
14.797416687011719
16.5294132232666
36.03352355957031
12.3382568359375
8.738473892211914
24.590370178222656
25.705394744873047
13.959925651550293
11.883109092712402
18.851112365722656
15.464166641235352
17.12482452392578
18.231563568115234
18.787702560424805
6.453571796417236
13.132367134094238
15.772443771362305
11.49739933013916
26.631000518798828
18.640731811523438
34.630096435546875
22.089765548706055
27.641216278076172
13.89291000366211
17.818513870239258
30.082168579101562
31.703371047973633
15.064998626708984
11.613983154296875
15.896151542663574
14.916352272033691
15.806222915649414
17.322418212890625
16.57034683227539
10.183442115783691
16.44765853881836
26.120616912841797
16.437559127807617
21.304288864135742
21.32897186279297
23.470239639282227
15.147635459899902
21.98162078857422
24.212200164794922
5.976897716522217
14.316015243530273
3.509392261505127
22.985681533813477
29.4702205657959
18.993131637573242
14.12298583984375
19.599355697631836
15.710532188415527
25.574398040771484
13.37758731842041
11.077695846557617
15.442790985107422
13.798563957214355
10.782986640930176
22.661279678344727
12.349996566772461
28.339462280273438
17.154281616210938
10.666563034057617
15.668170928955078
10.04594898223877
12.958822250366211
23.648130416870117
9.989328384399414
10.54120922088623
32.80839920043945
15.198478698730469
16.584800720214844
24.879520416259766
5.719308376312256
28.459545135498047
1.059522032737732
13.47186279296875
26.814374923706055
10.377691268920898
2.6188812255859375
13.767651557922363
17.61993980407715
16.652366638183594
18.77779197692871
6.188249588012695
12.959716796875
21.684131622314453
23.532875061035156
15.491893768310547
23.21285057067871
22.718616485595703
12.122676849365234
9.983972549438477
14.275962829589844
5.0565595626831055
9.869768142700195
6.009682655334473
32.454715728759766
23.887767791748047
27.965213775634766
8.385478973388672
8.111769676208496
16.17582893371582
31.940675735473633
9.831162452697754
12.985051155090332
9.701478958129883
46.52385711669922
8.877284049987793
13.62757396697998
18.21758270263672
13.67966079711914
10.926787376403809
17.124711990356445
23.611841201782227
28.729238510131836
14.601836204528809
34.29262161254883
9.180331230163574
13.43442440032959
32.43251419067383
21.042537689208984
30.149044036865234
42.82486343383789
8.846770286560059
26.796979904174805
14.148985862731934
21.92879867553711
31.481067657470703
22.9100284576416
9.637126922607422
23.258678436279297
28.55461883544922
20.641210556030273
27.56114959716797
11.264256477355957
3.7550220489501953
12.6602144241333
44.628517150878906
6.594261169433594
19.711132049560547
22.99847984313965
22.529321670532227
16.08906364440918
16.634357452392578
27.12155532836914
25.487220764160156
14.008138656616211
24.023033142089844
20.322385787963867
21.286266326904297
11.193727493286133
17.816682815551758
14.162636756896973
31.640926361083984
22.764690399169922
4.59171199798584
26.710166931152344
14.323660850524902
20.83075523376465
17.52334213256836
36.617469787597656
23.380401611328125
31.942338943481445
24.637197494506836
18.694549560546875
20.623350143432617
15.99891471862793
27.655370712280273
22.188634872436523
19.565261840820312
11.138152122497559
8.873431205749512
1.026920199394226
24.289098739624023
23.248205184936523
18.89659309387207
19.87625503540039
17.386878967285156
13.926468849182129
17.446556091308594
19.075387954711914
9.347901344299316
15.637569427490234
9.887356758117676
16.029813766479492
10.286755561828613
3.691051721572876
7.206241130828857
4.990920066833496
13.130485534667969
13.822818756103516
18.291534423828125
7.2009663581848145
19.218225479125977
30.71200180053711
13.867140769958496
24.5120849609375
23.995460510253906
24.062719345092773
32.766693115234375
12.014787673950195
28.369678497314453
34.8865966796875
3.6778647899627686
4.326404571533203
28.5440731048584
10.88025188446045
16.42092514038086
14.1260347366333
24.78879737854004
6.690953731536865
17.621042251586914
20.09646987915039
25.04259490966797
22.744516372680664
29.9311466217041
12.97835636138916
27.527509689331055
14.613443374633789
26.627750396728516
10.226499557495117
17.842445373535156
18.3494873046875
9.797688484191895
19.81724739074707
12.472745895385742
14.024482727050781
16.256242752075195
14.56095027923584
20.32399559020996
11.52131462097168
15.479812622070312
13.104132652282715
8.686224937438965
4.4312663078308105
4.826168060302734
11.614659309387207
8.034830093383789
35.52872848510742
11.195859909057617
25.911409378051758
4.5840277671813965
20.76667022705078
16.18218994140625
13.016839981079102
23.21834373474121
24.798749923706055
16.74980354309082
20.306520462036133
7.817166328430176
13.11970043182373
10.098116874694824
4.259612083435059
13.637673377990723
17.980419158935547
12.307723045349121
7.785238265991211
11.309982299804688
23.48249626159668
19.12274169921875
23.66777229309082
26.44012451171875
16.851642608642578
18.95055389404297
20.7537899017334
24.275310516357422
15.783309936523438
21.935691833496094
16.270708084106445
16.060422897338867
10.866077423095703
10.848182678222656
9.033188819885254
13.830757141113281
31.72539520263672
8.484570503234863
21.11349868774414
20.707317352294922
4.3331217765808105
9.600565910339355
10.272183418273926
14.28912353515625
17.038700103759766
18.56169891357422
11.882259368896484
9.03071117401123
31.047964096069336
17.001293182373047
19.8968505859375
27.229082107543945
25.28825569152832
44.045833587646484
36.237274169921875
5.358583450317383
18.375581741333008
11.750462532043457
4.3706865310668945
15.84946346282959
23.297760009765625
9.910456657409668
14.667617797851562
14.250320434570312
19.28588104248047
14.684256553649902
2.2085180282592773
25.2148494720459
14.364463806152344
11.488402366638184
20.0671443939209
8.123459815979004
30.714738845825195
27.241365432739258
16.062217712402344
10.804128646850586
36.01387405395508
5.772412300109863
8.92041015625
20.484046936035156
15.008975982666016
28.872270584106445
25.379287719726562
19.815011978149414
19.79869842529297
19.552316665649414
21.79473114013672
14.619626998901367
21.078996658325195
8.712532043457031
18.491361618041992
17.93136978149414
12.589369773864746
27.175540924072266
16.917375564575195
12.56430435180664
24.843658447265625
8.509049415588379
12.961949348449707
15.631875991821289
28.636837005615234
40.00341033935547
31.28004264831543
8.020866394042969
16.49553871154785
13.723244667053223
13.907295227050781
9.957950592041016
6.826274394989014
21.7530517578125
29.90131187438965
16.19884490966797
27.682838439941406
9.464374542236328
8.899757385253906
19.382686614990234
17.11374282836914
32.32840347290039
11.517192840576172
19.7879581451416
10.200061798095703
44.24102783203125
13.853556632995605
20.412946701049805
12.230335235595703
25.703304290771484
18.194543838500977
17.34035301208496
20.162996292114258
9.793473243713379
22.512258529663086
26.046648025512695
48.27605438232422
22.807209014892578
34.67300796508789
32.845401763916016
21.68747329711914
22.637117385864258
21.22720718383789
20.57489013671875
21.402082443237305
8.986152648925781
23.32495880126953
12.229339599609375
6.927701950073242
18.636892318725586
11.364753723144531
23.225664138793945
10.182456016540527
14.644329071044922
6.781949043273926
15.19045639038086
11.612943649291992
17.138710021972656
34.3131217956543
12.64643383026123
18.359622955322266
7.992056369781494
8.41416072845459
34.257991790771484
15.69855785369873
11.673929214477539
12.446219444274902
26.78791046142578
13.170289993286133
27.51317024230957
17.920135498046875
12.246283531188965
14.718194007873535
14.755746841430664
8.633894920349121
19.257606506347656
22.063243865966797
22.585119247436523
16.939922332763672
27.514564514160156
18.440664291381836
22.639814376831055
17.444446563720703
27.95731544494629
24.02886199951172
20.947711944580078
17.86187744140625
4.760847568511963
5.813892841339111
13.058088302612305
19.52468490600586
17.647504806518555
13.699369430541992
11.147913932800293
28.695608139038086
19.992708206176758
35.85358428955078
34.269168853759766
30.53917694091797
29.514196395874023
20.336166381835938
25.48314666748047
19.625913619995117
8.35187816619873
23.680849075317383
18.857372283935547
19.655977249145508
17.716808319091797
11.836901664733887
15.43416690826416
23.239501953125
11.361129760742188
7.860877513885498
31.617877960205078
38.96802520751953
14.656356811523438
16.88863182067871
20.558332443237305
8.11733627319336
19.38579559326172
14.579574584960938
20.805564880371094
28.193138122558594
19.373565673828125
11.369681358337402
21.514265060424805
42.375553131103516
26.137630462646484
19.119131088256836
14.496635437011719
13.764867782592773
15.36992359161377
17.66713523864746
13.908917427062988
9.596151351928711
25.427650451660156
19.894594192504883
28.834278106689453
12.034419059753418
23.934085845947266
18.521446228027344
2.686697244644165
26.611225128173828
8.826988220214844
33.52197265625
11.142358779907227
22.565757751464844
8.436491012573242
23.73651123046875
8.308533668518066
31.774629592895508
7.238317966461182
14.126202583312988
21.285242080688477
8.76933765411377
15.824796676635742
29.61748695373535
12.702591896057129
15.218608856201172
27.963783264160156
39.068153381347656
10.792838096618652
18.879953384399414
4.442066192626953
12.214582443237305
31.787635803222656
27.63495635986328
11.444076538085938
18.372777938842773
11.295074462890625
6.170821189880371
22.686128616333008
11.362841606140137
17.608505249023438
11.667577743530273
16.87809944152832
16.43863868713379
5.0420823097229
3.5329833030700684
10.516005516052246
30.087135314941406
23.006874084472656
7.451428413391113
24.626440048217773
10.388687133789062
19.354488372802734
19.986665725708008
18.441495895385742
23.00168800354004
11.791830062866211
16.7467041015625
15.23512077331543
33.31151580810547
25.390331268310547
11.394462585449219
16.620695114135742
17.33142852783203
20.309534072875977
6.732255458831787
17.306804656982422
23.594388961791992
21.773597717285156
18.027002334594727
10.321486473083496
22.732789993286133
16.00295639038086
15.185627937316895
27.31075668334961
16.21321678161621
29.728288650512695
13.004016876220703
30.001575469970703
20.44239044189453
18.850021362304688
6.463752269744873
12.144547462463379
10.914469718933105
18.340457916259766
13.920870780944824
20.98275375366211
30.509056091308594
19.178415298461914
20.58000946044922
3.731808662414551
12.068395614624023
20.404817581176758
22.827795028686523
13.244417190551758
15.445516586303711
26.941072463989258
15.67888355255127
21.170372009277344
17.158523559570312
22.625465393066406
4.721885681152344
18.823396682739258
22.474945068359375
16.33087730407715
8.968783378601074
21.505422592163086
16.35062026977539
15.18924617767334
17.50539779663086
24.1407470703125
11.263039588928223
11.501664161682129
22.1751766204834
17.405275344848633
26.20460319519043
30.704771041870117
24.20087242126465
13.831155776977539
18.128162384033203
15.088460922241211
18.318763732910156
13.458746910095215
12.1593599319458
29.69808578491211
11.792028427124023
15.634597778320312
17.660451889038086
20.167261123657227
9.502187728881836
10.321869850158691
9.120200157165527
23.83861541748047
9.537678718566895
9.694681167602539
27.311248779296875
17.436416625976562
22.522733688354492
22.303382873535156
34.92184066772461
23.53396987915039
14.88089370727539
18.183427810668945
6.4098734855651855
22.00043296813965
28.346981048583984
9.698312759399414
22.546964645385742
21.34720230102539
14.085837364196777
5.296298027038574
15.611629486083984
19.602149963378906
7.400084495544434
21.959474563598633
31.245018005371094
24.0133056640625
7.789111614227295
20.70989990234375
10.788558006286621
36.30538558959961
10.752906799316406
11.037778854370117
13.113722801208496
22.171722412109375
22.909374237060547
23.515472412109375
18.98427391052246
19.348596572875977
26.116920471191406
12.844427108764648
24.410192489624023
17.79680061340332
13.631538391113281
6.088179588317871
23.93286895751953
36.52333450317383
19.708900451660156
22.127212524414062
6.07717227935791
18.015504837036133
20.729995727539062
29.109127044677734
14.81844425201416
19.915403366088867
29.907955169677734
30.950883865356445
9.470499038696289
16.32886505126953
18.13502311706543
26.841524124145508
8.113543510437012
23.747140884399414
17.41597557067871
13.423442840576172
6.78864049911499
7.948972225189209
20.58114242553711
21.940916061401367
19.036407470703125
20.417530059814453
20.068979263305664
31.575485229492188
18.500932693481445
12.792637825012207
9.363571166992188
20.62203598022461
9.227898597717285
8.317815780639648
12.537871360778809
28.065866470336914
5.149025917053223
25.826644897460938
16.285825729370117
20.104856491088867
30.102693557739258
22.699981689453125
19.072586059570312
15.121500968933105
22.210681915283203
17.725936889648438
13.656477928161621
11.603516578674316
4.620633602142334
17.43547248840332
8.123862266540527
18.023704528808594
21.089672088623047
17.342557907104492
11.00900650024414
36.141014099121094
19.10710906982422
8.579548835754395
18.590015411376953
8.933456420898438
18.84400177001953
12.198515892028809
19.298871994018555
34.2924919128418
22.423856735229492
16.255002975463867
9.802868843078613
21.77189826965332
9.056397438049316
22.84232521057129
12.479109764099121
14.827522277832031
4.592673301696777
22.624610900878906
22.588621139526367
12.483518600463867
19.311439514160156
20.98011589050293
32.141170501708984
17.261226654052734
23.201557159423828
33.82918167114258
19.43680763244629
6.954180717468262
5.05450439453125
21.485153198242188
12.940170288085938
17.277036666870117
4.252450942993164
11.050143241882324
21.077550888061523
17.027999877929688
15.74677848815918
14.104711532592773
17.173057556152344
18.90601921081543
24.1418399810791
18.450626373291016
21.54290008544922
9.424714088439941
28.597593307495117
31.73716926574707
8.832123756408691
7.51297664642334
14.695677757263184
7.108395576477051
29.076555252075195
14.187065124511719
33.59724426269531
21.407838821411133
18.00330352783203
20.08369255065918
4.3320112228393555
49.553951263427734
12.965438842773438
20.184789657592773
9.865381240844727
24.71013832092285
20.77625846862793
14.104734420776367
28.14137840270996
11.777173042297363
13.808138847351074
27.2855224609375
24.03933334350586
32.913299560546875
15.551545143127441
21.9406795501709
8.801340103149414
8.352813720703125
11.713888168334961
33.046043395996094
17.970046997070312
23.089801788330078
24.32992172241211
19.146394729614258
9.160900115966797
16.501039505004883
13.892364501953125
9.67177677154541
9.519502639770508
9.100096702575684
15.28593635559082
36.10340118408203
18.031436920166016
18.1411190032959
13.749629020690918
47.11028289794922
15.745975494384766
21.43474578857422
34.58220672607422
16.54175567626953
18.772106170654297
3.0278403759002686
23.77765464782715
21.202037811279297
14.302773475646973
12.927790641784668
20.835172653198242
11.759714126586914
12.948287963867188
36.32524871826172
16.375341415405273
22.026277542114258
21.182947158813477
23.246213912963867
27.369163513183594
16.434009552001953
14.566282272338867
20.652015686035156
6.870439052581787
15.968748092651367
14.272300720214844
12.938359260559082
25.565610885620117
19.062654495239258
8.507913589477539
22.1117000579834
1.4488509893417358
15.827181816101074
27.34526252746582
16.95139503479004
19.472200393676758
21.12932586669922
9.282600402832031
22.542953491210938
22.384960174560547
34.480960845947266
2.3997559547424316
34.38859176635742
4.074165344238281
44.412689208984375
8.036445617675781
18.552518844604492
20.53517723083496
15.14809799194336
13.83143138885498
6.0588531494140625
11.168898582458496
12.158459663391113
15.039164543151855
41.973148345947266
15.802678108215332
28.282581329345703
25.520231246948242
11.807694435119629
1.7022860050201416
13.95383358001709
23.959918975830078
36.26226806640625
3.5643625259399414
24.377220153808594
29.32538604736328
25.38121795654297
23.71617889404297
14.142865180969238
11.652841567993164
26.92452621459961
12.840439796447754
18.38956642150879
12.032491683959961
27.733314514160156
34.1719970703125
26.3819580078125
11.78466796875
19.684240341186523
20.2135066986084
24.670495986938477
22.617998123168945
36.916133880615234
15.154888153076172
10.247208595275879
10.74045181274414
30.79098892211914
18.74904441833496
11.681140899658203
13.409090995788574
16.200252532958984
19.73970603942871
15.97176456451416
14.195075035095215
20.13253402709961
19.518014907836914
20.816394805908203
14.309844970703125
19.227127075195312
29.564979553222656
21.268503189086914
19.40937614440918
19.197307586669922
13.684744834899902
22.636587142944336
12.777020454406738
19.036823272705078
13.273776054382324
22.58114242553711
6.251121520996094
17.776123046875
12.537945747375488
35.82550811767578
8.557270050048828
12.613960266113281
22.183414459228516
25.004241943359375
4.889979839324951
8.121150016784668
20.649150848388672
10.767027854919434
9.881463050842285
11.99516487121582
14.711912155151367
7.831625461578369
20.860877990722656
34.637577056884766
18.262348175048828
22.119653701782227
6.247313976287842
24.706274032592773
16.419889450073242
14.091402053833008
16.70611572265625
10.323190689086914
20.26368522644043
8.130480766296387
14.081613540649414
21.75695037841797
24.432212829589844
16.90534019470215
29.326553344726562
11.609469413757324
13.215766906738281
17.560291290283203
22.22889518737793
9.866371154785156
14.987275123596191
17.27756690979004
10.394915580749512
17.40963363647461
18.875411987304688
10.898490905761719
27.82621955871582
10.847999572753906
18.06342124938965
30.091890335083008
22.172292709350586
26.078750610351562
21.158933639526367
4.481344223022461
18.775989532470703
10.891267776489258
13.269427299499512
9.927674293518066
24.975000381469727
16.639984130859375
22.58025360107422
16.325233459472656
13.995800971984863
23.792465209960938
17.40576171875
32.81231689453125
27.35452651977539
21.444719314575195
26.251407623291016
19.25955581665039
15.225240707397461
24.573734283447266
18.015565872192383
28.902664184570312
10.71552562713623
23.100107192993164
18.631072998046875
25.505390167236328
23.040071487426758
13.64760971069336
17.356481552124023
27.922698974609375
25.82889175415039
21.094985961914062
21.40762710571289
25.68634033203125
11.225013732910156
13.545904159545898
19.564672470092773
4.580541133880615
27.9993839263916
25.194242477416992
26.271108627319336
31.500661849975586
10.443265914916992
12.967985153198242
20.029008865356445
20.65131950378418
36.44028854370117
8.700163841247559
24.614599227905273
13.920281410217285
9.468282699584961
20.13836097717285
10.289679527282715
16.04814910888672
24.034412384033203
11.508355140686035
16.53434181213379
19.161331176757812
31.994863510131836
16.472034454345703
13.826827049255371
23.46459197998047
18.578327178955078
21.71280860900879
7.9766387939453125
14.74579906463623
33.079139709472656
23.384136199951172
13.632610321044922
14.89603328704834
15.821659088134766
20.37397575378418
9.248042106628418
14.54207706451416
11.23210620880127
15.449250221252441
21.09794044494629
9.320513725280762
23.84162139892578
18.643625259399414
7.925877571105957
18.26028060913086
30.42301368713379
22.495880126953125
14.704636573791504
8.095029830932617
18.77231216430664
27.124670028686523
28.92613983154297
9.47935676574707
9.448603630065918
25.80801773071289
11.899066925048828
22.764646530151367
20.329587936401367
24.49638557434082
24.807327270507812
36.88440704345703
36.64333724975586
35.85645294189453
44.460365295410156
21.113554000854492
26.502981185913086
18.454614639282227
17.936429977416992
46.27469253540039
9.039167404174805
12.96357536315918
21.707029342651367
7.490447044372559
29.49024772644043
7.3107147216796875
25.907787322998047
9.699935913085938
7.401837348937988
11.727606773376465
25.89837646484375
14.898077011108398
23.36012840270996
21.86867332458496
7.150909900665283
27.130374908447266
25.354551315307617
15.884211540222168
9.071537017822266
18.67534065246582
4.709442138671875
11.211800575256348
22.851552963256836
18.061445236206055
19.720870971679688
19.504276275634766
11.827729225158691
28.93498992919922
21.61007308959961
8.740861892700195
9.966249465942383
19.64628028869629
13.300512313842773
29.467327117919922
10.581073760986328
9.866031646728516
29.32571792602539
10.67525577545166
23.327739715576172
21.193239212036133
19.726430892944336
11.941303253173828
33.62320327758789
26.6855525970459
20.44023323059082
29.211748123168945
20.546152114868164
8.428277969360352
14.967009544372559
17.90668296813965
25.916841506958008
28.781291961669922
21.202884674072266
18.162700653076172
21.191808700561523
11.362977027893066
16.063365936279297
23.996362686157227
31.865440368652344
18.41670036315918
10.906682968139648
22.79468536376953
31.421714782714844
9.85461711883545
21.804166793823242
28.102231979370117
25.234323501586914
22.235593795776367
19.548473358154297
13.098553657531738
10.18681812286377
19.911157608032227
21.976245880126953
13.347503662109375
13.543966293334961
20.228843688964844
21.019163131713867
19.935287475585938
19.364850997924805
6.54838228225708
8.2637357711792
23.061038970947266
18.843353271484375
20.119930267333984
32.451499938964844
15.402976036071777
23.495059967041016
27.689809799194336
21.971263885498047
19.778776168823242
20.989425659179688
18.982006072998047
14.51132869720459
14.033194541931152
25.69558334350586
15.021322250366211
18.648582458496094
28.068695068359375
5.3976945877075195
11.773945808410645
24.140060424804688
20.544910430908203
10.068376541137695
29.003190994262695
21.1208438873291
4.508331775665283
21.378257751464844
32.26127624511719
14.309754371643066
17.19843292236328
30.955629348754883
27.275609970092773
14.453371047973633
14.334733963012695
26.253942489624023
29.47452163696289
10.12109661102295
19.96352195739746
11.108501434326172
6.204257965087891
24.136877059936523
33.604740142822266
9.652555465698242
14.655891418457031
16.605070114135742
19.615928649902344
16.32286262512207
16.052215576171875
20.774188995361328
14.839332580566406
37.39197540283203
24.040895462036133
14.125482559204102
4.959542274475098
19.21660041809082
19.768335342407227
19.450275421142578
31.051258087158203
16.400775909423828
29.94847869873047
23.79998779296875
14.087639808654785
19.954421997070312
5.252285957336426
5.861814975738525
20.207578659057617
14.185090065002441
18.427688598632812
21.249929428100586
23.404508590698242
41.87982940673828
22.76632308959961
11.954744338989258
14.260798454284668
13.644495010375977
18.18202018737793
7.449872970581055
30.312950134277344
20.29239273071289
16.802988052368164
23.90053367614746
11.773653030395508
6.877529144287109
34.517520904541016
9.351513862609863
9.582599639892578
18.76900863647461
5.602746486663818
27.5383358001709
11.738393783569336
17.130435943603516
27.306625366210938
17.624570846557617
15.979010581970215
17.898555755615234
7.539371490478516
26.41935920715332
23.80719757080078
22.719436645507812
24.66404914855957
12.40484619140625
18.948671340942383
6.7470221519470215
16.29885482788086
28.506254196166992
13.479681968688965
19.39708137512207
19.022201538085938
18.576040267944336
27.160133361816406
19.21977424621582
31.074081420898438
25.539813995361328
9.266719818115234
15.01124382019043
29.008628845214844
25.192407608032227
19.19412612915039
6.121912002563477
42.56541442871094
27.988643646240234
15.607845306396484
16.674819946289062
16.708101272583008
14.57341194152832
12.382312774658203
15.29576301574707
28.20392417907715
21.123445510864258
36.691184997558594
19.218326568603516
34.67880630493164
14.462052345275879
27.54368019104004
29.140682220458984
17.326221466064453
12.019999504089355
6.8328423500061035
9.697823524475098
23.774290084838867
14.579081535339355
13.694636344909668
34.94921875
13.312162399291992
26.9383602142334
14.962224960327148
23.08612060546875
33.07646179199219
23.618209838867188
3.5195984840393066
28.447845458984375
16.3075008392334
6.016853332519531
20.018301010131836
20.530588150024414
19.60715103149414
9.431726455688477
4.591493129730225
12.584814071655273
26.520957946777344
9.734909057617188
9.655348777770996
29.22834587097168
12.128686904907227
18.951026916503906
30.36931610107422
10.565311431884766
28.327777862548828
18.2873592376709
27.08524513244629
12.462125778198242
22.104248046875
25.195192337036133
12.341540336608887
7.343323230743408
32.66746139526367
27.88628578186035
8.06702709197998
12.139516830444336
21.3575382232666
17.651935577392578
21.07785415649414
28.33591079711914
25.406421661376953
16.520111083984375
15.12104606628418
15.970050811767578
5.014383792877197
19.764896392822266
20.49049949645996
11.434739112854004
15.374104499816895
28.671785354614258
26.360918045043945
20.852575302124023
3.4173786640167236
10.271655082702637
16.049854278564453
6.7408270835876465
13.179300308227539
26.514801025390625
8.11900520324707
10.771377563476562
30.439016342163086
13.901644706726074
26.910457611083984
7.558919906616211
32.84884262084961
19.663223266601562
13.512417793273926
28.148784637451172
12.415882110595703
24.79462432861328
8.21895694732666
18.607364654541016
23.75331687927246
16.407424926757812
18.629486083984375
26.037843704223633
1.7918028831481934
12.48175048828125
13.904520034790039
17.17528533935547
20.41070556640625
11.564035415649414
11.075397491455078
32.207401275634766
27.1333065032959
8.374497413635254
29.661954879760742
12.741756439208984
34.127586364746094
22.59214210510254
18.84642219543457
16.838254928588867
16.09619903564453
27.178020477294922
29.19145393371582
16.08501625061035
19.06947135925293
13.646995544433594
24.383642196655273
14.996011734008789
21.17795753479004
13.876571655273438
32.485755920410156
15.083037376403809
22.03879165649414
14.855629920959473
17.301225662231445
21.90374755859375
9.984413146972656
29.64908218383789
9.460274696350098
32.37759017944336
24.032581329345703
22.24605941772461
15.525335311889648
28.17679786682129
8.95047378540039
35.4006462097168
18.65889549255371
39.02810287475586
9.576456069946289
35.74406814575195
14.883394241333008
8.770263671875
20.446239471435547
11.55747127532959
8.520615577697754
18.65322494506836
26.842300415039062
29.3529109954834
7.791917324066162
36.78972244262695
36.18320083618164
37.27063751220703
3.9790074825286865
17.45439910888672
9.57796859741211
17.2078857421875
24.32291603088379
32.34861755371094
5.175770282745361
23.33238410949707
29.453372955322266
4.735186576843262
22.78763198852539
26.5666561126709
26.453123092651367
15.299535751342773
13.484578132629395
25.097248077392578
22.896873474121094
22.29122543334961
26.672340393066406
26.8980770111084
16.539321899414062
14.149170875549316
20.082326889038086
6.042019844055176
24.68663787841797
17.19764518737793
16.92936897277832
15.229110717773438
15.40192699432373
35.56191635131836
20.395994186401367
17.97573471069336
12.844679832458496
17.13775062561035
20.18352699279785
19.1896915435791
19.61210823059082
21.3325252532959
9.1848783493042
19.86402702331543
16.270448684692383
12.431869506835938
8.810649871826172
14.6777925491333
3.3372368812561035
16.3372745513916
7.20986270904541
13.111759185791016
28.404455184936523
26.671873092651367
30.503250122070312
14.339927673339844
19.975557327270508
20.316984176635742
17.121166229248047
10.086709976196289
14.65523624420166
6.09155797958374
6.806762218475342
9.710040092468262
16.157251358032227
10.091856002807617
12.438294410705566
10.451191902160645
18.355060577392578
30.525453567504883
15.34319019317627
10.135271072387695
6.793586254119873
18.380266189575195
24.152587890625
3.60050368309021
9.160650253295898
29.546072006225586
29.07767105102539
41.74669647216797
15.339707374572754
22.991601943969727
31.70656967163086
12.178295135498047
29.82854461669922
19.841724395751953
24.09618377685547
15.21107292175293
13.729900360107422
19.23306655883789
21.398468017578125
32.056968688964844
23.92957305908203
2.700021743774414
7.94248104095459
16.508005142211914
15.505306243896484
11.231951713562012
10.378527641296387
15.735955238342285
23.581424713134766
12.491983413696289
9.745845794677734
13.024264335632324
39.19839096069336
13.113353729248047
18.253856658935547
18.924400329589844
22.742631912231445
11.047529220581055
18.075294494628906
23.60955810546875
14.844857215881348
12.351726531982422
10.624503135681152
20.238231658935547
30.76251983642578
47.22046661376953
3.7274980545043945
30.96100425720215
18.149517059326172
21.233688354492188
15.629861831665039
11.376561164855957
18.030649185180664
7.226603984832764
11.551172256469727
15.257696151733398
34.7236213684082
15.090237617492676
27.581571578979492
7.413690567016602
27.105621337890625
18.30422019958496
32.623050689697266
6.697908878326416
16.464895248413086
18.22882080078125
16.037084579467773
42.70185089111328
7.125857353210449
16.717845916748047
20.32795524597168
11.0261869430542
21.420047760009766
10.3877534866333
15.415940284729004
24.601877212524414
12.218445777893066
11.897921562194824
23.91712760925293
3.236794948577881
5.565705299377441
24.63570785522461
10.330122947692871
34.572391510009766
11.947318077087402
14.664875984191895
14.059803009033203
11.936258316040039
6.413671493530273
10.065101623535156
28.204999923706055
12.096375465393066
22.622642517089844
17.821746826171875
19.375150680541992
10.673553466796875
10.946521759033203
9.793939590454102
6.139732837677002
14.758216857910156
21.937461853027344
13.539530754089355
8.57041072845459
16.05022430419922
0.8387086391448975
7.621181011199951
19.669462203979492
29.118213653564453
36.07906723022461
28.571678161621094
17.831518173217773
19.565982818603516
9.624495506286621
6.037481784820557
30.67264175415039
13.768568992614746
13.040868759155273
22.071533203125
19.862897872924805
13.963312149047852
6.466129302978516
19.059768676757812
18.158113479614258
15.619401931762695
7.776954650878906
13.476863861083984
30.21592903137207
15.338000297546387
13.729609489440918
40.86109924316406
24.490921020507812
20.044998168945312
14.566873550415039
24.049739837646484
35.01535415649414
27.64604949951172
26.10272789001465
21.33759117126465
5.4839186668396
26.92940330505371
19.400039672851562
6.814148902893066
16.986906051635742
11.335591316223145
29.625621795654297
24.511554718017578
18.873159408569336
24.561445236206055
23.719594955444336
10.604921340942383
10.521883010864258
16.630414962768555
33.9098014831543
27.396766662597656
25.037769317626953
12.41634464263916
12.52112865447998
17.704797744750977
39.08926010131836
25.621715545654297
24.085176467895508
27.248903274536133
38.63311767578125
29.407756805419922
21.24485969543457
8.232248306274414
21.73470687866211
15.759801864624023
16.486478805541992
31.2244873046875
5.6882243156433105
28.222864151000977
25.55266571044922
32.9886589050293
19.136476516723633
17.177709579467773
8.169898986816406
7.779397010803223
16.817543029785156
9.3410062789917
15.770295143127441
11.979510307312012
23.198911666870117
27.03425407409668
6.414730072021484
24.048776626586914
9.487963676452637
16.15528106689453
28.124162673950195
8.682267189025879
10.897936820983887
11.264602661132812
24.12001609802246
23.979660034179688
12.681900978088379
11.758641242980957
8.740626335144043
16.701671600341797
16.707963943481445
17.07075309753418
5.842591285705566
13.81009578704834
19.74415397644043
15.746339797973633
18.93828582763672
27.76313018798828
26.630741119384766
27.73141860961914
19.013776779174805
12.105355262756348
32.0915641784668
13.957948684692383
12.245838165283203
13.982362747192383
43.44843292236328
24.36432647705078
11.616560935974121
27.308889389038086
9.294236183166504
19.206666946411133
14.306364059448242
15.11376953125
19.599842071533203
13.605194091796875
13.537227630615234
10.547141075134277
20.155704498291016
16.679889678955078
18.279640197753906
7.0160441398620605
23.08465003967285
25.682477951049805
16.230152130126953
15.02513599395752
21.664865493774414
23.973371505737305
27.51203727722168
5.2056379318237305
6.955304145812988
18.76276397705078
32.25086975097656
17.112464904785156
13.195358276367188
23.78945541381836
15.823128700256348
33.34911346435547
34.787689208984375
26.739850997924805
21.88840103149414
24.80592918395996
13.99701976776123
33.222564697265625
34.23855209350586
19.009864807128906
32.22374725341797
44.9448356628418
17.16736602783203
31.65595817565918
11.306365013122559
12.50161361694336
15.534956932067871
12.231922149658203
23.325105667114258
16.139543533325195
24.746416091918945
18.17706298828125
20.67443084716797
21.372726440429688
30.680213928222656
19.011667251586914
11.271377563476562
19.87860870361328
8.368894577026367
9.38107967376709
33.15403747558594
13.732195854187012
9.275450706481934
20.237751007080078
24.854928970336914
17.180908203125
11.166352272033691
20.70961570739746
8.942876815795898
7.9386186599731445
15.217761039733887
8.92690658569336
8.741950035095215
12.710762023925781
17.944196701049805
22.95046615600586
9.773664474487305
10.491352081298828
16.52896499633789
19.17854118347168
22.722566604614258
17.574012756347656
15.948844909667969
7.529043197631836
16.954151153564453
14.481088638305664
11.706680297851562
21.588390350341797
32.064361572265625
13.204361915588379
36.918704986572266
18.19607162475586
17.774314880371094
11.680496215820312
10.988025665283203
8.038389205932617
18.676660537719727
19.798620223999023
34.42906188964844
17.21687126159668
21.67600440979004
9.574996948242188
15.426164627075195
12.605369567871094
19.657686233520508
25.257343292236328
22.336158752441406
8.200407981872559
23.601245880126953
30.661043167114258
7.593481540679932
21.21480369567871
16.302732467651367
18.58437156677246
20.50071144104004
14.462955474853516
12.956993103027344
11.88948917388916
24.383108139038086
49.4470329284668
15.53652572631836
3.0076284408569336
14.12524127960205
10.94055461883545
28.644847869873047
15.764228820800781
6.639183044433594
30.866363525390625
13.453109741210938
11.32345962524414
27.909648895263672
9.617945671081543
11.2611083984375
19.883548736572266
29.3531436920166
11.429495811462402
18.18539047241211
13.663966178894043
37.88502502441406
24.90629005432129
9.382012367248535
41.03422927856445
13.7138090133667
19.683454513549805
8.284281730651855
36.395652770996094
30.251672744750977
13.143194198608398
26.31935691833496
18.155418395996094
14.102839469909668
13.961158752441406
24.595565795898438
17.01779556274414
18.625904083251953
30.730615615844727
12.678526878356934
23.848691940307617
21.441335678100586
20.974153518676758
7.903610706329346
22.286155700683594
5.472865581512451
27.333242416381836
29.771039962768555
13.234760284423828
30.12114906311035
19.33647918701172
13.377500534057617
4.962373733520508
36.35029983520508
21.813762664794922
12.479316711425781
13.07570743560791
9.299671173095703
9.945013046264648
9.03065299987793
9.918718338012695
15.925323486328125
19.26694679260254
8.158061981201172
14.90644645690918
10.854195594787598
30.678680419921875
9.130311965942383
26.495302200317383
14.832728385925293
23.177812576293945
28.156347274780273
26.548173904418945
20.339603424072266
29.634830474853516
10.733479499816895
19.94852066040039
22.26211929321289
12.992728233337402
19.6611385345459
27.38103675842285
28.99245834350586
26.773828506469727
6.322659492492676
6.639932632446289
10.656913757324219
26.214229583740234
26.47193145751953
31.158447265625
13.448709487915039
5.669691562652588
9.46407699584961
12.4528226852417
19.540428161621094
34.595848083496094
16.949466705322266
36.989646911621094
20.74346160888672
9.789433479309082
33.11776351928711
14.51640796661377
29.487911224365234
8.937344551086426
23.939613342285156
22.050521850585938
27.655553817749023
18.04774284362793
19.57731056213379
8.121907234191895
30.299436569213867
28.883333206176758
40.4661979675293
13.912882804870605
8.443705558776855
12.81290054321289
24.21223258972168
19.479467391967773
12.005976676940918
11.733698844909668
15.300325393676758
16.76634407043457
32.831546783447266
31.7957706451416
38.44837951660156
6.135051250457764
5.112876892089844
34.51185607910156
5.46455192565918
5.375066757202148
9.154166221618652
30.75179100036621
20.931041717529297
17.281455993652344
9.866739273071289
10.673299789428711
14.859909057617188
22.593828201293945
3.8767518997192383
20.27039909362793
10.373298645019531
13.928242683410645
18.81283950805664
20.329936981201172
19.79177474975586
19.595600128173828
27.07425880432129
12.237308502197266
10.37266731262207
12.229911804199219
12.660442352294922
18.01828384399414
16.992855072021484
17.773197174072266
7.927813529968262
10.19062614440918
16.671241760253906
11.401400566101074
7.585600852966309
8.616382598876953
11.884753227233887
17.800600051879883
21.696151733398438
39.402042388916016
21.885986328125
8.2598876953125
27.918476104736328
29.52857208251953
9.441849708557129
18.037002563476562
18.559364318847656
32.04652404785156
23.61245346069336
13.736432075500488
15.34008502960205
20.257993698120117
15.755209922790527
22.702171325683594
16.98023796081543
22.95600128173828
29.48073959350586
8.086834907531738
9.464555740356445
2.190762996673584
19.014148712158203
33.58051300048828
19.499897003173828
19.63408660888672
31.156368255615234
19.350072860717773
17.82286262512207
22.42084503173828
17.50575065612793
29.26828956604004
32.33899688720703
13.245972633361816
12.13973617553711
17.00438117980957
12.905102729797363
18.887310028076172
15.256388664245605
10.85634708404541
6.611872673034668
16.610841751098633
9.001054763793945
2.6299023628234863
26.018964767456055
17.612342834472656
23.496200561523438
25.679113388061523
21.0096435546875
18.305561065673828
21.963010787963867
34.46908187866211
11.078801155090332
34.225093841552734
17.467432022094727
20.929662704467773
24.30067253112793
13.267593383789062
28.559907913208008
25.173673629760742
3.46501088142395
19.75542449951172
5.223231792449951
27.30376625061035
3.546581268310547
27.907163619995117
20.987472534179688
12.95304012298584
33.738197326660156
21.44771957397461
20.245759963989258
6.443007946014404
13.753402709960938
39.21120071411133
24.922618865966797
18.26936149597168
18.97307777404785
14.307912826538086
10.941068649291992
16.281892776489258
2.7862987518310547
17.34685516357422
7.947479248046875
12.206921577453613
19.699907302856445
11.823959350585938
9.240814208984375
23.236486434936523
11.232494354248047
15.640501022338867
12.899842262268066
23.19768524169922
35.63858413696289
25.355270385742188
7.740732669830322
29.597978591918945
12.632184982299805
23.76131248474121
8.606827735900879
6.389280796051025
18.869958877563477
16.81414031982422
5.060276985168457
25.017087936401367
13.996466636657715
21.06293487548828
27.678647994995117
8.833086013793945
20.54147720336914
31.889217376708984
14.369474411010742
13.864468574523926
24.386409759521484
20.353076934814453
15.43178939819336
12.009674072265625
10.600985527038574
18.289670944213867
6.738473892211914
24.053747177124023
21.181177139282227
7.876514911651611
18.289907455444336
25.295618057250977
13.997712135314941
21.18556022644043
18.76104736328125
10.092597961425781
22.094411849975586
16.029010772705078
13.05906867980957
11.82746410369873
27.73360252380371
21.979806900024414
13.878579139709473
17.287939071655273
14.323607444763184
20.81279754638672
29.81465721130371
25.471487045288086
11.962879180908203
24.690460205078125
23.400630950927734
19.14060401916504
9.351892471313477
25.58884620666504
4.5799078941345215
29.395370483398438
16.286388397216797
5.386220932006836
20.46361541748047
13.657949447631836
21.930084228515625
12.452132225036621
15.609317779541016
8.857255935668945
12.494454383850098
18.786766052246094
22.11977767944336
14.024371147155762
12.230210304260254
25.269445419311523
30.60266876220703
18.579572677612305
18.501739501953125
25.177452087402344
37.315547943115234
14.094673156738281
8.887433052062988
20.29719352722168
26.209152221679688
5.310093402862549
7.369210720062256
6.311596393585205
15.787288665771484
9.69884204864502
12.496210098266602
38.79893112182617
21.53340721130371
20.78569221496582
23.256671905517578
12.678524017333984
7.380641937255859
17.073013305664062
30.8646240234375
3.7758865356445312
19.47251319885254
20.615888595581055
12.854249000549316
26.155527114868164
11.7032470703125
21.08275032043457
18.55052947998047
26.02964973449707
19.175025939941406
20.347593307495117
19.300371170043945
30.109304428100586
16.510881423950195
28.692890167236328
32.63082504272461
30.7326717376709
8.958242416381836
16.033851623535156
12.841947555541992
21.723613739013672
9.962759017944336
19.753143310546875
27.04288673400879
6.521937370300293
14.651741981506348
12.867256164550781
16.91357421875
24.16265296936035
19.204030990600586
11.153478622436523
12.494311332702637
16.588348388671875
19.33428192138672
24.25677490234375
37.85675811767578
14.760757446289062
19.157180786132812
13.58891487121582
11.736040115356445
21.68461036682129
9.140325546264648
44.441524505615234
21.001296997070312
29.43819236755371
8.958765983581543
29.0269775390625
21.340797424316406
19.62887954711914
33.12641143798828
31.071134567260742
18.381431579589844
21.574626922607422
10.408247947692871
14.501359939575195
19.18419075012207
15.16042423248291
11.882767677307129
11.347601890563965
34.76557540893555
22.891122817993164
15.59613037109375
21.193782806396484
23.46695327758789
15.271685600280762
18.092187881469727
44.92381286621094
13.838159561157227
27.874034881591797
13.511011123657227
21.570850372314453
45.32756042480469
20.76764488220215
8.401203155517578
2.0515871047973633
11.573760032653809
21.929275512695312
15.610158920288086
15.964378356933594
18.016883850097656
23.180801391601562
29.630292892456055
15.31191635131836
29.582447052001953
17.873180389404297
13.52069091796875
33.630252838134766
9.174861907958984
