51.27382278442383
37.019893646240234
34.64632797241211
32.88933563232422
71.8719482421875
48.04539108276367
46.84771728515625
60.44590759277344
53.53652572631836
18.248573303222656
39.049095153808594
47.90966796875
40.639625549316406
34.32450485229492
30.100032806396484
12.19691276550293
19.05556869506836
45.131492614746094
50.35884094238281
42.73735427856445
36.16989517211914
70.14142608642578
36.693634033203125
32.66468811035156
66.03953552246094
41.95741653442383
49.02701187133789
54.267852783203125
29.72380828857422
23.144529342651367
50.490318298339844
20.353675842285156
32.73320007324219
52.118343353271484
30.5338077545166
39.955081939697266
58.6826171875
39.1080207824707
42.55392837524414
46.990108489990234
30.606189727783203
36.68089294433594
46.19761657714844
31.756052017211914
21.87323760986328
52.810546875
18.71900177001953
20.134164810180664
28.03731346130371
29.937314987182617
36.026668548583984
57.23772048950195
38.889217376708984
49.52861022949219
29.727283477783203
32.01912307739258
33.95294952392578
28.590869903564453
33.81502151489258
36.15161895751953
29.283117294311523
28.617155075073242
44.286903381347656
37.94301986694336
52.56674575805664
44.596012115478516
37.266456604003906
62.722591400146484
46.5679931640625
39.73490524291992
27.45343589782715
30.8028621673584
39.14350128173828
47.11674499511719
23.74909782409668
26.935649871826172
6.532608985900879
28.55709457397461
56.57342529296875
27.48403549194336
27.383968353271484
39.15302276611328
49.00819396972656
35.44093322753906
22.951263427734375
45.938655853271484
14.492021560668945
54.49784851074219
51.47917938232422
41.086002349853516
33.911827087402344
33.84999465942383
66.87430572509766
36.21559524536133
28.5125675201416
52.136436462402344
30.222400665283203
38.639198303222656
40.02803421020508
21.9887638092041
44.475624084472656
30.357587814331055
52.19197463989258
57.63779830932617
28.875383377075195
44.73386764526367
41.01102828979492
10.170148849487305
27.597240447998047
36.96329116821289
49.89595413208008
51.50122833251953
33.0611572265625
33.59518814086914
29.163829803466797
61.836326599121094
24.096529006958008
48.360443115234375
44.821922302246094
42.784645080566406
29.21642303466797
64.56172180175781
31.361379623413086
28.097517013549805
43.42433547973633
35.104312896728516
48.522037506103516
33.503543853759766
44.9097900390625
42.552467346191406
51.56190872192383
52.74573516845703
45.119964599609375
40.83391189575195
66.20494842529297
43.23280715942383
29.59142303466797
40.552852630615234
55.89435958862305
27.515886306762695
27.840866088867188
31.166961669921875
22.311620712280273
20.66065216064453
32.070106506347656
40.408512115478516
28.92059898376465
15.653952598571777
23.421533584594727
29.318126678466797
30.448286056518555
41.10660934448242
10.012127876281738
48.844146728515625
28.277353286743164
40.772010803222656
43.13137435913086
32.116214752197266
68.32083892822266
41.49481964111328
46.080169677734375
36.98115921020508
40.00783157348633
50.2392692565918
38.13071060180664
40.885257720947266
32.459938049316406
50.32392501831055
30.438953399658203
49.31892776489258
18.134557723999023
24.53786277770996
42.757896423339844
43.591278076171875
8.30603313446045
29.30119514465332
37.12763595581055
27.987300872802734
31.213457107543945
29.85725975036621
17.47109031677246
75.14442443847656
34.07352828979492
62.04327392578125
22.897132873535156
59.11531448364258
41.06266784667969
43.50236511230469
26.68971824645996
50.392311096191406
25.26017951965332
28.363317489624023
30.129085540771484
36.91672134399414
54.87686538696289
40.417335510253906
29.144010543823242
17.704023361206055
55.3017692565918
47.85331344604492
42.44151306152344
44.26365280151367
22.34549331665039
44.234710693359375
21.5695743560791
21.117034912109375
33.27461242675781
28.95775032043457
28.785837173461914
37.413631439208984
29.81294822692871
36.389373779296875
36.99683380126953
48.69057846069336
49.726348876953125
64.3689956665039
38.39375686645508
37.36296844482422
19.08425521850586
65.1469497680664
57.54738235473633
57.002227783203125
38.290565490722656
41.233604431152344
41.68208312988281
49.292701721191406
48.40019607543945
38.21055221557617
24.798856735229492
32.793983459472656
59.79553985595703
31.772708892822266
40.872833251953125
31.84530258178711
40.60414505004883
33.87130355834961
37.37535858154297
65.9384765625
24.885448455810547
40.16221237182617
53.005760192871094
56.018463134765625
35.37651443481445
17.30406951904297
28.570545196533203
21.682687759399414
65.74122619628906
53.0588493347168
47.18385314941406
74.911376953125
48.57596206665039
51.44456100463867
27.387269973754883
32.05195999145508
46.595787048339844
28.690460205078125
21.575199127197266
36.610408782958984
51.651371002197266
33.14408874511719
29.004270553588867
41.70716094970703
27.27510643005371
63.98392868041992
36.11928176879883
48.51726150512695
30.41204071044922
26.45147132873535
41.721893310546875
50.51161575317383
24.287212371826172
24.96242332458496
26.136560440063477
26.99442481994629
15.713568687438965
55.14033889770508
32.01784133911133
35.270233154296875
43.45737075805664
29.199283599853516
42.944969177246094
46.632591247558594
30.753984451293945
29.483272552490234
34.91023635864258
15.257767677307129
36.05596923828125
20.852678298950195
22.423646926879883
50.169044494628906
47.689083099365234
46.49079132080078
49.13946533203125
31.38420867919922
24.949398040771484
41.885074615478516
39.56297302246094
24.441463470458984
32.34105682373047
69.80684661865234
40.8604850769043
20.980810165405273
43.568363189697266
54.71958923339844
18.99874496459961
38.89253616333008
52.75440216064453
55.31815719604492
53.01612091064453
57.30984878540039
44.56865310668945
47.2348518371582
38.62076187133789
22.653385162353516
27.67115020751953
48.73108673095703
38.311248779296875
71.95978546142578
66.13863372802734
25.55929946899414
47.22239685058594
35.374488830566406
47.4156608581543
24.289806365966797
62.029930114746094
45.30002975463867
23.26312828063965
39.71814727783203
43.676368713378906
23.944440841674805
35.693111419677734
22.484949111938477
19.690109252929688
35.1622314453125
15.742327690124512
44.584110260009766
27.47920799255371
20.68228530883789
33.83842468261719
32.67274856567383
17.93560028076172
42.5351676940918
51.40027618408203
45.06584548950195
28.627573013305664
32.524295806884766
49.819034576416016
40.664608001708984
38.83827209472656
36.06557846069336
26.698190689086914
52.34373092651367
23.237802505493164
40.09553146362305
66.74466705322266
43.805965423583984
57.19865798950195
17.669532775878906
37.966209411621094
27.486860275268555
65.48331451416016
24.17542266845703
29.94373893737793
41.278472900390625
51.70378112792969
40.9896354675293
40.4021110534668
40.45513153076172
41.80922317504883
34.126182556152344
42.76524353027344
38.3807373046875
31.731796264648438
27.033700942993164
40.487728118896484
66.23967742919922
58.555328369140625
40.000823974609375
45.15062713623047
42.232852935791016
30.12957191467285
61.90212631225586
31.347476959228516
40.02859115600586
25.06477165222168
34.50938034057617
65.3343276977539
37.612709045410156
45.91828536987305
37.8337287902832
25.764591217041016
46.57443618774414
37.89273452758789
40.027366638183594
48.243717193603516
25.1265811920166
49.661338806152344
51.2308349609375
33.38924789428711
53.45683670043945
38.50386047363281
24.104045867919922
61.046321868896484
42.50093078613281
29.698707580566406
13.432491302490234
35.1573371887207
41.855201721191406
33.038116455078125
34.859737396240234
59.44330596923828
42.894309997558594
28.866178512573242
49.522823333740234
34.27667999267578
35.626373291015625
55.15644454956055
71.34835815429688
64.36370086669922
53.13347244262695
30.494869232177734
45.85627365112305
39.870426177978516
29.662105560302734
30.466611862182617
62.153053283691406
50.89282989501953
47.431922912597656
34.480289459228516
29.08292007446289
45.75252914428711
58.64273452758789
28.206140518188477
25.417184829711914
27.984954833984375
61.553131103515625
34.32320022583008
59.63822555541992
37.03156661987305
33.8803825378418
30.495351791381836
17.923553466796875
42.58004379272461
18.924808502197266
38.60546112060547
23.205869674682617
29.691402435302734
31.17700958251953
36.733604431152344
15.784202575683594
36.75581741333008
34.0050048828125
23.164108276367188
33.94161605834961
33.681907653808594
46.0529899597168
15.024059295654297
17.79998016357422
41.82125473022461
57.317054748535156
25.398401260375977
56.749351501464844
44.41392135620117
53.31705856323242
46.91258239746094
49.258079528808594
53.77481460571289
36.73213577270508
24.68575668334961
28.590660095214844
41.78335189819336
36.19717025756836
7.145781993865967
31.485795974731445
28.58201026916504
33.182193756103516
46.39619827270508
36.45734786987305
54.506622314453125
27.967554092407227
20.692644119262695
15.416790008544922
35.57659149169922
45.47534942626953
22.171098709106445
42.93046951293945
37.375946044921875
15.558735847473145
35.99782180786133
32.18280029296875
65.72547149658203
46.03824996948242
38.49497604370117
75.13455963134766
36.996341705322266
25.76544189453125
17.71556282043457
33.81454849243164
67.50424194335938
23.853370666503906
52.8045539855957
44.79537582397461
31.414634704589844
41.03689193725586
33.91341781616211
32.71186447143555
28.41790008544922
10.75318717956543
48.05190658569336
44.07470703125
51.028079986572266
43.674827575683594
8.639883995056152
43.49027633666992
42.644248962402344
32.161964416503906
34.389617919921875
65.83555603027344
22.64539337158203
38.273841857910156
23.566532135009766
35.011322021484375
25.586027145385742
38.24858093261719
32.42609405517578
38.255619049072266
33.53195571899414
33.55482864379883
29.0339412689209
23.625560760498047
61.89408874511719
73.34217071533203
22.36001205444336
50.826351165771484
29.96033477783203
14.021900177001953
62.473873138427734
46.40304183959961
25.672100067138672
24.698118209838867
29.277868270874023
47.43208312988281
39.16973114013672
9.845279693603516
70.95917510986328
19.008752822875977
43.16920852661133
29.000707626342773
40.553802490234375
58.96330261230469
20.084325790405273
24.3896541595459
49.928070068359375
49.37641525268555
35.02009201049805
46.443519592285156
35.530609130859375
40.8868522644043
46.34547424316406
48.554264068603516
27.942537307739258
58.92193603515625
41.312461853027344
39.404563903808594
69.43389129638672
41.361351013183594
40.690032958984375
38.498695373535156
60.481231689453125
38.021663665771484
41.318546295166016
23.941020965576172
31.573715209960938
35.56330490112305
44.005462646484375
37.71382141113281
38.64818572998047
54.434627532958984
59.03013229370117
48.421871185302734
30.52109146118164
33.27438735961914
24.027149200439453
68.16474914550781
15.222006797790527
30.065046310424805
35.358970642089844
43.76948928833008
23.16135025024414
38.53512954711914
28.55912208557129
36.8941535949707
48.67287826538086
44.05016326904297
58.70991897583008
30.67676544189453
50.73494338989258
22.843673706054688
46.3485221862793
38.30907440185547
44.10152053833008
68.65174865722656
73.00588989257812
34.125579833984375
28.311861038208008
65.4356918334961
27.692289352416992
45.42607116699219
61.860538482666016
22.338150024414062
56.5739631652832
46.30931091308594
23.97732925415039
55.885780334472656
47.42612075805664
43.568519592285156
13.116960525512695
51.907203674316406
33.78661346435547
20.206710815429688
25.339162826538086
23.39306640625
23.479398727416992
58.38898849487305
47.248958587646484
50.4152717590332
25.438573837280273
37.37480545043945
40.401485443115234
40.8820915222168
23.744813919067383
23.09079360961914
31.119237899780273
53.27235794067383
67.75161743164062
27.043106079101562
25.80236053466797
62.67826843261719
31.1851749420166
38.50764465332031
46.048526763916016
29.717330932617188
35.05247116088867
35.61033630371094
31.598535537719727
43.1546630859375
29.114368438720703
26.67450714111328
39.76889419555664
14.511789321899414
42.58540725708008
55.021663665771484
26.914480209350586
26.59461784362793
26.59688377380371
47.13339614868164
26.89472770690918
37.33919143676758
31.410518646240234
51.66090774536133
12.32054615020752
27.750030517578125
24.27666664123535
29.332592010498047
51.082706451416016
27.864110946655273
36.0216178894043
48.947967529296875
32.44205093383789
41.448814392089844
47.71345520019531
35.86848449707031
31.98919677734375
32.73719024658203
36.49565505981445
67.10072326660156
80.7428970336914
32.6393928527832
34.80757522583008
32.52690124511719
53.563072204589844
26.974777221679688
45.30256271362305
15.784773826599121
49.29036331176758
31.4683837890625
30.46827507019043
43.87358474731445
63.30279541015625
91.03753662109375
44.19554901123047
63.018253326416016
34.699546813964844
63.26850509643555
69.19710540771484
19.827503204345703
36.28895950317383
29.963722229003906
32.25052261352539
32.5677490234375
34.21566390991211
28.632715225219727
24.719985961914062
66.38115692138672
45.951072692871094
44.42680358886719
47.98882293701172
36.455753326416016
25.226961135864258
71.72234344482422
27.673866271972656
45.0797004699707
22.045400619506836
43.308197021484375
35.24363708496094
36.27204895019531
40.0130500793457
44.41109848022461
20.61712646484375
23.42177391052246
54.93271255493164
41.512290954589844
44.967735290527344
47.27595520019531
54.56938934326172
46.9038200378418
65.50423431396484
25.54358673095703
49.154117584228516
62.551265716552734
59.199344635009766
19.273611068725586
24.10932731628418
59.07904052734375
57.62702178955078
21.73502540588379
49.61749267578125
45.21645736694336
17.277202606201172
35.487953186035156
24.102914810180664
37.76419448852539
18.632125854492188
38.90303421020508
64.08231353759766
17.4617977142334
67.44508361816406
24.252771377563477
22.098222732543945
56.23876953125
44.234500885009766
30.260644912719727
58.20723342895508
47.357784271240234
33.102413177490234
42.44056701660156
20.60141944885254
44.95164108276367
40.9733772277832
63.47977828979492
18.606061935424805
45.233856201171875
37.8263053894043
34.87909698486328
36.94815444946289
54.3812370300293
42.898651123046875
67.61758422851562
37.35805892944336
44.40317153930664
19.736650466918945
45.02389907836914
35.36427307128906
56.941497802734375
33.25462341308594
56.187862396240234
34.46420669555664
22.741943359375
49.280094146728516
42.986778259277344
59.24729537963867
38.682682037353516
42.81468963623047
40.40313720703125
55.38594055175781
75.57295989990234
43.53304672241211
28.974895477294922
32.48732376098633
29.386768341064453
44.13113784790039
57.99022674560547
30.23709487915039
44.800270080566406
33.39470672607422
50.98390579223633
31.542367935180664
27.6727352142334
30.504512786865234
36.171085357666016
34.00434875488281
22.025558471679688
33.677303314208984
62.826595306396484
31.32518768310547
47.93480682373047
35.09480667114258
27.6026611328125
40.982696533203125
41.09601974487305
32.614566802978516
15.721504211425781
31.24928855895996
32.42847442626953
41.973628997802734
60.55164337158203
26.465328216552734
34.47378921508789
28.5722713470459
50.0238037109375
53.62021255493164
36.86418533325195
35.645301818847656
37.96720886230469
56.7037353515625
35.04193878173828
22.73368263244629
34.26988220214844
43.732086181640625
47.52546691894531
47.981903076171875
30.782243728637695
18.571439743041992
50.0498046875
61.29640579223633
46.7809944152832
51.697242736816406
49.18329620361328
50.319969177246094
70.82709503173828
37.78120040893555
51.741432189941406
40.050235748291016
33.31563949584961
40.125694274902344
47.02392578125
31.748092651367188
46.457210540771484
39.58191680908203
41.42731857299805
57.57479476928711
22.365856170654297
46.82634735107422
47.44010925292969
55.65658187866211
44.861698150634766
19.872528076171875
14.534045219421387
22.368013381958008
35.928558349609375
30.993989944458008
31.84090232849121
18.988256454467773
37.980133056640625
33.94733428955078
39.975677490234375
32.071258544921875
28.307735443115234
28.05133819580078
58.11893844604492
27.748004913330078
46.170658111572266
44.39264678955078
38.05405044555664
52.672550201416016
38.00971221923828
60.27964782714844
26.982816696166992
42.97759246826172
53.25603485107422
33.65456771850586
45.051055908203125
45.84964370727539
24.51563262939453
41.057960510253906
62.64685821533203
24.11959457397461
36.02994918823242
54.914329528808594
22.64421844482422
36.82900619506836
36.053565979003906
69.16363525390625
49.997928619384766
51.78334426879883
57.877830505371094
30.79106903076172
49.3170166015625
50.13317108154297
33.27587127685547
29.903135299682617
34.75688552856445
62.664913177490234
50.45753860473633
67.46166229248047
53.69188690185547
21.277719497680664
22.806026458740234
45.844303131103516
18.258543014526367
13.738180160522461
55.12424850463867
37.888389587402344
58.45309829711914
54.79416275024414
48.13429260253906
70.36769104003906
22.47895050048828
66.23455810546875
37.403526306152344
46.147613525390625
64.48272705078125
47.16469192504883
53.38786697387695
46.61689376831055
74.22946166992188
36.10773849487305
47.394535064697266
63.50432205200195
33.68625259399414
37.334102630615234
21.000410079956055
36.32888412475586
24.442176818847656
31.1357479095459
46.11731719970703
30.609161376953125
48.229278564453125
37.249961853027344
57.0429801940918
27.622785568237305
73.67288208007812
20.315855026245117
28.16789436340332
20.28607177734375
30.92208480834961
53.15442657470703
22.563901901245117
32.950721740722656
25.48136329650879
17.987140655517578
36.552894592285156
72.57047271728516
59.92231369018555
38.71132278442383
27.66640281677246
45.71649932861328
41.491947174072266
44.03224182128906
52.92517852783203
41.91132354736328
41.323341369628906
18.89638900756836
25.66124153137207
32.68760299682617
63.385433197021484
53.77861404418945
33.873130798339844
20.96530532836914
16.999128341674805
13.614285469055176
22.235639572143555
22.171239852905273
22.243671417236328
34.28071975708008
68.23738861083984
37.95051193237305
65.36827850341797
43.73770523071289
47.36006546020508
50.86314392089844
57.062625885009766
71.87644958496094
30.224740982055664
47.44835662841797
41.94697189331055
22.259050369262695
17.850379943847656
34.27846908569336
40.120235443115234
36.59745407104492
67.54080963134766
24.760276794433594
38.04658889770508
70.11351013183594
36.9235954284668
24.44484519958496
12.913814544677734
38.62361145019531
34.96369934082031
45.913536071777344
43.698448181152344
31.114845275878906
40.56251907348633
37.51172637939453
41.210262298583984
10.976761817932129
43.73829650878906
36.95954895019531
29.17947769165039
29.127538681030273
41.369606018066406
24.75852394104004
40.16114044189453
41.9270133972168
38.05448532104492
28.819520950317383
47.288570404052734
59.50315475463867
34.666015625
29.44222640991211
46.51446533203125
31.66168785095215
53.70786666870117
31.357940673828125
36.90299987792969
59.164669036865234
40.8027458190918
36.771331787109375
69.8121337890625
21.49700355529785
23.39906120300293
21.278696060180664
42.0564079284668
58.291038513183594
43.0904426574707
14.37783432006836
15.507893562316895
22.806318283081055
41.02627944946289
62.812259674072266
29.33207893371582
48.67609405517578
47.079673767089844
30.145410537719727
26.213645935058594
45.2202033996582
34.516334533691406
43.97772216796875
26.29524040222168
47.394710540771484
25.653545379638672
29.155029296875
48.95291519165039
52.58053207397461
38.7403450012207
25.294050216674805
43.530826568603516
28.42087173461914
57.82012939453125
48.13882064819336
30.322689056396484
45.816917419433594
56.81163024902344
20.21473503112793
39.68820571899414
31.063884735107422
34.9179801940918
25.640722274780273
40.49169921875
53.90494918823242
55.342899322509766
27.59168815612793
43.656288146972656
10.852638244628906
50.30111312866211
40.358985900878906
29.151676177978516
47.458839416503906
32.81676483154297
46.96013259887695
44.66701889038086
29.829978942871094
25.034996032714844
35.10514831542969
57.018795013427734
17.18085289001465
52.61538314819336
31.84086036682129
26.52303123474121
36.21114730834961
29.608661651611328
28.06649398803711
38.95948791503906
27.211137771606445
7.217331409454346
38.95383071899414
48.40950012207031
13.62519359588623
52.37138748168945
42.915096282958984
32.300086975097656
15.677775382995605
44.39524841308594
31.071792602539062
22.967849731445312
35.92863464355469
45.74428939819336
26.545564651489258
49.96102523803711
57.042236328125
16.558006286621094
27.474668502807617
45.192413330078125
75.64305114746094
28.517011642456055
22.968753814697266
32.180274963378906
52.86534118652344
19.27785301208496
36.21912384033203
26.78380584716797
64.02691650390625
29.971874237060547
57.34823226928711
23.6289119720459
48.55586624145508
43.040313720703125
20.368976593017578
35.40901565551758
42.87608337402344
50.998382568359375
35.725486755371094
50.07254409790039
18.19203758239746
34.7667350769043
40.16135787963867
31.715505599975586
36.674442291259766
32.72560501098633
73.53128814697266
55.2646369934082
40.800846099853516
34.83679962158203
53.898067474365234
30.04054832458496
41.430908203125
42.56513214111328
46.49916458129883
32.99264144897461
12.44453239440918
38.33396530151367
48.9677848815918
47.9467658996582
50.251041412353516
24.228322982788086
50.94858932495117
50.72513198852539
20.14617156982422
32.409751892089844
68.35477447509766
27.4986572265625
37.438690185546875
41.03941345214844
17.598072052001953
18.276561737060547
48.127845764160156
61.14218521118164
28.117656707763672
21.033464431762695
31.228715896606445
40.61014938354492
24.582744598388672
33.947261810302734
51.83332824707031
21.685150146484375
16.50507164001465
62.27312469482422
65.29029846191406
36.965702056884766
40.40768051147461
70.42194366455078
51.3450927734375
24.282556533813477
11.61467170715332
24.695913314819336
66.30542755126953
9.158110618591309
51.126888275146484
31.02886962890625
78.84339141845703
55.23579406738281
21.76101303100586
36.10402297973633
53.79435729980469
41.04863357543945
39.38578796386719
59.02769088745117
28.83380699157715
40.86275100708008
57.65040588378906
44.62714767456055
29.132671356201172
23.25257110595703
45.50985336303711
34.744754791259766
49.2410774230957
46.41268539428711
37.58656692504883
54.40518569946289
19.408889770507812
45.71764373779297
40.93315124511719
25.654348373413086
13.026694297790527
24.794849395751953
60.01372146606445
49.321075439453125
31.562286376953125
36.64084243774414
28.977968215942383
54.3395881652832
28.944583892822266
29.456256866455078
42.129356384277344
52.153465270996094
46.195987701416016
28.813138961791992
29.284624099731445
54.692176818847656
13.526850700378418
29.666728973388672
41.63776397705078
33.82965850830078
50.69333267211914
25.926776885986328
47.02617645263672
27.257795333862305
29.169645309448242
73.1651611328125
27.86019515991211
47.43264389038086
26.314136505126953
25.778812408447266
48.95298385620117
49.039119720458984
62.683902740478516
45.95695877075195
41.82176208496094
49.960941314697266
46.00776672363281
40.09926986694336
40.696319580078125
44.47350311279297
19.475162506103516
24.940471649169922
36.62277603149414
45.003074645996094
49.80115509033203
49.03175354003906
40.46932601928711
37.53504180908203
37.86902618408203
43.03268814086914
25.07097053527832
40.753196716308594
28.360931396484375
23.183557510375977
31.392396926879883
32.456607818603516
63.600765228271484
68.74417877197266
39.90958786010742
35.08930587768555
29.257944107055664
36.8213005065918
39.941429138183594
46.49739456176758
30.853036880493164
36.06708908081055
20.703800201416016
55.570621490478516
10.361605644226074
34.94614028930664
41.15791320800781
20.74728775024414
61.04952621459961
38.435630798339844
26.982574462890625
35.959754943847656
49.02712631225586
41.3710823059082
41.26157760620117
51.49537658691406
5.3990092277526855
43.62867736816406
43.21741485595703
47.353248596191406
58.26932907104492
30.101058959960938
23.186771392822266
52.097862243652344
50.064144134521484
40.65839767456055
46.189666748046875
49.10493469238281
40.30857467651367
35.15797805786133
32.546695709228516
41.295291900634766
41.559940338134766
31.148345947265625
29.46835708618164
31.780595779418945
68.90194702148438
29.239063262939453
24.011510848999023
24.27806854248047
77.69142150878906
48.383811950683594
41.58710861206055
50.70412063598633
43.97119140625
47.17628860473633
28.19476318359375
35.44024658203125
62.68487548828125
50.27904510498047
26.4067325592041
45.86027908325195
62.37088394165039
25.944250106811523
34.74505615234375
51.44806671142578
37.967838287353516
37.4684944152832
17.253522872924805
50.42428207397461
50.05344772338867
30.72441291809082
33.03054428100586
35.95581817626953
30.659408569335938
44.741180419921875
38.15668869018555
52.16559982299805
68.14878845214844
37.036800384521484
53.72428894042969
75.86553955078125
33.924625396728516
39.326969146728516
27.103248596191406
29.377187728881836
47.38157653808594
25.396240234375
65.99170684814453
39.131141662597656
39.85012435913086
85.55362701416016
44.58935546875
24.409753799438477
45.44781494140625
23.959205627441406
48.93015670776367
31.145225524902344
10.857880592346191
44.994422912597656
34.92357635498047
9.18654727935791
41.58319091796875
32.55476760864258
28.616050720214844
23.30103874206543
42.0068244934082
21.51336669921875
34.18470764160156
36.96025466918945
45.42888259887695
36.57221603393555
34.68195343017578
39.997615814208984
15.65408706665039
55.289981842041016
38.340362548828125
14.523482322692871
28.59109115600586
8.594987869262695
31.56507110595703
38.02152633666992
35.40346908569336
40.94169998168945
25.98722267150879
28.525632858276367
65.79084777832031
36.84907150268555
61.39697265625
41.404239654541016
39.07847213745117
53.62858200073242
53.52580642700195
51.74211502075195
27.134958267211914
36.58997344970703
34.62620544433594
29.439496994018555
50.288238525390625
27.072534561157227
26.332839965820312
50.95012283325195
43.97645568847656
30.645057678222656
35.20413589477539
35.715843200683594
26.39710235595703
26.38667869567871
29.70450210571289
17.29340171813965
48.84640884399414
23.564273834228516
53.16810607910156
48.60481643676758
41.218387603759766
54.210693359375
50.60615158081055
46.881595611572266
40.4998779296875
42.177913665771484
76.21609497070312
38.07022476196289
61.01082229614258
42.00901412963867
57.5360221862793
27.091768264770508
26.72012710571289
43.44989776611328
28.04351043701172
65.02501678466797
68.71664428710938
14.528827667236328
68.47547149658203
28.946796417236328
14.707193374633789
41.02540588378906
28.95401954650879
43.82609558105469
46.882259368896484
62.18678283691406
21.534282684326172
33.50241470336914
59.79935073852539
41.63264465332031
12.797211647033691
19.877309799194336
25.781843185424805
53.366477966308594
72.8875961303711
28.722509384155273
28.064468383789062
53.9412841796875
31.360170364379883
46.26395797729492
41.36741256713867
40.13120651245117
28.821889877319336
20.780759811401367
43.08360290527344
40.73554229736328
35.012794494628906
49.14200210571289
48.040306091308594
40.88975143432617
26.41610336303711
36.86826705932617
24.937562942504883
53.93836212158203
45.66099548339844
41.88547897338867
43.41151809692383
54.451683044433594
31.950481414794922
51.36693572998047
57.925926208496094
29.8633975982666
20.300256729125977
17.084184646606445
62.95756149291992
17.654155731201172
32.66083908081055
37.36979293823242
29.20207977294922
34.023338317871094
41.894554138183594
67.49485778808594
40.282257080078125
49.69205856323242
26.68999481201172
28.334075927734375
33.56721115112305
49.63390350341797
39.30683517456055
15.279390335083008
44.75788497924805
60.223087310791016
35.679283142089844
47.737300872802734
42.262550354003906
26.314905166625977
30.81617546081543
40.44068908691406
35.325321197509766
57.24184036254883
33.903167724609375
38.04924774169922
36.83880615234375
60.2358283996582
40.34336471557617
21.949161529541016
27.30862808227539
28.98746681213379
27.164697647094727
41.310569763183594
56.75175094604492
39.83713150024414
37.7981071472168
38.3335075378418
33.97967529296875
21.699478149414062
23.34479522705078
38.503013610839844
44.93410873413086
28.981246948242188
16.565547943115234
37.61271667480469
38.019737243652344
37.359806060791016
29.755569458007812
47.79996871948242
25.68520164489746
25.140913009643555
62.250328063964844
40.64117431640625
32.8858757019043
24.15085792541504
33.14718246459961
40.216983795166016
33.926368713378906
48.93516159057617
40.47225570678711
54.18118667602539
27.645307540893555
54.181480407714844
25.766008377075195
40.335391998291016
55.23097229003906
39.09524917602539
20.224803924560547
23.170442581176758
27.07872772216797
20.02638816833496
47.7924919128418
57.887840270996094
41.26118850708008
45.087684631347656
23.638086318969727
21.754680633544922
19.974157333374023
33.04169464111328
28.796125411987305
27.764537811279297
42.93695068359375
44.18024826049805
40.60471725463867
37.49727249145508
35.385643005371094
49.11921310424805
47.171043395996094
22.190149307250977
19.599210739135742
32.92247009277344
58.85700607299805
32.47313690185547
59.143280029296875
39.64427947998047
42.19652557373047
39.66950607299805
46.79249572753906
38.34454345703125
55.092411041259766
41.953208923339844
68.8762435913086
56.28582763671875
33.661739349365234
43.19780349731445
26.409305572509766
80.90685272216797
30.631444931030273
8.055780410766602
35.332462310791016
32.557003021240234
20.052383422851562
47.97555923461914
80.40018463134766
44.97507095336914
44.45732879638672
36.60602569580078
58.19731140136719
23.737852096557617
52.73476791381836
31.82073974609375
46.707576751708984
40.14213943481445
31.759353637695312
42.32390213012695
80.13878631591797
32.87504959106445
60.0511360168457
40.04717254638672
32.37905502319336
39.41572189331055
47.7617073059082
39.045955657958984
36.963382720947266
67.79060363769531
43.1475944519043
37.2669677734375
55.53232192993164
46.29801940917969
42.23479461669922
45.56199645996094
44.773494720458984
36.286888122558594
51.780094146728516
37.932334899902344
35.3764533996582
47.71815490722656
51.135311126708984
36.978965759277344
41.201934814453125
21.809459686279297
56.68508529663086
27.001583099365234
47.484378814697266
54.695350646972656
39.67927932739258
40.734642028808594
29.222576141357422
17.210174560546875
30.966917037963867
41.5157585144043
18.793275833129883
20.157529830932617
17.183380126953125
51.785003662109375
13.607791900634766
74.040771484375
44.61834716796875
28.306699752807617
30.427167892456055
46.231876373291016
49.09028625488281
46.78562545776367
26.822050094604492
18.839826583862305
51.35523223876953
42.889095306396484
46.21841049194336
45.75505447387695
49.95655059814453
28.394636154174805
14.934590339660645
34.777679443359375
22.222625732421875
48.09940719604492
18.08739471435547
44.412872314453125
69.20252227783203
22.442623138427734
30.159645080566406
36.97895050048828
16.977909088134766
24.107221603393555
50.21102523803711
44.810062408447266
60.215736389160156
60.12949752807617
31.15065574645996
32.04427719116211
27.429128646850586
59.982635498046875
36.49566650390625
65.05879974365234
17.20393180847168
22.338939666748047
32.996124267578125
18.69832992553711
73.10905456542969
55.596946716308594
48.90155792236328
58.0666618347168
43.23659133911133
40.363800048828125
32.50837326049805
48.36579132080078
61.86137390136719
51.112022399902344
45.83338165283203
17.797000885009766
41.96026611328125
42.2313232421875
57.57184600830078
40.678810119628906
40.653751373291016
47.082923889160156
37.47931671142578
75.79695892333984
10.410260200500488
59.54281234741211
59.71004104614258
54.84432601928711
41.30874252319336
29.69478988647461
45.6136589050293
48.09015655517578
39.835296630859375
52.11201858520508
33.20248031616211
21.01546859741211
47.189117431640625
24.270639419555664
20.303485870361328
42.174224853515625
41.42356872558594
17.88666534423828
58.42208480834961
55.63552474975586
46.3605842590332
42.24397659301758
23.681447982788086
58.05946350097656
47.84635925292969
20.055444717407227
53.747928619384766
36.155521392822266
46.30879211425781
53.20798873901367
10.470855712890625
63.70774459838867
23.577360153198242
25.07063865661621
38.49787139892578
49.31251525878906
23.77846908569336
29.942197799682617
56.067691802978516
48.467166900634766
48.411190032958984
39.27531814575195
36.75417709350586
42.55748748779297
42.13581085205078
33.12013244628906
41.92558670043945
51.58452224731445
44.917964935302734
28.425458908081055
25.743507385253906
27.168712615966797
44.631587982177734
26.190237045288086
45.8656120300293
45.56041717529297
48.119110107421875
61.79107666015625
60.03398513793945
41.872684478759766
43.385860443115234
62.48310852050781
47.804386138916016
18.32695770263672
41.276527404785156
50.63812255859375
23.752790451049805
58.78605651855469
40.426490783691406
65.23954010009766
43.85294723510742
49.1529426574707
45.92420196533203
19.339462280273438
34.006710052490234
38.97415542602539
25.06041145324707
21.196653366088867
45.43770980834961
26.065223693847656
45.840972900390625
45.5771369934082
34.83108139038086
26.471553802490234
58.627532958984375
61.05855178833008
58.49881362915039
22.799835205078125
41.85503005981445
28.213741302490234
26.604522705078125
10.983620643615723
47.69499969482422
42.52849197387695
36.65948486328125
26.657371520996094
62.40157699584961
42.0946044921875
17.891490936279297
66.65277099609375
58.497127532958984
20.297138214111328
41.90211486816406
42.725337982177734
50.26189422607422
39.171104431152344
44.848419189453125
42.01493835449219
61.5570068359375
16.5013427734375
44.82375717163086
18.006938934326172
32.83082580566406
50.271671295166016
80.4924087524414
23.13429832458496
52.711151123046875
24.903106689453125
37.11076736450195
29.1280460357666
44.59422302246094
42.24137496948242
48.64592742919922
50.66304016113281
43.235206604003906
38.35102081298828
45.73370361328125
37.085174560546875
19.041908264160156
30.132917404174805
29.730928421020508
48.117897033691406
15.074052810668945
53.900901794433594
60.02558898925781
42.86506271362305
66.98623657226562
39.49677276611328
35.62909698486328
57.45125198364258
28.426128387451172
24.922992706298828
39.6375732421875
7.471628665924072
31.565759658813477
64.68370819091797
26.107954025268555
37.67302322387695
27.391433715820312
41.652549743652344
42.174259185791016
49.79474639892578
35.7768440246582
38.159080505371094
29.07588768005371
58.40851974487305
40.228721618652344
38.80314254760742
21.34281349182129
41.915855407714844
63.839054107666016
49.39683151245117
29.027742385864258
49.389713287353516
64.9640121459961
73.30499267578125
45.490718841552734
31.283727645874023
29.288860321044922
38.034759521484375
25.609020233154297
27.13759422302246
48.98706817626953
27.837617874145508
57.237422943115234
43.557960510253906
15.12421703338623
50.00033950805664
38.00096893310547
48.34297561645508
29.135663986206055
62.26797866821289
59.71062088012695
57.112545013427734
14.123698234558105
33.268131256103516
32.33589553833008
33.375675201416016
40.983577728271484
22.070070266723633
23.62075424194336
21.463478088378906
63.398807525634766
28.643924713134766
47.71376037597656
23.858402252197266
54.3690299987793
39.02238082885742
53.77616500854492
34.051055908203125
54.648216247558594
49.31394958496094
49.44776916503906
29.920589447021484
33.800846099853516
68.9403076171875
30.323091506958008
38.221187591552734
39.28662109375
50.2095947265625
29.543359756469727
48.27632141113281
32.581024169921875
38.23252487182617
56.377845764160156
13.439323425292969
26.231689453125
24.962661743164062
27.97031593322754
53.704769134521484
16.31243133544922
49.220802307128906
43.87830352783203
26.932964324951172
39.47942352294922
43.31494140625
50.43867111206055
51.08966064453125
34.6165657043457
61.784751892089844
53.810691833496094
55.29630661010742
53.45899963378906
45.02468490600586
41.00522994995117
46.15361404418945
23.22052764892578
18.809926986694336
44.185272216796875
27.80402374267578
37.83523178100586
49.79896545410156
45.78801345825195
50.31867218017578
31.598615646362305
37.661380767822266
45.1040153503418
29.155702590942383
25.065885543823242
48.13448715209961
52.76883316040039
47.863037109375
21.666934967041016
51.13452911376953
37.90840148925781
75.06946563720703
6.980400562286377
48.28518295288086
49.12823486328125
38.181793212890625
19.097501754760742
10.545899391174316
30.491291046142578
41.2205924987793
22.045862197875977
29.838329315185547
32.73331069946289
19.553157806396484
31.53885841369629
38.178314208984375
30.454389572143555
51.2655143737793
33.980133056640625
50.55964660644531
35.43447494506836
38.499202728271484
42.030113220214844
36.07185363769531
38.242584228515625
39.21949005126953
46.33427810668945
33.06967544555664
47.263980865478516
55.85911178588867
36.65605163574219
27.682579040527344
51.03602600097656
58.83835983276367
49.48994064331055
41.37913513183594
55.54765319824219
13.609674453735352
61.89601135253906
58.37582015991211
29.933752059936523
44.97141647338867
52.56403350830078
50.69145965576172
19.3527774810791
32.75839614868164
30.486164093017578
68.41900634765625
63.625240325927734
49.25421142578125
27.731678009033203
42.673126220703125
72.44483184814453
20.64677619934082
38.71978759765625
37.8551025390625
56.92626953125
32.34412384033203
35.1351432800293
25.15412139892578
22.765235900878906
20.961483001708984
28.406587600708008
32.42870330810547
49.94376754760742
62.61210632324219
53.845218658447266
55.01323318481445
44.92271041870117
25.00482940673828
26.99646759033203
45.553077697753906
30.5611572265625
24.717817306518555
84.1615982055664
36.2717399597168
46.54739761352539
42.62540817260742
8.603641510009766
32.61547088623047
54.365440368652344
30.658111572265625
44.3192024230957
62.50324249267578
33.43730545043945
46.05133056640625
33.46397018432617
48.28288650512695
44.25343704223633
62.820396423339844
37.584590911865234
16.122974395751953
31.17412567138672
37.55785369873047
39.52571105957031
33.68681716918945
28.668617248535156
47.14470291137695
19.935354232788086
52.80693054199219
63.480220794677734
44.98503494262695
56.954063415527344
27.260013580322266
27.403106689453125
35.446388244628906
32.43464660644531
47.60912322998047
15.137717247009277
13.500264167785645
47.018333435058594
45.54511260986328
26.12548828125
41.01313781738281
49.17423629760742
29.763986587524414
29.6759090423584
24.79776382446289
63.99203109741211
55.05527114868164
54.59589767456055
43.289031982421875
59.618202209472656
43.87833786010742
35.10523986816406
38.98130416870117
57.1475830078125
45.2004280090332
23.998905181884766
32.78800964355469
76.60057830810547
48.0334358215332
38.00949478149414
64.6007308959961
27.4039249420166
62.875389099121094
50.49592971801758
25.823318481445312
32.02432632446289
46.17014694213867
54.51463317871094
56.83349609375
26.14803695678711
59.49589920043945
21.488483428955078
13.785676002502441
33.26459884643555
35.30930709838867
49.820526123046875
55.80924987792969
20.77495574951172
47.671730041503906
54.82230758666992
42.99819564819336
23.24074363708496
37.91056823730469
52.029518127441406
37.76241683959961
16.816503524780273
23.1196346282959
39.77427673339844
44.92009353637695
44.021217346191406
54.78517150878906
86.22329711914062
17.701587677001953
20.50464630126953
36.714698791503906
74.7566909790039
15.931976318359375
44.66706848144531
46.89143371582031
35.525062561035156
40.3444938659668
47.958621978759766
21.001623153686523
36.869911193847656
39.33228302001953
54.26885986328125
43.202640533447266
42.26926040649414
31.676502227783203
39.51102066040039
41.81097412109375
37.28596496582031
55.62005615234375
13.039584159851074
28.575477600097656
12.555891036987305
35.144344329833984
51.50425338745117
61.8178825378418
36.01702880859375
11.99384880065918
34.313255310058594
27.92091941833496
42.64961242675781
24.039142608642578
46.24524688720703
20.77610206604004
45.37120819091797
37.576412200927734
40.03734588623047
34.89894485473633
47.411163330078125
35.556541442871094
44.63959884643555
39.411312103271484
34.606327056884766
23.00067710876465
20.187284469604492
36.989200592041016
37.01192855834961
41.64902877807617
36.69968795776367
53.25749206542969
32.4538459777832
21.60597038269043
38.82554244995117
26.192302703857422
37.18708038330078
54.41268539428711
46.80652618408203
35.72211456298828
34.87065887451172
64.70309448242188
65.08501434326172
58.575496673583984
17.62822914123535
42.416229248046875
25.472963333129883
39.18334197998047
26.695268630981445
56.0042724609375
16.54242706298828
50.78715896606445
26.7286319732666
29.2636661529541
30.952356338500977
53.40523147583008
35.1492919921875
57.50502395629883
33.06657028198242
49.80995559692383
69.2480697631836
43.008514404296875
34.935646057128906
34.32097244262695
52.09005355834961
21.540836334228516
32.79167556762695
42.81502151489258
59.56730270385742
13.204933166503906
48.32536697387695
39.875911712646484
28.445247650146484
34.85811996459961
53.940895080566406
31.382137298583984
39.10332489013672
44.63800811767578
56.34539794921875
42.0297966003418
48.290771484375
45.70094299316406
40.70469665527344
29.839811325073242
54.3776969909668
55.67790222167969
40.39916229248047
24.77690315246582
39.5665283203125
21.80712890625
32.04294967651367
43.69365692138672
31.213306427001953
52.79090881347656
49.80470657348633
46.54480743408203
32.68082046508789
47.70981979370117
34.433780670166016
24.34354019165039
36.02653121948242
23.117109298706055
45.03486633300781
49.26822280883789
39.084571838378906
13.792571067810059
27.827348709106445
20.672536849975586
59.389583587646484
28.157899856567383
50.18021011352539
34.07466506958008
32.093528747558594
37.4554443359375
16.69870376586914
22.413043975830078
19.958881378173828
42.1724853515625
28.561370849609375
65.16236877441406
45.50090026855469
39.27101516723633
32.90562438964844
36.76994323730469
48.490875244140625
27.527294158935547
39.11964416503906
59.179931640625
44.996803283691406
18.642513275146484
41.915733337402344
33.39093017578125
48.93258285522461
32.130531311035156
31.002025604248047
10.456964492797852
66.80963897705078
16.133031845092773
26.786800384521484
74.37557983398438
58.931556701660156
45.534427642822266
67.21817779541016
20.28841781616211
67.98251342773438
35.82295227050781
48.26655960083008
34.39788818359375
58.648902893066406
34.28375244140625
47.95085144042969
32.43731689453125
17.37601661682129
38.44965362548828
37.77809524536133
36.69073486328125
46.28423309326172
25.50751495361328
35.72877883911133
52.19997024536133
44.993492126464844
26.632535934448242
22.703584671020508
16.918949127197266
25.396133422851562
80.91938018798828
40.56947708129883
53.95368194580078
61.620445251464844
44.179664611816406
38.1265754699707
39.37757110595703
45.055545806884766
50.43289566040039
49.380558013916016
29.795249938964844
54.10728454589844
47.14173126220703
55.20098114013672
35.65601348876953
64.48403930664062
39.440704345703125
27.44149398803711
47.54132843017578
62.5308723449707
34.714176177978516
61.664100646972656
65.22998809814453
34.589561462402344
27.988527297973633
50.32570266723633
55.26908874511719
44.6760368347168
35.97722244262695
81.55580139160156
43.089263916015625
31.623695373535156
51.195655822753906
30.845165252685547
27.970510482788086
41.75126647949219
15.151198387145996
60.25297546386719
45.528846740722656
44.66457748413086
40.984779357910156
23.122417449951172
29.33247184753418
49.218379974365234
29.913829803466797
20.849977493286133
64.86933898925781
74.72757720947266
18.974281311035156
28.09132194519043
27.53488540649414
34.66064453125
41.19098663330078
22.137388229370117
68.1347885131836
28.32711410522461
45.57346725463867
26.75861930847168
27.235017776489258
52.78807067871094
26.944974899291992
62.67845153808594
27.19597053527832
38.75973892211914
32.132957458496094
47.44606399536133
44.028072357177734
41.06223678588867
30.936588287353516
15.626693725585938
20.132875442504883
31.513912200927734
48.72596740722656
59.11517333984375
20.18304443359375
45.144004821777344
63.86168670654297
59.557552337646484
56.006507873535156
37.79868698120117
62.0416259765625
20.333698272705078
38.0692253112793
53.34353256225586
31.296268463134766
30.9969425201416
37.95280838012695
28.599166870117188
38.93159484863281
61.91664123535156
47.90498733520508
30.341524124145508
56.63398361206055
61.91921615600586
60.53251647949219
54.25739669799805
28.43022918701172
38.30002212524414
60.697444915771484
53.655921936035156
31.334962844848633
16.280351638793945
16.700260162353516
38.15681076049805
65.60565185546875
31.658519744873047
30.817787170410156
34.16377258300781
38.954715728759766
23.757978439331055
41.37102508544922
33.40104293823242
43.796451568603516
36.25298309326172
28.368244171142578
50.266929626464844
45.2291259765625
48.16196823120117
56.555419921875
57.549983978271484
46.8340950012207
64.49203491210938
60.82577133178711
30.762855529785156
31.580219268798828
66.05165100097656
38.16930389404297
29.78175926208496
25.863698959350586
36.22634506225586
30.47623634338379
53.53305435180664
23.188251495361328
41.299922943115234
35.14815902709961
51.68816375732422
19.62128448486328
42.1757698059082
39.54448699951172
48.653404235839844
61.445091247558594
21.612220764160156
32.26742935180664
31.152442932128906
24.432220458984375
27.621978759765625
59.82225799560547
59.876041412353516
26.412921905517578
56.802982330322266
24.27366065979004
70.21332550048828
46.406471252441406
30.934932708740234
34.15581512451172
30.788976669311523
50.140846252441406
50.06205749511719
47.63507080078125
44.68763732910156
37.81044387817383
24.628036499023438
45.05281448364258
38.96441650390625
35.32415008544922
38.90446853637695
43.69821548461914
44.97194290161133
20.930374145507812
51.98875427246094
18.161989212036133
51.6002082824707
69.02372741699219
39.012969970703125
37.93204116821289
46.91126251220703
15.069270133972168
30.16836166381836
38.01271438598633
38.13600158691406
43.012752532958984
47.215782165527344
57.7202033996582
37.118106842041016
27.15771484375
36.40035629272461
41.89833450317383
39.52827453613281
56.34788131713867
74.04730987548828
25.575536727905273
27.247299194335938
22.671751022338867
23.159029006958008
34.9341926574707
57.81644058227539
37.27996063232422
63.92742919921875
58.5128288269043
31.822120666503906
43.629390716552734
34.09392547607422
23.355785369873047
40.06201171875
33.364959716796875
49.61353302001953
42.39493942260742
38.891510009765625
28.87583351135254
33.173057556152344
54.328792572021484
26.22121810913086
28.086835861206055
21.916603088378906
24.574228286743164
40.125885009765625
67.57038879394531
57.59290313720703
24.580717086791992
34.53364181518555
36.836463928222656
58.77091598510742
31.93729019165039
29.14750099182129
51.83216857910156
44.7466926574707
40.803043365478516
36.25917434692383
38.91017532348633
33.32933044433594
39.285552978515625
35.29670715332031
34.1714973449707
48.398983001708984
39.217193603515625
46.19581985473633
26.67597007751465
7.626926422119141
65.06896209716797
26.328765869140625
44.03964614868164
37.70742416381836
55.71143341064453
25.5472412109375
35.92978286743164
44.16761779785156
52.93537902832031
46.09764099121094
25.734268188476562
26.6060848236084
70.99745178222656
53.909996032714844
51.497928619384766
45.20735549926758
36.805458068847656
59.17818069458008
34.414695739746094
51.6355094909668
16.327219009399414
41.1152229309082
28.633310317993164
46.116050720214844
31.13076400756836
53.08925247192383
42.72266387939453
48.27047348022461
30.114391326904297
37.42681884765625
28.36990737915039
53.306358337402344
40.5432014465332
45.4598274230957
45.712738037109375
38.31297302246094
54.1796989440918
19.458425521850586
29.049976348876953
45.68982696533203
68.8386459350586
31.755599975585938
38.90180587768555
54.89752197265625
26.471832275390625
37.700050354003906
25.814367294311523
10.177423477172852
43.19507598876953
42.14744186401367
25.260557174682617
26.194303512573242
33.164981842041016
37.541297912597656
42.6423454284668
19.435009002685547
33.09148406982422
60.433143615722656
41.270538330078125
41.787208557128906
40.771034240722656
20.34955596923828
47.54790115356445
29.488069534301758
30.507490158081055
55.919185638427734
46.23670196533203
19.20408058166504
29.85425567626953
33.86644744873047
69.32037353515625
50.142738342285156
66.97931671142578
28.956125259399414
38.19778060913086
23.768362045288086
21.292884826660156
42.02614974975586
47.724510192871094
46.12786102294922
33.08803176879883
27.156936645507812
31.033323287963867
46.01925277709961
53.994407653808594
56.3646240234375
39.8587532043457
49.20968246459961
53.386539459228516
60.97858810424805
31.748247146606445
33.044002532958984
44.330562591552734
73.25643157958984
39.70855712890625
31.78518295288086
52.686153411865234
66.8074722290039
48.318302154541016
48.96274185180664
48.103248596191406
62.27914810180664
49.65276336669922
28.872678756713867
71.12626647949219
12.865005493164062
40.15426254272461
65.48454284667969
29.89020538330078
36.34027099609375
21.97185516357422
51.0133171081543
48.761802673339844
58.18391036987305
28.582477569580078
48.936058044433594
57.97386932373047
27.645526885986328
52.32680892944336
69.16944885253906
42.709434509277344
47.02105712890625
30.052379608154297
29.434749603271484
60.045921325683594
49.127559661865234
24.64349937438965
42.61854553222656
51.36037826538086
42.414852142333984
38.14006805419922
28.33528709411621
13.517661094665527
23.714468002319336
37.566986083984375
26.553491592407227
47.80662155151367
29.62209701538086
39.514896392822266
65.84657287597656
37.17717361450195
27.06427001953125
39.51589584350586
40.75068664550781
50.26813507080078
30.477771759033203
35.51837158203125
37.9734992980957
58.88874053955078
36.526641845703125
20.496227264404297
25.996145248413086
29.13626480102539
45.087162017822266
56.468414306640625
34.24078369140625
47.897003173828125
52.84661865234375
39.82423400878906
25.280517578125
23.579221725463867
45.498504638671875
37.54722595214844
59.939361572265625
31.366334915161133
61.32642364501953
42.648841857910156
39.54802703857422
47.961177825927734
60.69559860229492
23.57106590270996
73.46299743652344
8.353780746459961
42.8117790222168
25.355358123779297
38.0739860534668
64.41059112548828
69.98661041259766
26.068506240844727
59.28367614746094
31.4222412109375
38.282047271728516
38.88077926635742
55.79636764526367
32.24831771850586
34.654151916503906
57.56867218017578
43.73704147338867
28.79118537902832
37.602901458740234
32.010257720947266
61.10804748535156
30.67449188232422
38.29576873779297
48.27391815185547
46.52070999145508
28.95497703552246
69.2998275756836
16.335588455200195
54.77189254760742
16.439167022705078
36.28794860839844
20.422489166259766
60.479469299316406
54.17253875732422
39.70426559448242
36.08094787597656
31.87286949157715
34.42075729370117
42.78327178955078
47.45668029785156
34.440635681152344
53.16352462768555
42.358642578125
29.273927688598633
36.76953125
35.546016693115234
35.435359954833984
32.81088638305664
37.7253532409668
26.097640991210938
67.40901184082031
18.724660873413086
61.46980667114258
2.647887706756592
36.62529373168945
55.25542068481445
31.46519660949707
43.972991943359375
48.26130676269531
31.081947326660156
13.442172050476074
31.631689071655273
24.47928237915039
38.75392150878906
18.037694931030273
18.367305755615234
45.71282196044922
34.813175201416016
20.920394897460938
37.81578826904297
44.53107452392578
23.257099151611328
67.58277130126953
32.066131591796875
44.47616195678711
36.527488708496094
28.272193908691406
44.99202346801758
46.843414306640625
36.5738410949707
35.01407241821289
21.904144287109375
85.36965942382812
62.3875732421875
67.56615447998047
22.95421028137207
45.372413635253906
62.750545501708984
33.31625747680664
61.598297119140625
38.51502227783203
64.0833969116211
67.98828887939453
32.861351013183594
27.717252731323242
37.633914947509766
55.430938720703125
32.39724349975586
40.201072692871094
38.01682662963867
63.184810638427734
54.602142333984375
39.07477569580078
52.15851974487305
29.27193832397461
38.34592056274414
61.27263259887695
25.004926681518555
36.044490814208984
56.39834976196289
38.923377990722656
28.244468688964844
12.756119728088379
53.2718620300293
71.182861328125
63.594486236572266
47.68152618408203
45.60357666015625
63.83868408203125
43.115699768066406
45.018890380859375
30.934635162353516
42.30889892578125
61.23178482055664
40.595237731933594
46.872215270996094
17.428241729736328
41.591278076171875
26.932952880859375
48.49252700805664
39.49131774902344
24.043682098388672
34.322784423828125
40.044132232666016
20.44814682006836
68.5975570678711
81.16827392578125
19.86936378479004
25.84891700744629
70.66092681884766
61.38089370727539
33.17527389526367
45.71867752075195
66.6087875366211
42.198875427246094
36.886260986328125
46.75893020629883
61.00421905517578
58.93686294555664
67.60429382324219
46.735618591308594
42.66259002685547
66.22534942626953
28.133394241333008
34.89241409301758
39.87318420410156
48.05312728881836
25.444684982299805
26.69063377380371
45.48164367675781
53.85826873779297
18.74941062927246
46.95195770263672
61.767616271972656
42.0185661315918
48.20276641845703
35.99577713012695
42.974021911621094
50.14852523803711
22.784128189086914
16.156240463256836
