24.28624725341797
39.243896484375
21.41999053955078
44.851844787597656
32.47838592529297
44.360782623291016
29.995275497436523
20.394073486328125
29.71925163269043
18.267070770263672
28.14691734313965
28.788341522216797
28.706449508666992
32.241859436035156
41.56380844116211
49.878135681152344
39.80060958862305
44.58699035644531
36.669960021972656
37.635074615478516
34.402767181396484
17.560213088989258
45.1161994934082
45.559295654296875
19.830163955688477
15.349246978759766
36.58604049682617
36.205810546875
28.780336380004883
42.32912063598633
28.85152816772461
38.070404052734375
36.1446647644043
37.50356674194336
46.63850021362305
28.969512939453125
35.68775177001953
28.788101196289062
35.40299987792969
12.57693862915039
15.594520568847656
16.212238311767578
38.47654724121094
66.64469146728516
45.09695053100586
35.18916702270508
49.478721618652344
36.95741653442383
28.085357666015625
28.569692611694336
19.639211654663086
26.61764144897461
22.905126571655273
35.59934997558594
28.55072593688965
31.373157501220703
56.39790725708008
26.22001838684082
32.192073822021484
37.76504135131836
5.111194610595703
10.627175331115723
13.621742248535156
38.261592864990234
28.091833114624023
33.73178482055664
34.79155731201172
27.59644317626953
37.55461502075195
41.28265380859375
45.109710693359375
26.549848556518555
29.9700984954834
27.811729431152344
33.79754638671875
18.68143653869629
21.092432022094727
45.99945068359375
50.34027099609375
6.686413288116455
28.26261329650879
14.178147315979004
17.11976432800293
36.38676834106445
38.50439453125
31.332094192504883
14.287320137023926
13.234700202941895
37.00345230102539
36.529502868652344
37.4542236328125
25.62504768371582
22.1507568359375
16.285778045654297
6.207014560699463
29.819053649902344
26.762187957763672
51.631813049316406
17.7258243560791
48.82794952392578
30.430763244628906
32.8326301574707
41.877967834472656
25.04061508178711
54.597293853759766
19.62091827392578
13.84550666809082
39.99938201904297
31.582279205322266
33.500885009765625
21.993595123291016
25.375818252563477
23.662744522094727
33.1710319519043
52.7431640625
29.325366973876953
24.55695343017578
33.19206237792969
16.05373191833496
55.07003402709961
19.85409164428711
36.222110748291016
11.61120891571045
25.263612747192383
32.01759338378906
53.74042510986328
43.2245979309082
15.457660675048828
8.82347297668457
39.185359954833984
23.007564544677734
62.54079055786133
15.139082908630371
37.97723388671875
16.180326461791992
24.148653030395508
40.067806243896484
35.34843826293945
31.2266788482666
24.443357467651367
30.115148544311523
31.4464111328125
18.211605072021484
19.145742416381836
33.3039665222168
26.919301986694336
57.01066970825195
42.924922943115234
22.20810890197754
28.184717178344727
38.05332946777344
14.364351272583008
14.653338432312012
31.43895721435547
45.61644744873047
15.881080627441406
26.748157501220703
25.054283142089844
38.949317932128906
26.143903732299805
46.110958099365234
25.961345672607422
41.33141326904297
34.47148895263672
44.848052978515625
36.74811553955078
60.054779052734375
29.96342658996582
19.531827926635742
31.661788940429688
26.306068420410156
29.635820388793945
39.11861038208008
21.7691650390625
52.59196472167969
21.293920516967773
28.259546279907227
14.94796371459961
19.168981552124023
36.85093307495117
24.90614128112793
15.821754455566406
29.151025772094727
29.47211456298828
36.256103515625
17.367937088012695
39.826507568359375
44.759124755859375
13.081520080566406
17.76984214782715
20.6552734375
11.860584259033203
4.764096736907959
32.324623107910156
7.854809761047363
11.477595329284668
28.99566650390625
23.528024673461914
35.587398529052734
19.761951446533203
40.11967468261719
13.394367218017578
26.72530746459961
24.05031967163086
19.692108154296875
30.994131088256836
34.40926742553711
42.53293991088867
26.049264907836914
19.67961883544922
18.718082427978516
42.6148567199707
31.886720657348633
8.421988487243652
28.06060218811035
30.1822566986084
35.03726577758789
20.262971878051758
29.180892944335938
34.56827926635742
36.376197814941406
39.75034713745117
52.59864807128906
44.637271881103516
53.888084411621094
31.2861270904541
40.05769729614258
45.246734619140625
45.413848876953125
32.85064697265625
19.35955810546875
25.048072814941406
29.799787521362305
26.15740966796875
23.366012573242188
16.179014205932617
13.695489883422852
23.49732208251953
22.198585510253906
37.229942321777344
36.237571716308594
16.060466766357422
11.370024681091309
32.37926483154297
36.66672897338867
62.519371032714844
22.592239379882812
38.05318832397461
40.08649444580078
21.26154899597168
24.47882843017578
26.16600227355957
30.011167526245117
43.966033935546875
55.169681549072266
27.379430770874023
23.316631317138672
41.16476058959961
21.747190475463867
41.33314514160156
40.912513732910156
25.19813346862793
20.931968688964844
38.034637451171875
50.67887878417969
34.8702278137207
21.930843353271484
32.88392639160156
63.551513671875
24.42837905883789
17.8881778717041
33.30511474609375
45.191429138183594
6.1882123947143555
37.3618278503418
46.23876190185547
25.299074172973633
35.70962142944336
11.003568649291992
29.247188568115234
24.535419464111328
38.342140197753906
10.789127349853516
9.019918441772461
30.118566513061523
22.542560577392578
33.90657424926758
32.00569534301758
27.061540603637695
30.920564651489258
18.982423782348633
31.136249542236328
30.211814880371094
11.206441879272461
28.475852966308594
38.47793197631836
21.82512855529785
22.210447311401367
33.722503662109375
13.023573875427246
19.749191284179688
46.063201904296875
25.845247268676758
22.429948806762695
34.0988655090332
46.267578125
36.281742095947266
40.5876579284668
36.20100402832031
48.206451416015625
47.912086486816406
24.165224075317383
41.05487823486328
31.32965850830078
28.74939727783203
55.561275482177734
12.630078315734863
42.65044021606445
9.804715156555176
41.6275520324707
45.03592300415039
60.447940826416016
48.82072448730469
30.205991744995117
65.99925994873047
28.346956253051758
26.143596649169922
32.72007751464844
38.6988525390625
23.694299697875977
15.14393424987793
28.384811401367188
33.50455093383789
30.77598762512207
31.007755279541016
38.69187545776367
30.705923080444336
53.18900680541992
21.257444381713867
22.281837463378906
45.80192565917969
27.241064071655273
29.95522117614746
8.566507339477539
26.75569725036621
31.957529067993164
31.084487915039062
20.61931037902832
44.4452018737793
12.817826271057129
23.31804084777832
38.296546936035156
31.130268096923828
24.86450958251953
32.59946060180664
42.166236877441406
41.238868713378906
31.564546585083008
53.420719146728516
30.740833282470703
42.03049087524414
25.612363815307617
36.45163345336914
28.661062240600586
31.627544403076172
32.3115348815918
11.551427841186523
18.665199279785156
62.31850051879883
29.832677841186523
23.802600860595703
39.94560241699219
36.134735107421875
40.745052337646484
23.89883804321289
49.032020568847656
51.66407775878906
36.73003387451172
42.76757049560547
19.769725799560547
55.33070755004883
31.029653549194336
57.16877365112305
22.20494842529297
25.235078811645508
28.64162826538086
26.79248809814453
37.382938385009766
20.642871856689453
54.050106048583984
51.562713623046875
33.24711227416992
23.575891494750977
14.643789291381836
27.489761352539062
25.413143157958984
43.261348724365234
26.980871200561523
38.11653518676758
39.19575881958008
38.961517333984375
19.6805419921875
31.749889373779297
19.574045181274414
37.8629150390625
52.48724365234375
48.414329528808594
43.659080505371094
63.47199249267578
45.914085388183594
34.638980865478516
44.85934066772461
47.62037658691406
49.98569107055664
42.32756042480469
63.3718376159668
23.79189682006836
50.41030502319336
26.00429916381836
32.732154846191406
25.956758499145508
47.04926300048828
28.429426193237305
29.358186721801758
36.00273895263672
31.666772842407227
19.12374496459961
33.716453552246094
35.739097595214844
24.617713928222656
48.4444580078125
21.13172149658203
49.21488952636719
32.3729248046875
47.38682556152344
24.224517822265625
19.637226104736328
37.771759033203125
20.938528060913086
21.7581844329834
17.62946319580078
27.438936233520508
23.474048614501953
39.03124237060547
20.89436912536621
40.87663269042969
23.59990119934082
43.913299560546875
16.401874542236328
17.721538543701172
40.36305236816406
22.868453979492188
21.469331741333008
23.53981590270996
12.126053810119629
38.62584686279297
38.380001068115234
36.610801696777344
18.229476928710938
33.387184143066406
45.24034881591797
52.92980194091797
16.236631393432617
19.668079376220703
28.339866638183594
14.141785621643066
23.184812545776367
31.05779457092285
38.327476501464844
29.061752319335938
14.289145469665527
52.53728103637695
30.151582717895508
20.785125732421875
39.55707550048828
28.179731369018555
36.291934967041016
39.03623962402344
28.013141632080078
14.89578628540039
46.50413131713867
30.021270751953125
14.689245223999023
33.33839797973633
37.06197738647461
18.318681716918945
16.3970947265625
22.68851661682129
42.52635955810547
37.74016189575195
15.028077125549316
25.400848388671875
54.35259246826172
31.6028995513916
26.149545669555664
22.13509750366211
11.240321159362793
26.90919303894043
52.89237976074219
43.3298454284668
33.88527297973633
22.916770935058594
37.399662017822266
41.92673110961914
27.803361892700195
26.064952850341797
17.54327964782715
44.102134704589844
26.213497161865234
28.506301879882812
36.67179489135742
16.855968475341797
39.983951568603516
41.78736877441406
44.8900260925293
23.38092803955078
37.21516036987305
25.732582092285156
23.765426635742188
39.440242767333984
35.70026397705078
30.51258659362793
25.457477569580078
23.65380859375
50.77188491821289
29.335634231567383
34.583980560302734
51.59730529785156
36.32888412475586
28.396167755126953
33.78398895263672
34.8217887878418
45.5091552734375
37.95805358886719
49.350311279296875
45.96192932128906
11.340530395507812
55.145687103271484
35.337249755859375
51.394325256347656
34.174800872802734
45.53236389160156
24.870250701904297
45.48834228515625
29.97844123840332
25.09502410888672
35.962188720703125
27.337072372436523
42.249427795410156
39.206138610839844
49.81070327758789
32.2476806640625
55.73292922973633
12.007528305053711
25.46234893798828
38.122196197509766
37.90946578979492
11.690954208374023
29.336027145385742
32.197444915771484
37.083065032958984
63.97248077392578
40.794219970703125
38.43220520019531
19.119304656982422
54.896236419677734
34.7756462097168
41.8833122253418
17.889896392822266
28.303298950195312
39.19511413574219
32.94237518310547
34.30810546875
23.291433334350586
43.20766067504883
61.46117401123047
32.76545333862305
29.058372497558594
15.853411674499512
31.071992874145508
19.24566078186035
24.004053115844727
24.91827392578125
17.03843879699707
40.025840759277344
41.2089958190918
42.717384338378906
30.738733291625977
33.618675231933594
50.2990608215332
30.75149154663086
42.116416931152344
36.25577163696289
37.30887985229492
17.227922439575195
21.11675262451172
29.071664810180664
41.44126892089844
41.956295013427734
16.9785099029541
5.111290454864502
76.32145690917969
45.389766693115234
17.017709732055664
48.928443908691406
23.668895721435547
51.75912094116211
40.74978256225586
36.45915985107422
45.72270202636719
35.75945281982422
21.472579956054688
31.38564682006836
28.901796340942383
21.537805557250977
49.275028228759766
41.60383224487305
29.701818466186523
22.9693660736084
27.479333877563477
19.343233108520508
28.642398834228516
8.578435897827148
30.819215774536133
22.9815616607666
42.32503890991211
22.250152587890625
21.124338150024414
9.453248023986816
23.94907569885254
22.359071731567383
40.28786087036133
21.47762107849121
30.558378219604492
29.197538375854492
34.12455368041992
38.89004135131836
55.74827575683594
32.7642936706543
11.168448448181152
26.899980545043945
26.137489318847656
10.968791007995605
35.07636260986328
51.75501251220703
40.10991287231445
25.95904541015625
38.288185119628906
28.058666229248047
25.645015716552734
44.147361755371094
50.14631271362305
15.117884635925293
29.00130271911621
56.296730041503906
34.595340728759766
39.08571243286133
16.20230484008789
40.610267639160156
29.429349899291992
32.10048294067383
28.284988403320312
27.03523063659668
30.019996643066406
24.417699813842773
37.55302810668945
39.545127868652344
32.61024475097656
25.195755004882812
44.08133316040039
35.817508697509766
41.897056579589844
43.84958267211914
14.813582420349121
46.922237396240234
37.830570220947266
35.16828536987305
28.298891067504883
35.39938735961914
52.641578674316406
31.32590103149414
38.64749526977539
42.92412567138672
31.932777404785156
54.320274353027344
42.68818283081055
5.437889099121094
40.292694091796875
35.42876052856445
33.75079345703125
60.44597244262695
50.63862609863281
14.601841926574707
13.714337348937988
34.98741149902344
33.12106704711914
16.429410934448242
35.887229919433594
26.79324722290039
25.470895767211914
9.875144004821777
22.249549865722656
23.579313278198242
20.364715576171875
27.018394470214844
26.402971267700195
35.55754470825195
47.54572296142578
27.255584716796875
43.03583908081055
27.406599044799805
34.47250747680664
63.182918548583984
38.99537658691406
29.464845657348633
24.124767303466797
34.464725494384766
35.08516311645508
42.68260955810547
22.2821102142334
21.27782440185547
26.274669647216797
34.831809997558594
24.60265350341797
37.85334777832031
36.09907913208008
38.18909454345703
9.694677352905273
29.662935256958008
34.90128707885742
25.052017211914062
54.76552200317383
43.75661087036133
32.54494857788086
31.808353424072266
40.83485412597656
37.694297790527344
37.24430847167969
23.846939086914062
16.642112731933594
52.159812927246094
29.926393508911133
24.264324188232422
48.19010925292969
15.269317626953125
57.92236328125
31.859233856201172
26.464710235595703
9.803400039672852
27.337514877319336
20.999710083007812
40.02043533325195
16.58544921875
48.32374954223633
36.06132507324219
37.15076446533203
36.298240661621094
45.99705123901367
26.404754638671875
50.154930114746094
34.4246711730957
15.274947166442871
27.068157196044922
20.876131057739258
40.51746368408203
44.94185256958008
18.8944149017334
33.31306457519531
34.68764114379883
24.454208374023438
31.82386016845703
23.39569664001465
27.208810806274414
64.61265563964844
56.54500961303711
36.204010009765625
13.993278503417969
22.032604217529297
22.13372802734375
22.946271896362305
69.49468231201172
43.09365463256836
26.762388229370117
20.127952575683594
12.02380084991455
47.1195182800293
47.39822006225586
43.55817413330078
33.02031707763672
33.30856704711914
27.09803009033203
22.612010955810547
20.569244384765625
40.1485710144043
29.21993064880371
15.481498718261719
29.72362518310547
24.39337158203125
39.38657760620117
12.023890495300293
27.840656280517578
42.87236404418945
29.37770652770996
16.593101501464844
27.817724227905273
37.429290771484375
21.351032257080078
44.50907516479492
27.09786605834961
20.32126235961914
41.23722457885742
40.68714141845703
30.811670303344727
14.390666007995605
53.2764778137207
29.154130935668945
28.408899307250977
34.767459869384766
25.622648239135742
24.747432708740234
41.41751480102539
28.345048904418945
29.128023147583008
37.75763702392578
36.73671340942383
23.911436080932617
58.073402404785156
35.16666793823242
40.5583381652832
40.350162506103516
42.63209533691406
37.529483795166016
34.10733413696289
25.232614517211914
28.633989334106445
27.419771194458008
42.34082794189453
22.78620147705078
42.986568450927734
42.9769172668457
24.235206604003906
43.255638122558594
53.539493560791016
54.26400375366211
34.987586975097656
29.109615325927734
34.54598617553711
47.443138122558594
33.21900177001953
24.002103805541992
45.45772171020508
41.51044464111328
45.17570114135742
16.73756980895996
13.399001121520996
41.84257507324219
21.628711700439453
19.50325584411621
23.051517486572266
29.24359703063965
45.356163024902344
47.01068115234375
38.560394287109375
32.02008819580078
28.38429069519043
36.34407424926758
26.879581451416016
26.26310920715332
47.6704216003418
19.54132843017578
51.145904541015625
31.731821060180664
37.4656982421875
31.339282989501953
16.174259185791016
49.7867546081543
17.721261978149414
59.70246505737305
36.07215881347656
61.659690856933594
41.949188232421875
19.843181610107422
40.338077545166016
30.149045944213867
19.944580078125
28.182802200317383
31.663766860961914
32.35899353027344
30.437850952148438
25.623258590698242
42.20716094970703
27.511680603027344
21.2021541595459
49.12517547607422
22.548255920410156
46.18788146972656
36.052284240722656
38.81201934814453
21.463516235351562
19.51361656188965
18.8276424407959
19.32311248779297
23.248310089111328
27.855178833007812
28.93992042541504
52.03771209716797
22.981578826904297
12.463233947753906
42.55521011352539
24.785205841064453
50.32401657104492
49.796775817871094
29.791841506958008
31.64057159423828
45.00738525390625
25.611032485961914
27.32032012939453
19.174827575683594
22.758586883544922
32.22785568237305
31.26463508605957
36.354923248291016
20.62165641784668
25.790393829345703
28.368513107299805
23.70655632019043
25.700946807861328
19.936691284179688
42.01063537597656
47.68238067626953
34.920310974121094
21.409093856811523
28.131820678710938
21.93470573425293
50.08063507080078
32.99353790283203
29.976736068725586
29.83946418762207
44.83156204223633
22.701744079589844
55.37212371826172
30.400360107421875
55.30780029296875
40.98824691772461
20.695093154907227
49.972434997558594
33.081878662109375
29.470355987548828
44.5602912902832
42.17363357543945
51.52185821533203
45.880943298339844
39.32150650024414
34.44956588745117
39.01465606689453
21.86630630493164
57.47592544555664
21.841930389404297
31.958948135375977
24.932788848876953
20.126089096069336
17.310916900634766
52.83292007446289
31.621381759643555
29.068443298339844
44.67142868041992
50.22980880737305
49.40071487426758
35.837039947509766
7.262440204620361
48.82715606689453
30.850971221923828
23.062152862548828
47.17009735107422
20.757308959960938
5.861134052276611
18.03534698486328
39.71126937866211
36.320274353027344
23.689584732055664
41.70035171508789
47.36970138549805
27.536561965942383
22.31416130065918
30.374752044677734
12.744856834411621
54.47402572631836
34.95423889160156
32.91204071044922
49.99985885620117
21.900489807128906
40.92598342895508
7.122673034667969
54.941749572753906
41.583282470703125
32.543514251708984
56.21754837036133
34.4805793762207
24.298181533813477
28.322288513183594
27.31096839904785
36.59386444091797
25.710058212280273
33.10554504394531
28.0888671875
38.794036865234375
40.8642463684082
27.940597534179688
8.81950569152832
23.54636001586914
38.78681945800781
35.28254699707031
51.22344970703125
40.13914108276367
38.557579040527344
20.675867080688477
27.487842559814453
27.021156311035156
36.79104995727539
41.63240051269531
52.87602996826172
40.58782196044922
31.955442428588867
33.74012756347656
45.27495193481445
22.912399291992188
27.978900909423828
38.298439025878906
47.04261779785156
27.33761215209961
25.345178604125977
42.57707595825195
36.47952651977539
41.90732955932617
37.03313064575195
49.12275314331055
15.919855117797852
27.556303024291992
31.615554809570312
50.71694564819336
21.663372039794922
18.605363845825195
32.91730880737305
32.70182418823242
34.06671905517578
31.557737350463867
37.22719955444336
32.43680191040039
25.61659049987793
31.154464721679688
33.5783805847168
32.85175323486328
29.400938034057617
28.17328643798828
19.798419952392578
40.70380401611328
34.431941986083984
42.947635650634766
26.15007209777832
44.7888069152832
18.090232849121094
18.74169921875
25.863567352294922
37.865623474121094
35.9590950012207
30.715606689453125
36.823551177978516
23.230358123779297
44.02882385253906
13.391674041748047
49.044246673583984
38.98756408691406
35.261844635009766
44.418087005615234
31.98407554626465
36.60154342651367
31.197946548461914
21.82292938232422
37.076080322265625
36.4396858215332
42.01469039916992
41.72897720336914
19.5057315826416
44.342498779296875
27.080717086791992
27.311960220336914
35.59244918823242
28.847492218017578
30.71718978881836
39.7993049621582
25.813854217529297
42.75825500488281
16.730037689208984
47.46977615356445
24.905445098876953
45.26029586791992
14.730255126953125
26.862001419067383
38.108009338378906
52.68560791015625
49.13846206665039
23.253318786621094
23.458650588989258
17.531814575195312
40.976356506347656
35.22418212890625
21.00755500793457
14.616264343261719
29.83307647705078
55.775245666503906
27.955097198486328
27.12881851196289
38.51966094970703
27.366344451904297
34.01271057128906
41.96553421020508
21.605432510375977
23.25118064880371
23.08919334411621
26.34987449645996
39.08348083496094
77.06212615966797
44.580543518066406
45.35725402832031
23.013010025024414
42.53272247314453
52.27674865722656
43.36891555786133
35.73176574707031
24.979236602783203
67.39058685302734
41.870975494384766
44.293174743652344
25.997777938842773
36.92522048950195
23.26974868774414
36.78415298461914
27.710723876953125
48.661781311035156
27.83473014831543
26.65146827697754
32.79045867919922
32.56853485107422
13.160431861877441
18.52309799194336
26.947254180908203
18.965538024902344
22.980445861816406
36.16400146484375
22.232925415039062
34.36573791503906
43.75570297241211
17.25682830810547
30.482877731323242
21.893390655517578
31.801311492919922
24.761343002319336
33.94169998168945
70.04933166503906
20.299327850341797
32.547607421875
41.89286422729492
31.302705764770508
46.99799728393555
19.3671875
35.21549987792969
45.343875885009766
33.26261901855469
43.73396682739258
36.11520767211914
38.265220642089844
42.131507873535156
42.86907196044922
18.02454376220703
10.89256763458252
41.196983337402344
33.80608367919922
38.64916229248047
43.14567947387695
20.90418243408203
27.809066772460938
6.008173942565918
25.554981231689453
25.692964553833008
43.86628341674805
37.20375061035156
46.12977600097656
47.694950103759766
21.545360565185547
46.90993118286133
48.9318962097168
44.742591857910156
21.408857345581055
35.62938690185547
14.788498878479004
47.759620666503906
13.155973434448242
10.280266761779785
38.90416717529297
61.63857650756836
34.90926742553711
36.75346755981445
46.11587905883789
40.59001541137695
27.451370239257812
36.732913970947266
32.36453628540039
28.298704147338867
33.089271545410156
47.80523681640625
27.62660789489746
45.94865036010742
42.67808151245117
40.871463775634766
46.67997360229492
13.591822624206543
20.711118698120117
34.80155944824219
23.851972579956055
26.43959617614746
37.375953674316406
31.904924392700195
20.12571907043457
21.227312088012695
18.9552001953125
21.195558547973633
42.48649978637695
31.71430206298828
21.048410415649414
35.5433235168457
33.44363021850586
38.23179626464844
63.868045806884766
27.753870010375977
45.99702453613281
31.963563919067383
24.55521583557129
31.648502349853516
37.14682388305664
55.846153259277344
36.66132354736328
45.26243591308594
17.534923553466797
16.751453399658203
48.369930267333984
37.51002502441406
28.46219253540039
8.330126762390137
25.484121322631836
41.41717529296875
24.848575592041016
27.01833724975586
44.795684814453125
49.012298583984375
31.396055221557617
25.249677658081055
34.17163848876953
47.357765197753906
42.428619384765625
34.28877639770508
43.3988151550293
47.500492095947266
35.51424789428711
23.041547775268555
35.6038703918457
43.4284553527832
42.54917907714844
29.52840232849121
39.71332931518555
35.6563606262207
33.02462387084961
28.590219497680664
26.245067596435547
21.920001983642578
25.63429069519043
30.44819450378418
32.67649459838867
54.10380172729492
28.952945709228516
41.94768142700195
24.116607666015625
38.361488342285156
24.75174331665039
29.175701141357422
32.099464416503906
27.634183883666992
24.35500144958496
20.1055908203125
13.2174711227417
30.862611770629883
38.720951080322266
18.36931037902832
47.609779357910156
28.913686752319336
38.670772552490234
35.34765625
42.79672622680664
19.680946350097656
32.010963439941406
24.92094612121582
27.66195297241211
57.456993103027344
40.67088317871094
46.514892578125
27.16211700439453
26.157546997070312
25.637165069580078
33.54790496826172
65.75438690185547
42.30690383911133
35.043819427490234
33.73668670654297
32.27559280395508
45.221466064453125
32.05400466918945
18.805185317993164
33.41869354248047
46.836177825927734
24.695697784423828
17.99741554260254
36.22627258300781
17.04130744934082
25.63926887512207
32.743492126464844
20.431785583496094
39.98186492919922
28.142898559570312
38.65492248535156
26.878799438476562
45.630889892578125
53.55574035644531
9.856911659240723
23.171539306640625
31.956226348876953
23.50899314880371
36.98686981201172
39.27620315551758
10.472578048706055
25.600805282592773
43.89824676513672
43.75958251953125
56.24252700805664
23.78211212158203
57.19724655151367
35.899513244628906
42.62823486328125
27.160490036010742
15.82555866241455
19.7852840423584
24.066326141357422
13.704846382141113
22.9921932220459
30.909595489501953
39.19636535644531
45.03076934814453
11.135878562927246
53.291343688964844
35.0767936706543
19.172550201416016
27.286449432373047
33.96092224121094
44.97987747192383
17.979700088500977
44.75289535522461
37.61445999145508
35.02373504638672
46.246952056884766
33.784400939941406
35.90837097167969
49.62605285644531
36.55147933959961
36.8449821472168
4.478983402252197
40.890342712402344
61.468162536621094
26.567575454711914
42.83534240722656
42.20973205566406
38.33837890625
19.139873504638672
37.570491790771484
24.115541458129883
26.807636260986328
40.74452590942383
23.709314346313477
33.638427734375
15.20025634765625
41.35050582885742
53.99858856201172
23.15699005126953
39.4129753112793
40.724205017089844
30.078350067138672
38.0120735168457
31.187650680541992
16.078580856323242
29.995038986206055
36.02351379394531
65.01293182373047
28.080976486206055
19.818397521972656
24.464025497436523
30.04398536682129
33.01581573486328
53.68463897705078
36.200531005859375
27.9237117767334
33.41603088378906
19.52126121520996
50.019813537597656
39.933231353759766
56.91458511352539
32.432029724121094
51.189414978027344
40.472137451171875
29.619945526123047
21.620628356933594
45.15023422241211
52.12111282348633
38.81911849975586
22.350433349609375
38.1845588684082
16.57415771484375
41.60946273803711
24.930179595947266
5.588951587677002
22.50285530090332
24.00975227355957
31.13992691040039
53.72075271606445
12.471186637878418
31.6021728515625
29.04700469970703
29.57839012145996
33.84839630126953
14.28334903717041
39.55994415283203
31.46432876586914
17.091068267822266
28.789005279541016
36.31937026977539
41.107872009277344
23.00157356262207
41.83814239501953
32.16633224487305
23.441774368286133
38.6768684387207
24.00513458251953
46.762290954589844
28.902584075927734
36.44416046142578
23.306690216064453
45.41278839111328
37.74537658691406
38.56489181518555
55.85245132446289
39.40669631958008
26.304903030395508
19.652708053588867
62.494651794433594
33.250064849853516
4.560940742492676
20.063072204589844
19.53263282775879
27.41538429260254
14.991350173950195
35.51617431640625
35.332298278808594
43.896942138671875
21.545883178710938
37.056888580322266
48.15279769897461
31.067367553710938
31.77685546875
52.35647201538086
51.54468536376953
32.757755279541016
18.912445068359375
29.462661743164062
22.23122787475586
41.52326965332031
57.466796875
19.873750686645508
21.37518310546875
29.636011123657227
30.81749153137207
28.581525802612305
35.02180099487305
53.183170318603516
14.596463203430176
33.69309616088867
16.510385513305664
64.49583435058594
18.793886184692383
32.19746780395508
46.89466857910156
34.05465316772461
45.43107986450195
23.158525466918945
37.91700744628906
59.82831954956055
44.27821350097656
35.63054275512695
36.630950927734375
42.73051071166992
24.456506729125977
29.369083404541016
31.065521240234375
36.473960876464844
56.824180603027344
26.80385398864746
46.39344024658203
44.44204330444336
41.35231399536133
30.77273941040039
15.301819801330566
19.883216857910156
19.93036651611328
19.40984535217285
33.282508850097656
38.70468521118164
12.009709358215332
45.18125534057617
43.39565658569336
37.207244873046875
34.86537551879883
35.935699462890625
39.916542053222656
35.33622360229492
35.86553955078125
38.16059494018555
47.3983268737793
44.02096176147461
28.79244613647461
47.26402282714844
38.2302360534668
25.441566467285156
7.680167198181152
30.88788604736328
47.61656951904297
37.02652359008789
39.436710357666016
52.50751495361328
12.199777603149414
35.40760040283203
28.0358829498291
45.15324020385742
56.906654357910156
37.95720291137695
30.00790786743164
39.125728607177734
38.294857025146484
23.877161026000977
32.12852096557617
61.166297912597656
34.61809158325195
37.56560516357422
55.49749755859375
18.555606842041016
27.96725845336914
44.5460319519043
20.390844345092773
25.92144012451172
46.15918731689453
48.67311477661133
20.315263748168945
38.45050048828125
46.903221130371094
28.466533660888672
23.445968627929688
25.849769592285156
35.5363883972168
21.035539627075195
43.10199737548828
43.163841247558594
43.393829345703125
15.22957992553711
35.306060791015625
16.856246948242188
31.288043975830078
15.860040664672852
24.785032272338867
30.122203826904297
8.81037425994873
49.46070861816406
38.09981155395508
36.7469482421875
71.41698455810547
19.776050567626953
32.4909553527832
32.817230224609375
21.656400680541992
50.26291275024414
36.43473815917969
55.969764709472656
30.83147430419922
30.166967391967773
39.16902160644531
29.854970932006836
40.353843688964844
41.865421295166016
18.4902400970459
36.52520751953125
55.68550491333008
23.314430236816406
57.86549758911133
24.59511375427246
45.320526123046875
29.053245544433594
49.681217193603516
33.84922790527344
48.299747467041016
29.55803680419922
20.296812057495117
38.58061981201172
36.457271575927734
28.63558006286621
46.67235565185547
33.87137222290039
26.05535316467285
51.16666793823242
20.924800872802734
33.6064338684082
43.02238464355469
21.602310180664062
34.71163558959961
28.57372283935547
23.481582641601562
25.5191707611084
37.38727951049805
42.00072479248047
36.25675582885742
36.42899703979492
45.22079086303711
44.190574645996094
32.29313659667969
28.44611358642578
46.157405853271484
35.711997985839844
65.6720199584961
25.70694351196289
10.32884407043457
26.719038009643555
60.29594802856445
23.37701988220215
42.0038948059082
27.885658264160156
49.78904724121094
60.92664337158203
51.59229278564453
27.675535202026367
22.85356903076172
47.98793411254883
53.74528884887695
9.337776184082031
33.261138916015625
33.79627990722656
43.852779388427734
6.765796661376953
36.32297134399414
43.60301971435547
27.647939682006836
47.94342803955078
33.466522216796875
69.73278045654297
20.240385055541992
48.77613067626953
61.348751068115234
32.80854797363281
28.8654842376709
33.047306060791016
30.34558868408203
24.567230224609375
19.16830825805664
49.67905044555664
28.5124568939209
18.66160774230957
34.42564010620117
18.1900691986084
22.04148292541504
33.80609893798828
45.85279846191406
44.04875183105469
16.668291091918945
60.56180953979492
22.27667808532715
33.65888595581055
41.7332878112793
30.266210556030273
46.74824523925781
27.74004554748535
40.658809661865234
12.676981925964355
27.65207290649414
51.750511169433594
47.08757019042969
22.56409454345703
43.06325149536133
36.347412109375
38.761966705322266
51.56005096435547
31.548973083496094
36.79280090332031
73.62146759033203
46.03459548950195
42.71442794799805
19.812450408935547
63.01245880126953
28.757665634155273
25.99567985534668
25.911813735961914
19.468629837036133
35.67971420288086
32.29249954223633
30.038312911987305
22.14495849609375
20.301725387573242
47.915042877197266
46.5415153503418
34.94071578979492
20.45712661743164
37.01234817504883
46.951927185058594
32.22574996948242
10.647696495056152
38.974605560302734
26.18796157836914
30.626272201538086
37.66480255126953
59.926856994628906
35.44076919555664
36.56387710571289
27.1934814453125
40.89787292480469
13.299530029296875
54.42097854614258
16.891109466552734
34.239402770996094
32.200401306152344
16.145570755004883
16.90580940246582
31.335508346557617
15.015737533569336
30.58411979675293
38.10163116455078
39.288265228271484
22.590206146240234
15.91279411315918
30.464237213134766
44.5308837890625
17.26957130432129
15.298020362854004
32.99639892578125
40.40553283691406
24.84807586669922
4.799338340759277
59.184326171875
31.929668426513672
43.1938591003418
39.705142974853516
25.291791915893555
32.580162048339844
39.6041374206543
32.11901092529297
27.760704040527344
15.030823707580566
60.020164489746094
34.34037780761719
33.71981430053711
32.59341812133789
29.1771297454834
17.026506423950195
31.384958267211914
31.217409133911133
38.528602600097656
66.03490447998047
32.27183532714844
34.85286331176758
24.647098541259766
18.918787002563477
15.32679271697998
25.7618350982666
27.204666137695312
20.95302963256836
30.94460678100586
31.7131290435791
30.92841911315918
56.354366302490234
52.10240173339844
23.61180877685547
44.82863235473633
37.465633392333984
26.716875076293945
42.44904708862305
53.96329116821289
37.03555679321289
24.508819580078125
43.645267486572266
47.84980010986328
27.473819732666016
18.77872657775879
47.312068939208984
16.624801635742188
40.64530563354492
36.00038528442383
31.2379150390625
14.040741920471191
38.853248596191406
38.60090255737305
37.0003662109375
32.19700241088867
31.539148330688477
16.75674819946289
20.23950958251953
34.802452087402344
19.864755630493164
31.0874080657959
31.17357063293457
26.39974594116211
27.20829963684082
29.291156768798828
29.479368209838867
13.356867790222168
38.426692962646484
48.67251968383789
33.4818000793457
21.647533416748047
37.96562957763672
27.65756607055664
15.671629905700684
31.124284744262695
26.304224014282227
37.30691909790039
38.06147766113281
36.01774978637695
38.976173400878906
28.45464515686035
39.716522216796875
33.807254791259766
39.851524353027344
32.65937423706055
44.76202392578125
33.55989074707031
34.480411529541016
35.9898796081543
37.817344665527344
28.95507049560547
23.42748260498047
54.70341491699219
11.266611099243164
22.434255599975586
31.19411849975586
55.40903854370117
28.322895050048828
40.993492126464844
42.9362907409668
32.38131332397461
22.967681884765625
30.72632598876953
47.97831344604492
22.601871490478516
24.506900787353516
34.40803527832031
51.35497283935547
38.853759765625
23.5755615234375
39.7703742980957
33.477294921875
38.482139587402344
26.91352653503418
50.064674377441406
26.908924102783203
60.254764556884766
42.64868927001953
19.07910919189453
21.753360748291016
27.502595901489258
30.002758026123047
53.689544677734375
37.306915283203125
39.343223571777344
34.676937103271484
50.06441116333008
18.805845260620117
21.518117904663086
44.966773986816406
39.54814910888672
39.225406646728516
24.664758682250977
44.916259765625
26.809396743774414
32.703922271728516
35.51215362548828
24.522159576416016
24.69046974182129
40.563106536865234
29.43388557434082
41.37533187866211
27.756052017211914
39.84497833251953
38.61186599731445
56.42947769165039
24.985422134399414
27.52686309814453
38.34748077392578
35.18510818481445
50.1381721496582
27.254375457763672
26.27724266052246
60.52786636352539
52.10676193237305
34.083194732666016
35.92066955566406
40.21765899658203
29.021556854248047
25.269699096679688
35.198753356933594
29.997695922851562
30.21592903137207
21.462173461914062
50.42787551879883
35.96695327758789
14.612945556640625
20.13690185546875
41.38107681274414
38.17552947998047
23.738056182861328
57.872684478759766
35.17216110229492
18.509870529174805
27.30258560180664
22.055274963378906
24.43770408630371
14.003029823303223
31.854015350341797
23.541873931884766
21.316804885864258
32.48418045043945
45.25857925415039
56.310489654541016
33.83468246459961
23.71643829345703
48.057010650634766
25.013338088989258
30.576129913330078
63.34292984008789
45.33507537841797
25.0499210357666
38.40611267089844
50.09489822387695
27.038328170776367
24.869630813598633
32.17414093017578
15.108658790588379
21.03997230529785
18.30475616455078
23.78644371032715
17.721574783325195
33.133094787597656
17.700284957885742
12.67298698425293
24.195894241333008
30.05324363708496
26.77228355407715
17.19521713256836
23.920909881591797
26.079689025878906
54.52199172973633
36.33620834350586
27.587322235107422
31.73250389099121
31.383338928222656
28.003562927246094
22.25136375427246
40.61016845703125
37.911163330078125
40.21275329589844
21.950037002563477
13.511993408203125
37.948673248291016
37.11259460449219
51.82476043701172
65.069091796875
13.577500343322754
22.82193374633789
37.257328033447266
21.01490592956543
49.88715362548828
35.652530670166016
12.616837501525879
30.69508934020996
39.3756217956543
23.897991180419922
31.632144927978516
34.52968978881836
48.954200744628906
39.629417419433594
47.36848068237305
52.830841064453125
40.57307434082031
15.88835334777832
16.29482078552246
47.50144958496094
29.07758140563965
21.385658264160156
17.98670196533203
32.06290817260742
34.9931640625
32.81070327758789
24.89148712158203
40.33320617675781
57.56669998168945
50.71574401855469
18.2507381439209
27.247426986694336
41.16020965576172
79.25025177001953
58.36711120605469
27.34578514099121
30.2992000579834
26.992450714111328
20.210372924804688
39.699951171875
39.400634765625
43.57974624633789
29.82054901123047
24.833913803100586
25.354101181030273
27.8175048828125
48.79741668701172
26.124773025512695
38.39008331298828
30.6773624420166
35.284339904785156
39.434974670410156
40.65390396118164
26.980436325073242
47.14414978027344
52.92317581176758
7.858543395996094
34.10556411743164
39.07923126220703
40.98876190185547
50.515777587890625
38.14579772949219
30.55059051513672
28.88324737548828
33.76416778564453
53.44140625
31.414630889892578
26.092548370361328
27.089921951293945
37.14949417114258
32.41558837890625
42.52143859863281
44.563255310058594
24.184682846069336
28.990537643432617
43.7204704284668
31.66910743713379
42.633331298828125
43.96683120727539
6.653324127197266
27.03306770324707
23.1289005279541
27.968591690063477
49.19211959838867
15.92719841003418
24.431074142456055
26.054183959960938
42.956146240234375
45.31011199951172
26.345191955566406
41.09592056274414
49.35368347167969
33.23095703125
23.57038688659668
27.842641830444336
18.760391235351562
38.391014099121094
25.973695755004883
42.97505569458008
23.94379234313965
21.636938095092773
57.885948181152344
35.19049835205078
49.084590911865234
35.2844123840332
39.205230712890625
38.4494743347168
23.477354049682617
41.99686813354492
60.63621520996094
43.91619873046875
52.22552490234375
31.8831729888916
24.760141372680664
46.77132034301758
22.819217681884766
36.43966293334961
63.91570281982422
34.96805191040039
25.00704002380371
14.283897399902344
33.400535583496094
25.060617446899414
22.11073112487793
48.473716735839844
22.899904251098633
8.922005653381348
29.159133911132812
52.83406066894531
28.34537696838379
14.24758243560791
46.05807876586914
34.26084518432617
42.685096740722656
30.06810188293457
48.50151443481445
39.409297943115234
30.313739776611328
33.97099685668945
32.994136810302734
18.27602767944336
54.498252868652344
42.22569274902344
52.2729377746582
22.04471206665039
24.929012298583984
29.793588638305664
53.627506256103516
48.390342712402344
36.01675033569336
24.61330223083496
15.739487648010254
32.740997314453125
13.888490676879883
19.037704467773438
41.98500061035156
25.890338897705078
69.4796142578125
26.56645965576172
37.68605422973633
37.79669952392578
40.3929328918457
52.413352966308594
32.818546295166016
30.445730209350586
27.240745544433594
20.26957893371582
56.46302795410156
14.167901992797852
20.04033660888672
39.5611457824707
37.884281158447266
39.14686584472656
39.11812210083008
25.688749313354492
30.724876403808594
40.04875946044922
41.62762451171875
26.844646453857422
26.7540283203125
13.016051292419434
30.676652908325195
31.789594650268555
16.523426055908203
21.45976448059082
29.961814880371094
8.21823787689209
25.890060424804688
16.316776275634766
23.194507598876953
25.12729263305664
61.630775451660156
43.738407135009766
32.61934280395508
22.981430053710938
38.05891036987305
44.68211364746094
42.59434127807617
45.702171325683594
32.276546478271484
21.520816802978516
41.585453033447266
44.99723815917969
42.044437408447266
20.81526756286621
20.498239517211914
36.974647521972656
35.96272659301758
59.538082122802734
42.081363677978516
20.175567626953125
38.21466827392578
50.98920440673828
32.425071716308594
32.70904541015625
18.626184463500977
53.30014419555664
31.441083908081055
29.459266662597656
21.871980667114258
19.370866775512695
40.24564743041992
28.767446517944336
35.66386795043945
38.6384391784668
52.185264587402344
21.395458221435547
16.986690521240234
25.180688858032227
41.19008255004883
17.932022094726562
47.02511978149414
11.653071403503418
35.02847671508789
33.06504440307617
42.264957427978516
38.95378494262695
13.925024032592773
22.159231185913086
32.84817886352539
38.26969528198242
29.67207145690918
26.857751846313477
55.70530700683594
40.189170837402344
46.075904846191406
36.38554763793945
30.50861167907715
47.63334274291992
25.308984756469727
37.3492546081543
23.27336311340332
39.18729782104492
32.56024932861328
24.28811264038086
41.416255950927734
7.86952543258667
49.147945404052734
30.43152618408203
28.820663452148438
46.45200729370117
24.396146774291992
45.99628829956055
41.881385803222656
33.86381530761719
41.20728302001953
19.595355987548828
27.046510696411133
52.95075988769531
36.81120300292969
43.28733825683594
24.133142471313477
37.30628967285156
53.93855667114258
58.70944595336914
22.56282615661621
38.137271881103516
23.267484664916992
25.367563247680664
44.21588134765625
37.94752502441406
51.13832092285156
24.060453414916992
27.65958595275879
37.89736557006836
52.05577087402344
34.111000061035156
28.572696685791016
50.95149230957031
17.1539249420166
47.8809700012207
26.910842895507812
38.59087371826172
19.544099807739258
43.5723991394043
29.258068084716797
24.211008071899414
29.433429718017578
48.02873992919922
41.684574127197266
44.63792037963867
38.25958251953125
23.621185302734375
29.829544067382812
37.885597229003906
64.17688751220703
34.23141098022461
39.495967864990234
60.71703338623047
35.74197006225586
22.73163604736328
22.06317901611328
40.1299934387207
32.39521026611328
11.231269836425781
30.748394012451172
28.944866180419922
32.90519332885742
23.674192428588867
42.98365783691406
40.41839599609375
32.8829460144043
39.17081832885742
43.16940689086914
45.56249237060547
33.79075622558594
24.414384841918945
41.72852325439453
39.74899673461914
20.567968368530273
30.523666381835938
29.161821365356445
38.30091857910156
29.599674224853516
30.368057250976562
20.940753936767578
40.8112907409668
13.53329849243164
18.76049041748047
35.13329315185547
39.99562072753906
58.00697708129883
42.7559814453125
35.66026306152344
46.84505081176758
58.39976119995117
38.83444595336914
37.479286193847656
43.323524475097656
35.001258850097656
14.895886421203613
46.504364013671875
55.13814163208008
49.993255615234375
27.8582763671875
51.062767028808594
25.751373291015625
11.835945129394531
25.99285888671875
47.956485748291016
37.074161529541016
9.801619529724121
28.533370971679688
44.632179260253906
34.81833267211914
25.416271209716797
47.56852340698242
40.74813461303711
21.180822372436523
16.628923416137695
45.26845169067383
43.955081939697266
56.51639938354492
26.796260833740234
41.38567352294922
40.79079818725586
31.912986755371094
16.41148567199707
37.58063507080078
35.4979362487793
52.462703704833984
51.34819793701172
35.174503326416016
32.278770446777344
21.09839630126953
57.9864387512207
20.569637298583984
30.680448532104492
48.11350631713867
28.061080932617188
17.741653442382812
30.634504318237305
31.006977081298828
33.405067443847656
9.773335456848145
35.79194641113281
29.7753963470459
38.48310852050781
34.07663345336914
68.19917297363281
28.906400680541992
23.129343032836914
29.68665885925293
44.3834114074707
35.548648834228516
28.212841033935547
34.68644332885742
33.68941879272461
23.691360473632812
36.006351470947266
28.692026138305664
57.896461486816406
47.56764602661133
39.60449981689453
37.545623779296875
27.963157653808594
65.6595458984375
50.43398666381836
45.498985290527344
39.07362365722656
53.51826858520508
27.30181884765625
46.53306198120117
25.22187042236328
28.84878158569336
26.022729873657227
38.54697799682617
39.8757438659668
20.84946060180664
30.77790641784668
30.571041107177734
51.090484619140625
46.61009979248047
22.995075225830078
42.21998596191406
29.79159927368164
11.076641082763672
22.365230560302734
36.34825897216797
33.904178619384766
19.412445068359375
21.969337463378906
32.55232238769531
38.8648796081543
24.00307273864746
45.42365264892578
52.340179443359375
29.765466690063477
27.404125213623047
19.402097702026367
36.332969665527344
32.02310562133789
60.96367263793945
32.16022491455078
50.04512405395508
59.29943084716797
19.520206451416016
55.52276611328125
33.87535095214844
35.702457427978516
37.21141815185547
23.877342224121094
14.716336250305176
39.12614822387695
12.228292465209961
37.770877838134766
29.016735076904297
41.13842010498047
42.30318069458008
38.59872055053711
37.85576629638672
23.3175048828125
32.00477981567383
43.36098861694336
48.10856246948242
26.83618927001953
22.601272583007812
35.906883239746094
29.27179718017578
26.62303924560547
22.958528518676758
76.67350769042969
31.09910011291504
54.848384857177734
53.52540588378906
32.507057189941406
13.364849090576172
38.28923416137695
47.07305908203125
32.48583221435547
52.479068756103516
29.398651123046875
20.62808609008789
14.634550094604492
45.982643127441406
41.56338882446289
28.73685646057129
25.527353286743164
39.30837631225586
39.51656723022461
41.79030227661133
28.941423416137695
27.950031280517578
37.40534973144531
48.0671501159668
31.302522659301758
28.136554718017578
37.660667419433594
24.32309341430664
23.98523712158203
42.69782257080078
39.92932891845703
25.569805145263672
35.48006820678711
18.466768264770508
32.94630432128906
42.014339447021484
48.76140594482422
41.682838439941406
16.688709259033203
50.16293716430664
47.28511047363281
13.283904075622559
36.222999572753906
34.737545013427734
55.854026794433594
41.18095397949219
29.579620361328125
23.094419479370117
24.108266830444336
48.03654098510742
43.951690673828125
42.67989730834961
29.4738826751709
20.611223220825195
19.340137481689453
46.74543762207031
25.260557174682617
23.042076110839844
45.766178131103516
30.748931884765625
41.267337799072266
32.39977264404297
32.298274993896484
22.65350914001465
54.38188552856445
19.10118293762207
58.357505798339844
37.893104553222656
31.53386116027832
17.48865509033203
23.261125564575195
25.15420150756836
37.4237060546875
31.446487426757812
18.67744255065918
36.61513137817383
39.01097869873047
40.41034698486328
44.5836067199707
22.40032958984375
25.365690231323242
47.91544723510742
33.26935577392578
37.29867172241211
48.255496978759766
26.46430015563965
36.790443420410156
42.749900817871094
17.640186309814453
18.49545669555664
28.44866180419922
37.92091751098633
38.08712387084961
12.2280855178833
15.363812446594238
37.2880859375
48.62303924560547
15.203855514526367
34.18072509765625
56.29725646972656
35.0699462890625
29.20067024230957
46.8116340637207
5.126188278198242
24.343454360961914
33.1059455871582
42.67887496948242
29.668413162231445
34.70314025878906
16.307537078857422
34.58350372314453
22.268800735473633
22.441387176513672
38.13579559326172
31.483217239379883
18.17045783996582
15.566847801208496
29.73333740234375
15.924800872802734
21.245227813720703
30.851221084594727
13.865782737731934
36.620540618896484
35.502960205078125
12.72359561920166
55.52286148071289
38.77082443237305
16.065990447998047
41.92046356201172
37.239845275878906
43.635284423828125
49.599510192871094
26.442916870117188
43.03402328491211
59.30781555175781
17.119274139404297
50.37166213989258
50.10807800292969
25.172243118286133
52.81277084350586
38.950435638427734
16.768037796020508
50.4186897277832
28.761791229248047
23.314353942871094
9.950218200683594
47.491817474365234
52.33863067626953
37.38903045654297
38.86363983154297
24.617990493774414
35.48128890991211
26.451494216918945
45.43763732910156
36.2979736328125
70.81575012207031
21.8198184967041
21.225162506103516
23.77692985534668
41.9806022644043
48.71695327758789
24.859458923339844
35.438480377197266
49.27130126953125
49.41514205932617
36.843570709228516
12.856768608093262
53.16551971435547
27.525238037109375
7.245786190032959
30.46624755859375
22.948945999145508
36.01498794555664
43.23042678833008
31.57720947265625
23.070207595825195
32.77851104736328
55.98225784301758
29.980451583862305
34.21394348144531
29.31386947631836
34.50141525268555
17.50450897216797
34.43397903442383
27.786115646362305
35.40909957885742
29.146617889404297
42.47422790527344
35.57901382446289
22.818382263183594
38.040714263916016
34.53052520751953
35.545345306396484
35.34230041503906
9.9560546875
18.571460723876953
38.88471603393555
15.78886890411377
47.84333038330078
44.868526458740234
28.34918975830078
51.724754333496094
44.49230194091797
25.65009880065918
49.718597412109375
38.943416595458984
43.3875617980957
28.646818161010742
29.33037567138672
29.089012145996094
40.36853790283203
28.257402420043945
30.517074584960938
44.39755630493164
19.455690383911133
33.709259033203125
13.11461067199707
33.77850341796875
30.566436767578125
27.463376998901367
24.964351654052734
13.178365707397461
27.216644287109375
25.541996002197266
35.31184768676758
47.09770202636719
44.99887466430664
44.22157669067383
38.43421936035156
33.92496871948242
50.283939361572266
23.74431610107422
34.16777801513672
21.90528106689453
27.042970657348633
17.832691192626953
32.087528228759766
13.768678665161133
31.659358978271484
36.625858306884766
30.2021484375
7.347497463226318
17.221019744873047
54.19094467163086
38.996734619140625
48.32257080078125
56.871490478515625
40.984004974365234
27.80320930480957
34.3587760925293
38.94850540161133
21.2539119720459
57.498619079589844
55.14176559448242
51.566864013671875
30.04023551940918
32.894691467285156
48.48617172241211
60.93168640136719
19.210325241088867
22.96242904663086
16.158750534057617
35.059303283691406
29.343305587768555
27.324708938598633
18.4116153717041
34.82708740234375
54.64476013183594
28.562196731567383
6.338650703430176
54.45717239379883
34.20455551147461
39.215057373046875
28.33019256591797
28.204992294311523
11.558478355407715
28.72067642211914
52.22254180908203
33.2934684753418
48.06093215942383
23.815519332885742
27.297399520874023
46.3328971862793
49.015377044677734
44.7513313293457
5.9208221435546875
32.80426025390625
32.0545768737793
57.060428619384766
48.40630340576172
28.59925079345703
34.60164260864258
3.592163324356079
23.220796585083008
23.880184173583984
36.494285583496094
42.81702423095703
28.5585994720459
36.20244598388672
66.05609130859375
18.211090087890625
31.23288917541504
52.50365447998047
29.98313331604004
34.386512756347656
34.63666915893555
66.74200439453125
44.35246276855469
31.948535919189453
24.538469314575195
43.68330001831055
33.593727111816406
31.5706729888916
28.512420654296875
28.269763946533203
58.41779327392578
52.361446380615234
27.260244369506836
47.71052551269531
28.840015411376953
12.275290489196777
27.3011474609375
51.48043441772461
72.99836730957031
30.567651748657227
33.27352523803711
61.92631912231445
25.202987670898438
29.037303924560547
47.83110427856445
30.342174530029297
40.74153518676758
33.33934020996094
25.035627365112305
33.38390350341797
36.1483154296875
22.240699768066406
37.642799377441406
44.80646514892578
49.39141845703125
31.73198890686035
11.418042182922363
36.02156066894531
22.51787567138672
33.11424255371094
33.67436599731445
46.25968551635742
30.711193084716797
36.07463073730469
45.455894470214844
29.484844207763672
36.98382568359375
52.39989471435547
26.750656127929688
37.69377136230469
22.25345230102539
26.461702346801758
17.733837127685547
50.556236267089844
19.479267120361328
31.053667068481445
39.19915771484375
31.308469772338867
34.41335678100586
26.560192108154297
57.038848876953125
36.62890625
19.045352935791016
42.82472229003906
39.35092544555664
34.28559494018555
11.878778457641602
44.061988830566406
44.6226806640625
35.205501556396484
41.46432113647461
34.3725471496582
43.85255813598633
21.025653839111328
40.834068298339844
22.847705841064453
46.847007751464844
38.725223541259766
35.628787994384766
8.32591438293457
52.90713882446289
26.628774642944336
11.149149894714355
30.816110610961914
42.7097282409668
48.28341293334961
32.109004974365234
18.20918083190918
46.113094329833984
25.458202362060547
23.69187355041504
18.604045867919922
18.151830673217773
33.198001861572266
46.38447189331055
32.23426818847656
42.163936614990234
17.110851287841797
23.44907569885254
28.83295440673828
27.29620361328125
21.782794952392578
28.20975685119629
27.92146873474121
17.247596740722656
43.70379638671875
47.874969482421875
10.663646697998047
12.954841613769531
14.74193286895752
39.02198791503906
30.421730041503906
35.184288024902344
35.5323486328125
30.472400665283203
25.75204849243164
28.65504264831543
24.402509689331055
36.36601638793945
17.014516830444336
33.72916030883789
44.810157775878906
38.106807708740234
40.519874572753906
31.421470642089844
43.641502380371094
27.715194702148438
29.20795249938965
40.12513732910156
30.526151657104492
