31.289623260498047
41.04866027832031
28.902441024780273
41.54597854614258
40.92848587036133
31.461658477783203
48.42155838012695
27.039875030517578
45.360595703125
56.176753997802734
48.12250900268555
29.374238967895508
21.31635093688965
34.865535736083984
44.38093948364258
31.776790618896484
65.71131896972656
30.660018920898438
53.6124267578125
43.90973663330078
31.302175521850586
34.220115661621094
35.71701431274414
14.569574356079102
27.559646606445312
36.811485290527344
37.25920486450195
58.034278869628906
30.70697784423828
32.067893981933594
48.003822326660156
51.76841735839844
24.76576805114746
41.13980484008789
43.899269104003906
46.833099365234375
41.015594482421875
53.65373992919922
36.719566345214844
45.28506851196289
50.39759063720703
16.11629867553711
63.63119125366211
43.97493362426758
44.29627990722656
52.513423919677734
32.20539474487305
27.459949493408203
33.74213409423828
58.0245475769043
48.87306213378906
32.49988555908203
32.875125885009766
57.18143844604492
45.94664764404297
63.172935485839844
52.79170227050781
38.866661071777344
36.20641326904297
46.65790557861328
41.44852828979492
40.091915130615234
41.789886474609375
33.068973541259766
55.914615631103516
38.73992156982422
37.53204345703125
22.586706161499023
46.85271072387695
23.846805572509766
24.095630645751953
32.724456787109375
25.741531372070312
20.8280086517334
42.80980682373047
28.03859519958496
53.017154693603516
30.26749038696289
55.21113967895508
44.694847106933594
62.18010330200195
55.58689880371094
11.676998138427734
44.34517288208008
44.53165817260742
22.895606994628906
25.52686309814453
42.34703826904297
50.24916076660156
48.005741119384766
31.3094539642334
32.667701721191406
20.962432861328125
34.510711669921875
38.91731262207031
33.778846740722656
47.80234146118164
50.45477294921875
24.828479766845703
34.170066833496094
35.936832427978516
42.12393569946289
59.69183349609375
26.007797241210938
62.61534881591797
45.03915023803711
51.249305725097656
30.487606048583984
55.91505813598633
30.026901245117188
53.36901092529297
39.14503860473633
27.909408569335938
31.180967330932617
23.374378204345703
58.97054672241211
49.917171478271484
61.76306915283203
37.79221725463867
17.40257453918457
44.66837692260742
50.89274215698242
54.53958511352539
46.313140869140625
44.741886138916016
46.971065521240234
43.647804260253906
53.99208068847656
44.020809173583984
69.12483978271484
19.139522552490234
49.77280044555664
56.479209899902344
62.663612365722656
51.707916259765625
48.580482482910156
35.31969451904297
38.859130859375
44.49278259277344
50.055503845214844
51.30032730102539
11.093864440917969
67.06786346435547
75.21661376953125
42.97005081176758
38.524192810058594
34.09811019897461
43.6295166015625
40.96363830566406
40.112876892089844
47.07893371582031
43.52447509765625
23.02450942993164
20.45061492919922
16.322879791259766
35.066349029541016
37.494529724121094
49.34993362426758
41.39588928222656
66.06649780273438
17.12469482421875
26.906375885009766
44.4438362121582
30.16929817199707
60.84614562988281
33.53333282470703
37.839847564697266
47.00644302368164
28.79779052734375
31.76873779296875
30.85696029663086
30.99910545349121
33.579017639160156
31.07994270324707
49.649620056152344
77.7480239868164
23.978519439697266
22.39307403564453
56.75627136230469
7.083212375640869
31.178497314453125
38.22227478027344
33.151737213134766
48.044952392578125
25.55164909362793
57.66828155517578
25.762550354003906
63.330909729003906
24.498685836791992
71.64152526855469
37.4824333190918
25.28251838684082
27.565811157226562
62.84294509887695
28.692060470581055
36.40739059448242
76.89451599121094
33.733062744140625
16.355045318603516
35.59724426269531
30.325523376464844
37.1408805847168
54.23652648925781
51.22364807128906
32.65888977050781
39.853946685791016
29.875411987304688
46.8705940246582
58.05657196044922
35.85466003417969
57.9784049987793
44.23573684692383
33.054317474365234
18.793424606323242
30.39395523071289
58.067840576171875
45.48871612548828
47.44780731201172
38.75980758666992
38.88759231567383
53.3415641784668
33.8410758972168
27.176658630371094
53.114559173583984
49.920433044433594
28.72633934020996
49.89440155029297
33.92984390258789
45.61665725708008
50.640167236328125
26.469898223876953
35.27166748046875
42.57067108154297
26.027822494506836
35.41451644897461
48.48566818237305
20.355377197265625
52.04225158691406
33.382205963134766
56.44728088378906
47.610321044921875
57.64837646484375
43.84112548828125
28.460800170898438
63.56753158569336
51.502052307128906
29.378284454345703
34.59910202026367
37.9696044921875
80.63997650146484
65.41964721679688
74.72528076171875
20.650487899780273
20.504539489746094
32.86232376098633
47.656551361083984
39.878475189208984
46.10271453857422
42.91873550415039
33.71928405761719
57.60195541381836
50.613494873046875
52.35704803466797
58.713748931884766
35.7011833190918
42.3244743347168
39.099334716796875
20.071680068969727
42.67522048950195
35.84893035888672
49.78111267089844
42.86039733886719
29.110754013061523
29.218847274780273
26.522356033325195
91.8722152709961
27.084571838378906
17.479028701782227
23.42649269104004
38.970909118652344
83.61943054199219
50.85178756713867
79.03009033203125
26.274995803833008
40.62498092651367
20.220571517944336
33.07816696166992
55.74015426635742
44.667537689208984
38.15044403076172
58.70757293701172
72.09908294677734
50.137699127197266
24.87581443786621
26.63271713256836
36.19192886352539
56.4012565612793
65.48599243164062
51.63444519042969
28.245866775512695
40.91078186035156
86.11422729492188
20.02011489868164
46.181480407714844
61.16151428222656
51.398681640625
48.5339469909668
43.83477783203125
37.41664123535156
37.2901496887207
53.67134475708008
56.17050552368164
77.93267059326172
69.48513793945312
51.45244216918945
61.54128646850586
52.62979507446289
49.65532302856445
15.168416976928711
34.39783477783203
37.89187240600586
68.14567565917969
71.42562103271484
14.921462059020996
16.185932159423828
32.83636474609375
38.304500579833984
6.24770975112915
72.22734069824219
46.73405075073242
33.231056213378906
48.6666374206543
48.38276290893555
42.93669128417969
48.66519546508789
38.70143508911133
46.97320556640625
44.99551773071289
50.24312973022461
19.354167938232422
48.4824333190918
64.39537811279297
49.66140365600586
26.628196716308594
32.6340446472168
23.642105102539062
40.15023422241211
28.923065185546875
55.401466369628906
38.82455062866211
38.90039825439453
39.513084411621094
44.26943588256836
38.27142333984375
53.15744400024414
49.684139251708984
53.36927795410156
39.027896881103516
48.12119674682617
43.97159194946289
34.66741180419922
65.53508758544922
6.991204738616943
38.838809967041016
67.40754699707031
33.880035400390625
63.40412139892578
44.27720260620117
19.563411712646484
36.86882781982422
29.578001022338867
40.90399932861328
41.999080657958984
18.982410430908203
45.12130355834961
22.65937614440918
33.837039947509766
40.816734313964844
46.682186126708984
34.53816223144531
19.609783172607422
33.09843063354492
61.078697204589844
37.18663024902344
37.97385025024414
46.10268783569336
31.207006454467773
51.986873626708984
28.3306941986084
32.44719314575195
50.57191848754883
30.571779251098633
63.60287094116211
14.79334545135498
30.769895553588867
21.806650161743164
68.89562225341797
66.04244232177734
60.534934997558594
25.77367401123047
27.394939422607422
46.67634201049805
50.1759033203125
45.28541946411133
35.49686813354492
37.09957504272461
49.02933883666992
38.232879638671875
74.51153564453125
43.17211151123047
55.41770935058594
55.330894470214844
57.777896881103516
19.482566833496094
40.3916015625
63.33853530883789
40.41457748413086
37.08409881591797
25.912399291992188
57.88123321533203
33.144065856933594
55.95215606689453
23.413854598999023
42.508880615234375
52.16356658935547
50.837100982666016
17.8347225189209
41.299644470214844
29.398775100708008
54.729801177978516
32.1988639831543
42.54350280761719
37.387939453125
38.055484771728516
53.132080078125
21.76630973815918
28.032485961914062
35.204952239990234
49.216548919677734
44.87849044799805
31.209373474121094
60.91225814819336
37.97916030883789
52.22842025756836
55.8631706237793
39.776710510253906
25.807464599609375
33.621437072753906
38.84910583496094
55.38032531738281
43.57115936279297
21.095149993896484
49.24121856689453
42.007530212402344
66.84624481201172
57.51263427734375
35.704158782958984
47.725494384765625
32.46266555786133
59.951568603515625
71.40865325927734
50.603675842285156
56.31842803955078
38.709625244140625
56.492679595947266
56.023284912109375
56.11741638183594
39.2718505859375
33.898155212402344
37.98575210571289
54.02192306518555
39.0971565246582
48.67503356933594
33.2628288269043
61.05535125732422
39.54369354248047
81.43414306640625
37.07624053955078
81.52799224853516
60.20853042602539
69.63575744628906
22.766366958618164
76.92823028564453
38.54304885864258
53.88234329223633
37.7972297668457
67.86051177978516
29.223318099975586
71.08638763427734
51.50531768798828
43.35487747192383
13.676445007324219
49.38170623779297
50.47795867919922
35.49856948852539
41.797706604003906
25.91604232788086
45.82477569580078
47.20967483520508
35.8743782043457
31.984052658081055
55.528968811035156
44.60475158691406
37.770851135253906
74.45755767822266
59.4103889465332
47.80727767944336
28.88896942138672
75.25202178955078
68.06543731689453
63.55321502685547
45.02254104614258
101.03547668457031
43.1861572265625
17.194026947021484
40.708595275878906
67.0738525390625
44.40205764770508
47.366153717041016
31.75322723388672
43.470680236816406
39.88528823852539
44.16661834716797
13.367877006530762
35.5140495300293
43.919334411621094
69.7192611694336
45.157039642333984
74.4113540649414
50.507381439208984
41.49503707885742
44.94211196899414
52.091217041015625
42.139564514160156
30.4948787689209
38.947933197021484
29.122196197509766
41.70595169067383
52.833168029785156
65.15596771240234
30.215648651123047
51.94732666015625
49.29629898071289
61.11272048950195
56.1551513671875
55.4525260925293
14.701586723327637
35.43100357055664
30.52893829345703
9.82502269744873
58.70830535888672
64.04266357421875
37.63267135620117
46.65957260131836
42.67930603027344
44.870697021484375
35.8492546081543
50.30994415283203
23.26386260986328
31.89569854736328
56.17546081542969
29.11655616760254
67.84066009521484
78.88619232177734
60.36857986450195
51.49430847167969
53.23726272583008
35.04390335083008
52.632789611816406
62.12202835083008
26.91719627380371
24.3983154296875
31.84286117553711
35.736141204833984
52.423213958740234
40.642337799072266
35.47124481201172
42.13813400268555
45.26207733154297
49.17763900756836
72.85195922851562
29.93836784362793
18.99613380432129
59.0909309387207
56.45182418823242
18.927125930786133
81.99774169921875
45.292789459228516
55.68817138671875
18.71232795715332
33.26001739501953
45.31290054321289
45.656375885009766
53.971595764160156
50.20058822631836
36.64925003051758
60.765438079833984
46.08769989013672
27.64969825744629
40.07096862792969
58.46195983886719
38.21257781982422
23.71933364868164
74.41160583496094
49.37599182128906
37.472328186035156
46.427467346191406
34.11080551147461
38.65617370605469
51.29520034790039
43.71337890625
32.54201889038086
49.37571716308594
36.107444763183594
22.818395614624023
37.42938232421875
31.766828536987305
20.697542190551758
47.07415771484375
36.92406463623047
61.51144790649414
66.72269439697266
37.60191345214844
38.88557434082031
25.515233993530273
32.99211120605469
22.776979446411133
28.006000518798828
38.3175163269043
49.310707092285156
48.86408233642578
54.9498291015625
47.578895568847656
51.861610412597656
28.934494018554688
52.30362319946289
46.58871841430664
58.99972915649414
38.47602462768555
60.80121612548828
55.73710250854492
15.853096008300781
39.48223876953125
41.414337158203125
50.60824966430664
28.878795623779297
32.20719528198242
32.1018180847168
28.430286407470703
44.13071823120117
29.088653564453125
41.20878219604492
26.6005916595459
33.989078521728516
75.6102523803711
45.8404655456543
30.882442474365234
32.34026336669922
18.48795509338379
44.27277755737305
38.383663177490234
46.1007080078125
67.92050170898438
33.752838134765625
29.944194793701172
18.283533096313477
43.26140213012695
52.000221252441406
28.996715545654297
33.589054107666016
45.65990447998047
48.18031311035156
38.20970153808594
37.91167068481445
65.995361328125
38.82563781738281
42.46379470825195
63.681732177734375
46.83359146118164
33.03567123413086
49.149017333984375
16.798471450805664
26.9127197265625
52.07931137084961
36.56950759887695
40.07524108886719
46.10983657836914
41.38750076293945
61.290489196777344
54.70853805541992
54.22907257080078
44.74903869628906
36.169368743896484
50.53129196166992
61.484588623046875
56.377079010009766
43.31603240966797
48.110313415527344
39.9527702331543
37.94490432739258
26.754131317138672
83.56403350830078
21.161951065063477
53.60478973388672
51.047279357910156
50.89838790893555
50.476287841796875
48.47026443481445
34.91700744628906
26.776559829711914
40.58769607543945
73.5512924194336
38.671478271484375
26.31035804748535
53.97723388671875
29.344764709472656
36.44914245605469
41.81407165527344
61.6032829284668
47.24081039428711
38.69757843017578
50.99481201171875
27.457006454467773
48.18119812011719
29.97447967529297
30.09547996520996
49.87574768066406
38.22395324707031
52.284114837646484
60.97629165649414
37.067466735839844
42.83896255493164
44.543704986572266
64.10240173339844
65.5967025756836
38.43764877319336
27.58365249633789
45.96284103393555
29.49014663696289
39.50530242919922
36.74407196044922
74.98529052734375
44.67704391479492
65.91590118408203
37.08940887451172
47.208518981933594
35.32646179199219
42.87657165527344
41.569557189941406
37.71131134033203
19.2298526763916
58.98945236206055
60.50140380859375
43.79029846191406
45.1523551940918
45.86087417602539
49.32328414916992
33.71869659423828
58.367801666259766
38.065956115722656
18.133596420288086
56.33293533325195
37.428863525390625
43.928611755371094
48.90042495727539
67.36080169677734
30.541656494140625
52.19485855102539
47.78977966308594
64.44599914550781
38.24736022949219
57.227901458740234
40.91196060180664
43.54680252075195
37.52742385864258
17.342580795288086
30.193893432617188
58.734458923339844
36.58207321166992
63.91651153564453
38.543853759765625
20.568559646606445
46.643863677978516
15.770953178405762
31.428895950317383
59.529693603515625
40.9884033203125
42.11964797973633
34.82184600830078
34.095863342285156
40.305015563964844
29.78230094909668
53.63241195678711
60.83366012573242
35.96379852294922
65.88752746582031
58.920921325683594
45.35316848754883
34.5216178894043
29.189638137817383
65.07183074951172
43.524295806884766
50.36005401611328
55.74953079223633
41.2808723449707
36.8492546081543
62.185546875
53.83205032348633
36.57555389404297
37.94569778442383
37.78192138671875
46.9239387512207
57.48000717163086
49.12697219848633
33.25361633300781
47.53900909423828
76.55838775634766
34.49252700805664
18.563434600830078
39.33810806274414
34.45433807373047
54.06729507446289
66.94054412841797
46.2307243347168
49.83955001831055
26.12200355529785
48.466861724853516
29.042463302612305
46.608524322509766
46.48533630371094
22.670822143554688
21.699899673461914
45.89336395263672
18.361183166503906
50.415611267089844
37.94070816040039
27.432392120361328
59.577980041503906
33.067501068115234
39.6258659362793
24.728412628173828
59.531036376953125
15.65781307220459
50.66216278076172
41.47185134887695
46.369354248046875
39.110355377197266
43.36782455444336
49.96221160888672
78.49832916259766
39.68012237548828
21.454635620117188
58.27776336669922
27.8822078704834
72.59840393066406
59.596622467041016
57.44404602050781
54.39790344238281
65.87545776367188
38.484527587890625
47.12948989868164
58.12271499633789
62.854801177978516
14.940768241882324
10.793441772460938
44.14372634887695
36.376522064208984
34.54570007324219
36.3726806640625
38.70456314086914
76.75080108642578
36.32821273803711
30.088579177856445
34.56896209716797
61.67223358154297
46.6385498046875
37.25189971923828
51.00623321533203
47.84992980957031
23.99541473388672
60.482688903808594
48.6378288269043
75.78440856933594
26.05788803100586
67.84339141845703
46.056060791015625
23.48004722595215
36.01026153564453
53.554874420166016
40.38766860961914
40.737953186035156
39.34247970581055
39.59519958496094
28.05868911743164
47.52063751220703
33.37660598754883
45.78753662109375
50.347389221191406
42.91001892089844
59.106624603271484
41.820316314697266
57.96208190917969
42.677459716796875
54.21495056152344
71.92759704589844
52.5800666809082
43.8494987487793
35.56668472290039
54.7343635559082
49.0732307434082
61.37847900390625
40.790523529052734
34.04779815673828
74.75238037109375
23.841604232788086
37.75818634033203
25.94475746154785
13.824626922607422
48.097625732421875
36.491905212402344
38.58493423461914
49.86103439331055
24.118745803833008
34.26282501220703
11.836767196655273
49.626705169677734
44.97426986694336
40.053375244140625
53.669921875
45.255638122558594
60.0994758605957
63.621761322021484
52.02943801879883
26.32175064086914
53.10068893432617
71.69950103759766
34.513431549072266
51.45624542236328
43.512630462646484
67.30996704101562
38.731773376464844
28.768760681152344
59.158817291259766
9.30789566040039
59.62040710449219
41.9251823425293
57.04044723510742
55.35047912597656
46.554908752441406
42.969417572021484
29.626522064208984
31.302461624145508
41.084800720214844
36.356021881103516
34.480594635009766
89.20818328857422
31.645910263061523
27.069063186645508
43.69758605957031
31.086761474609375
39.972412109375
46.7358283996582
47.06360626220703
33.96088790893555
47.44622039794922
67.41343688964844
46.48857498168945
27.104551315307617
27.982921600341797
28.924560546875
72.78654479980469
46.105743408203125
54.43336868286133
41.57865905761719
45.56802749633789
67.65184020996094
38.795997619628906
34.759315490722656
35.867366790771484
36.298282623291016
16.20518684387207
57.2147102355957
17.797304153442383
28.126983642578125
20.828784942626953
44.12861633300781
31.93557357788086
35.85114669799805
63.77229309082031
52.179847717285156
47.07265090942383
56.05165481567383
33.42876434326172
27.74392318725586
32.910919189453125
65.53915405273438
27.553041458129883
25.163198471069336
31.59962272644043
59.02758026123047
33.963863372802734
60.40006637573242
40.62713623046875
43.39995574951172
38.93000411987305
46.85498809814453
20.187828063964844
29.40159034729004
39.53507614135742
34.21346664428711
56.97407150268555
58.73902893066406
31.4649600982666
26.09549331665039
41.489288330078125
40.78636932373047
69.13640594482422
26.43401336669922
33.113365173339844
18.975252151489258
48.91505813598633
50.69160079956055
19.22414779663086
37.20774841308594
49.961036682128906
56.13721466064453
27.149553298950195
46.2327995300293
75.74172973632812
53.7063102722168
36.445045471191406
18.655502319335938
24.54586410522461
18.60234832763672
51.93666076660156
49.69888687133789
54.131351470947266
37.96223068237305
63.63924026489258
49.56562805175781
36.09315872192383
59.44947814941406
43.890419006347656
55.504669189453125
70.47859191894531
33.80410385131836
37.958038330078125
52.316566467285156
30.046566009521484
52.846927642822266
54.982147216796875
58.60770034790039
51.415557861328125
43.9969482421875
43.4882926940918
35.70671081542969
52.137298583984375
25.355030059814453
47.09322738647461
35.07049560546875
32.37225341796875
49.68416213989258
75.64761352539062
36.460548400878906
36.233497619628906
78.9488525390625
40.61842346191406
35.96303939819336
40.82170104980469
68.54875946044922
66.1993637084961
77.39521026611328
33.62126541137695
23.882001876831055
64.02657318115234
40.72203063964844
44.558746337890625
44.116981506347656
32.14516067504883
53.66070556640625
38.13136672973633
48.20104217529297
36.75579071044922
20.08639144897461
90.9596939086914
28.60094451904297
51.96076202392578
60.2667121887207
55.52637481689453
26.677274703979492
69.34076690673828
44.62861251831055
30.63273048400879
9.998786926269531
32.49410629272461
50.950531005859375
45.22536087036133
15.868739128112793
37.46341323852539
51.80280685424805
33.32897186279297
40.60669708251953
32.623291015625
42.13600540161133
15.427485466003418
29.778223037719727
59.2106819152832
47.26059341430664
31.005529403686523
63.97239685058594
65.7827377319336
30.206192016601562
60.77705001831055
30.110971450805664
41.8452033996582
41.09623718261719
44.74046325683594
50.36928176879883
52.64257049560547
42.26422119140625
37.537837982177734
41.11447525024414
36.9599723815918
19.602880477905273
28.835636138916016
76.40694427490234
35.06431579589844
16.419631958007812
62.35757064819336
52.3065299987793
48.03572082519531
57.05076217651367
15.180878639221191
46.62343978881836
47.36883544921875
66.80852508544922
54.1292610168457
32.00497817993164
31.699790954589844
50.105995178222656
36.54848861694336
40.81930923461914
47.40005111694336
60.933074951171875
38.742637634277344
74.2205810546875
48.17041778564453
49.77782440185547
44.54596710205078
52.02753829956055
28.39381217956543
39.123748779296875
62.16402053833008
66.4135513305664
44.32495880126953
31.30155372619629
50.36784362792969
29.5205135345459
52.151248931884766
40.6295051574707
32.77337646484375
47.703857421875
17.100637435913086
55.4624137878418
29.37764549255371
75.15078735351562
33.49348831176758
50.82856750488281
63.39609909057617
39.62316131591797
64.87163543701172
39.335166931152344
26.286579132080078
50.23970031738281
35.87080383300781
18.509166717529297
45.13383102416992
37.46793746948242
34.17512512207031
33.26064682006836
63.293453216552734
28.482463836669922
47.99104690551758
62.66505813598633
37.71257019042969
56.7483024597168
11.632819175720215
42.347232818603516
103.61822509765625
31.371458053588867
49.17601013183594
33.82249069213867
52.91840362548828
56.34865188598633
29.37439727783203
55.812835693359375
35.527618408203125
24.172870635986328
35.296783447265625
43.020381927490234
59.50254821777344
53.98474884033203
32.700538635253906
20.985401153564453
39.97700881958008
39.98776626586914
40.63747787475586
37.98211669921875
28.414369583129883
32.05274200439453
30.81375503540039
37.38261413574219
66.39139556884766
50.31675338745117
25.394725799560547
42.06418228149414
41.803077697753906
54.713417053222656
79.8961181640625
53.4151611328125
41.09125518798828
31.751689910888672
37.47482681274414
35.1547737121582
55.035518646240234
16.94158172607422
34.70643615722656
26.58092498779297
30.30623435974121
39.27223587036133
34.923439025878906
27.456907272338867
29.51725196838379
33.742027282714844
56.76478576660156
14.742559432983398
62.96824645996094
49.96475601196289
67.61336517333984
39.32001495361328
42.05558395385742
45.552860260009766
30.754121780395508
17.570585250854492
71.48892974853516
32.68925094604492
60.15011215209961
29.585426330566406
63.32123947143555
39.781333923339844
35.0290412902832
44.98902130126953
36.28017044067383
32.040584564208984
38.68417739868164
59.28173065185547
58.2740478515625
29.707584381103516
31.2022705078125
57.43714141845703
41.16248321533203
47.11085891723633
61.23735046386719
26.2812557220459
28.256282806396484
34.016204833984375
30.494688034057617
35.06970977783203
26.949132919311523
47.03252029418945
53.269588470458984
37.86335754394531
48.2047119140625
60.274932861328125
58.12158203125
51.28650665283203
54.42498779296875
32.222660064697266
39.69724655151367
43.12003707885742
50.7294921875
10.105079650878906
41.50142288208008
50.74797821044922
45.69572067260742
37.48844909667969
33.53813552856445
70.72840118408203
58.60457992553711
41.05677795410156
41.32954406738281
37.792762756347656
31.821142196655273
29.43822479248047
49.56307601928711
32.11002731323242
42.512020111083984
29.234418869018555
36.188865661621094
85.4773178100586
39.73188781738281
44.31490707397461
41.88702392578125
37.07430648803711
36.657798767089844
54.869361877441406
35.77770233154297
48.98109436035156
48.08116912841797
29.915355682373047
42.35420608520508
51.232913970947266
17.970441818237305
31.95692253112793
37.640052795410156
51.97944641113281
25.104869842529297
33.54277038574219
48.501380920410156
36.76772689819336
51.65044021606445
20.465545654296875
51.400814056396484
61.60770797729492
49.33177947998047
44.891658782958984
44.76144027709961
35.43724060058594
71.24274444580078
50.4481086730957
33.387359619140625
50.83224105834961
45.98291015625
33.91231918334961
65.31272888183594
44.009498596191406
74.2494125366211
64.69615173339844
67.58267211914062
43.442169189453125
44.439876556396484
28.593103408813477
64.26161193847656
17.021364212036133
38.611228942871094
62.82005310058594
34.234195709228516
34.71245193481445
39.880889892578125
62.92557907104492
56.2236213684082
70.87454986572266
28.40768051147461
44.249755859375
41.81709671020508
39.20435333251953
56.854705810546875
22.090585708618164
21.388952255249023
50.852779388427734
51.85349655151367
69.5776138305664
64.65650177001953
61.20654296875
48.23676300048828
54.277767181396484
44.657901763916016
35.34571838378906
47.859703063964844
39.46882629394531
60.60857391357422
44.91341018676758
42.50568389892578
27.69407844543457
22.510875701904297
42.38859176635742
30.884225845336914
33.79899215698242
38.96731185913086
40.987281799316406
40.72423553466797
36.876739501953125
55.187767028808594
24.532516479492188
39.84553909301758
49.97518539428711
26.043651580810547
34.502403259277344
67.71365356445312
50.858848571777344
39.294921875
65.33673095703125
35.822017669677734
40.423866271972656
32.834449768066406
32.95406723022461
61.02404022216797
47.59938049316406
55.76982879638672
62.719913482666016
31.798202514648438
26.883298873901367
49.10034942626953
35.751861572265625
32.662864685058594
46.392555236816406
26.185319900512695
25.561939239501953
39.25914001464844
50.319000244140625
32.809139251708984
41.52351379394531
62.07910919189453
74.01837158203125
19.74608612060547
50.10884475708008
37.887149810791016
29.877492904663086
51.7676887512207
23.645610809326172
45.08152389526367
47.3135871887207
42.20606994628906
43.8643798828125
29.1884822845459
38.221683502197266
39.755348205566406
46.84413146972656
48.26289749145508
30.820240020751953
42.15407180786133
39.137020111083984
74.12651062011719
57.78472900390625
44.745975494384766
52.36191940307617
45.566734313964844
31.719099044799805
54.14719009399414
90.34223937988281
39.91223907470703
45.880767822265625
27.182485580444336
48.595680236816406
42.00407028198242
17.43718719482422
41.713375091552734
54.69252395629883
37.26249694824219
32.6958122253418
58.522682189941406
23.544273376464844
39.28742599487305
52.66390609741211
42.45736312866211
65.69157409667969
65.3263168334961
42.61829376220703
13.38701057434082
72.5262222290039
27.975008010864258
31.106786727905273
20.364259719848633
59.683109283447266
26.886457443237305
36.13594436645508
58.377769470214844
62.44979476928711
77.27218627929688
28.646024703979492
28.306028366088867
66.20564270019531
54.901851654052734
50.69818878173828
38.04806137084961
48.40015411376953
36.5552864074707
40.99724197387695
53.767539978027344
26.7741641998291
23.189952850341797
50.66994094848633
19.738502502441406
44.6411247253418
27.06894874572754
48.8060302734375
44.460140228271484
17.566205978393555
31.262475967407227
50.66815948486328
46.308895111083984
62.61241912841797
48.5432014465332
33.615516662597656
31.797874450683594
24.22342300415039
65.5943603515625
39.49527359008789
43.279563903808594
19.92314338684082
25.482269287109375
31.742595672607422
24.734121322631836
32.199851989746094
46.55576705932617
38.89582443237305
41.8297119140625
57.577571868896484
33.29014587402344
44.578372955322266
72.85313415527344
50.09501647949219
42.24589920043945
45.9785041809082
57.79658508300781
38.66053771972656
35.689781188964844
60.25373840332031
60.01588821411133
52.22344970703125
53.11787414550781
34.45023727416992
33.379844665527344
49.18373489379883
26.119197845458984
40.5874137878418
59.22383499145508
67.45819091796875
45.26924514770508
48.07931137084961
20.0041446685791
27.03204917907715
11.459031105041504
34.183448791503906
34.82875442504883
36.24623489379883
33.866302490234375
67.37171936035156
53.77790451049805
42.69564437866211
48.07719802856445
25.211748123168945
34.908203125
38.239158630371094
88.82564544677734
23.20346450805664
50.67045974731445
33.96932601928711
37.51496505737305
32.32746124267578
28.784284591674805
35.32352828979492
56.11872100830078
51.299495697021484
46.905967712402344
41.47297668457031
49.18539810180664
11.168182373046875
34.05924606323242
40.114341735839844
45.23475646972656
54.13719940185547
49.27283477783203
39.116485595703125
46.65380859375
65.9903793334961
39.970645904541016
29.440711975097656
54.584388732910156
25.048297882080078
46.86851119995117
33.06390380859375
80.31269836425781
44.136722564697266
43.96870803833008
43.872283935546875
50.55007553100586
40.112911224365234
25.12885284423828
24.74262046813965
11.235651969909668
27.893980026245117
56.77196502685547
12.348965644836426
39.30458068847656
27.798839569091797
31.323043823242188
21.247573852539062
46.17694091796875
30.378511428833008
30.60736083984375
47.016902923583984
25.062366485595703
67.02234649658203
45.962772369384766
51.6473388671875
42.07343673706055
17.07880973815918
27.760814666748047
35.14678192138672
29.295913696289062
47.50513458251953
16.707651138305664
51.562950134277344
34.275299072265625
44.188968658447266
30.73509979248047
59.210052490234375
89.17353820800781
51.320777893066406
38.675960540771484
27.11202049255371
48.73157501220703
28.252721786499023
41.928550720214844
46.942779541015625
40.870452880859375
64.53948974609375
30.83932876586914
19.422128677368164
57.4871940612793
49.861507415771484
45.28157424926758
33.81889724731445
44.002838134765625
47.291648864746094
84.84454345703125
55.24013900756836
47.55707550048828
57.46550369262695
54.11803436279297
47.8474235534668
24.643787384033203
37.52051544189453
50.168582916259766
24.936643600463867
40.484317779541016
48.7652587890625
51.1274528503418
44.339088439941406
60.919620513916016
58.58866882324219
62.093727111816406
31.029035568237305
67.12522888183594
54.24591827392578
60.526649475097656
69.5373764038086
56.69841003417969
38.83643341064453
39.97673416137695
37.565284729003906
45.83100891113281
19.73656463623047
61.30543518066406
67.77782440185547
41.35282897949219
71.30802917480469
19.106035232543945
43.22233581542969
67.30245208740234
76.75972747802734
36.13253402709961
58.07107162475586
38.04439163208008
23.2530460357666
45.939231872558594
39.2802734375
66.79399108886719
49.40193557739258
60.55459213256836
49.87245178222656
24.1794376373291
24.529020309448242
20.021509170532227
43.111934661865234
68.10030364990234
45.498687744140625
45.810123443603516
38.309268951416016
26.532934188842773
34.553157806396484
31.009572982788086
39.798641204833984
38.872127532958984
21.090349197387695
48.51102828979492
32.48695373535156
66.42639923095703
54.88256072998047
47.649314880371094
53.04410934448242
55.3089485168457
46.35959243774414
59.04279327392578
65.53450012207031
39.50925064086914
20.496244430541992
37.771827697753906
43.63888931274414
33.87537384033203
79.24791717529297
45.17864227294922
56.7264289855957
57.076663970947266
49.268226623535156
46.302978515625
42.85779571533203
48.38886642456055
43.252193450927734
30.013154983520508
35.509429931640625
76.16505432128906
31.19412612915039
23.08670425415039
45.43077087402344
42.570133209228516
58.312477111816406
56.63919448852539
28.464866638183594
22.471920013427734
21.866844177246094
34.2848014831543
36.86853790283203
20.061302185058594
58.27622985839844
28.505245208740234
48.90999984741211
64.20094299316406
28.127029418945312
42.96837615966797
14.737560272216797
67.24483489990234
63.13871383666992
54.29230880737305
32.4382209777832
58.10337448120117
40.049041748046875
64.26515197753906
30.497379302978516
43.75567626953125
59.68378448486328
48.13166427612305
49.105979919433594
27.530981063842773
26.479936599731445
32.988975524902344
40.53413772583008
17.092859268188477
86.34860229492188
38.844398498535156
34.632408142089844
45.518157958984375
48.688446044921875
35.3005256652832
47.5378303527832
27.01315689086914
34.582218170166016
44.486263275146484
27.96299934387207
51.370182037353516
53.69529342651367
21.6804256439209
35.66208267211914
52.53842544555664
37.69758987426758
48.820674896240234
76.25580596923828
66.04554748535156
18.67169189453125
33.062416076660156
29.08016014099121
45.235816955566406
47.55305099487305
57.037925720214844
30.461000442504883
66.6226806640625
30.45612335205078
85.29635620117188
58.39310073852539
33.27708053588867
16.20921516418457
51.65067672729492
31.73495864868164
28.53471565246582
25.367839813232422
65.51730346679688
29.664325714111328
49.33843231201172
30.9988956451416
29.389022827148438
42.50644302368164
63.905277252197266
38.649044036865234
37.00779724121094
54.05817413330078
73.35386657714844
34.900413513183594
32.49507522583008
29.765117645263672
27.6192569732666
14.67172622680664
71.2548599243164
25.406896591186523
47.01911926269531
45.29358673095703
57.658782958984375
45.041236877441406
25.82871437072754
50.52248764038086
43.75138854980469
39.50159454345703
18.010515213012695
34.76569366455078
42.1401252746582
37.39686965942383
26.078195571899414
59.53515625
89.94513702392578
54.25507736206055
48.680023193359375
31.140993118286133
38.70139694213867
28.63343048095703
72.42759704589844
17.137001037597656
40.87180709838867
56.2796630859375
62.85649871826172
48.873809814453125
48.41590881347656
32.136329650878906
36.72249221801758
75.3832778930664
31.04369354248047
40.36936569213867
54.607669830322266
50.16879653930664
37.73426055908203
33.198429107666016
78.65483856201172
31.13127326965332
59.877830505371094
29.552072525024414
26.794410705566406
48.2772102355957
37.02816390991211
68.4443588256836
26.619922637939453
43.83462142944336
38.74571990966797
58.19944381713867
26.08673095703125
15.261072158813477
25.514402389526367
60.25515365600586
17.944801330566406
46.685760498046875
40.2120246887207
36.93647384643555
61.05058670043945
34.067359924316406
57.63422393798828
73.21466827392578
21.299558639526367
62.18141174316406
44.989227294921875
37.36708450317383
32.8345832824707
42.11861038208008
59.09495544433594
44.37381362915039
52.3707389831543
56.20613479614258
44.3870735168457
25.70326042175293
45.05326843261719
65.11515808105469
50.70267105102539
39.26459503173828
35.55594253540039
42.20026397705078
27.55233383178711
82.36405181884766
44.966773986816406
58.46615219116211
36.111602783203125
49.31665802001953
41.48297882080078
15.384042739868164
24.011337280273438
39.232872009277344
53.53231430053711
70.59011840820312
60.723182678222656
52.678592681884766
84.91725158691406
54.43860626220703
46.86415100097656
43.445133209228516
35.629112243652344
48.30766677856445
54.412628173828125
46.4378662109375
29.92866325378418
19.39993667602539
41.52615737915039
45.58439254760742
52.73420333862305
28.709442138671875
34.86635971069336
36.235443115234375
33.52542495727539
66.0243911743164
59.16563034057617
30.22770118713379
40.61128234863281
47.17045211791992
77.28943634033203
32.48388671875
28.00013542175293
52.23431396484375
50.777801513671875
21.12001609802246
59.41234588623047
29.25292205810547
46.774967193603516
38.96052169799805
40.235836029052734
21.877582550048828
29.141298294067383
59.17027282714844
51.065181732177734
57.50410842895508
60.75650405883789
50.70320129394531
49.52122497558594
32.80746841430664
49.48833465576172
46.306915283203125
66.64549255371094
36.395450592041016
15.305302619934082
48.44843673706055
44.2131233215332
47.724945068359375
31.445363998413086
51.58671569824219
29.170116424560547
39.698097229003906
52.42963790893555
18.559106826782227
39.89742660522461
22.490854263305664
51.003971099853516
37.556766510009766
36.752525329589844
53.96674728393555
48.3961181640625
45.84225845336914
54.381446838378906
17.08125877380371
34.99559783935547
72.48812103271484
51.98241424560547
67.20091247558594
63.19968032836914
59.677711486816406
56.317230224609375
41.15922164916992
36.36725997924805
32.8001823425293
21.370126724243164
37.81602478027344
40.05447006225586
40.84114074707031
30.960248947143555
24.845590591430664
49.060638427734375
53.441184997558594
39.972991943359375
45.189762115478516
29.112821578979492
34.535926818847656
31.348543167114258
63.82798767089844
47.94114303588867
53.27687072753906
48.80326461791992
49.741180419921875
42.49197769165039
42.71234130859375
75.75382995605469
32.914390563964844
22.902645111083984
27.917917251586914
88.90316009521484
46.12238311767578
4.828475475311279
65.30231475830078
56.32394027709961
54.55928421020508
38.0516242980957
43.39162063598633
27.896860122680664
49.8431510925293
54.29562759399414
51.84212112426758
35.38296127319336
35.96731948852539
22.813093185424805
47.03689193725586
61.23062515258789
53.43320846557617
42.38156509399414
27.288230895996094
27.540952682495117
43.922122955322266
62.26809310913086
27.918197631835938
55.72847366333008
52.06197738647461
48.59877014160156
31.31382179260254
41.9388427734375
23.4992733001709
42.94130325317383
37.43427658081055
23.01927947998047
60.54495620727539
54.075679779052734
12.69309139251709
21.943010330200195
44.66581726074219
47.893699645996094
48.86408233642578
48.33163070678711
60.6807975769043
52.686073303222656
39.47466278076172
49.300899505615234
54.818519592285156
37.292179107666016
54.7395133972168
41.53190231323242
39.6055793762207
70.51481628417969
45.61178207397461
47.09685134887695
38.64894104003906
49.91246032714844
57.54600143432617
24.254863739013672
41.10749435424805
30.940250396728516
37.93339538574219
19.2585506439209
37.290103912353516
33.33829879760742
30.094398498535156
45.3531494140625
33.63223648071289
24.24986457824707
50.88774871826172
32.480987548828125
27.82675552368164
59.072689056396484
52.725345611572266
34.668304443359375
31.818923950195312
31.05962371826172
38.57105255126953
19.763946533203125
48.58270263671875
31.99932861328125
56.61117935180664
45.33901596069336
87.9886245727539
49.238399505615234
63.23705291748047
64.4272689819336
48.192195892333984
41.22258377075195
53.907230377197266
73.8982162475586
42.61149978637695
24.979942321777344
66.63545227050781
35.06785583496094
34.23846435546875
22.104036331176758
34.284481048583984
17.07789421081543
51.83613586425781
37.37653350830078
44.188255310058594
51.38113784790039
60.756141662597656
29.233097076416016
19.757064819335938
40.40739440917969
37.8971061706543
51.17893600463867
45.12013244628906
66.62467193603516
32.9589729309082
33.680999755859375
28.700326919555664
37.72478485107422
52.69675827026367
60.16474151611328
33.58382797241211
68.89751434326172
47.79751968383789
57.94530487060547
36.55004119873047
69.64865112304688
35.74641036987305
57.82742691040039
40.24644470214844
40.5284309387207
39.76824188232422
34.94379425048828
56.54399490356445
44.14303207397461
57.79769515991211
37.576622009277344
38.647300720214844
37.784767150878906
72.65061950683594
31.922426223754883
74.29336547851562
31.810400009155273
35.321014404296875
45.4542236328125
48.90580368041992
23.73247528076172
52.66905975341797
46.184749603271484
48.84775161743164
37.550167083740234
47.985435485839844
41.86240005493164
22.492694854736328
25.096132278442383
31.333003997802734
33.02314758300781
45.00559616088867
44.89621353149414
56.630470275878906
44.0948600769043
42.37590408325195
43.71267318725586
33.54830551147461
59.76005172729492
49.21188735961914
41.22580337524414
55.71115493774414
39.18592071533203
52.28190231323242
31.758119583129883
56.21304702758789
20.37677574157715
25.568349838256836
50.87173843383789
46.125484466552734
51.75305938720703
33.621177673339844
40.99456024169922
38.25775146484375
49.68849563598633
68.56761932373047
8.966073989868164
32.122161865234375
25.70616912841797
19.703140258789062
33.87992477416992
93.3972396850586
44.056671142578125
54.60400390625
51.120208740234375
41.96149444580078
44.783592224121094
51.44242477416992
48.97220993041992
47.3160285949707
54.64090347290039
48.945404052734375
47.26631546020508
31.121665954589844
37.815696716308594
48.32978057861328
29.755218505859375
38.68339157104492
56.0221061706543
39.18699645996094
46.27827072143555
23.332706451416016
52.564361572265625
30.506031036376953
46.44572067260742
40.53984451293945
44.21335220336914
50.96125030517578
46.619476318359375
49.629310607910156
39.222434997558594
31.10957908630371
36.70768356323242
74.2673110961914
67.14935302734375
45.6004524230957
34.255550384521484
55.28840255737305
45.528282165527344
27.60704803466797
58.119197845458984
8.985027313232422
9.614364624023438
50.414398193359375
29.407556533813477
26.848752975463867
28.162601470947266
39.824153900146484
68.97439575195312
56.73339080810547
36.94197463989258
25.083328247070312
48.909698486328125
47.84109115600586
43.485809326171875
65.9647216796875
52.025413513183594
32.80689239501953
42.472347259521484
45.52867126464844
41.901153564453125
65.3297348022461
42.34907913208008
58.785614013671875
36.8299446105957
71.45156860351562
48.02808380126953
47.71054458618164
35.157501220703125
28.178955078125
42.5377082824707
57.82544708251953
16.977336883544922
51.23466873168945
28.9156494140625
45.17091751098633
34.39236831665039
32.7547492980957
53.666141510009766
37.96799850463867
60.451725006103516
45.23249435424805
47.63795852661133
25.840373992919922
32.789146423339844
41.94541549682617
27.421733856201172
21.81291961669922
45.67811965942383
58.22135543823242
62.86704635620117
47.35216522216797
21.91572380065918
47.807186126708984
87.85475158691406
38.87446212768555
36.044288635253906
54.08750534057617
47.18983840942383
22.264297485351562
40.4895133972168
18.2875919342041
37.63417053222656
65.269775390625
55.00226974487305
54.09519577026367
65.0492172241211
41.86203384399414
49.73219299316406
31.098766326904297
45.98469543457031
58.853302001953125
44.15916442871094
47.15581512451172
47.622459411621094
52.55121612548828
40.735595703125
35.76264190673828
49.32686996459961
49.169681549072266
40.49310302734375
42.776268005371094
49.4073371887207
30.525243759155273
10.416095733642578
39.938507080078125
55.7463493347168
73.53898620605469
51.71766662597656
34.839603424072266
62.45467758178711
55.85744094848633
42.23731231689453
34.89728546142578
37.2783088684082
32.99282455444336
32.12147903442383
51.317447662353516
35.59980392456055
40.148738861083984
30.800411224365234
47.8032112121582
56.619388580322266
8.793651580810547
32.74674606323242
19.022890090942383
26.614452362060547
65.48858642578125
38.26970291137695
46.11110305786133
49.123355865478516
25.906496047973633
78.29351043701172
36.48550033569336
14.659834861755371
30.535390853881836
33.27058410644531
41.749412536621094
46.066654205322266
61.30625534057617
45.211448669433594
41.78235626220703
54.255462646484375
53.59986114501953
63.66256332397461
45.55210876464844
61.40766143798828
47.077945709228516
48.69857406616211
3.558382987976074
37.21148681640625
30.790876388549805
43.247032165527344
22.494718551635742
37.62165451049805
44.664024353027344
67.07482147216797
69.6231918334961
67.50749206542969
49.9868049621582
23.79045295715332
33.87006759643555
30.910640716552734
52.1414794921875
21.157682418823242
49.0813102722168
39.72529602050781
37.98173904418945
40.44453048706055
39.08877182006836
57.846466064453125
53.947174072265625
37.962074279785156
44.30322265625
35.216156005859375
79.71965789794922
33.758670806884766
51.98976135253906
37.04005813598633
57.44638442993164
40.75163269042969
21.749006271362305
63.56510925292969
55.931480407714844
52.9443244934082
64.3884506225586
53.814979553222656
64.50346374511719
54.10505294799805
77.3207778930664
25.976579666137695
42.641082763671875
23.123258590698242
32.20307159423828
46.479984283447266
45.73741912841797
43.63938522338867
38.488304138183594
63.30047607421875
42.71219253540039
58.23359680175781
54.49950408935547
40.41178894042969
61.022830963134766
59.526336669921875
96.75501251220703
36.06403350830078
23.94462776184082
43.52853012084961
68.7208480834961
48.81009292602539
46.63222885131836
49.09439468383789
28.10414695739746
3.9223270416259766
37.52364730834961
37.541446685791016
45.3883056640625
63.95317077636719
57.21742630004883
44.08525848388672
55.484615325927734
30.76653480529785
38.60515594482422
57.019893646240234
51.34452438354492
42.505714416503906
46.03285598754883
54.77387237548828
63.490440368652344
57.533363342285156
57.782108306884766
60.31501007080078
50.252830505371094
32.32763671875
37.861846923828125
43.723995208740234
54.21597671508789
60.51150894165039
38.46065902709961
46.0458984375
60.76373291015625
21.064571380615234
57.584136962890625
46.52714157104492
34.7685432434082
60.988861083984375
43.69844055175781
42.22346496582031
58.7950439453125
33.354522705078125
55.50782775878906
54.02522277832031
46.862274169921875
32.326900482177734
42.27442169189453
31.967639923095703
46.061309814453125
38.59145736694336
31.191736221313477
22.509368896484375
62.373016357421875
49.57790756225586
40.10097122192383
40.91805648803711
63.96194839477539
54.23996353149414
48.60219955444336
36.643577575683594
48.42397689819336
46.43528366088867
40.12344741821289
62.25900650024414
35.242122650146484
44.216468811035156
66.90301513671875
25.089874267578125
18.94279670715332
19.368656158447266
52.152610778808594
47.39154815673828
26.948827743530273
30.996387481689453
27.86838150024414
53.80929183959961
54.24237823486328
32.61302947998047
38.66495132446289
59.438507080078125
56.81135559082031
42.681854248046875
65.39681243896484
41.41909408569336
41.452171325683594
28.737102508544922
57.46009063720703
18.82554054260254
65.83631134033203
22.705167770385742
48.536930084228516
42.331748962402344
44.72124099731445
54.183536529541016
59.00387191772461
54.66176986694336
48.88275909423828
41.76225280761719
38.88455581665039
50.1895751953125
25.63341522216797
37.31280517578125
71.95464324951172
66.01144409179688
59.321292877197266
50.16908645629883
33.5850715637207
77.48223876953125
39.02635955810547
56.70174789428711
64.15705871582031
49.87672424316406
25.636032104492188
68.01252746582031
50.33561706542969
33.17372131347656
54.89344024658203
40.81816101074219
20.08636474609375
18.108938217163086
30.50532341003418
48.994300842285156
50.196224212646484
33.875335693359375
38.07514572143555
66.61744689941406
37.45405578613281
31.40761947631836
57.11294937133789
55.0633430480957
72.33076477050781
41.66482925415039
49.67156219482422
24.535900115966797
49.35941696166992
33.704917907714844
36.97988510131836
35.98582077026367
26.433374404907227
50.81038284301758
46.1383171081543
69.7435302734375
49.17075729370117
42.934818267822266
44.755306243896484
60.648529052734375
23.419557571411133
35.31886672973633
31.709022521972656
42.090248107910156
62.612545013427734
46.69094467163086
27.564422607421875
56.83341598510742
25.14927864074707
50.221012115478516
38.208168029785156
37.02077102661133
52.19328308105469
80.43998718261719
45.25104904174805
21.824357986450195
41.31801986694336
37.51948165893555
25.783021926879883
48.49757385253906
48.89824295043945
43.8649787902832
40.56721115112305
35.021724700927734
33.485252380371094
43.32967758178711
22.686193466186523
33.39081573486328
30.817859649658203
42.86321258544922
47.50883102416992
43.068145751953125
24.136640548706055
46.76792526245117
42.55588150024414
41.595237731933594
60.93413162231445
63.06700134277344
56.42277145385742
27.24504280090332
60.93525314331055
62.81233215332031
38.209224700927734
31.09345245361328
41.61106872558594
47.397193908691406
14.622132301330566
41.253089904785156
28.750289916992188
24.061668395996094
39.711795806884766
31.96733856201172
48.626548767089844
63.614051818847656
29.62370491027832
33.43859100341797
44.201812744140625
39.936668395996094
38.71502685546875
57.634029388427734
21.222314834594727
73.10536193847656
39.0557975769043
33.14793395996094
38.617088317871094
26.92711067199707
62.485740661621094
45.84864807128906
52.80118179321289
51.261390686035156
30.34748077392578
59.331180572509766
45.8410758972168
46.407325744628906
43.74340057373047
42.71638870239258
41.222110748291016
66.33193969726562
27.52800750732422
23.443248748779297
50.095680236816406
79.77909851074219
55.5333251953125
40.18498229980469
37.15591812133789
53.071449279785156
57.55722427368164
57.82712936401367
20.283140182495117
63.19163513183594
47.141754150390625
27.109254837036133
41.06948471069336
27.98609161376953
72.28582000732422
27.530807495117188
34.1224479675293
40.1290168762207
36.717628479003906
52.479827880859375
55.41395568847656
34.33318328857422
38.79880142211914
23.78592300415039
44.80449295043945
43.7781867980957
34.131378173828125
47.95927810668945
56.915687561035156
49.4321174621582
51.265628814697266
49.3184814453125
21.533082962036133
51.20000457763672
51.413753509521484
42.12881851196289
42.3884162902832
62.55126190185547
31.348581314086914
51.157814025878906
57.4912109375
27.426076889038086
44.8491325378418
36.68939208984375
47.21058654785156
28.55510902404785
38.28956985473633
36.58573532104492
37.3829460144043
33.768924713134766
16.883777618408203
69.09722137451172
40.002838134765625
38.10198211669922
24.879880905151367
53.50020980834961
43.8287467956543
40.78369140625
48.7741584777832
48.059715270996094
25.023515701293945
46.39593505859375
44.6784553527832
50.65385437011719
43.84898376464844
49.7692756652832
32.07659912109375
49.21951675415039
18.202350616455078
27.92784309387207
49.959293365478516
88.84638977050781
77.13914489746094
46.8590087890625
47.50336837768555
50.758392333984375
31.558080673217773
58.4664306640625
34.69124221801758
62.66940689086914
41.70310592651367
46.70116424560547
44.95991516113281
44.973915100097656
39.981536865234375
30.960283279418945
26.98136329650879
34.33177947998047
42.867332458496094
42.15705871582031
50.607086181640625
43.10993957519531
25.563522338867188
44.98569869995117
42.798648834228516
66.10174560546875
14.251982688903809
74.43629455566406
43.929100036621094
22.892322540283203
45.81208801269531
33.9632568359375
46.53921890258789
19.10283851623535
32.70103454589844
45.8203010559082
80.60212707519531
34.876976013183594
16.26168441772461
51.47172546386719
62.6800537109375
29.302587509155273
28.640356063842773
51.19334411621094
51.44768524169922
42.09794235229492
35.86081314086914
28.11659049987793
73.55951690673828
44.7880973815918
44.071258544921875
44.99333953857422
32.076229095458984
42.82359313964844
64.77983856201172
68.06211853027344
38.4459342956543
32.118900299072266
40.88108444213867
39.465370178222656
39.926605224609375
43.350284576416016
59.83378601074219
61.56694412231445
34.38541030883789
35.326908111572266
45.432193756103516
36.62961959838867
59.953399658203125
41.47688293457031
47.2436637878418
46.39138412475586
32.66660690307617
58.7008171081543
45.510623931884766
32.79887390136719
40.889461517333984
26.78154945373535
58.67790985107422
73.5470962524414
50.06623840332031
43.94887924194336
57.181182861328125
51.93960189819336
47.70729446411133
43.54259490966797
49.56482696533203
54.53178787231445
54.96460723876953
31.020858764648438
42.255332946777344
38.61793518066406
34.28727340698242
38.9126091003418
51.709835052490234
58.68210220336914
80.85747528076172
11.420196533203125
24.186708450317383
17.108007431030273
36.666908264160156
73.90663146972656
34.13725280761719
66.64279174804688
33.00044631958008
44.025699615478516
28.653661727905273
45.93922424316406
54.157676696777344
52.98534393310547
74.29094696044922
55.720890045166016
58.624183654785156
40.81790542602539
57.77033233642578
39.428260803222656
25.61602020263672
42.894065856933594
58.1986198425293
80.13275909423828
41.46232986450195
74.51200866699219
33.6922492980957
55.61601638793945
64.37488555908203
19.86128807067871
29.286781311035156
24.918420791625977
47.09048843383789
47.48686218261719
11.517112731933594
21.601112365722656
49.703819274902344
41.19992446899414
35.633358001708984
64.57304382324219
55.10432434082031
33.74596405029297
46.83936309814453
31.65873146057129
43.43377685546875
59.81094741821289
47.31660842895508
55.009971618652344
16.74332046508789
56.41661834716797
61.15544128417969
34.51298141479492
25.693788528442383
85.26483154296875
47.484745025634766
52.8947868347168
59.71159744262695
63.29965591430664
53.268959045410156
35.726348876953125
39.70322799682617
42.332637786865234
49.01200485229492
42.231422424316406
31.919551849365234
28.965734481811523
41.7811279296875
50.401432037353516
38.5085334777832
46.000606536865234
48.236995697021484
71.58094024658203
38.085243225097656
48.121891021728516
37.175907135009766
48.91569900512695
40.4502067565918
39.567710876464844
53.97392654418945
38.14971923828125
20.41191864013672
48.484352111816406
17.705230712890625
62.103633880615234
55.38457489013672
59.632476806640625
47.937957763671875
37.650936126708984
36.8090705871582
55.105892181396484
36.946109771728516
38.17277908325195
40.38576889038086
23.93830108642578
62.238853454589844
28.830894470214844
41.5710334777832
47.150596618652344
57.166805267333984
58.51097106933594
47.7738151550293
33.0570068359375
