16.941574096679688
49.10254669189453
29.826465606689453
49.58792495727539
38.895484924316406
38.09331512451172
38.76698684692383
34.25161361694336
17.84624481201172
35.907012939453125
46.089237213134766
23.56673812866211
29.569808959960938
45.54351806640625
31.097061157226562
30.390968322753906
54.39730453491211
30.57236099243164
23.136859893798828
19.174610137939453
13.815123558044434
35.73501205444336
21.753429412841797
32.0401611328125
46.3752326965332
16.94493865966797
26.73960304260254
24.960678100585938
58.88020706176758
50.775394439697266
24.02945899963379
59.038307189941406
35.93849182128906
35.05017852783203
29.816783905029297
34.88447189331055
21.82386589050293
27.891530990600586
26.604360580444336
19.732280731201172
23.89992904663086
21.1689453125
31.892499923706055
23.928787231445312
19.457490921020508
56.60895538330078
38.847320556640625
29.446319580078125
48.5561408996582
43.338645935058594
19.380239486694336
40.10884094238281
40.70856475830078
29.714197158813477
63.58012008666992
15.904260635375977
46.059940338134766
44.84583282470703
55.03711700439453
24.587556838989258
30.979042053222656
34.5706787109375
26.364608764648438
21.42188262939453
60.02208709716797
37.652339935302734
57.06000900268555
7.8227925300598145
44.895912170410156
54.902156829833984
22.906776428222656
39.90960693359375
47.24655532836914
58.169368743896484
33.88526153564453
26.43012237548828
67.51480102539062
18.44239616394043
7.893835544586182
38.49030303955078
31.346590042114258
34.15363311767578
26.128742218017578
25.847576141357422
20.997344970703125
31.92390251159668
30.007083892822266
28.93219566345215
31.15924835205078
45.26058578491211
31.474306106567383
22.937898635864258
35.387969970703125
26.12980079650879
47.51594543457031
14.972471237182617
36.5487174987793
43.55595397949219
52.52296447753906
47.97560501098633
38.32872009277344
14.12936782836914
36.1238899230957
21.818588256835938
42.324798583984375
30.06784439086914
22.217992782592773
53.77063751220703
33.391502380371094
31.05487823486328
41.89680099487305
47.321903228759766
17.282079696655273
34.8043098449707
47.11819076538086
25.222640991210938
39.041107177734375
44.80246353149414
18.669166564941406
37.579185485839844
25.216733932495117
15.464253425598145
26.088390350341797
44.78383255004883
42.30078125
30.622570037841797
29.355682373046875
24.342031478881836
26.354843139648438
62.98078536987305
24.40911293029785
22.004438400268555
52.210716247558594
9.714052200317383
33.230262756347656
30.240671157836914
25.54776382446289
48.32061767578125
43.335609436035156
29.864151000976562
39.943721771240234
49.05902099609375
37.19960021972656
14.941388130187988
38.71718215942383
16.185672760009766
35.23574447631836
29.03026008605957
44.821529388427734
35.31956481933594
37.1078987121582
25.1322021484375
41.639549255371094
43.00117492675781
40.62385940551758
27.906997680664062
47.985626220703125
51.606266021728516
20.886789321899414
33.715152740478516
33.122432708740234
48.24760818481445
44.92864990234375
8.907187461853027
48.21834945678711
31.953001022338867
21.214025497436523
14.221549987792969
47.890357971191406
15.318497657775879
41.92581558227539
48.23573684692383
37.42873001098633
24.878263473510742
44.420631408691406
38.97625732421875
55.28938674926758
46.226478576660156
25.93802833557129
34.81159591674805
50.80282974243164
35.416114807128906
29.974102020263672
18.295806884765625
65.77511596679688
39.05976867675781
33.09321975708008
42.480674743652344
48.75284194946289
5.738585948944092
33.075809478759766
40.77801513671875
50.097084045410156
32.453216552734375
46.62267303466797
32.48031997680664
30.886045455932617
19.63323402404785
39.44719696044922
33.47591018676758
37.72171401977539
22.64470100402832
24.46696662902832
27.24585723876953
37.894256591796875
54.982181549072266
32.403106689453125
41.176265716552734
31.656465530395508
44.26094055175781
29.37403106689453
9.207569122314453
37.94306182861328
11.535594940185547
38.53770065307617
34.03116989135742
41.04234313964844
35.90896987915039
55.332130432128906
42.69102096557617
23.250011444091797
18.452035903930664
24.892793655395508
29.18576431274414
28.07364273071289
58.60555648803711
49.48939514160156
22.85728645324707
39.166934967041016
79.7510757446289
30.03220558166504
46.57155227661133
32.68819808959961
44.94380569458008
38.14922332763672
19.2449893951416
63.55729675292969
30.096906661987305
30.32843780517578
35.44231414794922
36.520076751708984
31.81951332092285
30.475473403930664
46.20378112792969
20.459684371948242
39.04734802246094
33.73250961303711
40.71868133544922
39.25424575805664
37.85737609863281
16.889583587646484
21.915878295898438
37.98249435424805
36.62826156616211
35.90522766113281
53.331050872802734
32.526885986328125
20.60515594482422
40.60862731933594
17.060503005981445
32.8085823059082
30.40415382385254
34.027706146240234
39.400089263916016
28.53514289855957
21.896751403808594
25.63410758972168
13.412515640258789
18.447608947753906
49.55868148803711
36.206302642822266
24.949968338012695
40.160831451416016
26.184831619262695
28.417272567749023
34.365203857421875
31.319564819335938
65.16519927978516
45.22947311401367
52.49118423461914
45.73580551147461
44.40361404418945
24.811920166015625
48.21432113647461
9.19274616241455
36.49184036254883
8.569046020507812
19.74505615234375
37.04666519165039
34.3779182434082
48.75676345825195
44.685020446777344
41.11741256713867
30.85940933227539
17.113811492919922
37.5462646484375
39.77204895019531
41.99529266357422
31.097457885742188
11.410655975341797
10.893460273742676
37.85962677001953
30.225601196289062
26.293598175048828
56.352821350097656
45.884883880615234
18.950733184814453
28.34136390686035
44.889991760253906
12.576359748840332
28.890945434570312
34.23904037475586
18.49210548400879
34.28238296508789
33.9001579284668
21.919334411621094
25.123579025268555
17.450170516967773
14.58287525177002
10.11314582824707
4.664437294006348
33.763614654541016
39.90627670288086
7.870465278625488
40.870689392089844
29.411026000976562
61.27907180786133
21.696735382080078
16.34197998046875
29.550487518310547
13.503055572509766
35.513545989990234
43.465599060058594
51.97476577758789
37.13921356201172
15.490446090698242
44.6820068359375
26.48601722717285
32.399620056152344
31.031869888305664
38.23986053466797
29.414777755737305
34.82514572143555
34.8322868347168
34.181365966796875
44.19799041748047
40.58551788330078
26.740549087524414
35.78417205810547
36.65921401977539
14.97079849243164
40.22624588012695
28.302288055419922
19.278305053710938
17.92290496826172
25.84964370727539
19.918560028076172
27.278413772583008
60.73182678222656
31.506103515625
25.1348819732666
18.605424880981445
20.787471771240234
49.896366119384766
43.51013946533203
33.327388763427734
31.546236038208008
30.978904724121094
35.65616989135742
27.363269805908203
24.414541244506836
34.53203201293945
43.03874206542969
72.43917846679688
42.592342376708984
18.84947967529297
17.65437889099121
64.81585693359375
31.88638687133789
42.357460021972656
25.51243782043457
22.133119583129883
28.538379669189453
26.12801742553711
45.364200592041016
45.55400466918945
24.9675235748291
23.046640396118164
33.456783294677734
35.69102478027344
38.106597900390625
40.619163513183594
38.29508590698242
24.753881454467773
40.169593811035156
40.94287872314453
53.381675720214844
34.26430130004883
36.88081741333008
39.43709182739258
42.29253387451172
49.66795349121094
45.319053649902344
15.77175521850586
30.4267520904541
39.27199935913086
41.88520050048828
62.231204986572266
15.595552444458008
34.785972595214844
42.68721389770508
44.42623519897461
40.916629791259766
19.269731521606445
46.53099822998047
27.265913009643555
17.465402603149414
12.914449691772461
33.6551399230957
11.323873519897461
26.193435668945312
34.52089309692383
51.42803192138672
44.74232482910156
30.48295021057129
37.0579833984375
30.38576316833496
49.862693786621094
34.076377868652344
52.13190460205078
8.559860229492188
38.08910369873047
44.01677703857422
33.817710876464844
35.7442626953125
1.1511056423187256
25.93376922607422
40.3452262878418
25.404205322265625
30.344297409057617
45.97315216064453
26.95030403137207
53.10658264160156
50.39949035644531
41.888343811035156
24.590087890625
41.90852737426758
59.22126770019531
44.29507064819336
24.28605842590332
30.852283477783203
33.81669616699219
34.10563278198242
36.47043228149414
16.27586555480957
6.623072147369385
69.05619049072266
45.89864730834961
25.205514907836914
33.9497184753418
31.556520462036133
27.253055572509766
40.2819709777832
46.59299087524414
34.32326126098633
16.38736343383789
34.3089599609375
64.30775451660156
24.429901123046875
17.08420181274414
25.410625457763672
28.693683624267578
23.471588134765625
31.42316436767578
35.34002685546875
15.609343528747559
36.488990783691406
27.97074317932129
30.548839569091797
37.367733001708984
30.01394271850586
45.239227294921875
22.657060623168945
68.6913833618164
20.92302894592285
14.918492317199707
9.449185371398926
26.295738220214844
29.12550163269043
40.984031677246094
27.33600616455078
27.49234962463379
37.832820892333984
43.022789001464844
27.894229888916016
47.09220504760742
10.266393661499023
43.49300003051758
27.75546646118164
41.97470474243164
27.338777542114258
30.115222930908203
33.653907775878906
18.814739227294922
23.18606948852539
26.16815757751465
17.2397518157959
32.18486404418945
49.15228271484375
28.139080047607422
41.68728256225586
34.76329803466797
42.91330337524414
37.955345153808594
14.987842559814453
35.87760543823242
39.458133697509766
57.063194274902344
42.77863311767578
38.67510223388672
15.021708488464355
35.31895446777344
30.371715545654297
37.50168228149414
39.94621658325195
24.08155059814453
28.797922134399414
39.3850212097168
36.26039505004883
29.761268615722656
29.68782615661621
27.62124252319336
30.733558654785156
22.195281982421875
40.1676139831543
5.871212005615234
22.51774787902832
25.81334686279297
25.37893295288086
41.79848098754883
28.803754806518555
71.94465637207031
27.692302703857422
36.34520721435547
29.262205123901367
36.210533142089844
48.97175979614258
17.44462776184082
44.275115966796875
27.386449813842773
43.87663650512695
62.10684585571289
28.424530029296875
12.111676216125488
60.04108428955078
37.84416580200195
16.902681350708008
28.57955551147461
47.56337356567383
36.40092849731445
21.737388610839844
27.703256607055664
32.07870101928711
47.77031326293945
58.50591278076172
41.0904426574707
35.07106399536133
36.12798309326172
71.86810302734375
16.881786346435547
23.343690872192383
23.027803421020508
46.279842376708984
22.421125411987305
27.593719482421875
39.72019958496094
41.774349212646484
46.106380462646484
29.30156135559082
45.2187385559082
35.319847106933594
52.552398681640625
62.810306549072266
20.743288040161133
16.62809181213379
23.14104652404785
25.638042449951172
54.110450744628906
35.6975212097168
34.02810287475586
27.4749698638916
24.08744239807129
15.054916381835938
29.119150161743164
31.417917251586914
46.48235321044922
28.627649307250977
28.039791107177734
22.70728302001953
52.310874938964844
30.890214920043945
25.290390014648438
36.820247650146484
20.071596145629883
26.307849884033203
20.3000545501709
39.038787841796875
43.293582916259766
36.60044860839844
52.867462158203125
34.68455505371094
36.72703170776367
40.74858093261719
35.83566665649414
39.37435531616211
30.707773208618164
47.8514289855957
34.578983306884766
37.52260208129883
46.86796569824219
18.110532760620117
35.394630432128906
22.252742767333984
37.67723846435547
37.671546936035156
24.06673812866211
33.797027587890625
42.496578216552734
69.05791473388672
42.35567092895508
35.6854362487793
29.240802764892578
78.35223388671875
26.3715763092041
51.100135803222656
31.916793823242188
40.663475036621094
34.044189453125
8.320226669311523
31.218618392944336
44.152931213378906
31.832855224609375
58.97434616088867
33.861759185791016
32.09764099121094
28.05891227722168
28.34363555908203
22.463613510131836
31.820722579956055
38.217063903808594
40.18901824951172
48.53878402709961
27.113208770751953
28.654054641723633
46.52415084838867
44.8824348449707
35.64228439331055
57.298343658447266
47.339088439941406
59.05000686645508
26.204999923706055
30.389406204223633
22.24929428100586
46.23295593261719
16.354625701904297
53.98525619506836
29.307392120361328
42.122188568115234
42.51456069946289
35.203304290771484
9.864500999450684
23.46561622619629
37.25405502319336
32.519935607910156
17.601110458374023
28.451847076416016
29.071632385253906
44.54545974731445
30.202547073364258
24.70659065246582
39.601192474365234
25.620229721069336
41.914093017578125
50.163360595703125
27.12301254272461
36.936492919921875
24.41611099243164
14.957155227661133
39.41878890991211
29.2391414642334
19.561710357666016
45.95928955078125
23.188827514648438
32.01160430908203
39.43621826171875
50.386329650878906
31.107242584228516
46.631649017333984
43.69996643066406
21.078548431396484
20.566566467285156
16.80655288696289
50.89914321899414
28.361106872558594
30.738027572631836
14.96749210357666
25.603960037231445
22.655139923095703
35.09420394897461
34.2600212097168
14.554122924804688
19.231861114501953
18.879741668701172
25.75480842590332
49.583778381347656
41.26264953613281
35.4029426574707
41.448760986328125
52.59967041015625
26.512216567993164
24.69464683532715
35.21063995361328
40.24882507324219
51.296348571777344
32.11545944213867
24.209562301635742
38.119327545166016
37.23310470581055
36.0518684387207
53.164451599121094
34.221702575683594
28.080907821655273
42.17527389526367
40.036720275878906
41.818721771240234
42.37767791748047
20.37751007080078
40.55049514770508
32.47940444946289
39.751373291015625
34.7042121887207
51.195682525634766
46.554039001464844
27.22825050354004
34.057373046875
28.695703506469727
56.49726104736328
23.63517189025879
27.234241485595703
43.465110778808594
31.75
49.054046630859375
33.276145935058594
25.911195755004883
34.23244857788086
27.03264808654785
51.580814361572266
15.97119140625
33.120018005371094
63.241737365722656
29.989582061767578
15.257747650146484
48.5145263671875
7.984997749328613
27.656776428222656
35.87001037597656
47.195552825927734
63.43669128417969
17.07019805908203
19.54842758178711
11.654570579528809
27.256826400756836
32.32048034667969
16.475034713745117
23.833267211914062
22.802270889282227
28.48591423034668
56.13500213623047
28.324440002441406
74.42957305908203
43.38322067260742
28.23574447631836
56.86042785644531
47.29426956176758
39.51652526855469
31.858470916748047
29.80615997314453
30.590742111206055
64.61001586914062
30.57761573791504
34.387413024902344
62.102413177490234
23.340011596679688
46.580078125
45.011470794677734
59.8574104309082
16.06938934326172
21.661487579345703
30.540508270263672
54.57029342651367
8.865772247314453
50.5618782043457
22.12662696838379
14.81558609008789
25.561105728149414
39.630882263183594
18.822080612182617
14.32989501953125
11.11759090423584
15.844683647155762
24.193693161010742
58.32691955566406
29.725055694580078
51.276485443115234
42.560943603515625
29.29863166809082
41.40153121948242
49.92942428588867
16.94744300842285
39.656368255615234
22.8230037689209
36.60869216918945
31.3460693359375
35.5075798034668
38.06321716308594
18.352209091186523
35.68864822387695
54.746089935302734
24.646289825439453
23.00218963623047
16.095596313476562
47.18998336791992
36.56235885620117
58.48086166381836
26.043899536132812
32.185054779052734
14.154231071472168
32.47745132446289
35.584415435791016
34.1786994934082
27.2054443359375
31.519184112548828
42.873558044433594
58.23943328857422
53.00035858154297
6.277724266052246
39.06354522705078
39.196861267089844
34.96092224121094
28.151538848876953
30.523956298828125
20.703807830810547
7.553455352783203
54.52009201049805
34.74235534667969
33.771392822265625
22.094757080078125
40.89524459838867
66.13184356689453
37.73500442504883
43.41130828857422
47.24152755737305
31.086414337158203
13.370170593261719
37.16778564453125
34.24237823486328
47.584346771240234
21.76194190979004
30.82611846923828
20.800546646118164
39.50059127807617
32.555511474609375
37.713462829589844
50.343536376953125
7.909561634063721
57.16154098510742
32.31430435180664
47.43593215942383
28.76741600036621
26.818044662475586
35.48827362060547
26.93067169189453
20.809473037719727
16.743188858032227
50.35432434082031
31.713783264160156
45.93818283081055
26.518178939819336
26.117321014404297
29.188995361328125
37.92176818847656
28.354331970214844
24.636417388916016
13.992712020874023
45.00725173950195
41.748714447021484
46.184288024902344
22.34632110595703
62.20791244506836
38.656837463378906
21.098094940185547
42.504356384277344
34.98309326171875
22.591232299804688
20.385873794555664
25.926942825317383
70.46426391601562
26.244592666625977
25.253170013427734
18.975177764892578
22.835948944091797
44.094661712646484
46.1944694519043
37.75433349609375
51.656280517578125
30.643638610839844
51.177337646484375
71.84175872802734
30.187814712524414
47.45079040527344
28.055309295654297
73.51139068603516
28.76129150390625
26.75126075744629
13.686517715454102
20.569137573242188
21.362394332885742
38.11051940917969
26.417591094970703
53.27227783203125
22.340118408203125
34.189205169677734
27.794832229614258
39.1072883605957
24.648839950561523
28.29855728149414
64.22245788574219
29.91744041442871
36.93578338623047
38.12464141845703
26.61434555053711
44.51469802856445
37.081783294677734
24.50851821899414
45.252281188964844
54.983699798583984
23.99641227722168
32.49363708496094
33.47227096557617
33.28672790527344
34.42612075805664
31.336050033569336
47.95465087890625
42.01226043701172
30.076160430908203
36.498226165771484
27.19036865234375
47.387393951416016
32.88632583618164
16.8571720123291
29.661834716796875
21.291854858398438
40.1063232421875
19.823516845703125
34.83906555175781
36.52451705932617
28.691450119018555
38.69734191894531
36.07262420654297
34.433475494384766
44.947242736816406
61.72207260131836
35.461544036865234
44.65347671508789
34.97868347167969
16.378530502319336
52.9564208984375
32.24058532714844
26.738691329956055
35.80859375
17.675098419189453
33.8895378112793
23.467775344848633
24.455244064331055
15.062077522277832
31.2560977935791
23.758638381958008
23.721149444580078
33.461177825927734
48.977054595947266
16.922401428222656
22.45185089111328
45.729454040527344
32.7282600402832
36.244380950927734
26.778114318847656
16.185928344726562
44.968727111816406
35.88548278808594
20.662921905517578
58.69198226928711
37.15994644165039
44.60123062133789
8.091920852661133
25.915630340576172
33.26706314086914
31.039640426635742
40.21063995361328
44.89860534667969
27.85711097717285
48.98911666870117
33.622379302978516
30.87019157409668
28.804258346557617
35.23981475830078
36.808876037597656
32.75634765625
31.7514705657959
40.081600189208984
53.643775939941406
15.05597972869873
20.642345428466797
66.5565185546875
39.1003532409668
49.70355224609375
26.67987060546875
38.26311492919922
79.37845611572266
35.467594146728516
16.67485809326172
29.153919219970703
18.004234313964844
30.51759910583496
36.85634994506836
36.89112091064453
61.637489318847656
62.5705680847168
32.79977035522461
31.167499542236328
32.91132736206055
49.64790725708008
27.893033981323242
16.649335861206055
52.806941986083984
35.689971923828125
27.109189987182617
26.164609909057617
50.701812744140625
21.782297134399414
74.10891723632812
22.933753967285156
24.47059440612793
27.403606414794922
39.17176818847656
51.994903564453125
12.154484748840332
17.065893173217773
31.945417404174805
26.05613136291504
40.38604736328125
30.58894920349121
55.15031814575195
38.17839431762695
23.25095558166504
54.119789123535156
35.20658493041992
57.42779541015625
46.567481994628906
36.02862548828125
9.518007278442383
29.396194458007812
27.65694808959961
47.25673294067383
32.758914947509766
31.102331161499023
27.85259437561035
13.92927360534668
44.17478942871094
42.47519302368164
53.790283203125
40.643497467041016
30.733449935913086
24.26268196105957
27.626039505004883
42.75222396850586
35.5661735534668
43.934608459472656
41.15258026123047
15.52700138092041
2.8099589347839355
31.044626235961914
27.36098289489746
24.906169891357422
51.53020095825195
44.212257385253906
55.991058349609375
28.740703582763672
34.39529800415039
10.995267868041992
40.97832489013672
38.054847717285156
61.92994689941406
51.149227142333984
32.46085739135742
53.42021942138672
39.56671905517578
42.23283004760742
38.94612503051758
32.272735595703125
26.28322410583496
36.6255989074707
21.888145446777344
27.191730499267578
23.13347816467285
41.37155532836914
41.828311920166016
37.33891677856445
29.685222625732422
16.675764083862305
24.157638549804688
37.140838623046875
14.671881675720215
43.317054748535156
58.17264175415039
22.50491714477539
22.438077926635742
28.342782974243164
17.077354431152344
27.962305068969727
35.79447937011719
29.260576248168945
38.1800422668457
26.435726165771484
5.945362091064453
39.359249114990234
15.581955909729004
22.8753719329834
57.84922790527344
2.4075803756713867
55.52438735961914
36.636085510253906
39.30596923828125
38.290252685546875
51.05746841430664
38.94126510620117
23.786914825439453
18.768962860107422
25.46973991394043
28.433191299438477
79.95462799072266
25.036264419555664
36.636444091796875
31.834606170654297
31.298120498657227
56.47606658935547
18.2427921295166
12.43859577178955
37.90526580810547
28.87434959411621
32.95820236206055
38.102745056152344
35.35872268676758
34.98530578613281
15.238054275512695
61.65011978149414
39.499229431152344
24.88799476623535
53.19394302368164
27.88823699951172
20.83123779296875
52.32024383544922
20.874319076538086
23.2491512298584
25.002647399902344
23.310909271240234
48.26530838012695
24.031850814819336
36.13039016723633
35.026248931884766
51.57938003540039
35.46565246582031
34.578060150146484
25.54741096496582
32.91023254394531
24.216583251953125
35.423484802246094
30.751541137695312
44.26234436035156
35.762939453125
40.359100341796875
33.27694320678711
18.12433433532715
33.46043014526367
47.47241973876953
35.55316925048828
45.58098602294922
22.21360969543457
38.864009857177734
31.479393005371094
25.19904136657715
43.54850769042969
53.627235412597656
33.397335052490234
21.268821716308594
28.870973587036133
67.49394226074219
41.276206970214844
53.404544830322266
43.41081237792969
50.95953369140625
30.632036209106445
21.73654556274414
38.96220397949219
29.977331161499023
36.007225036621094
22.753084182739258
22.221149444580078
47.484649658203125
28.165342330932617
26.792850494384766
64.73267364501953
12.8972749710083
42.15348815917969
30.031930923461914
27.088056564331055
32.01500701904297
13.814403533935547
50.53299331665039
22.477764129638672
8.499685287475586
32.97575759887695
17.931068420410156
17.724773406982422
38.657691955566406
17.988361358642578
24.505468368530273
32.627445220947266
64.9462890625
38.756866455078125
16.61385726928711
47.90275192260742
35.99939727783203
31.44768714904785
31.89546775817871
17.244199752807617
36.20915222167969
26.140085220336914
26.262542724609375
27.511947631835938
33.00754165649414
9.954601287841797
47.068050384521484
66.69499969482422
23.453556060791016
27.287250518798828
22.936508178710938
41.4974479675293
17.414737701416016
26.75861358642578
42.90110397338867
40.91505813598633
38.53879165649414
34.4449462890625
34.91571807861328
19.258655548095703
17.658313751220703
32.88239669799805
24.356815338134766
45.17836380004883
38.81199264526367
26.97013282775879
44.125308990478516
47.141357421875
15.598040580749512
35.69153594970703
25.165342330932617
72.64712524414062
62.23052978515625
46.021240234375
41.547523498535156
37.52325439453125
14.73959732055664
37.42623519897461
33.64007568359375
28.99832534790039
35.1824836730957
44.66672134399414
26.013288497924805
58.44196319580078
41.22971725463867
21.465267181396484
39.53227996826172
33.647560119628906
34.995140075683594
43.90471649169922
53.48910903930664
43.70815658569336
27.44914436340332
25.007272720336914
14.608492851257324
45.85554122924805
36.130828857421875
22.49493980407715
42.22146987915039
49.25695037841797
39.711605072021484
28.518051147460938
38.01887130737305
44.318382263183594
26.38538932800293
42.429752349853516
42.62517547607422
43.47547149658203
47.31473922729492
23.733877182006836
24.144086837768555
55.297264099121094
39.97513961791992
37.40666961669922
22.027477264404297
36.724082946777344
30.603845596313477
36.52101135253906
20.721328735351562
67.25221252441406
14.731074333190918
26.989299774169922
42.32420349121094
44.815818786621094
42.730751037597656
44.79189682006836
49.25837326049805
31.817968368530273
38.058834075927734
34.18072509765625
17.167510986328125
35.627498626708984
47.833770751953125
33.99533462524414
31.209976196289062
30.852062225341797
34.13676452636719
26.352066040039062
34.72035598754883
39.51242446899414
45.251197814941406
35.22722625732422
43.93832778930664
48.21819305419922
34.18710708618164
31.450227737426758
11.89178466796875
23.79513931274414
27.86531639099121
39.058345794677734
32.659542083740234
59.997413635253906
33.082183837890625
36.272857666015625
27.08766746520996
34.17134475708008
18.60934829711914
31.53809356689453
48.15474319458008
42.1683464050293
46.2623176574707
44.89346694946289
30.044111251831055
43.40663528442383
42.02217483520508
57.19451141357422
33.78497314453125
27.907007217407227
71.6749267578125
29.88374137878418
50.313106536865234
24.928560256958008
37.131996154785156
28.67098045349121
43.207542419433594
14.569759368896484
26.422080993652344
10.760685920715332
30.249481201171875
30.05862808227539
26.404531478881836
33.32280349731445
33.37110137939453
15.807294845581055
52.92580032348633
58.52619552612305
42.94904708862305
27.63590431213379
35.50511932373047
27.613956451416016
51.2707633972168
42.36029815673828
60.32078170776367
38.18463897705078
58.27228546142578
29.89263343811035
23.16225814819336
32.76044845581055
39.64708709716797
52.231201171875
47.95378494262695
36.79372787475586
9.245586395263672
35.70405197143555
46.29076385498047
38.981746673583984
26.777433395385742
35.97794723510742
31.785600662231445
40.86124038696289
20.319684982299805
8.9762601852417
25.764677047729492
22.291446685791016
13.611420631408691
41.983863830566406
38.6925048828125
18.714445114135742
28.875408172607422
29.418968200683594
36.53932571411133
22.742565155029297
54.25615692138672
31.88487434387207
33.63863754272461
50.58189392089844
23.219337463378906
39.89933395385742
19.4940185546875
45.72372817993164
46.08694076538086
30.001285552978516
22.06161880493164
35.868263244628906
42.91038131713867
32.836708068847656
21.457164764404297
36.32332229614258
52.10057067871094
20.150876998901367
31.683862686157227
39.55200958251953
34.63453674316406
26.54514503479004
29.403141021728516
18.920068740844727
59.55301284790039
19.983905792236328
44.62387466430664
46.536865234375
35.05258560180664
50.3509521484375
43.69692611694336
38.37921905517578
26.342906951904297
10.203303337097168
26.56269645690918
50.99020004272461
43.47476577758789
17.43975830078125
20.88117027282715
27.752479553222656
50.18133544921875
27.015823364257812
21.95597267150879
38.58040237426758
31.582963943481445
18.89467430114746
41.97043991088867
32.26355743408203
50.329063415527344
28.121706008911133
50.85281753540039
29.582313537597656
28.633182525634766
65.12004089355469
11.94143009185791
45.66498565673828
40.72700119018555
50.2495002746582
50.95337677001953
41.181114196777344
35.96806335449219
30.46278953552246
35.154117584228516
28.680618286132812
40.756534576416016
69.55372619628906
18.991714477539062
46.50132369995117
22.960771560668945
43.89064407348633
34.48760986328125
18.394479751586914
42.73744201660156
43.69219207763672
45.48564910888672
46.793392181396484
46.04206085205078
32.35123825073242
12.140523910522461
22.316572189331055
25.054349899291992
30.940217971801758
15.135082244873047
25.564571380615234
47.92914581298828
63.55534362792969
50.82317352294922
36.831275939941406
22.840274810791016
49.2835807800293
40.49591827392578
47.62714767456055
32.61046600341797
33.28744125366211
40.53911590576172
24.726402282714844
33.218841552734375
42.29049301147461
33.954856872558594
13.775282859802246
25.727262496948242
15.253947257995605
41.05435562133789
54.74046325683594
29.7231388092041
43.22574234008789
26.4013729095459
37.79005432128906
30.169992446899414
60.1092643737793
33.44845199584961
42.622581481933594
21.57334327697754
37.0371208190918
22.05733299255371
23.100322723388672
25.809965133666992
54.03032302856445
24.818662643432617
38.313934326171875
27.239662170410156
69.75926971435547
43.294776916503906
39.83571243286133
46.851837158203125
40.5228385925293
29.59340476989746
38.199466705322266
27.08759307861328
28.357088088989258
8.732380867004395
41.27574920654297
56.227664947509766
53.35653305053711
41.80559158325195
29.586668014526367
26.309846878051758
37.540016174316406
32.5456428527832
25.839439392089844
45.355865478515625
25.386919021606445
18.442941665649414
32.0017204284668
38.78782653808594
49.66366958618164
33.699581146240234
34.60165786743164
23.086685180664062
39.885318756103516
49.37518310546875
22.79462242126465
52.42166519165039
41.06258773803711
47.96213912963867
30.303096771240234
27.164146423339844
51.543113708496094
19.488712310791016
38.98404312133789
49.04855728149414
51.76703643798828
39.237701416015625
21.129425048828125
28.429357528686523
33.27112579345703
37.21772384643555
36.4603271484375
25.678024291992188
36.39053726196289
40.49049758911133
24.454509735107422
18.59711456298828
47.228519439697266
38.121482849121094
37.41021728515625
52.733253479003906
26.004873275756836
44.134307861328125
47.85430145263672
19.932416915893555
14.180447578430176
61.85348129272461
18.364778518676758
24.626672744750977
26.519454956054688
60.2468376159668
35.756446838378906
42.15738296508789
22.127574920654297
31.178668975830078
9.606122970581055
33.240013122558594
35.0377311706543
49.58185577392578
30.606569290161133
21.41526222229004
26.95979118347168
28.545331954956055
41.436405181884766
52.50858688354492
48.47048568725586
21.718461990356445
29.297039031982422
32.98216247558594
16.70004653930664
27.996341705322266
23.63718605041504
33.325374603271484
43.79303741455078
28.330923080444336
17.398509979248047
19.450777053833008
50.06126403808594
38.61525344848633
44.05602264404297
32.3936767578125
40.74552536010742
45.76206588745117
26.19561004638672
57.61113357543945
37.311119079589844
19.00791358947754
23.289417266845703
20.96027374267578
23.01119613647461
33.38079833984375
43.160972595214844
36.33164596557617
37.367523193359375
32.17291259765625
5.058077812194824
36.80138397216797
28.53769302368164
23.66115379333496
33.34557342529297
61.23332595825195
36.685115814208984
40.66424560546875
29.223478317260742
26.55493927001953
15.188712120056152
40.55721664428711
27.649282455444336
23.815702438354492
38.6998176574707
45.124244689941406
45.589080810546875
25.675067901611328
46.63185119628906
10.83191204071045
40.676185607910156
32.658390045166016
25.44412612915039
23.796125411987305
51.042762756347656
34.83308410644531
11.826922416687012
19.211713790893555
27.52643394470215
36.510311126708984
60.19223403930664
42.74313735961914
29.357881546020508
51.698585510253906
26.460559844970703
52.22867965698242
64.86115264892578
40.584041595458984
45.11949920654297
26.85598373413086
46.22217559814453
51.76477813720703
36.79075622558594
44.71738815307617
46.620357513427734
57.405914306640625
38.40037155151367
25.55125617980957
27.983489990234375
31.275798797607422
47.760231018066406
29.641632080078125
42.97823715209961
38.80198669433594
23.019495010375977
37.52863311767578
28.89647674560547
38.675636291503906
31.232439041137695
46.70524215698242
39.534515380859375
38.54424285888672
31.230165481567383
31.95485496520996
26.295269012451172
21.0322265625
31.753334045410156
24.534082412719727
34.56727600097656
51.64283752441406
14.26878547668457
17.475738525390625
64.35032653808594
38.719539642333984
34.448944091796875
35.384403228759766
28.029056549072266
41.5169792175293
32.57321548461914
29.23064422607422
32.260128021240234
40.058555603027344
40.74691390991211
65.46011352539062
78.25215148925781
26.25439453125
37.99574279785156
26.466339111328125
35.939483642578125
51.99531173706055
36.91563415527344
28.809309005737305
46.09468460083008
51.29280471801758
23.813283920288086
32.09580993652344
37.75712966918945
46.344478607177734
44.836849212646484
26.92191505432129
71.61955261230469
36.855430603027344
49.126094818115234
19.405439376831055
19.749971389770508
43.266963958740234
39.999717712402344
29.99073028564453
27.937517166137695
22.057430267333984
33.15339660644531
26.4379940032959
39.43463134765625
30.00455093383789
43.87044143676758
42.983863830566406
21.410202026367188
27.778894424438477
38.91095733642578
60.61659240722656
43.962608337402344
33.23456954956055
17.64040756225586
34.10718536376953
26.008195877075195
23.732507705688477
20.25403594970703
40.51648712158203
38.22628402709961
35.96684265136719
52.92272186279297
26.817096710205078
12.09810733795166
32.57459259033203
21.73272705078125
27.362018585205078
38.22382736206055
36.6247673034668
24.891145706176758
29.91459846496582
34.37253189086914
31.53575325012207
17.4434757232666
32.87875747680664
47.9175910949707
19.07652473449707
41.0361213684082
16.41981315612793
31.93641471862793
46.01169967651367
42.358055114746094
30.81453514099121
27.31932258605957
35.62498092651367
26.865877151489258
22.324504852294922
38.49708938598633
25.27444839477539
53.897647857666016
34.71709060668945
15.534872055053711
31.891199111938477
23.726224899291992
20.96346092224121
52.44583511352539
29.965539932250977
32.46075439453125
30.270517349243164
25.703018188476562
38.65678787231445
29.4722843170166
47.232784271240234
55.65056228637695
23.676406860351562
26.675662994384766
50.51189041137695
13.781890869140625
46.877197265625
56.74429702758789
36.83589172363281
31.399595260620117
44.410526275634766
26.674543380737305
27.668088912963867
39.615814208984375
16.432477951049805
19.29283332824707
37.656951904296875
29.379650115966797
28.540281295776367
39.88285827636719
41.86448287963867
14.40674877166748
37.068294525146484
26.354270935058594
10.693268775939941
29.5006103515625
30.687870025634766
54.955345153808594
32.24291229248047
35.3885612487793
31.16072654724121
43.3285026550293
66.07227325439453
21.193696975708008
30.726734161376953
38.78844451904297
20.035173416137695
24.139446258544922
37.35855484008789
32.617855072021484
13.770758628845215
42.5174674987793
25.32645606994629
42.27739334106445
28.417617797851562
48.565372467041016
13.235478401184082
28.31135368347168
31.687013626098633
16.744056701660156
42.92551803588867
36.78010177612305
26.794021606445312
12.21440601348877
20.860689163208008
16.748531341552734
47.20952224731445
61.967533111572266
68.27961730957031
15.376314163208008
9.969751358032227
18.836307525634766
25.463947296142578
44.82874298095703
15.096875190734863
43.30321502685547
51.3801155090332
33.14760971069336
27.688634872436523
16.590999603271484
15.51344108581543
18.434757232666016
19.432849884033203
30.916746139526367
31.284469604492188
18.37411117553711
6.595651149749756
38.41800308227539
12.254182815551758
43.23096466064453
42.23368835449219
34.74479293823242
45.107730865478516
25.944875717163086
34.696205139160156
39.659645080566406
32.31917953491211
28.336185455322266
23.057476043701172
29.54718017578125
13.223030090332031
60.690032958984375
27.150880813598633
38.34330368041992
59.54240417480469
30.100889205932617
75.8209457397461
33.740997314453125
36.240840911865234
53.46965789794922
27.359479904174805
35.87342071533203
24.436952590942383
12.88431167602539
30.797420501708984
15.105353355407715
57.78911209106445
33.15563201904297
51.175636291503906
63.85952377319336
17.050302505493164
81.50273895263672
17.76144027709961
39.947906494140625
45.59504699707031
48.58072280883789
34.291690826416016
45.9245719909668
30.122196197509766
63.047096252441406
22.42418670654297
18.230030059814453
38.95244598388672
45.58584213256836
36.5655403137207
56.954124450683594
36.64882278442383
53.78644561767578
33.73242950439453
31.355308532714844
38.458927154541016
27.0242977142334
30.605852127075195
30.67656135559082
18.25214958190918
32.072628021240234
15.466967582702637
37.97774887084961
47.94725799560547
39.91524124145508
42.618431091308594
22.92038917541504
87.85658264160156
23.85873031616211
55.72214889526367
52.94782638549805
32.94520950317383
48.26853942871094
42.23793029785156
20.54498291015625
41.241783142089844
33.009239196777344
29.835166931152344
38.79090881347656
22.12859344482422
23.674144744873047
23.06300926208496
54.4758186340332
49.301544189453125
45.924800872802734
12.704598426818848
31.152576446533203
24.289264678955078
33.80148696899414
35.13167190551758
44.105525970458984
59.90959930419922
37.45992660522461
36.987369537353516
50.713523864746094
43.136478424072266
25.971561431884766
57.347442626953125
50.84657669067383
33.121055603027344
43.3291130065918
30.759382247924805
35.27387619018555
13.461409568786621
6.312825679779053
28.088871002197266
36.719329833984375
32.81477355957031
61.123043060302734
33.00115966796875
36.617313385009766
31.926170349121094
35.099220275878906
36.50074005126953
36.207271575927734
46.42236328125
31.77822494506836
32.52374267578125
31.985763549804688
26.38921356201172
40.318946838378906
51.84330368041992
25.38764762878418
33.313106536865234
40.063472747802734
20.514184951782227
24.773527145385742
27.69899559020996
30.086627960205078
38.38840103149414
49.07337951660156
28.36371612548828
71.57064056396484
23.327959060668945
37.57968521118164
21.489978790283203
55.341556549072266
49.89784240722656
39.39126968383789
31.789209365844727
49.11876678466797
40.43464279174805
15.453752517700195
35.93011474609375
30.922487258911133
21.98875617980957
32.471275329589844
52.35482406616211
36.08294677734375
30.222015380859375
15.464264869689941
59.21335983276367
19.909955978393555
29.70763397216797
49.048194885253906
29.930261611938477
30.83556365966797
40.565460205078125
26.62407875061035
25.671110153198242
30.951448440551758
14.397825241088867
44.06138610839844
37.45201873779297
14.195321083068848
35.90298080444336
20.742088317871094
13.936022758483887
21.307771682739258
52.04294204711914
37.6672477722168
38.23178482055664
40.66451644897461
68.28545379638672
48.487548828125
42.08259963989258
52.817142486572266
36.47904586791992
19.551807403564453
35.215118408203125
32.178794860839844
47.57807159423828
32.27471923828125
18.71364974975586
25.424978256225586
33.30595016479492
43.77833557128906
30.644376754760742
23.45066261291504
16.72775650024414
56.86420822143555
21.073572158813477
26.45013427734375
4.610989093780518
54.73826217651367
21.806365966796875
23.846202850341797
37.21977233886719
38.53889083862305
22.78376007080078
33.74101257324219
14.045475959777832
34.22108840942383
46.77906799316406
28.648212432861328
19.699390411376953
54.21395492553711
21.922218322753906
13.539663314819336
32.44905090332031
40.094642639160156
41.008296966552734
34.73638153076172
23.98122787475586
53.24576187133789
17.69837188720703
32.07012176513672
51.07087707519531
22.912097930908203
63.90670394897461
17.88628578186035
33.048126220703125
32.9334716796875
23.4249210357666
39.91776657104492
34.768096923828125
44.151851654052734
18.154621124267578
52.430419921875
54.95120620727539
24.660167694091797
28.238548278808594
32.58746337890625
19.514596939086914
33.775543212890625
51.0608024597168
41.50075912475586
27.226726531982422
22.286710739135742
36.623619079589844
39.0241813659668
52.87125778198242
37.16248321533203
38.98076629638672
52.80323028564453
43.55067443847656
55.72270584106445
26.891414642333984
19.7147216796875
25.733627319335938
31.222841262817383
21.168630599975586
10.858213424682617
26.922290802001953
21.738096237182617
14.127291679382324
33.9281005859375
14.510331153869629
42.5985107421875
38.165931701660156
29.141510009765625
29.350784301757812
18.204545974731445
22.120683670043945
50.26245880126953
42.607826232910156
19.967660903930664
46.56504440307617
53.53330993652344
33.982627868652344
43.503684997558594
45.41015625
53.73114776611328
21.969913482666016
50.40278625488281
26.02361297607422
27.82462501525879
30.453388214111328
42.60365295410156
35.98141860961914
8.558270454406738
24.891172409057617
43.380455017089844
33.73903274536133
40.563880920410156
27.836441040039062
34.319271087646484
31.179214477539062
32.20503234863281
21.90008544921875
32.802066802978516
30.354021072387695
29.89459991455078
44.959083557128906
11.422353744506836
20.251298904418945
30.827281951904297
30.26677894592285
32.69384765625
42.752445220947266
33.1011848449707
38.877662658691406
57.48160171508789
28.747175216674805
21.665063858032227
12.902897834777832
48.01726531982422
62.23314666748047
31.308433532714844
54.779541015625
29.50254249572754
18.785602569580078
28.14788246154785
51.962162017822266
25.434358596801758
32.088096618652344
29.549367904663086
36.91836166381836
43.55150604248047
34.119869232177734
54.850528717041016
45.72471237182617
19.186389923095703
73.85648345947266
30.108232498168945
30.21135902404785
21.667070388793945
3.9272994995117188
62.36316680908203
33.411712646484375
47.298362731933594
30.138635635375977
34.872100830078125
17.414897918701172
21.44452667236328
10.814238548278809
42.10265350341797
36.32004165649414
35.49701690673828
24.63863182067871
39.085777282714844
29.454513549804688
41.39335250854492
35.534645080566406
22.59674835205078
43.33302688598633
37.954315185546875
17.976430892944336
30.568788528442383
33.69175338745117
38.29855728149414
50.88005828857422
22.97513771057129
24.657827377319336
28.86048126220703
26.595420837402344
31.152088165283203
27.941856384277344
19.219635009765625
38.64267349243164
52.930747985839844
23.6727294921875
32.61917495727539
29.577714920043945
41.07175827026367
42.8110237121582
41.33070373535156
27.73272132873535
66.45567321777344
17.242523193359375
13.293587684631348
50.57095718383789
36.75178527832031
39.5308723449707
32.57194137573242
33.104942321777344
13.138330459594727
24.828344345092773
33.48970413208008
26.218921661376953
12.090877532958984
22.79414176940918
39.320003509521484
40.47749710083008
53.02695083618164
47.868507385253906
24.50374412536621
43.73926544189453
31.07684898376465
52.518463134765625
39.85932922363281
33.640438079833984
32.9555549621582
32.33198928833008
14.411020278930664
49.152931213378906
45.72473907470703
29.236881256103516
30.90011215209961
65.18098449707031
35.02537536621094
53.621395111083984
52.612125396728516
45.67293930053711
28.50749969482422
26.677581787109375
20.134593963623047
29.57996940612793
26.76287078857422
27.320316314697266
32.51075744628906
48.04461669921875
46.40584945678711
67.81454467773438
18.65620231628418
30.190486907958984
50.91812515258789
19.868623733520508
35.193870544433594
44.56926727294922
35.73824691772461
30.583106994628906
36.48036193847656
32.28836441040039
58.737640380859375
59.19422149658203
34.32282257080078
50.4539794921875
38.79145050048828
44.95657730102539
27.87645721435547
24.48394775390625
22.403366088867188
39.35078430175781
14.127057075500488
31.058820724487305
20.620746612548828
34.64025115966797
37.4307746887207
37.27634811401367
36.34716033935547
33.24855422973633
50.381935119628906
52.08273696899414
54.645042419433594
34.52769470214844
67.05669403076172
20.182838439941406
27.92437171936035
40.30240249633789
45.97391891479492
25.631080627441406
54.45280838012695
37.92679214477539
33.78279495239258
25.487735748291016
45.86476135253906
69.3489990234375
21.472633361816406
49.46134567260742
61.02848434448242
38.40141677856445
25.950260162353516
40.996673583984375
47.665794372558594
45.57428741455078
26.815702438354492
34.40591049194336
30.218111038208008
30.064414978027344
27.38967514038086
46.80524444580078
40.4037971496582
26.98740577697754
31.170076370239258
24.166141510009766
37.352073669433594
20.96988296508789
42.641693115234375
34.18999481201172
42.783843994140625
49.99065017700195
15.182541847229004
25.941530227661133
19.578054428100586
51.86842346191406
23.515850067138672
29.051942825317383
29.657323837280273
26.256946563720703
38.29548263549805
38.87162399291992
53.92414474487305
37.44468307495117
46.51850891113281
32.92129898071289
27.407899856567383
35.849342346191406
31.59593391418457
65.7852554321289
38.995330810546875
61.20963668823242
31.568323135375977
48.69529724121094
55.48013687133789
12.313763618469238
22.813623428344727
42.59701919555664
40.29200744628906
49.67867660522461
34.931671142578125
42.40288162231445
35.22269821166992
36.48231506347656
13.849475860595703
51.934417724609375
43.98372268676758
54.238319396972656
37.02000427246094
90.69237518310547
40.80378723144531
55.034420013427734
16.26893424987793
43.146053314208984
45.93887710571289
44.3339729309082
17.44792938232422
36.112457275390625
32.37554931640625
27.18838119506836
26.941186904907227
38.12126922607422
14.050528526306152
36.6744384765625
53.67904281616211
30.482303619384766
50.54917526245117
20.164228439331055
27.46410369873047
26.294906616210938
64.8887710571289
42.13540267944336
50.508365631103516
29.234643936157227
9.722946166992188
40.40129470825195
36.965667724609375
49.786678314208984
34.1789436340332
18.59575843811035
73.35783386230469
24.75833511352539
23.37312889099121
49.97874450683594
43.062339782714844
29.307586669921875
19.558542251586914
56.08046340942383
31.177778244018555
22.898996353149414
17.405834197998047
24.191102981567383
28.622570037841797
41.58872604370117
19.173118591308594
25.19743537902832
12.771114349365234
43.70917892456055
57.50602722167969
21.97511863708496
21.185924530029297
29.205347061157227
28.29953384399414
23.472511291503906
34.63920211791992
47.73630905151367
27.74034881591797
23.722211837768555
32.578128814697266
31.93653106689453
22.585216522216797
50.052581787109375
38.54723358154297
48.75275421142578
54.688072204589844
41.6710090637207
51.63637161254883
50.5194091796875
48.06831359863281
26.834768295288086
38.563899993896484
38.10686111450195
27.429508209228516
25.986190795898438
36.1808967590332
62.892032623291016
71.24365997314453
30.105134963989258
14.846166610717773
30.606735229492188
37.272132873535156
35.55002975463867
59.08637237548828
26.83083724975586
21.991764068603516
29.597007751464844
58.38224792480469
50.58766174316406
32.05241775512695
67.08344268798828
31.24138641357422
45.908424377441406
22.802600860595703
57.27956771850586
48.164833068847656
39.818511962890625
40.39411163330078
44.849327087402344
32.235809326171875
23.865304946899414
50.504547119140625
21.198680877685547
30.011051177978516
46.683143615722656
26.54661750793457
36.00081253051758
45.47005844116211
48.09443283081055
38.85476303100586
30.62039566040039
40.0994987487793
23.322839736938477
36.21696853637695
42.58575439453125
31.990772247314453
12.857041358947754
15.588156700134277
38.29193115234375
42.33879470825195
51.47642135620117
43.11234664916992
37.626705169677734
54.28642654418945
34.252349853515625
49.06635284423828
25.619152069091797
34.49338150024414
35.2868766784668
34.472625732421875
34.76462936401367
48.06022644042969
36.963531494140625
21.788938522338867
21.351856231689453
40.03330612182617
38.006690979003906
28.207956314086914
63.58503341674805
26.900402069091797
33.42524337768555
39.474857330322266
29.13445472717285
24.26444435119629
32.920799255371094
52.49134063720703
36.53749084472656
30.485942840576172
19.881372451782227
42.69442367553711
23.30878257751465
23.492372512817383
25.31319236755371
28.967044830322266
49.474674224853516
32.209346771240234
21.68764877319336
21.81422233581543
22.20480728149414
41.889564514160156
41.621707916259766
50.908958435058594
30.166059494018555
32.74867630004883
26.828691482543945
29.648279190063477
42.7757682800293
64.48114776611328
29.913965225219727
32.02102279663086
38.86393737792969
22.62606430053711
31.397506713867188
16.743223190307617
47.70922088623047
17.99668312072754
36.5229606628418
43.40886688232422
35.57936096191406
30.37919044494629
39.62804412841797
42.11761474609375
33.121910095214844
45.46430587768555
34.1412467956543
17.10121726989746
25.47290802001953
23.477506637573242
42.876285552978516
45.356910705566406
36.60541915893555
44.68468475341797
45.20514678955078
23.894678115844727
13.047921180725098
40.121891021728516
20.464879989624023
34.79369354248047
32.48515319824219
50.52637481689453
36.31764602661133
42.674072265625
40.376487731933594
12.076539039611816
39.81964874267578
32.60481262207031
12.10178279876709
44.27740478515625
50.93238830566406
35.977813720703125
51.33092498779297
36.33113098144531
12.88439655303955
7.819252014160156
49.824886322021484
32.329105377197266
43.81592559814453
25.969032287597656
31.633159637451172
31.437585830688477
46.85198211669922
28.90341567993164
35.185489654541016
44.69259262084961
28.839984893798828
39.892974853515625
29.116207122802734
7.273456573486328
41.05333709716797
28.870325088500977
41.65082550048828
27.627273559570312
57.655250549316406
20.523645401000977
17.558216094970703
15.737770080566406
25.93354034423828
29.628154754638672
14.553913116455078
12.973884582519531
40.33391189575195
42.593910217285156
14.471120834350586
57.35969543457031
58.905235290527344
18.430221557617188
31.77955436706543
15.8279447555542
30.802162170410156
33.7470703125
40.919273376464844
29.341463088989258
40.307186126708984
24.722909927368164
60.48224639892578
25.593395233154297
48.79990005493164
45.024166107177734
41.73583984375
34.855716705322266
20.532400131225586
40.638526916503906
43.408443450927734
29.511552810668945
63.834014892578125
17.48026466369629
49.38319778442383
22.922996520996094
30.572317123413086
19.51081085205078
35.32917022705078
28.99429702758789
17.345321655273438
38.609397888183594
31.734066009521484
24.0103759765625
26.379117965698242
9.826879501342773
50.19253921508789
38.91048812866211
7.877450466156006
17.423852920532227
50.82211685180664
36.788883209228516
34.08347702026367
20.71076774597168
34.691768646240234
49.72174072265625
42.71882629394531
36.557701110839844
26.058435440063477
29.286489486694336
43.78452682495117
32.50605010986328
46.90497970581055
22.756784439086914
47.13239288330078
25.725814819335938
34.980186462402344
38.87160873413086
30.734375
31.11963653564453
26.840085983276367
32.44638442993164
38.657588958740234
50.09373092651367
31.491975784301758
45.395687103271484
29.31662368774414
25.149385452270508
46.50669860839844
33.60448455810547
39.16748809814453
29.4155216217041
41.12511444091797
37.276737213134766
29.754201889038086
41.246490478515625
54.75537109375
30.459684371948242
35.26009750366211
34.749305725097656
60.52599334716797
63.80329132080078
33.73497009277344
28.004413604736328
62.84242248535156
25.78545570373535
41.76057815551758
45.875831604003906
34.10321044921875
38.40912628173828
32.427589416503906
60.13450622558594
36.14588165283203
52.840457916259766
40.6084098815918
31.8974609375
27.543420791625977
12.493096351623535
20.89508056640625
19.152137756347656
33.2227897644043
60.37053298950195
56.00017547607422
37.769412994384766
30.325244903564453
39.78126525878906
22.710359573364258
38.705814361572266
21.32573127746582
62.41225814819336
42.15943145751953
12.412269592285156
26.767101287841797
18.886518478393555
73.10845947265625
33.182804107666016
34.90865707397461
29.78104591369629
37.59630584716797
26.094459533691406
47.345001220703125
35.528648376464844
42.30149459838867
46.53717803955078
42.24625015258789
40.26150894165039
22.751182556152344
53.945823669433594
37.763580322265625
41.776248931884766
45.87339401245117
57.89241409301758
41.72593688964844
28.957765579223633
56.47276306152344
31.668067932128906
36.303321838378906
25.377748489379883
35.876319885253906
23.51213264465332
34.213443756103516
27.828527450561523
27.223743438720703
62.36334991455078
20.128002166748047
46.0927848815918
45.622833251953125
37.66535186767578
32.93601608276367
15.723847389221191
39.341915130615234
20.470333099365234
55.31462860107422
38.81436538696289
19.968799591064453
16.334781646728516
30.43694496154785
49.11404037475586
23.81153106689453
32.58309555053711
20.909318923950195
21.644309997558594
41.618595123291016
16.07498550415039
25.718833923339844
27.609455108642578
40.18209457397461
43.712249755859375
52.87479782104492
26.885326385498047
31.55360221862793
43.46794891357422
22.137378692626953
34.711605072021484
36.534969329833984
16.085912704467773
42.210357666015625
38.1253776550293
27.291303634643555
46.20620346069336
49.38606262207031
45.48987579345703
38.97042465209961
47.40552520751953
23.63797950744629
55.45628356933594
28.461978912353516
5.449858665466309
44.27298355102539
41.08723831176758
36.17038345336914
45.821693420410156
36.280513763427734
13.207913398742676
36.56034851074219
50.851810455322266
30.16875648498535
28.34461784362793
47.71268844604492
23.987041473388672
41.932193756103516
7.678105354309082
14.963526725769043
54.63916778564453
48.20124435424805
35.4739990234375
26.61682891845703
15.553903579711914
42.66900634765625
23.493642807006836
42.17632293701172
29.86549186706543
34.23290252685547
50.896690368652344
7.036258220672607
18.147188186645508
53.51667022705078
3.3751349449157715
47.5057258605957
26.10824203491211
18.1690731048584
32.09213638305664
27.83538246154785
34.12217330932617
45.70732498168945
41.35930633544922
41.15388488769531
28.254087448120117
52.382347106933594
45.2950325012207
52.973148345947266
33.843196868896484
50.411869049072266
25.163484573364258
