14.983301162719727
21.03057861328125
15.653608322143555
5.0575385093688965
19.42531394958496
23.90913963317871
26.438364028930664
23.802570343017578
18.210458755493164
17.12227439880371
26.647218704223633
21.0750732421875
13.329642295837402
20.1660099029541
13.710436820983887
15.692344665527344
17.67056655883789
33.319122314453125
22.767297744750977
21.005786895751953
24.15123748779297
26.29354476928711
12.281614303588867
42.364662170410156
13.397784233093262
7.886724472045898
15.21061897277832
18.45802116394043
18.105684280395508
24.68191146850586
22.712493896484375
19.29100227355957
22.003461837768555
12.016491889953613
22.802820205688477
29.165666580200195
24.239971160888672
29.382946014404297
9.10509204864502
6.2069501876831055
28.657732009887695
18.915359497070312
18.804105758666992
17.895092010498047
28.54950523376465
24.587692260742188
13.75790023803711
11.861303329467773
9.933699607849121
17.878644943237305
9.772040367126465
16.21048927307129
12.93803596496582
18.472915649414062
24.40312957763672
28.05562973022461
13.114522933959961
15.959112167358398
2.345731258392334
18.013273239135742
5.539427280426025
29.648391723632812
8.956817626953125
14.784709930419922
12.603801727294922
20.62481689453125
25.12810516357422
10.394593238830566
21.25728416442871
17.027116775512695
11.918489456176758
35.90879440307617
8.248586654663086
27.73078155517578
3.968292713165283
12.06103229522705
9.414305686950684
25.08795738220215
25.13088035583496
10.905350685119629
26.66591453552246
15.115616798400879
12.098724365234375
4.776454925537109
4.530243873596191
18.150203704833984
24.188562393188477
24.072704315185547
9.40992259979248
22.420146942138672
10.836478233337402
24.460468292236328
21.153919219970703
12.980207443237305
21.273696899414062
23.91925811767578
17.763032913208008
18.935911178588867
18.536590576171875
20.574609756469727
24.7863826751709
16.326553344726562
20.283273696899414
14.053218841552734
12.4041748046875
6.769711494445801
7.8254852294921875
41.81904602050781
12.51293659210205
20.443464279174805
14.888331413269043
14.486245155334473
21.739179611206055
15.98082160949707
9.099935531616211
17.156131744384766
25.447853088378906
22.521453857421875
15.341190338134766
9.81521224975586
4.89640474319458
14.278057098388672
20.27387809753418
21.044864654541016
12.85920238494873
18.23979377746582
14.110925674438477
10.934797286987305
14.583658218383789
7.020135402679443
18.32862663269043
20.183401107788086
18.79684829711914
15.173580169677734
22.11724090576172
17.138092041015625
25.785240173339844
9.292533874511719
11.580872535705566
18.468997955322266
21.644987106323242
19.085147857666016
14.737896919250488
27.1878719329834
26.93092918395996
9.84516716003418
10.605769157409668
11.002772331237793
14.906476974487305
16.75367546081543
22.652328491210938
11.545557975769043
27.313579559326172
29.740278244018555
10.91232967376709
27.59908676147461
15.645672798156738
19.331880569458008
31.884994506835938
8.298518180847168
19.677223205566406
26.329856872558594
6.704058647155762
13.163604736328125
4.644645690917969
13.988015174865723
23.229248046875
18.521007537841797
22.335580825805664
10.646419525146484
14.421269416809082
18.096267700195312
10.556890487670898
13.280359268188477
22.029691696166992
15.598142623901367
20.54756736755371
13.594278335571289
16.946182250976562
20.65888786315918
9.143560409545898
17.727684020996094
18.733234405517578
9.711687088012695
10.973492622375488
14.981614112854004
13.849967956542969
6.018024921417236
22.84188461303711
12.830266952514648
9.932683944702148
8.477739334106445
17.444238662719727
8.193293571472168
8.669066429138184
30.911619186401367
23.984519958496094
15.644445419311523
27.491870880126953
7.101612567901611
20.118940353393555
11.93524169921875
17.86954689025879
17.13522720336914
30.189756393432617
8.664922714233398
4.4730377197265625
16.872465133666992
14.547198295593262
16.91719627380371
25.788362503051758
18.584049224853516
23.352741241455078
31.686697006225586
13.75274658203125
22.64927101135254
19.24578857421875
5.268601894378662
18.02432632446289
22.165430068969727
14.80778980255127
10.552131652832031
11.882850646972656
9.820088386535645
21.1223087310791
34.39479064941406
4.842334747314453
16.229442596435547
12.288792610168457
15.524178504943848
19.25457191467285
20.761343002319336
15.036142349243164
27.71027374267578
24.460102081298828
14.916487693786621
22.099531173706055
12.400006294250488
18.430843353271484
17.4599666595459
47.406219482421875
19.530187606811523
22.247047424316406
25.935867309570312
17.197105407714844
14.769216537475586
20.09186553955078
18.248592376708984
12.23288631439209
24.167884826660156
10.898988723754883
22.86414909362793
36.8518180847168
15.341207504272461
4.366676330566406
18.051372528076172
6.192376136779785
18.931644439697266
17.79743194580078
41.22151565551758
8.196818351745605
12.520341873168945
23.750978469848633
10.158255577087402
19.639989852905273
14.307625770568848
9.273359298706055
26.172578811645508
15.685441017150879
19.249055862426758
34.27625274658203
17.296239852905273
9.974340438842773
28.715988159179688
22.233646392822266
26.07671356201172
11.62362289428711
26.389751434326172
34.50923156738281
25.296403884887695
5.972415924072266
17.754730224609375
18.87417984008789
15.4207763671875
12.403989791870117
18.155061721801758
7.516979217529297
12.509254455566406
30.443342208862305
27.540699005126953
5.1888532638549805
21.00450897216797
23.857830047607422
11.637686729431152
11.990081787109375
13.137001037597656
12.879905700683594
13.095508575439453
21.226423263549805
7.04850435256958
12.06002140045166
13.988018989562988
10.201153755187988
12.173728942871094
14.58602237701416
28.801156997680664
13.885655403137207
24.09357452392578
9.509237289428711
39.890464782714844
11.569071769714355
19.299819946289062
14.620943069458008
15.682503700256348
15.397998809814453
26.138996124267578
33.03727340698242
13.515730857849121
15.65025806427002
2.710261106491089
22.260976791381836
25.911319732666016
31.29652976989746
21.056434631347656
7.146780490875244
18.727176666259766
29.474966049194336
16.453279495239258
28.738616943359375
10.289560317993164
19.703641891479492
9.068597793579102
22.939912796020508
20.38222885131836
12.023767471313477
32.594268798828125
13.586626052856445
8.818418502807617
6.473781108856201
13.608013153076172
14.012855529785156
11.710689544677734
29.67857551574707
9.342987060546875
19.378746032714844
12.613861083984375
24.223718643188477
14.496293067932129
34.079750061035156
13.268126487731934
9.672471046447754
22.800613403320312
8.472268104553223
17.820180892944336
16.81022071838379
11.927082061767578
38.923736572265625
13.905378341674805
23.503849029541016
19.627948760986328
20.46852684020996
29.718351364135742
19.139171600341797
5.63493537902832
19.917518615722656
14.418535232543945
4.698273181915283
12.685664176940918
18.49578857421875
18.438749313354492
12.795209884643555
6.051553726196289
40.12571334838867
19.572721481323242
4.622145652770996
33.76885223388672
21.905738830566406
8.226966857910156
23.353466033935547
19.67751693725586
14.098465919494629
27.71156120300293
20.0681095123291
15.026961326599121
26.285676956176758
16.956600189208984
20.189199447631836
22.11184310913086
9.000334739685059
9.675726890563965
30.766223907470703
18.032934188842773
13.425592422485352
8.872058868408203
24.675552368164062
33.468666076660156
7.93486213684082
10.427783012390137
11.442347526550293
24.605091094970703
16.469528198242188
8.701650619506836
12.55051040649414
12.177530288696289
22.844890594482422
10.735570907592773
42.01289749145508
13.046957969665527
10.660348892211914
8.690265655517578
20.63365936279297
16.71017074584961
9.276089668273926
18.451156616210938
15.866313934326172
29.64063262939453
19.150047302246094
8.602578163146973
2.6425867080688477
11.721128463745117
5.040152549743652
7.915740489959717
20.561107635498047
21.67245101928711
16.35702896118164
18.6691951751709
10.949141502380371
13.031450271606445
26.74382972717285
8.577988624572754
6.78117036819458
5.13072395324707
19.76827049255371
8.619128227233887
10.216474533081055
9.41586685180664
21.203304290771484
11.412583351135254
16.621564865112305
15.254056930541992
9.492154121398926
4.765011787414551
18.671165466308594
32.49689483642578
14.102821350097656
34.573516845703125
22.41190528869629
5.871368885040283
19.348918914794922
18.472524642944336
13.765917778015137
4.621822834014893
16.083566665649414
24.171897888183594
19.73834991455078
11.552950859069824
12.396505355834961
8.815994262695312
15.622228622436523
11.002802848815918
10.475714683532715
17.057527542114258
19.06475257873535
22.15711784362793
20.45870018005371
36.64054870605469
7.194709777832031
9.640711784362793
13.766695976257324
14.982475280761719
17.896995544433594
16.863859176635742
5.7122321128845215
11.855711936950684
26.04363441467285
11.049962997436523
15.188763618469238
7.407746315002441
29.36714744567871
9.494229316711426
27.065351486206055
9.524629592895508
24.7335262298584
32.08336639404297
21.16744041442871
20.852638244628906
28.56874656677246
30.786720275878906
22.26474952697754
19.981958389282227
13.535086631774902
14.26854419708252
16.04375648498535
21.04789924621582
25.37813377380371
27.81612205505371
28.86687469482422
18.402496337890625
15.07373332977295
18.729463577270508
16.95138168334961
20.02371597290039
27.843690872192383
31.483142852783203
16.9894962310791
30.13532257080078
3.615870952606201
23.052936553955078
9.857046127319336
12.403101921081543
28.273386001586914
17.50621223449707
15.289508819580078
25.74471664428711
16.681957244873047
4.628364562988281
13.980033874511719
10.62314510345459
21.988487243652344
5.120184898376465
16.716434478759766
13.767044067382812
33.26594924926758
6.284523010253906
10.073363304138184
20.12125015258789
33.22242736816406
7.934762954711914
16.874265670776367
30.612146377563477
22.149145126342773
33.048988342285156
19.410383224487305
10.775415420532227
3.1234283447265625
24.13906478881836
25.226795196533203
11.640294075012207
27.43437385559082
18.48239517211914
34.28506851196289
12.73342514038086
14.249074935913086
17.808483123779297
11.915868759155273
31.59853172302246
8.211042404174805
23.445417404174805
29.143985748291016
23.17296028137207
16.063980102539062
25.539188385009766
20.984201431274414
16.431324005126953
19.15045928955078
9.238652229309082
13.222620010375977
24.70517349243164
12.462996482849121
40.80508804321289
18.896581649780273
13.25714111328125
17.576993942260742
9.415818214416504
15.314521789550781
8.235394477844238
19.478836059570312
11.494359016418457
5.89461088180542
12.212934494018555
40.689125061035156
17.259044647216797
26.72832489013672
15.312359809875488
22.44319725036621
6.867717742919922
38.48206329345703
4.026048183441162
16.138761520385742
10.80402660369873
19.400957107543945
7.711465358734131
16.727981567382812
26.366840362548828
7.100815296173096
17.65486717224121
28.035442352294922
28.148380279541016
19.9713077545166
13.394501686096191
7.417901992797852
24.52448272705078
24.31690216064453
14.891565322875977
13.442604064941406
9.851621627807617
14.904658317565918
21.70320701599121
18.297775268554688
22.705236434936523
11.368359565734863
8.590299606323242
9.637450218200684
19.08146095275879
19.87763214111328
20.429418563842773
21.27302360534668
49.77074432373047
12.290204048156738
25.02777862548828
21.55108070373535
29.222583770751953
14.999448776245117
9.737763404846191
5.230077743530273
33.16728210449219
9.515986442565918
10.059707641601562
5.635298728942871
31.835956573486328
23.7148380279541
21.364248275756836
24.398820877075195
17.754249572753906
13.378665924072266
25.792917251586914
24.203411102294922
27.093090057373047
21.915449142456055
31.204565048217773
23.968721389770508
12.59522819519043
13.703110694885254
23.452465057373047
13.26349925994873
10.241084098815918
5.8212666511535645
30.565183639526367
20.824689865112305
15.168994903564453
14.471874237060547
28.32678985595703
24.33802604675293
9.620689392089844
13.941162109375
14.703819274902344
12.484145164489746
17.692386627197266
18.02667236328125
15.398296356201172
12.784082412719727
12.495613098144531
32.478580474853516
18.719226837158203
13.240936279296875
17.489728927612305
21.502262115478516
18.00916862487793
14.142314910888672
26.834930419921875
19.79538345336914
13.727270126342773
15.481377601623535
23.99616241455078
34.15644454956055
15.68796443939209
8.943999290466309
13.213212966918945
26.141611099243164
32.110008239746094
16.748340606689453
7.6142778396606445
9.592873573303223
11.801942825317383
33.19883728027344
11.553869247436523
24.475828170776367
22.833898544311523
26.668170928955078
8.87280559539795
27.111452102661133
34.6854248046875
17.597408294677734
12.962539672851562
24.752195358276367
12.950346946716309
16.679319381713867
35.52887725830078
12.219223022460938
22.354999542236328
30.49605369567871
30.78331756591797
5.896007537841797
35.71421432495117
23.385026931762695
20.759254455566406
13.88137435913086
4.348840236663818
15.512389183044434
20.57651710510254
19.972179412841797
18.262144088745117
22.17262840270996
15.569257736206055
16.861486434936523
13.884237289428711
8.147912979125977
19.92160415649414
17.7888240814209
34.20356369018555
5.240496635437012
13.477906227111816
31.779918670654297
19.266681671142578
27.438398361206055
14.516258239746094
32.59142303466797
22.6328182220459
24.03142738342285
11.922882080078125
12.825276374816895
22.144729614257812
7.783143997192383
20.027462005615234
34.71988296508789
16.45444679260254
14.397909164428711
12.807644844055176
28.73784065246582
10.419034957885742
17.017833709716797
30.76909637451172
7.0696797370910645
16.105058670043945
13.08012866973877
7.154643535614014
16.59992027282715
26.015958786010742
16.610095977783203
19.666919708251953
13.571709632873535
11.393349647521973
15.775522232055664
15.352781295776367
25.68134117126465
30.60486602783203
22.86817741394043
16.873502731323242
27.690967559814453
33.31144714355469
16.55078125
33.60371398925781
9.421304702758789
6.877710342407227
22.364473342895508
25.686607360839844
26.089202880859375
9.812296867370605
16.46575164794922
26.698904037475586
9.39516544342041
46.158443450927734
21.09989356994629
19.652816772460938
14.021066665649414
7.053297996520996
12.583321571350098
19.85381317138672
9.562409400939941
22.699832916259766
31.28587532043457
23.49781036376953
10.369086265563965
11.802774429321289
18.199438095092773
19.03524398803711
24.984848022460938
24.09307289123535
17.437332153320312
14.33411979675293
24.53963851928711
19.752914428710938
34.35485076904297
11.541611671447754
23.681407928466797
11.735733032226562
9.021754264831543
14.289999961853027
15.007220268249512
24.33388328552246
26.561805725097656
13.469330787658691
6.724748611450195
14.305689811706543
18.29363250732422
19.46681785583496
17.136661529541016
5.383753299713135
23.576976776123047
22.27660369873047
18.560123443603516
10.596379280090332
6.068726539611816
26.23748779296875
22.784469604492188
8.646072387695312
12.882430076599121
20.993112564086914
6.967311859130859
24.403223037719727
19.780109405517578
15.862334251403809
11.658326148986816
19.74594497680664
17.168792724609375
26.44981575012207
13.796367645263672
11.211095809936523
26.776987075805664
19.95674705505371
18.023048400878906
14.923599243164062
20.418943405151367
35.777366638183594
23.5384464263916
15.14267635345459
12.32660961151123
13.835976600646973
18.289308547973633
17.734333038330078
10.780156135559082
12.689637184143066
33.13027572631836
9.316770553588867
10.931910514831543
34.56678771972656
18.269977569580078
16.70307731628418
14.550460815429688
8.11701488494873
30.719316482543945
24.97442054748535
4.843181133270264
9.429481506347656
20.542457580566406
30.973289489746094
13.796600341796875
19.35210418701172
9.548494338989258
7.992133617401123
17.123207092285156
14.1138916015625
15.291311264038086
15.313904762268066
16.41209602355957
24.514894485473633
13.955424308776855
28.321054458618164
11.542171478271484
17.966999053955078
42.6215934753418
25.049667358398438
18.966114044189453
18.85984230041504
23.460987091064453
25.156526565551758
24.17266845703125
17.72088623046875
26.85767936706543
28.4456787109375
11.989070892333984
17.608165740966797
5.558531284332275
24.139968872070312
22.211776733398438
20.68720054626465
26.582372665405273
16.38428497314453
13.002763748168945
14.004193305969238
15.803160667419434
31.78262710571289
23.21782684326172
4.986767292022705
26.956619262695312
27.865550994873047
14.112626075744629
4.906261444091797
16.00651741027832
8.746829986572266
48.00107192993164
14.621869087219238
12.579623222351074
19.999013900756836
23.666532516479492
14.325174331665039
13.63623332977295
25.50739860534668
32.87227249145508
11.609896659851074
27.00681495666504
15.129672050476074
15.240540504455566
23.656360626220703
28.55196762084961
15.780277252197266
13.718378067016602
27.012418746948242
15.07453727722168
8.637876510620117
9.665267944335938
32.08684158325195
36.038177490234375
15.204414367675781
14.901782989501953
26.850357055664062
24.63521385192871
20.577686309814453
4.909938812255859
19.176860809326172
21.13193702697754
34.168582916259766
8.352726936340332
11.31518840789795
15.838434219360352
17.732513427734375
7.3333635330200195
12.009552955627441
10.889616012573242
29.68559455871582
10.869589805603027
28.329389572143555
16.817739486694336
25.44094467163086
8.444696426391602
48.61118698120117
13.18000602722168
19.54714012145996
27.21695327758789
26.229782104492188
22.399763107299805
19.998931884765625
17.132293701171875
24.677349090576172
10.630454063415527
14.664297103881836
22.05305290222168
12.215387344360352
16.388628005981445
12.793794631958008
29.016321182250977
14.049166679382324
4.738358020782471
16.932029724121094
9.645331382751465
12.322734832763672
12.120501518249512
16.01401710510254
23.224891662597656
8.08316421508789
22.008333206176758
20.34308433532715
11.448509216308594
15.769569396972656
16.47091293334961
16.639266967773438
19.812339782714844
7.472582817077637
26.55666732788086
26.546859741210938
12.664275169372559
25.07365608215332
13.738774299621582
15.929458618164062
8.117754936218262
26.469884872436523
24.61112403869629
4.107235908508301
15.670577049255371
14.315455436706543
25.81992530822754
11.493681907653809
24.37920570373535
11.77628231048584
17.01591682434082
15.36451244354248
22.059141159057617
13.868020057678223
27.394052505493164
23.21432113647461
9.522140502929688
26.876361846923828
28.418195724487305
27.889484405517578
19.372360229492188
32.24053955078125
23.407167434692383
1.111565351486206
4.307928085327148
23.27055549621582
7.0856547355651855
25.535385131835938
1.2710562944412231
21.042238235473633
13.375544548034668
29.816085815429688
14.281862258911133
6.838190078735352
31.570554733276367
26.32019805908203
5.131683349609375
9.715461730957031
25.1643123626709
15.35759449005127
11.763312339782715
8.347519874572754
18.57611846923828
10.358100891113281
17.543014526367188
4.008751392364502
5.530978202819824
15.794563293457031
20.0721435546875
19.05299949645996
20.80178451538086
12.39566421508789
1.7549350261688232
30.520490646362305
21.273929595947266
16.618051528930664
11.639779090881348
1.6152220964431763
5.191131114959717
13.94935417175293
19.16541290283203
27.90271759033203
16.077848434448242
8.875205993652344
7.576407432556152
14.178006172180176
34.97234344482422
11.16511058807373
27.6151123046875
31.105688095092773
22.711488723754883
20.29467010498047
29.856929779052734
7.822861194610596
19.396278381347656
12.013240814208984
16.235034942626953
21.759748458862305
21.396804809570312
33.374977111816406
1.3397669792175293
8.972331047058105
30.29460906982422
11.398506164550781
20.102636337280273
13.503205299377441
25.57598114013672
14.023392677307129
9.029853820800781
10.66990852355957
16.11314582824707
11.614118576049805
13.699986457824707
6.990376949310303
18.64485740661621
24.246789932250977
15.871652603149414
11.977974891662598
13.438427925109863
21.526409149169922
7.42002010345459
7.651077747344971
23.18072509765625
23.671348571777344
21.630578994750977
23.93818473815918
15.735124588012695
31.325214385986328
15.726541519165039
18.17306900024414
17.66202163696289
15.416305541992188
22.592130661010742
22.360502243041992
23.145259857177734
19.27232551574707
13.878851890563965
10.243952751159668
16.362308502197266
14.0831298828125
21.90915298461914
42.2579460144043
20.966758728027344
22.974201202392578
21.49325180053711
9.429668426513672
19.316795349121094
12.218632698059082
14.376233100891113
10.558536529541016
15.167912483215332
18.13907814025879
22.164722442626953
26.83831787109375
13.463233947753906
22.53955841064453
16.5081729888916
11.033348083496094
24.674318313598633
17.27804183959961
22.870019912719727
13.422884941101074
16.975011825561523
17.009437561035156
20.62053680419922
18.22810173034668
22.31601333618164
28.55905532836914
11.789926528930664
30.70440101623535
18.61771583557129
14.657642364501953
19.372037887573242
25.102745056152344
21.34738540649414
20.5042667388916
13.421483039855957
16.96556854248047
16.597244262695312
9.909675598144531
2.334517478942871
20.161855697631836
14.54788589477539
12.627575874328613
21.755544662475586
15.696709632873535
10.25175952911377
5.282998085021973
14.952980041503906
24.297163009643555
18.29912567138672
16.2352237701416
12.424040794372559
33.27362060546875
6.988040924072266
9.62486743927002
25.01132583618164
16.64798355102539
8.361756324768066
30.504865646362305
25.76787757873535
13.395284652709961
9.553876876831055
12.918828010559082
11.064289093017578
12.132758140563965
8.209978103637695
22.51544952392578
22.243305206298828
12.78975772857666
6.684101581573486
17.357833862304688
11.190352439880371
23.78098487854004
21.126943588256836
18.549976348876953
12.792916297912598
29.151531219482422
17.897445678710938
8.767601013183594
13.769914627075195
8.659309387207031
9.31724739074707
4.1390790939331055
15.154952049255371
25.779491424560547
29.530513763427734
3.592055320739746
9.872986793518066
23.886539459228516
20.28632354736328
24.804180145263672
11.576863288879395
8.989721298217773
38.05732345581055
40.061927795410156
6.243724822998047
5.04722261428833
30.465526580810547
18.318199157714844
22.15788459777832
20.399375915527344
33.86933517456055
16.812583923339844
8.442940711975098
22.55412483215332
5.974470615386963
25.569908142089844
26.588600158691406
41.168739318847656
12.972552299499512
20.134206771850586
20.542322158813477
15.543035507202148
11.997688293457031
5.248932838439941
25.0091495513916
25.17502784729004
25.76349639892578
3.7971553802490234
24.25933074951172
39.26496505737305
12.316481590270996
23.044496536254883
7.617323875427246
10.578092575073242
19.723522186279297
16.215639114379883
33.57216262817383
10.532808303833008
26.977008819580078
8.003758430480957
16.687875747680664
13.65941333770752
28.953388214111328
28.50872230529785
30.217391967773438
16.553794860839844
26.6063175201416
33.07898712158203
8.040955543518066
2.842099905014038
19.826053619384766
24.239662170410156
11.729808807373047
54.37241744995117
34.43826675415039
17.833633422851562
28.762149810791016
26.44767951965332
19.715171813964844
21.126270294189453
18.221887588500977
20.4152889251709
9.473227500915527
27.668899536132812
22.025794982910156
30.708843231201172
20.89998435974121
19.52936553955078
15.806353569030762
8.821468353271484
3.0554516315460205
16.33578109741211
12.146173477172852
19.48516082763672
13.11752700805664
9.592370986938477
20.182964324951172
12.95767593383789
17.67713165283203
19.312700271606445
10.660072326660156
21.868547439575195
30.254791259765625
30.21356964111328
27.758333206176758
45.56264877319336
28.124116897583008
14.26488971710205
3.480090379714966
25.527482986450195
18.83731460571289
12.896080017089844
24.32524299621582
12.566628456115723
17.321725845336914
10.056927680969238
32.52234649658203
15.060476303100586
12.231569290161133
7.136327266693115
7.980240821838379
16.95991325378418
18.64061164855957
27.15302276611328
12.905375480651855
19.343326568603516
34.38759231567383
33.36561965942383
2.9862568378448486
9.860356330871582
42.095306396484375
30.13166618347168
12.028335571289062
16.774513244628906
18.56686019897461
13.35498046875
17.520282745361328
12.236950874328613
21.98728370666504
7.922438621520996
1.2605292797088623
8.599114418029785
29.408111572265625
7.287967681884766
10.182984352111816
31.261920928955078
9.817564010620117
14.063766479492188
9.978007316589355
15.042071342468262
17.673084259033203
26.045259475708008
14.00268268585205
28.298431396484375
17.997343063354492
15.263008117675781
3.16310453414917
28.196517944335938
15.979823112487793
10.089942932128906
33.30862045288086
12.635047912597656
10.794756889343262
11.74453067779541
15.813119888305664
7.4415411949157715
22.879810333251953
13.306684494018555
11.695841789245605
23.566659927368164
29.38596534729004
15.696320533752441
18.784381866455078
4.707461833953857
20.795957565307617
17.937076568603516
5.516166687011719
17.876144409179688
7.618771553039551
11.504419326782227
27.90873146057129
23.811508178710938
26.655256271362305
31.945871353149414
16.51336097717285
44.039642333984375
15.554258346557617
32.93724060058594
15.71561050415039
17.732852935791016
26.31150245666504
14.593056678771973
18.171863555908203
17.95773696899414
14.206156730651855
17.318248748779297
5.890015125274658
26.773677825927734
25.137643814086914
4.195549011230469
33.479454040527344
16.270780563354492
14.868688583374023
41.704349517822266
10.182398796081543
9.819686889648438
20.264894485473633
21.226604461669922
2.50909686088562
23.450054168701172
26.0764217376709
27.112010955810547
11.783180236816406
16.156450271606445
19.810468673706055
8.910573959350586
13.295829772949219
19.396060943603516
12.56820297241211
20.131019592285156
10.279029846191406
16.004138946533203
19.49790382385254
15.686073303222656
7.533807754516602
8.851505279541016
39.81645965576172
17.42403221130371
23.866886138916016
9.09347152709961
16.441619873046875
14.900754928588867
17.92943000793457
14.57713794708252
17.50992774963379
7.085219860076904
5.712197303771973
15.475452423095703
15.53356647491455
36.95392990112305
20.449228286743164
16.96013832092285
19.459962844848633
8.320252418518066
30.202001571655273
19.010269165039062
14.51048755645752
23.50140953063965
14.292387008666992
15.960920333862305
9.796825408935547
21.194095611572266
16.58648109436035
9.651372909545898
22.820552825927734
16.481014251708984
9.334661483764648
22.342458724975586
10.000110626220703
35.80210494995117
20.1973876953125
21.21179962158203
13.322715759277344
31.818920135498047
17.49379539489746
24.790714263916016
32.414955139160156
21.74403953552246
8.735978126525879
8.448232650756836
9.830690383911133
17.61703109741211
31.105863571166992
22.375293731689453
8.027791023254395
13.27792739868164
40.0400505065918
11.264915466308594
26.065494537353516
28.194984436035156
4.404539108276367
20.58946418762207
13.049890518188477
7.230283737182617
28.96561050415039
20.31830596923828
15.038535118103027
20.1563720703125
14.623335838317871
16.418603897094727
30.225238800048828
10.149380683898926
14.45798110961914
10.210503578186035
17.217510223388672
6.265904426574707
17.20832061767578
23.041336059570312
32.32484436035156
31.225343704223633
18.1097412109375
23.71828842163086
11.460972785949707
13.153779983520508
10.061964988708496
10.987361907958984
5.278820037841797
28.434459686279297
18.973726272583008
15.00378131866455
30.61988639831543
11.545435905456543
17.252140045166016
20.7506046295166
27.150007247924805
19.994022369384766
15.72460651397705
23.252647399902344
33.765892028808594
29.392681121826172
31.780582427978516
11.216464042663574
8.85812759399414
26.191904067993164
11.316360473632812
27.90388298034668
20.34845542907715
14.353520393371582
20.731971740722656
8.520779609680176
45.64289093017578
22.487764358520508
23.189783096313477
28.741718292236328
20.935894012451172
15.756491661071777
12.119473457336426
4.0779852867126465
24.683244705200195
8.419918060302734
42.27565002441406
12.604016304016113
11.498831748962402
9.507486343383789
18.08345603942871
5.907246112823486
13.401678085327148
16.31313133239746
18.518644332885742
13.925115585327148
11.89957046508789
22.138118743896484
11.128814697265625
3.963740110397339
10.735965728759766
16.298057556152344
14.810853958129883
6.3684306144714355
27.57769203186035
19.184368133544922
18.600170135498047
19.640697479248047
25.378990173339844
11.302433013916016
39.97549819946289
16.75496482849121
20.122928619384766
11.687712669372559
7.929502964019775
11.237443923950195
18.225229263305664
15.657999992370605
15.593144416809082
22.51193618774414
28.229448318481445
19.963550567626953
18.703168869018555
13.907716751098633
23.19866180419922
38.730552673339844
19.049718856811523
26.329191207885742
13.027671813964844
15.754591941833496
16.617843627929688
25.454931259155273
9.413854598999023
18.311861038208008
4.611153602600098
17.982336044311523
20.653636932373047
24.24370574951172
10.836684226989746
17.96476936340332
13.03646469116211
20.001907348632812
9.544288635253906
19.609352111816406
28.848751068115234
19.017343521118164
45.45505142211914
14.122162818908691
31.264312744140625
17.919784545898438
14.661029815673828
21.453956604003906
7.644994735717773
38.86948776245117
26.046058654785156
13.101210594177246
3.3108983039855957
27.63788414001465
12.569292068481445
24.202932357788086
26.05241584777832
14.491401672363281
19.244335174560547
25.474939346313477
10.524181365966797
12.860846519470215
14.396214485168457
17.628633499145508
26.047344207763672
32.106056213378906
10.591856002807617
31.129623413085938
21.990406036376953
8.642081260681152
44.99567794799805
20.549692153930664
12.088961601257324
17.89331817626953
25.251708984375
18.860715866088867
9.571501731872559
20.615049362182617
20.111270904541016
13.096412658691406
17.863815307617188
34.36631774902344
20.275415420532227
20.90461540222168
28.771568298339844
5.3257341384887695
19.476642608642578
26.496871948242188
9.597472190856934
11.163529396057129
25.347715377807617
36.046775817871094
21.87862777709961
12.697288513183594
10.757253646850586
29.748336791992188
19.104206085205078
7.0400238037109375
28.523422241210938
19.264236450195312
30.183944702148438
22.521738052368164
17.606693267822266
22.659818649291992
16.94927215576172
21.969337463378906
14.52058219909668
11.667296409606934
31.385961532592773
15.703903198242188
23.000144958496094
6.872567176818848
27.903474807739258
19.36383819580078
25.609445571899414
13.897821426391602
28.527957916259766
26.62580108642578
21.133150100708008
18.526235580444336
34.7952766418457
19.181930541992188
14.148076057434082
9.118949890136719
22.949981689453125
21.562076568603516
21.480693817138672
14.777229309082031
18.88330078125
15.852836608886719
5.345324993133545
16.049570083618164
34.61835479736328
11.118547439575195
10.291199684143066
21.48529052734375
11.635555267333984
22.81989860534668
19.556316375732422
21.29615592956543
10.008545875549316
11.316509246826172
15.111150741577148
12.245071411132812
19.600582122802734
17.674560546875
23.57164764404297
25.570072174072266
40.11557388305664
41.11885452270508
14.820085525512695
28.17403221130371
24.68408203125
4.964414596557617
22.882152557373047
5.648847579956055
9.426637649536133
15.599947929382324
24.88762664794922
18.908533096313477
13.151065826416016
21.570308685302734
14.771656036376953
20.471498489379883
6.874205112457275
4.616704940795898
15.741744041442871
16.05619239807129
12.107349395751953
25.634849548339844
30.98531150817871
19.194686889648438
20.54311752319336
16.846466064453125
9.738914489746094
20.390939712524414
24.391088485717773
9.60326862335205
14.870096206665039
20.706253051757812
27.498838424682617
14.376598358154297
19.033668518066406
10.293655395507812
15.726967811584473
16.654264450073242
30.260791778564453
19.33515167236328
15.216531753540039
17.53423309326172
23.747730255126953
24.264415740966797
26.929367065429688
51.639652252197266
10.32269287109375
40.47642517089844
40.047157287597656
17.33696174621582
12.61479377746582
24.51162338256836
8.974853515625
24.770551681518555
11.854140281677246
15.049410820007324
10.186539649963379
42.983943939208984
38.743072509765625
10.340282440185547
18.860946655273438
18.5706729888916
28.337133407592773
15.315171241760254
29.165531158447266
11.337080001831055
30.9612979888916
21.660659790039062
19.4117488861084
20.60076904296875
19.53980255126953
24.487483978271484
13.347996711730957
24.371173858642578
23.704803466796875
13.977957725524902
21.39546012878418
8.952779769897461
14.701080322265625
23.163623809814453
32.89395523071289
26.888790130615234
19.47585105895996
12.65798568725586
19.10749053955078
28.146377563476562
33.146671295166016
12.832281112670898
17.13770294189453
19.977582931518555
18.339731216430664
23.01757049560547
2.8774962425231934
24.501068115234375
57.67457962036133
6.162699222564697
24.568796157836914
12.743217468261719
10.617522239685059
18.967422485351562
20.327882766723633
25.450637817382812
35.669769287109375
12.481637001037598
20.753690719604492
14.261137008666992
5.433825492858887
23.965442657470703
13.028857231140137
14.697733879089355
14.083657264709473
7.0117411613464355
12.315336227416992
14.998795509338379
21.385528564453125
35.93318176269531
14.645739555358887
14.354063987731934
17.62767791748047
27.527111053466797
27.429840087890625
3.5113589763641357
21.047584533691406
14.373760223388672
16.353145599365234
17.93850326538086
22.806764602661133
31.024734497070312
19.188312530517578
9.93727970123291
12.946699142456055
21.066814422607422
6.9811930656433105
12.582649230957031
39.4023551940918
13.785468101501465
24.051462173461914
11.496467590332031
34.149085998535156
16.22943878173828
13.132672309875488
18.363306045532227
16.376022338867188
24.879253387451172
14.721273422241211
13.51082992553711
8.751988410949707
2.3850576877593994
20.932109832763672
20.816057205200195
22.951601028442383
12.656869888305664
42.42597961425781
18.378023147583008
20.216880798339844
18.771610260009766
27.311840057373047
23.29844856262207
29.673147201538086
14.20640754699707
15.591235160827637
25.009538650512695
13.755688667297363
19.298328399658203
35.30712127685547
16.521146774291992
21.437915802001953
29.206281661987305
14.184213638305664
20.676549911499023
25.302499771118164
15.216026306152344
9.105701446533203
19.68698501586914
7.969501495361328
37.68461990356445
23.74413299560547
20.332151412963867
13.580510139465332
17.876951217651367
21.278705596923828
16.402128219604492
23.275022506713867
8.366828918457031
24.474733352661133
16.545896530151367
10.614158630371094
15.714310646057129
10.550688743591309
19.78742790222168
19.831974029541016
26.212003707885742
31.350025177001953
18.885204315185547
12.571097373962402
19.020458221435547
10.572774887084961
23.773622512817383
14.131132125854492
13.799373626708984
19.35617446899414
19.90447425842285
15.63216495513916
13.579315185546875
40.51167678833008
21.52021026611328
21.55546760559082
16.0128173828125
23.04635238647461
20.84609031677246
33.394535064697266
12.594161033630371
30.487743377685547
9.08121395111084
26.271591186523438
23.172483444213867
33.74038314819336
27.13393211364746
12.997382164001465
32.889625549316406
12.456169128417969
28.870071411132812
21.163930892944336
13.049355506896973
13.807976722717285
30.533416748046875
18.265270233154297
18.402393341064453
23.43202781677246
28.451873779296875
28.062355041503906
20.891990661621094
34.622615814208984
31.496501922607422
50.018829345703125
19.561588287353516
21.808246612548828
23.88365936279297
28.066320419311523
23.86178207397461
13.800565719604492
21.898427963256836
20.67384910583496
33.01436233520508
15.153863906860352
19.448631286621094
19.035554885864258
14.872705459594727
26.55933952331543
24.149248123168945
25.19272804260254
6.682572364807129
10.830479621887207
15.910491943359375
18.634050369262695
23.129117965698242
38.77820587158203
25.679155349731445
21.287504196166992
8.645813941955566
17.792430877685547
14.029616355895996
22.25543975830078
14.78944206237793
16.1403865814209
21.07265853881836
26.32557487487793
8.948256492614746
25.72495460510254
15.448869705200195
16.046743392944336
8.72696590423584
12.007346153259277
23.64689064025879
30.657445907592773
29.948284149169922
24.563688278198242
22.648107528686523
7.354097366333008
17.6348934173584
24.992874145507812
15.439168930053711
14.508665084838867
17.912582397460938
22.359079360961914
26.03722381591797
16.842607498168945
0.5041101574897766
20.078083038330078
15.777711868286133
36.5130615234375
17.291065216064453
26.5817928314209
17.51272964477539
12.70053768157959
19.75010871887207
34.09417724609375
16.525253295898438
23.085298538208008
14.004659652709961
15.844355583190918
27.83262825012207
25.607885360717773
15.361638069152832
14.532293319702148
14.838930130004883
29.512083053588867
14.10814094543457
8.801962852478027
21.650617599487305
13.825031280517578
7.242170333862305
18.995769500732422
20.339645385742188
17.353696823120117
12.52440357208252
12.00686264038086
12.851275444030762
12.2162446975708
13.966397285461426
14.704442977905273
13.777268409729004
25.37921714782715
10.259998321533203
16.709123611450195
26.61724090576172
16.01369857788086
21.625343322753906
7.903371334075928
15.045951843261719
10.300251960754395
33.83443069458008
14.545011520385742
17.451576232910156
13.942197799682617
11.382439613342285
8.881667137145996
25.664770126342773
14.891877174377441
5.812645435333252
23.12466049194336
23.91344451904297
14.210746765136719
25.0032958984375
11.65548324584961
9.236217498779297
18.18319320678711
17.090351104736328
8.528328895568848
17.718746185302734
22.373191833496094
16.365009307861328
26.116220474243164
17.019210815429688
27.06277084350586
22.65130043029785
11.623634338378906
20.07490348815918
28.837299346923828
29.50229835510254
7.865256309509277
11.48208236694336
24.955852508544922
3.3668785095214844
42.34192657470703
10.359004020690918
15.554826736450195
30.432498931884766
17.3158016204834
16.49250602722168
16.99358367919922
22.15519142150879
10.257877349853516
11.616095542907715
13.959556579589844
6.13279914855957
13.998407363891602
23.910938262939453
18.56615447998047
28.266387939453125
24.480091094970703
7.385270118713379
31.50504493713379
22.70557403564453
11.656882286071777
28.334402084350586
18.905378341674805
11.953682899475098
21.75121307373047
20.139429092407227
9.900144577026367
19.86260986328125
44.602813720703125
24.300310134887695
27.93523597717285
16.478046417236328
24.918710708618164
6.298119068145752
13.0065279006958
17.77969741821289
13.737449645996094
9.439193725585938
14.065218925476074
14.806706428527832
13.872854232788086
12.150668144226074
18.409421920776367
24.776079177856445
18.761558532714844
9.910075187683105
28.754837036132812
23.62755584716797
18.98531723022461
36.75175094604492
9.984272003173828
12.918380737304688
18.00265884399414
26.716886520385742
22.696287155151367
29.658557891845703
16.202363967895508
17.06005859375
31.043359756469727
33.37904357910156
23.142549514770508
23.207347869873047
21.6397705078125
27.48231315612793
32.97762680053711
36.489219665527344
8.777783393859863
27.348201751708984
21.9832763671875
25.26766014099121
20.86925506591797
17.112699508666992
21.103952407836914
16.222972869873047
21.929500579833984
14.392722129821777
11.694207191467285
37.490074157714844
25.948131561279297
11.775303840637207
24.823190689086914
27.39827537536621
23.3570556640625
21.972923278808594
31.9876766204834
26.611604690551758
10.46548843383789
21.247764587402344
31.64266014099121
25.091598510742188
11.892276763916016
5.956372261047363
9.617472648620605
13.42851734161377
19.98431396484375
21.155155181884766
8.415148735046387
9.744865417480469
27.645261764526367
19.401290893554688
8.11462116241455
11.404267311096191
13.375788688659668
25.887439727783203
20.43366241455078
23.27190589904785
39.26042938232422
10.995584487915039
38.61373519897461
30.614086151123047
13.47038745880127
16.091562271118164
18.489429473876953
25.575380325317383
12.673822402954102
22.77033042907715
13.807540893554688
14.540199279785156
5.312093257904053
19.209165573120117
28.718082427978516
43.66838455200195
28.49052619934082
22.390918731689453
24.631607055664062
17.12997817993164
5.825874328613281
23.767351150512695
3.2230618000030518
9.314836502075195
15.216999053955078
17.291860580444336
24.09931182861328
24.29664421081543
9.858437538146973
15.760666847229004
32.68370056152344
11.87652587890625
26.956268310546875
14.462617874145508
17.772132873535156
10.25404167175293
24.002241134643555
7.767590045928955
14.564053535461426
8.704575538635254
2.388044834136963
20.156185150146484
25.804025650024414
14.451247215270996
19.38302230834961
21.719371795654297
15.002281188964844
16.805370330810547
25.025007247924805
16.716453552246094
9.252607345581055
25.381940841674805
23.352548599243164
27.50923728942871
17.15403938293457
14.798674583435059
26.569080352783203
21.343608856201172
35.01998519897461
15.327291488647461
9.26474666595459
8.750345230102539
18.544469833374023
10.242376327514648
8.845152854919434
30.07913589477539
22.136484146118164
14.608306884765625
25.96344566345215
26.920095443725586
23.40169334411621
13.533751487731934
9.83205509185791
19.25104331970215
11.691917419433594
12.528356552124023
8.992227554321289
26.424209594726562
22.435352325439453
0.9123751521110535
12.920941352844238
18.708608627319336
15.840323448181152
14.143454551696777
12.635355949401855
6.241513252258301
4.564925670623779
6.009165287017822
19.383485794067383
21.81951141357422
18.61088752746582
13.664743423461914
30.94487953186035
10.708403587341309
11.853485107421875
20.874305725097656
26.61890411376953
1.9690132141113281
23.65972328186035
8.495159149169922
29.59116554260254
19.589824676513672
12.059920310974121
19.860933303833008
4.268072128295898
15.34791374206543
8.525139808654785
11.174568176269531
15.271317481994629
20.48814582824707
10.928905487060547
20.91520881652832
27.588415145874023
16.703872680664062
26.720478057861328
21.121034622192383
9.033939361572266
27.46272850036621
15.148992538452148
34.810516357421875
25.970569610595703
45.492347717285156
18.039566040039062
34.52280044555664
9.20343017578125
1.5642691850662231
27.37424087524414
18.56939125061035
8.304149627685547
12.599237442016602
30.810386657714844
14.076337814331055
16.35065460205078
25.931772232055664
24.74159049987793
10.483471870422363
40.01899719238281
13.503609657287598
10.18636703491211
20.93886947631836
19.107704162597656
30.30699920654297
32.6442756652832
22.364871978759766
5.051463603973389
25.88755226135254
35.53327941894531
28.851810455322266
46.02153396606445
18.63035011291504
27.245174407958984
18.285593032836914
11.565421104431152
18.980634689331055
35.41206359863281
11.734187126159668
13.44355583190918
7.928145885467529
26.76279640197754
16.611976623535156
22.37659454345703
16.138813018798828
22.24904441833496
18.262435913085938
10.724056243896484
19.979612350463867
24.873363494873047
13.640413284301758
20.621498107910156
12.326105117797852
29.43738555908203
21.539072036743164
12.906289100646973
18.775400161743164
24.786577224731445
4.958568572998047
17.4569149017334
26.864910125732422
27.33158302307129
20.181806564331055
21.56657600402832
13.581006050109863
14.354372024536133
24.46536636352539
13.682500839233398
26.96763801574707
12.885690689086914
16.090316772460938
15.533003807067871
25.49353790283203
22.960521697998047
13.124232292175293
12.774840354919434
25.038000106811523
15.527963638305664
25.461381912231445
21.56905746459961
15.950150489807129
31.203330993652344
14.965316772460938
12.751391410827637
10.647660255432129
8.76551628112793
17.606170654296875
20.662878036499023
31.03668975830078
18.515228271484375
25.1630916595459
18.535686492919922
18.093778610229492
37.70952606201172
38.02946472167969
29.513896942138672
16.18048095703125
15.310415267944336
13.416463851928711
9.069257736206055
13.698017120361328
18.001123428344727
10.191771507263184
8.68301010131836
17.958221435546875
16.308055877685547
21.05799102783203
19.799068450927734
8.176634788513184
21.676267623901367
15.796393394470215
31.981769561767578
9.318931579589844
18.349117279052734
26.905302047729492
27.089086532592773
25.744945526123047
20.44998550415039
32.09906768798828
21.814010620117188
37.26232147216797
20.92258644104004
18.837547302246094
19.57149887084961
26.06197166442871
31.999204635620117
14.797585487365723
15.510622024536133
11.803079605102539
9.408573150634766
39.99232482910156
32.74222946166992
6.820826530456543
19.042160034179688
18.710317611694336
23.756519317626953
26.056264877319336
6.338753700256348
13.072184562683105
11.74233341217041
8.604769706726074
11.982207298278809
5.2361273765563965
5.77662992477417
6.116994857788086
31.634532928466797
27.39666748046875
7.909751892089844
19.435100555419922
21.095430374145508
13.182608604431152
11.813620567321777
27.28607177734375
23.731159210205078
13.916884422302246
19.073902130126953
6.874489784240723
21.093446731567383
43.305564880371094
29.872568130493164
20.439285278320312
36.14915084838867
30.484975814819336
19.569149017333984
14.835569381713867
10.537075996398926
5.906662940979004
8.35507583618164
11.54040813446045
21.967273712158203
35.61626052856445
22.08942985534668
22.85997772216797
23.717729568481445
7.919034004211426
27.529788970947266
12.012185096740723
25.91815757751465
27.350074768066406
20.65665054321289
10.814713478088379
24.24284553527832
8.321985244750977
19.318859100341797
32.77783203125
50.25730895996094
28.409860610961914
16.492795944213867
9.935564994812012
23.34218406677246
7.223190784454346
21.942041397094727
27.25849151611328
18.063119888305664
24.10778045654297
15.161897659301758
22.731678009033203
25.604528427124023
26.023847579956055
22.278657913208008
17.954490661621094
18.774229049682617
23.022632598876953
2.221808433532715
34.635711669921875
12.584939956665039
30.379119873046875
20.161375045776367
15.519439697265625
14.6331148147583
18.269384384155273
25.602035522460938
17.176118850708008
6.523223876953125
19.2652530670166
7.478544235229492
21.863096237182617
16.515506744384766
12.080986976623535
20.79188346862793
25.875600814819336
8.561212539672852
10.295145988464355
33.27661895751953
12.150734901428223
16.158174514770508
23.876901626586914
8.100871086120605
23.456789016723633
7.271814346313477
38.85321807861328
15.687597274780273
18.185413360595703
18.030261993408203
12.290068626403809
16.448938369750977
9.220687866210938
10.26890754699707
14.372632026672363
10.343733787536621
6.676724433898926
22.254758834838867
17.5273380279541
9.83652400970459
19.380252838134766
21.1840877532959
17.726930618286133
18.712684631347656
25.97727394104004
24.814863204956055
4.29945182800293
27.190282821655273
19.527305603027344
11.421768188476562
28.140796661376953
14.1173677444458
16.85553741455078
26.029958724975586
11.981328964233398
25.119407653808594
37.78219223022461
19.55896759033203
21.971851348876953
21.055221557617188
11.31930160522461
28.856111526489258
41.01171112060547
18.2981014251709
12.201848030090332
23.803678512573242
19.36166763305664
14.691202163696289
37.93962860107422
17.308000564575195
18.669857025146484
8.616601943969727
27.566736221313477
6.425177574157715
20.687185287475586
22.711742401123047
29.02068519592285
23.73423957824707
10.270071983337402
6.293469429016113
19.929521560668945
35.00665283203125
12.847652435302734
25.229333877563477
6.438185691833496
14.70372200012207
15.91821575164795
17.199953079223633
16.276926040649414
1.9390392303466797
3.9468908309936523
18.472183227539062
3.737163543701172
20.46660804748535
19.070751190185547
29.782621383666992
13.941499710083008
30.270238876342773
8.162116050720215
6.374405384063721
14.681222915649414
21.838693618774414
11.775423049926758
15.432533264160156
16.220800399780273
25.442216873168945
18.231460571289062
20.974010467529297
28.65750503540039
18.690826416015625
36.76002883911133
17.373973846435547
6.230612754821777
33.0693473815918
21.62430763244629
8.780953407287598
19.030624389648438
13.141755104064941
12.735557556152344
12.88336181640625
28.700376510620117
6.476219654083252
28.340084075927734
29.777341842651367
13.802811622619629
14.976823806762695
23.737483978271484
7.205024242401123
16.349699020385742
18.82994842529297
5.925424575805664
20.541671752929688
23.03238296508789
23.513843536376953
18.217317581176758
26.588701248168945
17.939125061035156
45.91865921020508
14.542852401733398
16.754863739013672
15.874808311462402
20.8145694732666
23.20172691345215
11.499852180480957
13.734443664550781
18.217744827270508
23.014619827270508
28.65144157409668
11.669734001159668
24.542879104614258
26.36248016357422
25.02109146118164
33.54640197753906
7.450335502624512
25.329133987426758
23.22022819519043
22.021799087524414
28.4891414642334
13.822656631469727
33.57258987426758
10.963282585144043
11.912907600402832
24.554000854492188
12.6949462890625
15.07132339477539
31.846174240112305
15.916302680969238
9.159127235412598
7.838084697723389
10.096908569335938
15.297842979431152
20.085731506347656
1.7493866682052612
48.9752082824707
31.060009002685547
27.497106552124023
17.60854721069336
24.42301368713379
11.341873168945312
17.472244262695312
22.137868881225586
38.19401931762695
20.36199378967285
36.801578521728516
17.36974334716797
27.641693115234375
21.638511657714844
15.633039474487305
30.633453369140625
28.941455841064453
10.289815902709961
28.382797241210938
34.80158615112305
26.63298988342285
20.54570198059082
15.044562339782715
30.10276985168457
21.361127853393555
41.749908447265625
15.075769424438477
19.8250675201416
18.844411849975586
12.320320129394531
5.015352725982666
13.522411346435547
10.974141120910645
23.613292694091797
10.334637641906738
12.675978660583496
15.036587715148926
15.846818923950195
26.27181625366211
5.583274841308594
10.026800155639648
16.341842651367188
14.750677108764648
20.953771591186523
21.906429290771484
22.940261840820312
24.596485137939453
20.142255783081055
15.944869041442871
19.777963638305664
19.165225982666016
23.6929988861084
23.63005828857422
33.74118423461914
19.769290924072266
17.005706787109375
28.181995391845703
19.975393295288086
20.903156280517578
8.908476829528809
32.785789489746094
29.067611694335938
31.539628982543945
19.954788208007812
15.368815422058105
21.071800231933594
12.168608665466309
5.685901165008545
14.052658081054688
36.12260437011719
12.797496795654297
15.809724807739258
26.120319366455078
20.835811614990234
21.129806518554688
15.801671028137207
13.4293851852417
9.06625747680664
11.287741661071777
12.30693244934082
22.23325538635254
14.410845756530762
17.740238189697266
43.17189407348633
36.01398468017578
22.078027725219727
8.337797164916992
29.278167724609375
22.32120704650879
18.299278259277344
22.99481201171875
6.925113201141357
17.64973258972168
17.637819290161133
14.348410606384277
13.252670288085938
17.897174835205078
4.631385326385498
31.39117431640625
3.1767547130584717
13.644383430480957
6.949075698852539
22.19825553894043
19.505569458007812
23.08621597290039
21.43673324584961
22.465639114379883
28.88245964050293
5.491069793701172
35.478694915771484
11.734382629394531
17.152904510498047
20.905101776123047
7.931005954742432
31.0062198638916
45.23835754394531
14.796360969543457
14.820467948913574
8.061837196350098
20.133045196533203
18.002737045288086
5.267099380493164
20.67270278930664
40.887535095214844
23.630672454833984
8.162836074829102
33.32328796386719
27.83882713317871
33.53217315673828
6.897323131561279
25.374011993408203
31.645103454589844
33.194034576416016
14.369293212890625
18.1929931640625
13.444497108459473
10.645668029785156
16.8641414642334
19.24291229248047
22.818655014038086
7.424023151397705
2.318397045135498
14.800641059875488
10.279196739196777
19.09521484375
17.26399803161621
3.4822800159454346
8.877523422241211
13.599113464355469
21.09153175354004
33.339576721191406
19.099979400634766
23.650434494018555
34.564815521240234
14.785082817077637
12.36956787109375
14.010812759399414
20.490232467651367
25.344303131103516
15.90473461151123
5.959960460662842
25.952850341796875
18.96625518798828
14.668988227844238
14.038586616516113
10.874649047851562
40.89421463012695
11.7703218460083
20.890106201171875
12.541024208068848
23.30642318725586
21.719919204711914
16.657590866088867
25.826059341430664
44.324920654296875
19.44568634033203
21.87721824645996
18.515867233276367
7.435982704162598
16.365293502807617
14.828895568847656
8.033563613891602
31.4599666595459
22.23930549621582
34.08476257324219
13.932178497314453
32.318111419677734
4.991305351257324
4.874182224273682
13.747326850891113
10.038495063781738
8.498579978942871
27.756837844848633
16.635900497436523
20.365983963012695
11.135590553283691
4.8235087394714355
6.939051628112793
10.112789154052734
5.829232692718506
22.55379867553711
7.554643154144287
25.578702926635742
14.119741439819336
16.298906326293945
12.827585220336914
16.566139221191406
23.71019744873047
13.516514778137207
16.78228187561035
52.13404083251953
22.57758903503418
25.457918167114258
7.572464942932129
14.46847915649414
23.492338180541992
11.03161907196045
5.959031581878662
28.577898025512695
19.838062286376953
16.388038635253906
31.69890785217285
31.936777114868164
13.106200218200684
30.112937927246094
9.898751258850098
17.45757293701172
19.708206176757812
13.406227111816406
30.570430755615234
17.12110137939453
16.29454803466797
17.315126419067383
13.164000511169434
35.047401428222656
19.79496955871582
11.670384407043457
11.62798023223877
24.113523483276367
21.371095657348633
9.002971649169922
15.748369216918945
10.823817253112793
28.52191734313965
25.688949584960938
19.28990936279297
21.948440551757812
34.35539245605469
11.135700225830078
7.6024627685546875
6.839552402496338
19.919387817382812
13.0127534866333
7.0010457038879395
9.930256843566895
7.7089152336120605
16.361980438232422
21.950912475585938
23.57527732849121
25.726999282836914
21.109912872314453
38.15121078491211
14.180169105529785
