50.74231719970703
50.317291259765625
38.81365203857422
41.81990051269531
42.93451690673828
59.411773681640625
51.77248764038086
52.12004852294922
55.40285110473633
50.556827545166016
35.81299591064453
55.41172409057617
49.35682678222656
18.562726974487305
44.25371170043945
35.618038177490234
49.41581344604492
51.542911529541016
34.118675231933594
50.6803092956543
68.93685150146484
25.02086067199707
50.049861907958984
61.120418548583984
33.10371780395508
55.81739807128906
36.274837493896484
52.01505661010742
52.182735443115234
38.35430145263672
46.92723083496094
61.012428283691406
33.44185256958008
41.96298599243164
33.30464553833008
39.34944534301758
20.411006927490234
64.76194763183594
19.914119720458984
20.41431427001953
29.929811477661133
49.56297302246094
44.85578536987305
76.83140563964844
20.160646438598633
44.214820861816406
50.10963821411133
54.96700668334961
43.233009338378906
52.395713806152344
79.83605194091797
35.34402847290039
53.02729034423828
32.59406280517578
37.355735778808594
51.31032943725586
49.432212829589844
45.757667541503906
101.39075469970703
24.968379974365234
67.01724243164062
32.52804946899414
69.2950668334961
27.039583206176758
25.71877098083496
32.38789749145508
66.06523895263672
72.02908325195312
29.333627700805664
46.83571243286133
31.739988327026367
29.89776611328125
62.40959930419922
60.05902099609375
40.94689178466797
33.66691589355469
36.10572052001953
15.806074142456055
35.12881851196289
23.648099899291992
28.418888092041016
27.135393142700195
60.8375358581543
21.605676651000977
28.897233963012695
57.1101188659668
39.662376403808594
40.56482696533203
47.66446304321289
38.88451385498047
50.72926330566406
74.59195709228516
57.45186233520508
44.27465057373047
26.845056533813477
48.244014739990234
33.02656936645508
45.421504974365234
39.06922912597656
42.33216857910156
34.5526237487793
37.92106628417969
39.41476058959961
39.832237243652344
45.662811279296875
34.560447692871094
57.313236236572266
59.494720458984375
65.71823120117188
42.61880111694336
39.62661361694336
35.63121032714844
41.04812240600586
67.1412124633789
43.2993049621582
20.833648681640625
38.14576721191406
33.30570983886719
29.205711364746094
45.23655700683594
64.95721435546875
36.65901565551758
33.47638702392578
58.675411224365234
55.14106369018555
29.390621185302734
50.31580352783203
36.896827697753906
39.116329193115234
59.009586334228516
49.68980026245117
43.87518310546875
21.852554321289062
38.55392074584961
27.500036239624023
55.96805953979492
65.40444946289062
9.381322860717773
38.85475158691406
46.98552703857422
35.878135681152344
37.848323822021484
26.180749893188477
57.167724609375
59.224796295166016
27.49509620666504
62.06504440307617
64.97197723388672
40.08623504638672
52.84103012084961
37.730194091796875
34.89146041870117
16.57927703857422
48.70093536376953
47.710872650146484
33.140995025634766
68.5945816040039
27.421751022338867
53.33115768432617
56.895721435546875
55.48443603515625
54.086891174316406
44.42839050292969
40.59523010253906
35.05060577392578
79.51985168457031
59.424072265625
39.079769134521484
42.75148391723633
45.93247985839844
23.682832717895508
66.65937805175781
41.40620803833008
32.98752975463867
32.07711410522461
28.232379913330078
69.51458740234375
44.70786666870117
37.94076156616211
44.48231887817383
45.42137145996094
53.93864822387695
38.58585739135742
37.09622573852539
38.67121505737305
19.903507232666016
50.141727447509766
54.5213737487793
36.759212493896484
23.441404342651367
49.002220153808594
40.52644348144531
50.35124969482422
45.504669189453125
34.087059020996094
33.20849609375
25.65315818786621
57.24202346801758
22.145244598388672
40.157447814941406
34.5858268737793
24.682714462280273
42.691837310791016
35.90620040893555
34.65020751953125
38.356014251708984
24.43167495727539
42.93947982788086
46.60727310180664
41.16112518310547
49.17980194091797
40.466983795166016
42.71294021606445
33.784645080566406
41.94142532348633
37.672813415527344
49.900390625
17.086124420166016
65.2516860961914
47.57198715209961
50.223487854003906
54.22218704223633
43.76383590698242
48.88814163208008
64.97257995605469
58.886329650878906
57.256412506103516
37.333065032958984
56.848785400390625
29.291893005371094
53.809234619140625
29.760643005371094
77.98190307617188
49.9044303894043
49.694175720214844
44.953155517578125
75.90745544433594
33.06946563720703
58.450927734375
44.330589294433594
15.087634086608887
35.06233215332031
43.874778747558594
39.466575622558594
32.38543701171875
45.96342849731445
50.229759216308594
58.73088073730469
38.88347244262695
58.551658630371094
46.52961730957031
32.23115158081055
55.49139404296875
76.05120086669922
57.049652099609375
52.63034439086914
63.559173583984375
29.956972122192383
52.8731689453125
64.31461334228516
45.427764892578125
51.49650192260742
45.31770706176758
46.6666259765625
49.87180709838867
57.94966125488281
58.11732482910156
32.161678314208984
40.959503173828125
75.9198226928711
46.33356857299805
37.760833740234375
40.17231750488281
58.315731048583984
31.944576263427734
41.127262115478516
32.26849365234375
41.887657165527344
75.69692993164062
44.20140075683594
37.94956970214844
44.694496154785156
63.10397720336914
45.727108001708984
36.301719665527344
55.18019485473633
49.75789260864258
42.79122543334961
67.2003402709961
42.47401809692383
52.6302375793457
58.20341873168945
67.23949432373047
33.35078430175781
50.706565856933594
64.97830963134766
60.05195999145508
58.73594665527344
48.54163360595703
46.56849670410156
73.4033432006836
52.38153839111328
55.922760009765625
47.86357498168945
43.16791915893555
58.72748565673828
42.124366760253906
27.056468963623047
59.86082077026367
38.01578140258789
36.80967330932617
58.232662200927734
39.22428894042969
24.998558044433594
46.35170364379883
57.718135833740234
82.46100616455078
43.18661880493164
25.173831939697266
25.046703338623047
60.83810043334961
38.24253845214844
43.750362396240234
34.52359390258789
26.922597885131836
84.2422866821289
48.70336151123047
53.332557678222656
63.871578216552734
33.06942367553711
58.9118537902832
45.537174224853516
38.975887298583984
47.38071060180664
40.57681655883789
34.625308990478516
36.98585891723633
33.68608856201172
54.370670318603516
25.210710525512695
48.06199264526367
68.5018539428711
28.450700759887695
38.75907897949219
56.95759201049805
56.28942108154297
60.12193298339844
54.457908630371094
48.31611633300781
32.60895919799805
44.83222579956055
53.845584869384766
31.447240829467773
31.509923934936523
43.14570617675781
35.79759979248047
31.526243209838867
60.73881912231445
37.27458572387695
44.58450698852539
36.65694808959961
29.526914596557617
24.2882137298584
45.80338668823242
44.23038101196289
41.21238708496094
38.07209777832031
71.90864562988281
35.1849365234375
69.09215545654297
34.45421600341797
53.048091888427734
70.3006820678711
63.24549102783203
35.41395568847656
50.37092971801758
34.7091064453125
39.432106018066406
45.06017303466797
14.366231918334961
45.078887939453125
66.39287567138672
47.593955993652344
24.112211227416992
54.34116744995117
49.196353912353516
32.18772888183594
17.56922149658203
24.323423385620117
34.53009796142578
47.92340850830078
26.555240631103516
93.0057373046875
49.1183967590332
51.388038635253906
60.98643493652344
55.22039031982422
37.16291809082031
50.48040008544922
62.33557891845703
33.29293441772461
30.07634162902832
19.573537826538086
43.10359191894531
39.04811096191406
73.85185241699219
38.04322814941406
53.64976501464844
54.8665771484375
49.564842224121094
45.682403564453125
56.938636779785156
33.50546646118164
17.863706588745117
36.76476287841797
24.51156234741211
58.52360153198242
31.491533279418945
57.9908332824707
35.90205764770508
46.17289733886719
52.13675308227539
57.69196701049805
19.117341995239258
51.20273971557617
41.3753547668457
76.14766693115234
32.52912139892578
49.14399337768555
48.26127624511719
35.81407165527344
50.63105010986328
59.181453704833984
57.66395950317383
24.517704010009766
43.21940994262695
34.106990814208984
39.718563079833984
46.42453384399414
59.60399627685547
76.6900405883789
66.63512420654297
39.67107391357422
78.56814575195312
27.516637802124023
87.75276184082031
39.449405670166016
39.70225524902344
67.87884521484375
35.1165885925293
50.238616943359375
47.329010009765625
38.41852951049805
55.01329040527344
71.85472106933594
51.34646987915039
37.13813400268555
14.127532005310059
36.54133224487305
69.14007568359375
31.69438934326172
36.215057373046875
95.6440200805664
42.60799026489258
39.932281494140625
38.51387023925781
41.605247497558594
48.71480941772461
60.29326248168945
44.69523620605469
51.997108459472656
61.4322509765625
46.10503005981445
47.05291748046875
31.565141677856445
25.586956024169922
60.7469482421875
39.55168914794922
85.70294189453125
41.59054183959961
64.78829193115234
84.17977142333984
20.498647689819336
35.11689758300781
37.360626220703125
53.416603088378906
49.97732925415039
42.8339729309082
39.244590759277344
36.070587158203125
29.525306701660156
11.94340705871582
40.096214294433594
43.65625
31.97516441345215
11.208203315734863
44.21466064453125
37.497962951660156
49.41410446166992
64.17996215820312
27.169784545898438
67.88733673095703
58.50442123413086
71.88272857666016
33.00852584838867
56.08696365356445
47.84061050415039
42.49147033691406
37.21712875366211
40.146949768066406
58.97575378417969
34.71359634399414
56.670166015625
31.102388381958008
76.6551742553711
33.422428131103516
42.416717529296875
23.318424224853516
66.81822204589844
54.478755950927734
15.612361907958984
25.308902740478516
51.14762878417969
56.38322830200195
46.566009521484375
27.285430908203125
30.26714324951172
66.3201904296875
25.305330276489258
34.27956771850586
47.99220275878906
35.75269317626953
46.929691314697266
32.45796203613281
30.99180793762207
30.960447311401367
81.0670166015625
39.03090286254883
33.04472732543945
25.11997413635254
49.51061248779297
34.851165771484375
24.17266082763672
39.61560821533203
46.01253128051758
48.30275344848633
41.012115478515625
21.90930938720703
28.872638702392578
42.54441833496094
36.73217010498047
65.0092544555664
47.45270919799805
62.67179489135742
19.988567352294922
77.87237548828125
41.70272445678711
52.372188568115234
60.0606803894043
35.756534576416016
40.322662353515625
41.427120208740234
36.166316986083984
64.40288543701172
42.069061279296875
27.774234771728516
45.222652435302734
43.652828216552734
54.09681701660156
55.7901725769043
55.01047897338867
42.880775451660156
24.526716232299805
30.123409271240234
50.213626861572266
32.15483856201172
57.346946716308594
30.47834014892578
53.41260528564453
38.63975143432617
39.100120544433594
52.78328323364258
50.0751953125
48.835872650146484
46.06149673461914
65.0187759399414
76.25025939941406
36.06412887573242
27.165483474731445
60.397945404052734
64.25056457519531
51.87425231933594
37.1081657409668
85.260986328125
71.73865509033203
57.90992736816406
48.77056884765625
49.54306411743164
39.69688034057617
33.39594650268555
58.78025817871094
48.83705139160156
50.46311569213867
30.465984344482422
49.22462844848633
48.92530822753906
47.89975357055664
44.52217102050781
51.05728530883789
37.358558654785156
54.649112701416016
41.82081985473633
70.85094451904297
47.415245056152344
76.83451080322266
45.03080368041992
84.50338745117188
53.56057357788086
24.85952377319336
49.196998596191406
85.98928833007812
42.87128829956055
43.07642364501953
50.98799514770508
54.746219635009766
47.92411422729492
21.030141830444336
28.698986053466797
50.073509216308594
60.117645263671875
32.90025329589844
43.89926528930664
52.64216232299805
29.082490921020508
52.662235260009766
50.549346923828125
76.87859344482422
60.530975341796875
31.80353355407715
39.41360855102539
32.66126251220703
48.67325210571289
25.00089454650879
42.28013610839844
46.31137466430664
14.518481254577637
44.066673278808594
33.89665222167969
64.97602844238281
42.635459899902344
93.47920989990234
52.51474380493164
54.84181594848633
39.85062026977539
24.39933967590332
52.27168273925781
47.21257019042969
46.1163330078125
75.01322937011719
30.332033157348633
46.329872131347656
34.55690383911133
44.61022186279297
62.071720123291016
60.29875946044922
12.200140953063965
20.2058162689209
23.351865768432617
63.3316535949707
35.827247619628906
42.69195556640625
38.65193176269531
18.96172523498535
21.854570388793945
26.01300621032715
60.99186706542969
72.53778839111328
88.01948547363281
60.76547622680664
52.94286346435547
34.75532913208008
24.138471603393555
81.9910888671875
45.00284957885742
28.25649642944336
68.85115814208984
54.03273010253906
76.92353057861328
36.61891174316406
42.89815139770508
53.72296905517578
40.06239700317383
67.69548034667969
70.47026824951172
49.53607940673828
38.84176254272461
42.968017578125
61.873592376708984
54.96680450439453
71.48756408691406
38.266136169433594
46.99920654296875
41.92089080810547
31.341384887695312
52.14527130126953
50.87286376953125
55.85374069213867
24.509307861328125
54.728031158447266
44.984127044677734
35.97543716430664
38.599388122558594
50.77968215942383
41.566837310791016
43.51834487915039
39.43297576904297
32.98858642578125
41.143890380859375
34.26245880126953
44.89273452758789
51.07209777832031
38.83884048461914
34.26939392089844
28.42254638671875
9.066088676452637
41.287147521972656
65.07514190673828
39.826744079589844
64.22888946533203
40.149715423583984
54.443084716796875
47.14997100830078
41.9671516418457
39.179359436035156
51.48155212402344
56.18418502807617
54.5792121887207
42.530399322509766
49.28435134887695
49.4671630859375
29.292255401611328
50.83268737792969
65.08607482910156
44.80370330810547
33.66603088378906
27.955657958984375
44.67437744140625
34.04582595825195
35.221824645996094
42.43994903564453
53.354835510253906
41.77280807495117
56.29293441772461
67.97393798828125
70.38441467285156
61.992191314697266
13.105279922485352
31.75840950012207
19.271472930908203
41.9756965637207
41.22555160522461
47.40806198120117
28.55289649963379
47.33810043334961
47.05781173706055
38.5366096496582
42.734718322753906
71.23686218261719
43.7295036315918
60.26097106933594
30.625295639038086
39.14969253540039
33.135623931884766
46.55005645751953
42.19540023803711
74.96403503417969
40.299522399902344
55.73782730102539
53.74925231933594
36.1890983581543
33.64992904663086
60.92342758178711
27.904817581176758
47.49491882324219
48.6688117980957
33.489952087402344
32.7203369140625
79.51512145996094
53.5916633605957
46.54392623901367
60.070796966552734
42.384281158447266
46.905189514160156
22.865234375
66.8577651977539
46.17800521850586
26.22812271118164
62.49703598022461
54.26103210449219
50.713775634765625
36.015228271484375
57.34783935546875
68.5127182006836
37.81769943237305
38.541717529296875
24.1275691986084
40.220706939697266
33.47135543823242
47.9306755065918
45.505584716796875
73.4330062866211
19.652633666992188
60.04485321044922
36.39207077026367
53.950984954833984
38.56089782714844
53.04115295410156
49.53083038330078
45.249725341796875
31.493316650390625
34.926517486572266
58.189109802246094
43.723175048828125
71.7105484008789
32.415191650390625
30.586200714111328
68.21199035644531
32.54476547241211
38.570411682128906
38.85804748535156
45.46985626220703
37.720157623291016
51.30790328979492
65.77867126464844
65.23603057861328
43.38439178466797
43.128700256347656
34.410499572753906
45.410579681396484
44.798988342285156
50.311439514160156
68.1476821899414
59.19915008544922
50.355594635009766
47.937339782714844
57.91333770751953
44.39707565307617
62.19341278076172
73.6064682006836
32.85125732421875
30.909931182861328
12.78539752960205
45.465789794921875
32.38269805908203
38.6118278503418
44.36333465576172
40.23082733154297
40.329803466796875
77.5389404296875
35.61776351928711
53.08855056762695
46.31771469116211
55.848289489746094
68.062744140625
48.768455505371094
49.64944839477539
45.82209014892578
46.63604736328125
71.09650421142578
35.623626708984375
56.71942138671875
50.433349609375
80.55519104003906
36.20777893066406
29.496185302734375
49.97732925415039
65.79780578613281
54.629844665527344
43.01070022583008
27.74725914001465
27.692920684814453
47.323055267333984
28.236038208007812
54.69651794433594
56.65935134887695
60.536766052246094
46.633636474609375
39.83674240112305
68.61814880371094
64.3131103515625
30.76959228515625
16.44143295288086
47.439327239990234
65.33336639404297
28.86687469482422
58.20441436767578
51.781005859375
67.0362319946289
39.583648681640625
44.212093353271484
60.13772201538086
34.4884033203125
24.622047424316406
22.578563690185547
32.88407897949219
59.034873962402344
37.132957458496094
39.81612777709961
48.45656967163086
33.36779022216797
32.508544921875
15.936214447021484
26.314512252807617
16.675827026367188
49.162353515625
54.676570892333984
50.08209991455078
25.331932067871094
33.936458587646484
35.874568939208984
52.454044342041016
44.866172790527344
65.49681091308594
35.13283157348633
26.440288543701172
56.43830490112305
33.84022903442383
45.03261947631836
55.434261322021484
58.2750244140625
50.26469421386719
36.61274719238281
55.625572204589844
24.37248992919922
52.75544738769531
32.968055725097656
42.82981491088867
39.662784576416016
59.99761199951172
31.998924255371094
19.375553131103516
35.158695220947266
54.899864196777344
25.571685791015625
74.34446716308594
52.10747146606445
16.433122634887695
45.3052978515625
59.17473602294922
52.08147430419922
38.06877517700195
29.89212417602539
56.683143615722656
38.83357238769531
61.42485427856445
35.78014373779297
59.510868072509766
42.56282043457031
84.72623443603516
65.2236328125
48.24638366699219
41.508888244628906
37.01332092285156
31.366676330566406
52.02806091308594
41.33256530761719
25.106250762939453
54.63792419433594
32.29325485229492
46.08296203613281
49.94112777709961
45.32857894897461
64.32865905761719
28.30976676940918
60.460140228271484
63.51943588256836
47.8635139465332
48.310340881347656
69.4071044921875
52.42384719848633
24.12029457092285
46.68766784667969
24.39170265197754
42.92654037475586
15.599555969238281
33.99451446533203
53.440284729003906
57.1412467956543
33.017330169677734
40.13984298706055
37.097503662109375
49.48429489135742
48.48527526855469
31.938695907592773
51.14812088012695
28.366439819335938
54.544708251953125
48.71883010864258
8.855729103088379
48.4530143737793
55.484012603759766
63.422245025634766
47.975914001464844
22.368654251098633
53.47486877441406
20.69224739074707
34.569984436035156
45.8397102355957
49.938385009765625
49.863067626953125
42.952430725097656
36.430885314941406
20.231473922729492
35.106201171875
51.77945327758789
50.924461364746094
50.782047271728516
55.824764251708984
59.904632568359375
80.29397583007812
49.85554885864258
38.150245666503906
28.780540466308594
39.36717987060547
35.51263427734375
23.585620880126953
50.63612365722656
66.78292083740234
38.499290466308594
28.314678192138672
33.45382308959961
30.390382766723633
32.14566421508789
48.171546936035156
24.065139770507812
73.87825012207031
21.466285705566406
24.616107940673828
52.21661376953125
53.60348892211914
55.91878128051758
39.19052505493164
51.168758392333984
49.665504455566406
15.778421401977539
14.546195983886719
56.87608337402344
50.41469192504883
69.19557189941406
51.409507751464844
65.38545227050781
29.108295440673828
56.330650329589844
41.12213897705078
54.63719177246094
29.74434471130371
13.254229545593262
54.92043685913086
53.35535430908203
55.50236129760742
48.410526275634766
39.03711700439453
58.150146484375
41.70946502685547
23.024280548095703
69.88383483886719
84.36370849609375
40.84381103515625
42.710487365722656
42.92970275878906
40.21690368652344
57.55956268310547
58.210296630859375
39.26069259643555
38.844661712646484
46.70533752441406
58.0501594543457
36.25843811035156
57.371158599853516
26.70895767211914
29.902881622314453
69.56938171386719
29.79794692993164
38.75056838989258
48.06210708618164
79.39932250976562
42.0188102722168
54.041500091552734
51.00517654418945
51.171566009521484
44.553836822509766
65.09479522705078
63.72349548339844
27.964242935180664
39.00527572631836
42.59773635864258
41.90479278564453
51.42256546020508
28.835779190063477
57.95128631591797
43.24462127685547
44.264869689941406
58.62054443359375
34.27063751220703
47.56327819824219
42.236209869384766
40.41682052612305
53.07653045654297
38.84623718261719
55.37208938598633
44.63820266723633
42.38669967651367
69.31412506103516
25.839073181152344
45.15622329711914
42.76405334472656
48.26054382324219
44.653602600097656
77.48921203613281
58.82121658325195
53.81624984741211
26.54241371154785
12.675271034240723
62.8639030456543
41.492225646972656
44.43197250366211
31.172025680541992
33.29983901977539
75.53672790527344
86.60092163085938
11.749074935913086
46.01303482055664
26.747156143188477
12.203608512878418
36.529293060302734
52.97560119628906
28.999608993530273
40.49969482421875
45.2298469543457
50.48549270629883
54.26942443847656
43.40895462036133
38.301513671875
68.76920318603516
35.56280517578125
50.25374221801758
56.94729232788086
65.33391571044922
43.04389953613281
98.37156677246094
46.01386260986328
45.0479850769043
56.62014389038086
52.80337142944336
35.07611846923828
45.87503433227539
45.578617095947266
28.69793701171875
57.0478401184082
36.18061828613281
60.50859832763672
32.2548828125
40.575042724609375
60.04046630859375
47.853919982910156
81.12798309326172
26.4481258392334
24.399250030517578
30.635915756225586
31.10736656188965
35.297359466552734
49.53799057006836
57.09540557861328
47.961463928222656
33.756317138671875
48.245609283447266
45.19001770019531
42.329742431640625
60.40215301513672
32.63349151611328
27.65351104736328
61.68550491333008
53.29531478881836
42.38187789916992
26.404190063476562
38.7190055847168
52.201988220214844
50.79998779296875
29.2552433013916
70.68395233154297
29.034805297851562
50.2098503112793
57.560211181640625
30.791837692260742
62.127037048339844
58.01874923706055
48.70978546142578
32.19047546386719
56.66254425048828
57.8818244934082
48.26591873168945
57.27045440673828
27.66417121887207
37.582088470458984
74.13414001464844
50.49849319458008
51.37602615356445
68.52001190185547
31.734304428100586
47.12370681762695
49.337894439697266
56.930030822753906
42.141265869140625
43.51723098754883
26.32191276550293
45.6539192199707
36.135047912597656
31.931482315063477
38.76941680908203
27.776262283325195
50.541290283203125
52.92414474487305
37.75674819946289
65.46113586425781
56.14991760253906
31.934911727905273
45.581912994384766
39.06733322143555
63.64508056640625
43.43769073486328
34.89117431640625
57.62766647338867
40.66730499267578
60.740081787109375
51.86638641357422
29.2833194732666
39.73263168334961
63.3146858215332
60.879920959472656
55.52495574951172
28.080507278442383
55.470924377441406
46.98585891723633
39.736637115478516
43.38542175292969
37.26239013671875
66.32412719726562
75.03851318359375
54.26711654663086
61.17982864379883
57.500919342041016
46.85102844238281
44.706417083740234
51.74763107299805
64.62519073486328
34.05391311645508
38.277950286865234
77.50238800048828
37.63132858276367
66.96724700927734
52.814849853515625
42.93998336791992
55.740760803222656
46.06917190551758
63.522499084472656
43.934715270996094
80.66275024414062
34.50398254394531
33.3404426574707
26.77308464050293
30.97418785095215
37.812843322753906
24.821727752685547
52.97743225097656
29.946144104003906
37.64951705932617
34.30592346191406
22.698116302490234
25.91162109375
40.09497833251953
43.316062927246094
36.852298736572266
48.6197395324707
53.26612854003906
24.97484016418457
44.66395950317383
50.37872314453125
65.17313385009766
78.27501678466797
64.36601257324219
49.35369110107422
42.78178787231445
42.23261642456055
43.48011779785156
26.091487884521484
50.69858169555664
48.45445251464844
35.37809753417969
29.28830909729004
53.19767761230469
38.2800178527832
61.25306701660156
81.49823760986328
58.312416076660156
22.561534881591797
35.52534866333008
43.363868713378906
23.58412742614746
66.35540771484375
41.98109817504883
28.883995056152344
47.01787185668945
19.30771827697754
52.51620864868164
32.55662536621094
35.040367126464844
42.50492477416992
38.321895599365234
33.78723907470703
33.90163040161133
33.64618682861328
41.220191955566406
17.94147491455078
44.06850051879883
59.63135528564453
34.618446350097656
48.978973388671875
40.707820892333984
67.30821228027344
56.01591491699219
60.450416564941406
25.851716995239258
64.40861511230469
71.28388214111328
42.228450775146484
15.424640655517578
41.88275146484375
50.30023956298828
48.152706146240234
70.70004272460938
36.3874397277832
43.86074447631836
28.788084030151367
64.94121551513672
55.28850173950195
27.89335823059082
48.9039421081543
43.16245651245117
19.337038040161133
23.02621841430664
45.940513610839844
30.302230834960938
61.59907913208008
60.91781997680664
68.18639373779297
39.56520080566406
65.8336181640625
43.851924896240234
36.084205627441406
35.68819046020508
40.07694625854492
58.78891372680664
41.37102508544922
43.216949462890625
39.05382537841797
45.3140983581543
42.696014404296875
55.2617301940918
60.39958953857422
77.72786712646484
37.67008972167969
55.353660583496094
42.34988784790039
34.36347198486328
32.71076202392578
70.4583969116211
41.49723815917969
17.992259979248047
54.52998352050781
42.690460205078125
61.40669631958008
30.705692291259766
37.09468078613281
56.14805603027344
66.03276062011719
53.563961029052734
41.76679611206055
30.03673553466797
73.15045928955078
82.8555908203125
64.64282989501953
66.42906188964844
58.731048583984375
46.384605407714844
25.904216766357422
51.41582489013672
29.7304630279541
29.84813117980957
37.35309600830078
68.35569763183594
51.49177551269531
20.01284408569336
42.804786682128906
47.73793411254883
44.515350341796875
50.73784637451172
35.426971435546875
78.34773254394531
37.86655807495117
57.11277770996094
66.05413818359375
76.0174560546875
76.04803466796875
32.600669860839844
64.12010192871094
23.90591812133789
70.02616882324219
47.52471160888672
37.84757614135742
51.07804870605469
38.08961868286133
62.90257263183594
54.27529525756836
73.11369323730469
35.70707321166992
49.642333984375
37.41108703613281
24.934539794921875
42.66497802734375
40.214378356933594
41.90589904785156
49.4490852355957
75.72535705566406
48.178924560546875
41.54093551635742
23.910573959350586
64.49040222167969
52.46883010864258
38.405521392822266
50.395774841308594
35.17249298095703
50.84619140625
13.817398071289062
28.15210723876953
45.099666595458984
30.28909683227539
58.34083938598633
39.39296340942383
32.359127044677734
27.87278175354004
65.21810150146484
42.99058151245117
30.334897994995117
40.50962829589844
54.01824188232422
26.850727081298828
44.431636810302734
75.9628677368164
82.14179229736328
50.79408645629883
58.14992904663086
55.52840805053711
45.9859733581543
54.930564880371094
31.675247192382812
60.86022186279297
59.83042526245117
34.454471588134766
53.86013412475586
20.927534103393555
30.30921173095703
38.005699157714844
77.57340240478516
42.434181213378906
66.90950775146484
47.15277099609375
55.88732147216797
46.69645309448242
56.128822326660156
35.06257629394531
49.039093017578125
55.753692626953125
42.4099235534668
24.429292678833008
60.007911682128906
50.394412994384766
56.90645980834961
56.65141677856445
43.148895263671875
40.419490814208984
47.970455169677734
58.96846008300781
28.822559356689453
41.07749557495117
63.344566345214844
63.956729888916016
57.02789306640625
46.997039794921875
43.935264587402344
39.30604934692383
41.60243225097656
56.32379913330078
75.42652130126953
47.437957763671875
67.92990112304688
54.636146545410156
75.587890625
26.955644607543945
69.60609436035156
35.81478500366211
34.1409797668457
38.9189567565918
55.673248291015625
39.70644760131836
24.454235076904297
35.87322998046875
38.133480072021484
28.150127410888672
59.66323471069336
35.0662956237793
72.69998168945312
36.40989303588867
46.06169891357422
62.20098876953125
39.120635986328125
36.85419845581055
68.67012023925781
59.325889587402344
66.26433563232422
60.26930236816406
40.34751892089844
51.31456756591797
61.52138137817383
37.84769821166992
34.16337966918945
13.372894287109375
53.59921646118164
23.621492385864258
48.062503814697266
67.78892517089844
55.15156936645508
43.54685974121094
48.660011291503906
58.45206832885742
52.12057876586914
39.22562789916992
45.6346435546875
65.46247863769531
43.36383819580078
35.22174835205078
47.7070198059082
6.809458255767822
54.4316291809082
43.41190719604492
50.072853088378906
26.871017456054688
42.1259651184082
30.656606674194336
24.91703224182129
54.01483917236328
72.90904235839844
83.83419799804688
33.94202423095703
88.40866088867188
84.34658813476562
48.610069274902344
27.872356414794922
51.56939697265625
30.072717666625977
33.93646240234375
23.53819465637207
23.60849380493164
52.99382019042969
59.434226989746094
37.588523864746094
39.20238494873047
32.477020263671875
54.41545104980469
24.69144058227539
39.839439392089844
49.33640670776367
30.75365447998047
16.522136688232422
69.03386688232422
55.10367202758789
41.993324279785156
39.770599365234375
57.263343811035156
16.217758178710938
28.230098724365234
55.713783264160156
47.776363372802734
51.903038024902344
31.75699806213379
48.28987121582031
31.874143600463867
38.62372589111328
56.98721694946289
23.926794052124023
50.93302917480469
39.78978729248047
51.58071517944336
47.28484344482422
57.065467834472656
36.09318161010742
49.22697067260742
52.58611297607422
26.399559020996094
59.250186920166016
49.664276123046875
40.43229675292969
69.60281372070312
26.087553024291992
54.38099670410156
51.267921447753906
42.134830474853516
64.94928741455078
23.432771682739258
43.85615539550781
43.97991943359375
76.60943603515625
64.28311157226562
57.02534103393555
53.35506820678711
21.228578567504883
62.034793853759766
51.18513107299805
76.94534301757812
45.22244644165039
47.725772857666016
52.238792419433594
37.02223587036133
38.760684967041016
59.49604415893555
27.824844360351562
74.63648986816406
39.314151763916016
17.358505249023438
36.42724609375
31.067888259887695
82.1053237915039
32.11533737182617
59.021705627441406
42.020503997802734
65.00062561035156
55.894203186035156
23.39699363708496
45.72247314453125
90.56626892089844
46.29684066772461
56.71132278442383
39.08041000366211
64.5360107421875
75.21244049072266
61.668357849121094
50.44001007080078
48.42950439453125
50.93635559082031
38.9363899230957
35.87702560424805
45.48161315917969
36.977664947509766
51.772098541259766
74.41746520996094
48.496116638183594
29.07098388671875
44.16168212890625
49.74244689941406
40.78562545776367
48.45811462402344
30.3985595703125
41.202003479003906
57.064388275146484
35.148685455322266
58.247779846191406
63.42026138305664
24.118576049804688
35.173587799072266
41.46500015258789
37.70073318481445
42.56635665893555
53.760047912597656
43.303707122802734
86.0148696899414
34.28409194946289
55.97806930541992
49.126644134521484
41.17716598510742
52.897342681884766
46.248531341552734
67.82134246826172
34.396907806396484
30.838537216186523
32.75962448120117
50.478023529052734
40.29400634765625
53.05852508544922
40.05245590209961
22.085275650024414
46.71683883666992
49.8583869934082
60.42707443237305
85.52515411376953
43.4993782043457
39.891517639160156
45.99013137817383
43.8477783203125
53.514591217041016
74.7440414428711
61.08641815185547
33.861366271972656
35.54029083251953
47.8421516418457
34.10533142089844
44.70383071899414
45.778324127197266
25.12106704711914
24.692922592163086
39.440792083740234
47.00896072387695
50.41408157348633
28.381792068481445
27.810396194458008
59.99886703491211
63.95645523071289
31.10503387451172
48.936161041259766
71.34416961669922
37.286991119384766
20.028379440307617
63.06746292114258
58.081424713134766
64.83285522460938
34.31128692626953
48.88347244262695
81.67481231689453
58.76696014404297
55.72384262084961
43.51083755493164
34.81564712524414
75.51366424560547
61.81050491333008
62.59806442260742
79.22126770019531
40.755699157714844
49.25271224975586
52.83244705200195
53.203243255615234
74.77926635742188
53.292762756347656
36.86396789550781
42.872554779052734
50.15531921386719
31.74944496154785
66.8072509765625
29.337722778320312
28.79207992553711
23.966449737548828
56.02648162841797
62.97049331665039
29.065610885620117
23.731456756591797
72.01958465576172
37.32674789428711
32.77781677246094
46.0910530090332
37.73179626464844
39.79310989379883
19.560688018798828
39.44089126586914
61.398136138916016
38.1649055480957
30.00753402709961
65.66117095947266
46.4954948425293
25.31641960144043
38.806068420410156
66.1126708984375
52.13823318481445
63.52558135986328
66.01325988769531
60.68009567260742
44.981689453125
59.83936309814453
30.207435607910156
57.42120361328125
41.82448196411133
31.903661727905273
34.9207649230957
39.72249984741211
50.62807846069336
32.461204528808594
54.27996826171875
58.311100006103516
63.932044982910156
45.57239532470703
36.31064987182617
75.36332702636719
72.31810760498047
33.57306671142578
59.5184211730957
43.45152282714844
37.324005126953125
55.336856842041016
58.7401237487793
52.20923614501953
39.65907669067383
37.18863296508789
65.78052520751953
44.82981872558594
61.635009765625
54.059112548828125
75.8690414428711
55.81541442871094
60.647422790527344
62.028358459472656
41.55876159667969
57.66551971435547
46.49855041503906
37.04004669189453
21.36210060119629
46.999324798583984
45.06709289550781
68.4946060180664
44.78207015991211
11.198631286621094
37.262603759765625
31.201337814331055
27.181137084960938
83.32533264160156
56.723941802978516
54.77653884887695
53.546905517578125
25.740781784057617
45.85919189453125
36.703712463378906
57.5633544921875
20.44683837890625
9.019855499267578
47.7403450012207
53.774349212646484
47.92142105102539
64.72325897216797
43.25937271118164
55.126686096191406
30.209217071533203
50.917137145996094
51.26508331298828
28.49833869934082
22.355154037475586
35.597442626953125
9.538872718811035
54.23954772949219
42.845584869384766
63.54581069946289
54.7817268371582
34.7042350769043
46.78091049194336
63.678829193115234
38.37960433959961
66.75489807128906
43.9735107421875
27.650442123413086
64.53522491455078
72.84191131591797
38.150291442871094
30.298633575439453
36.19881057739258
72.3003158569336
49.147525787353516
38.92121505737305
71.57943725585938
48.381134033203125
40.65800857543945
64.29322052001953
48.5028190612793
53.52314376831055
40.49947738647461
37.8600959777832
33.95488739013672
47.693546295166016
73.02450561523438
43.981407165527344
59.164276123046875
46.77959442138672
36.45384216308594
54.890865325927734
41.83671188354492
46.18054962158203
59.64573287963867
65.47611999511719
60.393287658691406
33.10588455200195
57.758419036865234
31.643552780151367
45.819801330566406
24.627578735351562
68.0206298828125
58.74858474731445
65.57476806640625
57.36860275268555
41.44734191894531
15.044628143310547
32.48670959472656
42.85321807861328
65.19683837890625
56.42763900756836
29.40177345275879
28.889997482299805
50.10403060913086
75.90601348876953
54.68207931518555
31.37944984436035
37.764427185058594
53.79978561401367
46.97809982299805
66.99113464355469
59.11225891113281
57.750091552734375
39.12939453125
30.479217529296875
58.07634353637695
35.10359191894531
46.02470016479492
57.48554992675781
45.70040512084961
36.700111389160156
18.8362979888916
51.12889099121094
28.979206085205078
33.02225875854492
68.31399536132812
57.25299835205078
39.5806770324707
29.878684997558594
72.04177856445312
49.359954833984375
17.36712074279785
56.360252380371094
77.31096649169922
35.20561599731445
56.22515106201172
17.534543991088867
44.10618591308594
28.971622467041016
73.94563293457031
18.116531372070312
64.73109436035156
37.113059997558594
21.04261589050293
53.931678771972656
55.166141510009766
11.946125984191895
60.70656967163086
40.05039596557617
20.902753829956055
42.20881652832031
35.169822692871094
39.462799072265625
38.41286087036133
55.543392181396484
55.56295394897461
43.31339645385742
31.360187530517578
31.17059898376465
54.48863220214844
36.20454788208008
44.109466552734375
72.12078094482422
39.52116394042969
52.18394088745117
47.39447021484375
38.1810188293457
58.69583511352539
29.77737808227539
47.4643440246582
43.5030517578125
33.41041946411133
63.33391189575195
65.33953857421875
33.71625900268555
57.00432586669922
57.36786651611328
55.61865997314453
30.000396728515625
48.826324462890625
45.59076690673828
49.17905807495117
42.83220672607422
33.65723419189453
42.821006774902344
54.23794937133789
37.13956832885742
40.15938186645508
71.31240844726562
49.27992248535156
35.4678840637207
34.33056640625
41.80031967163086
29.25595474243164
61.53419494628906
44.230918884277344
54.751976013183594
77.4830551147461
62.888004302978516
45.828155517578125
51.9857292175293
45.47197723388672
48.72227096557617
87.05813598632812
43.72760009765625
42.944515228271484
16.785022735595703
24.524240493774414
34.692989349365234
52.085166931152344
30.00796127319336
58.585540771484375
33.728431701660156
23.437055587768555
21.41015625
33.737979888916016
46.82365036010742
38.8193244934082
45.59716033935547
30.405353546142578
53.52734375
78.3833999633789
46.769405364990234
31.484542846679688
33.305606842041016
29.703201293945312
42.83917236328125
28.353160858154297
43.33826446533203
31.941194534301758
73.35609436035156
59.176292419433594
24.734031677246094
55.66245651245117
42.837589263916016
65.115966796875
37.52602767944336
70.19503784179688
34.8713493347168
71.41670989990234
55.173770904541016
45.625633239746094
38.275943756103516
41.351863861083984
9.387772560119629
30.797714233398438
29.924053192138672
89.47967529296875
64.11418151855469
69.64692687988281
51.02751922607422
41.71269607543945
38.13818359375
20.627553939819336
20.02339744567871
61.404232025146484
41.042076110839844
33.9601936340332
27.28548240661621
43.13466262817383
42.78719711303711
52.93709945678711
58.84378433227539
37.07563400268555
18.00041389465332
46.10057067871094
67.43126678466797
36.6807861328125
41.41751480102539
51.384700775146484
53.742591857910156
38.1510124206543
47.461029052734375
59.377716064453125
34.978397369384766
34.597293853759766
49.92522048950195
38.884521484375
54.6974983215332
42.565433502197266
39.89928436279297
44.49810028076172
75.80850982666016
28.065784454345703
58.64376449584961
57.512489318847656
40.125633239746094
27.994667053222656
56.822914123535156
19.518102645874023
34.49588394165039
35.096893310546875
38.794715881347656
63.260013580322266
21.361968994140625
53.17859649658203
35.787532806396484
56.31193542480469
53.95771408081055
14.320745468139648
22.698678970336914
19.70207405090332
35.13043975830078
32.11323165893555
40.43581008911133
53.28573989868164
31.362598419189453
56.27519226074219
46.04755401611328
20.416873931884766
70.97723388671875
34.479148864746094
48.067649841308594
39.270389556884766
49.410587310791016
42.49754333496094
43.333683013916016
32.02959060668945
42.251007080078125
68.30535125732422
45.937660217285156
59.910194396972656
38.91226577758789
36.20280456542969
27.843090057373047
56.474937438964844
26.132902145385742
52.4593620300293
56.077537536621094
39.798309326171875
39.63947296142578
34.39445495605469
58.73976135253906
65.81529998779297
24.892982482910156
41.51194381713867
32.720130920410156
46.04728698730469
19.767086029052734
50.63831329345703
56.07320785522461
51.73945617675781
34.87812042236328
33.09186935424805
42.42727279663086
40.17091751098633
49.40532302856445
26.978675842285156
33.19255828857422
40.444698333740234
59.880680084228516
35.596126556396484
47.71023178100586
39.602455139160156
42.30874252319336
31.110374450683594
62.794857025146484
43.092586517333984
23.15279769897461
61.266178131103516
33.28279495239258
54.41590881347656
39.40856170654297
43.559444427490234
37.86964797973633
53.291561126708984
33.11840057373047
19.628305435180664
32.68696594238281
33.8277473449707
59.93812942504883
37.91274642944336
18.937231063842773
34.498207092285156
40.759422302246094
28.600858688354492
14.727080345153809
47.607872009277344
70.820556640625
49.664527893066406
53.77503967285156
66.85392761230469
33.98539352416992
68.78492736816406
54.649559020996094
64.59757232666016
76.53917694091797
47.440338134765625
74.41511535644531
79.16314697265625
32.172080993652344
29.489931106567383
70.4342041015625
62.32661819458008
53.05662155151367
50.34388732910156
49.2331428527832
47.586360931396484
31.03815460205078
70.82610321044922
4.130212783813477
51.817848205566406
20.204261779785156
16.980716705322266
37.02000427246094
49.530731201171875
33.80406188964844
81.26496124267578
57.929344177246094
75.23088073730469
51.42765808105469
47.14183044433594
60.26933670043945
66.96210479736328
56.61812973022461
60.4638557434082
63.02394104003906
52.447818756103516
31.849720001220703
58.18412399291992
24.07195281982422
70.52620697021484
38.61663818359375
30.835474014282227
60.73640441894531
33.67657470703125
36.71946334838867
44.03244400024414
55.423805236816406
51.727603912353516
49.821372985839844
26.718341827392578
42.6838264465332
39.411033630371094
37.391109466552734
73.31969451904297
51.939369201660156
19.81670379638672
42.292598724365234
30.12871742248535
36.582645416259766
27.190507888793945
41.67892837524414
40.91340637207031
53.600399017333984
55.02887725830078
30.77303123474121
63.387996673583984
68.64698028564453
23.580825805664062
47.987388610839844
60.37895584106445
45.75442123413086
35.07137680053711
57.87883758544922
40.62000274658203
35.822731018066406
50.771636962890625
71.79877471923828
64.24413299560547
40.74014663696289
57.047637939453125
58.52123260498047
48.088645935058594
51.32139587402344
30.93549156188965
49.36579513549805
44.71609878540039
28.59724998474121
47.46293640136719
40.793338775634766
46.32248306274414
34.826416015625
56.55199432373047
68.67720031738281
33.760643005371094
64.72498321533203
39.66011047363281
46.51542663574219
62.00959014892578
29.439319610595703
45.764530181884766
63.55891799926758
63.871883392333984
43.92949295043945
84.66735076904297
82.52515411376953
37.619380950927734
60.36552810668945
22.697998046875
58.56614685058594
21.12789535522461
43.822723388671875
38.20428466796875
47.48002243041992
64.2445068359375
52.42101287841797
32.49541091918945
81.73167419433594
57.612449645996094
51.77384948730469
41.465965270996094
40.32075881958008
49.401123046875
51.1181755065918
46.40131378173828
40.90776062011719
58.35676574707031
48.20389938354492
61.80831527709961
45.095584869384766
47.966251373291016
48.42854309082031
42.69425964355469
42.57298278808594
41.0943489074707
22.229555130004883
24.981813430786133
49.03186798095703
25.43343734741211
61.30296325683594
73.35444641113281
47.72055435180664
8.4495267868042
62.384830474853516
58.20591354370117
32.905372619628906
64.5680923461914
69.80187225341797
31.167156219482422
41.739933013916016
40.27208709716797
58.88001251220703
22.37005615234375
24.367992401123047
40.32268524169922
52.86048889160156
54.41645431518555
53.116878509521484
39.04814910888672
72.73936462402344
82.28765869140625
50.82235336303711
97.71109008789062
50.086997985839844
40.8470573425293
73.97081756591797
72.69527435302734
41.18800735473633
55.117889404296875
39.58230209350586
53.25052261352539
37.72841262817383
49.50862503051758
46.4422492980957
34.73218536376953
48.634979248046875
64.0320053100586
27.39703941345215
35.433860778808594
66.880859375
29.72426414489746
21.51020050048828
44.98819351196289
16.658388137817383
50.15223693847656
18.63091468811035
67.4341049194336
24.756595611572266
53.761600494384766
35.63207244873047
31.415451049804688
49.599632263183594
41.044071197509766
44.29332733154297
54.6297721862793
75.89956665039062
41.753150939941406
50.91119384765625
15.262314796447754
64.27747344970703
41.835166931152344
35.29248809814453
44.176143646240234
42.626590728759766
60.39826202392578
49.786739349365234
30.045005798339844
60.60499954223633
44.87387466430664
36.76279067993164
38.69941329956055
47.46882629394531
41.34051513671875
50.28007507324219
8.044134140014648
29.981725692749023
39.702659606933594
56.03960037231445
59.18781661987305
45.00540542602539
53.56909942626953
80.09825897216797
10.149958610534668
50.57878112792969
50.66141128540039
51.90719223022461
59.99705123901367
36.97926712036133
42.573970794677734
32.86079788208008
51.630802154541016
45.39551544189453
13.246971130371094
65.1700668334961
80.4334945678711
25.78299331665039
38.80080032348633
38.041351318359375
59.61191177368164
73.03758239746094
58.18936538696289
51.65615463256836
38.09392166137695
54.26665496826172
53.06880569458008
58.18122482299805
42.054527282714844
44.77326583862305
41.5323371887207
28.494140625
53.73579788208008
36.8011589050293
63.733055114746094
39.69116973876953
27.028278350830078
57.90408706665039
35.79753494262695
82.94066619873047
32.55070114135742
56.58149337768555
35.6720085144043
85.97740173339844
33.247833251953125
52.5220832824707
61.28970718383789
63.58636474609375
42.88473129272461
43.592124938964844
51.979461669921875
38.72496032714844
46.263572692871094
37.868980407714844
33.70991516113281
65.32550811767578
76.34757995605469
58.43321228027344
61.08662033081055
53.11259460449219
71.64746856689453
68.39237213134766
56.9634895324707
29.50544548034668
41.724517822265625
46.46407699584961
48.75806427001953
44.087615966796875
58.925262451171875
32.64000701904297
44.486244201660156
28.778234481811523
21.000829696655273
68.21974182128906
42.93034744262695
56.278236389160156
50.03377914428711
61.2544059753418
51.52553939819336
38.04617691040039
37.77021026611328
56.190940856933594
23.20943260192871
19.450977325439453
56.75349044799805
61.19382095336914
14.216687202453613
35.490211486816406
35.8156623840332
25.30132484436035
62.637596130371094
41.5106315612793
29.631793975830078
33.32334899902344
29.989501953125
39.67307662963867
25.77211570739746
48.58447265625
20.345069885253906
42.61464309692383
41.64295959472656
36.3167839050293
54.32882308959961
48.659854888916016
64.0738525390625
34.65406036376953
73.30584716796875
76.95140838623047
55.92615509033203
59.43184280395508
35.34626388549805
58.21822738647461
24.621667861938477
45.82225036621094
73.04822540283203
43.53963088989258
59.10077667236328
51.25847244262695
62.10890197753906
53.62010192871094
26.879993438720703
44.48046112060547
58.467872619628906
50.36336135864258
42.84754180908203
65.23617553710938
45.14549255371094
36.93291473388672
62.67969512939453
66.20401000976562
81.31230163574219
40.30917739868164
76.02608489990234
37.225006103515625
37.135738372802734
52.90958023071289
51.00748825073242
27.974287033081055
33.82090377807617
41.45969772338867
68.49007415771484
39.71233367919922
44.966453552246094
70.23968505859375
67.3221206665039
31.83985710144043
64.01663208007812
56.728328704833984
52.278343200683594
35.26055908203125
53.19984817504883
40.23626708984375
22.777786254882812
49.444580078125
53.72470474243164
60.482513427734375
18.980274200439453
36.77409744262695
69.69093322753906
51.2225341796875
60.12769317626953
35.34345626831055
41.37723922729492
48.05754852294922
53.176055908203125
54.508785247802734
54.48334503173828
48.95889663696289
45.101741790771484
53.16728210449219
54.6901969909668
55.838653564453125
29.15983772277832
62.813560485839844
40.96196365356445
53.800846099853516
89.31673431396484
20.64447593688965
46.81749725341797
46.00890350341797
26.910072326660156
36.91334915161133
39.96298599243164
53.7331657409668
37.90350341796875
43.018699645996094
51.74993133544922
51.06276321411133
45.480918884277344
51.5493049621582
49.90982437133789
38.99795913696289
63.19300079345703
50.182945251464844
57.77532958984375
46.78233337402344
54.506561279296875
33.54500961303711
38.093387603759766
26.929800033569336
45.49501037597656
26.498926162719727
26.73893165588379
26.73955726623535
73.30301666259766
48.25106430053711
40.069068908691406
55.35662841796875
44.07419204711914
44.76405334472656
12.338735580444336
16.592632293701172
40.488975524902344
18.97609519958496
51.7957878112793
36.041717529296875
61.58262634277344
49.02690505981445
47.945430755615234
23.80190658569336
43.2796516418457
20.05522918701172
60.657928466796875
31.780609130859375
34.90547180175781
64.74295806884766
59.833763122558594
53.8280029296875
49.13124084472656
38.881107330322266
48.98243713378906
7.907787322998047
46.36223220825195
48.68592834472656
33.2740592956543
30.975650787353516
7.470812797546387
61.20706558227539
54.85866165161133
37.67792892456055
47.943424224853516
47.82312774658203
31.251541137695312
25.347822189331055
65.70860290527344
52.09272384643555
31.172893524169922
34.9668083190918
53.70362091064453
38.31367492675781
32.24314498901367
82.63085174560547
42.35544204711914
50.825706481933594
29.20950698852539
32.94915008544922
71.25636291503906
51.50178527832031
28.119457244873047
50.12356948852539
56.649288177490234
63.729549407958984
50.683311462402344
40.298675537109375
40.655914306640625
64.61478424072266
23.930845260620117
64.56256103515625
31.83005142211914
65.5107650756836
51.102046966552734
29.550230026245117
45.369808197021484
63.646175384521484
25.697561264038086
41.00088882446289
37.39521789550781
25.547075271606445
44.83683395385742
34.43403625488281
65.91757202148438
48.53582000732422
47.57760238647461
40.894691467285156
32.49755096435547
28.43836784362793
54.32819747924805
9.970425605773926
50.164730072021484
47.33147430419922
32.92477035522461
70.75492858886719
31.85307502746582
33.31067657470703
54.3653450012207
39.84777069091797
41.97657775878906
62.21673583984375
45.58877944946289
61.84905242919922
45.31194305419922
57.20298767089844
56.376678466796875
32.91421890258789
16.549062728881836
40.554935455322266
44.60018539428711
39.34856033325195
48.053016662597656
57.01740646362305
20.138351440429688
54.073341369628906
56.13651657104492
36.76028060913086
65.11001586914062
16.820938110351562
68.90570068359375
12.086869239807129
16.49378204345703
64.43766784667969
39.98480224609375
27.009307861328125
28.155845642089844
55.28392791748047
28.588815689086914
37.41328811645508
29.47281265258789
63.55827331542969
74.90887451171875
79.44613647460938
48.62498092651367
35.71367263793945
38.98830795288086
39.3009033203125
56.44192123413086
42.552669525146484
47.991031646728516
31.830171585083008
39.75910949707031
81.03839111328125
56.08049774169922
25.22374153137207
39.578956604003906
65.54006958007812
43.61815643310547
27.042274475097656
65.22315216064453
79.58674621582031
27.134777069091797
28.89092445373535
82.00569152832031
15.068937301635742
50.07399368286133
57.675472259521484
64.00127410888672
45.70069885253906
72.33804321289062
15.023743629455566
37.741573333740234
55.7039794921875
54.06776809692383
38.099727630615234
54.56092071533203
31.230966567993164
51.64070129394531
57.87885665893555
39.031822204589844
42.44572448730469
72.47065734863281
86.10435485839844
68.98332977294922
40.525352478027344
48.207984924316406
54.72333526611328
48.86008834838867
63.749881744384766
57.80345916748047
28.359560012817383
39.58928680419922
61.718048095703125
62.44756317138672
35.5010986328125
77.66111755371094
28.303367614746094
49.87423324584961
29.637081146240234
51.50702667236328
36.87846374511719
36.39923095703125
50.975929260253906
23.941818237304688
36.188194274902344
44.41912078857422
73.76063537597656
29.158605575561523
43.6479377746582
46.039215087890625
23.029714584350586
47.23153305053711
44.407711029052734
20.931964874267578
51.266807556152344
55.035072326660156
52.247032165527344
20.458436965942383
54.86534881591797
51.67502975463867
44.19503402709961
45.162261962890625
45.39872741699219
47.52134704589844
42.5931510925293
28.3013916015625
43.39091491699219
43.659210205078125
45.400062561035156
65.54959106445312
31.486671447753906
61.31039810180664
44.27450180053711
36.8588752746582
41.633907318115234
50.851768493652344
32.01746368408203
46.332496643066406
28.16269302368164
19.127784729003906
36.309234619140625
85.62680053710938
47.99306869506836
27.74330711364746
58.28886795043945
19.186962127685547
50.72163772583008
47.190975189208984
31.024629592895508
44.385108947753906
21.878917694091797
54.886287689208984
34.22200012207031
57.98556137084961
22.538103103637695
40.563411712646484
41.61750793457031
68.57007598876953
62.341957092285156
38.062889099121094
57.632511138916016
69.87528228759766
49.05292892456055
51.00914764404297
60.589111328125
33.78558349609375
46.540653228759766
63.1966438293457
45.589927673339844
58.27953338623047
56.53089141845703
41.716392517089844
67.78768157958984
38.23390197753906
43.32925796508789
74.08820343017578
62.63316345214844
18.242250442504883
33.34505844116211
28.930482864379883
61.25436782836914
49.85953140258789
35.92570114135742
29.81204605102539
51.43540954589844
50.882747650146484
42.325504302978516
38.63505935668945
48.393104553222656
48.30607604980469
35.88872528076172
57.68375015258789
57.158905029296875
55.44850540161133
23.44809341430664
13.587642669677734
35.5684700012207
39.79804611206055
35.35643768310547
39.13886260986328
53.600399017333984
65.54266357421875
55.480125427246094
43.85013961791992
23.99875831604004
67.79639434814453
28.675329208374023
