17.74456787109375
21.132081985473633
8.349443435668945
20.12079429626465
17.788740158081055
27.20848274230957
16.838071823120117
18.765830993652344
27.14909553527832
25.70026206970215
10.730049133300781
25.500160217285156
14.136186599731445
20.52153205871582
32.3052864074707
24.95900535583496
34.244354248046875
16.4573917388916
19.94190216064453
27.554014205932617
14.011659622192383
33.665870666503906
21.66388511657715
26.781770706176758
15.792621612548828
22.14712142944336
10.542425155639648
20.454898834228516
13.12325668334961
19.250349044799805
17.92007064819336
21.364131927490234
13.730256080627441
19.89813232421875
15.803004264831543
27.57301139831543
3.5830090045928955
18.512008666992188
10.393433570861816
24.804607391357422
10.93025016784668
24.11353302001953
3.7577075958251953
30.429580688476562
18.94099235534668
6.899325370788574
12.117218971252441
11.678118705749512
10.993816375732422
20.97639274597168
11.043220520019531
12.01207160949707
6.254891395568848
19.085329055786133
17.319198608398438
9.900708198547363
26.9493350982666
23.89750862121582
11.226137161254883
19.57027816772461
29.081897735595703
42.019691467285156
28.185110092163086
24.9720401763916
9.535980224609375
23.177074432373047
11.72983169555664
25.76022720336914
31.03888511657715
31.521970748901367
29.251853942871094
16.135061264038086
10.3775634765625
12.481876373291016
32.9983024597168
26.692419052124023
29.780719757080078
33.7075080871582
22.31487274169922
32.63412094116211
31.158536911010742
6.339816093444824
2.7796058654785156
32.006324768066406
14.25818157196045
13.288251876831055
23.51681137084961
12.002825736999512
2.8787739276885986
8.670083999633789
30.46341323852539
23.63399887084961
15.249074935913086
29.623750686645508
26.72193145751953
17.504558563232422
17.118284225463867
7.212320804595947
17.92083168029785
19.913497924804688
27.907743453979492
26.772953033447266
24.784225463867188
19.33070182800293
18.046035766601562
12.560986518859863
4.25844144821167
23.20391082763672
22.17926025390625
28.480260848999023
13.046345710754395
27.815698623657227
35.718955993652344
29.750675201416016
30.886117935180664
19.821691513061523
19.94127655029297
14.898444175720215
24.30154037475586
29.410457611083984
16.735822677612305
17.716751098632812
19.77597427368164
29.333717346191406
6.687530994415283
24.794527053833008
22.859455108642578
24.03583335876465
18.146474838256836
27.189830780029297
31.000713348388672
14.836366653442383
20.748212814331055
20.91082191467285
29.877426147460938
11.641372680664062
36.49721908569336
41.55839920043945
20.387052536010742
30.616119384765625
25.235502243041992
28.99302864074707
22.564308166503906
15.88474178314209
26.074504852294922
28.325687408447266
17.652482986450195
16.639495849609375
27.68783187866211
10.250825881958008
15.840218544006348
17.408203125
19.237138748168945
14.782052993774414
8.319588661193848
13.69607925415039
8.308042526245117
23.03038787841797
8.805418014526367
25.88672637939453
28.11353874206543
2.858438730239868
17.467966079711914
20.116586685180664
13.434429168701172
19.971500396728516
30.662307739257812
24.80671501159668
3.245148181915283
15.799880981445312
14.796424865722656
20.99978256225586
32.89842987060547
12.121045112609863
17.87363052368164
20.48436164855957
21.27438735961914
30.643823623657227
17.684738159179688
23.775043487548828
29.173280715942383
25.812475204467773
21.16899871826172
19.273927688598633
26.84823989868164
33.52713394165039
13.19566822052002
5.061653137207031
37.41718673706055
13.05538272857666
17.204416275024414
16.418432235717773
17.838621139526367
12.867819786071777
17.062660217285156
29.183574676513672
23.632347106933594
15.512063980102539
26.414724349975586
13.93778133392334
42.606170654296875
12.529498100280762
24.208433151245117
23.66518211364746
21.86558723449707
12.913111686706543
11.448633193969727
20.151338577270508
19.871456146240234
14.220877647399902
20.68372344970703
16.804946899414062
26.210041046142578
7.7180562019348145
29.17416000366211
5.337160110473633
20.839309692382812
9.29507064819336
59.07078170776367
23.453655242919922
9.9262056350708
18.776329040527344
21.897857666015625
17.65068244934082
11.06852912902832
12.017949104309082
21.242111206054688
33.58320236206055
24.783935546875
31.186283111572266
23.510238647460938
32.7530403137207
15.732294082641602
27.063961029052734
26.846965789794922
28.329689025878906
29.862998962402344
32.021583557128906
16.203916549682617
25.150659561157227
18.245542526245117
7.319489479064941
17.661962509155273
27.082599639892578
27.26360321044922
36.0775260925293
19.7373046875
17.310747146606445
25.882246017456055
20.021461486816406
17.48065948486328
13.43348217010498
26.178028106689453
10.38489818572998
32.670108795166016
16.013954162597656
31.1777400970459
7.318699359893799
12.742860794067383
14.894218444824219
15.321419715881348
21.430908203125
13.181884765625
32.42300796508789
8.061450958251953
17.61901092529297
21.039546966552734
9.198235511779785
21.25459098815918
37.17791748046875
5.54255485534668
11.927332878112793
26.255996704101562
28.25177001953125
13.41266918182373
34.260093688964844
36.73761749267578
17.049345016479492
20.707935333251953
21.317947387695312
23.123685836791992
14.703404426574707
41.08280563354492
26.340469360351562
8.969230651855469
12.80268669128418
20.099136352539062
22.14679718017578
10.839622497558594
19.396081924438477
22.561086654663086
3.735102653503418
33.10280227661133
40.461429595947266
25.574735641479492
33.412715911865234
5.675320148468018
12.312973022460938
16.934322357177734
23.7711238861084
18.882450103759766
34.8773193359375
30.8121280670166
12.690655708312988
10.898470878601074
17.25197410583496
21.6645565032959
19.331073760986328
21.205678939819336
20.333253860473633
40.76017761230469
24.941476821899414
28.345474243164062
26.08464241027832
38.18718338012695
35.315555572509766
24.307472229003906
27.9345645904541
27.492094039916992
7.235960006713867
16.396976470947266
21.210514068603516
18.28168487548828
13.189652442932129
20.739633560180664
15.326400756835938
22.178903579711914
13.510668754577637
43.363922119140625
25.01786994934082
14.63297176361084
7.609286308288574
25.858591079711914
7.599814414978027
21.753664016723633
16.583276748657227
33.25901412963867
18.493728637695312
17.723176956176758
15.074010848999023
12.847469329833984
8.96776008605957
15.179884910583496
26.61370849609375
14.526825904846191
13.23885726928711
8.741933822631836
11.93815803527832
16.7060546875
17.30316925048828
30.980195999145508
19.842365264892578
25.33884048461914
10.689598083496094
0.9981039762496948
28.92693519592285
13.118846893310547
33.8604621887207
19.110628128051758
26.668289184570312
28.88974952697754
15.674975395202637
13.011163711547852
14.410623550415039
16.536352157592773
16.834753036499023
21.73788070678711
18.47300910949707
21.43769073486328
13.7593412399292
25.13150405883789
27.540077209472656
28.488208770751953
15.29681396484375
22.356155395507812
12.878504753112793
19.93739891052246
9.105255126953125
31.727684020996094
5.961562633514404
15.671337127685547
18.39642906188965
37.1223030090332
24.75027847290039
12.16436767578125
13.680405616760254
17.06612777709961
21.768896102905273
40.6628303527832
16.91315269470215
13.033795356750488
11.630703926086426
9.036295890808105
16.359439849853516
35.73337936401367
27.08423614501953
6.671323776245117
11.441216468811035
20.639862060546875
14.83305835723877
28.184349060058594
24.986454010009766
23.769453048706055
32.12335205078125
11.440138816833496
15.59207534790039
22.63376808166504
24.658538818359375
20.47315216064453
21.972503662109375
33.16319274902344
5.675383567810059
11.60002326965332
17.725318908691406
30.36142921447754
18.837787628173828
12.528473854064941
15.690679550170898
7.343271732330322
8.21623706817627
33.85983657836914
16.260751724243164
25.432268142700195
23.069808959960938
32.46422576904297
23.376914978027344
22.536466598510742
17.909204483032227
14.914555549621582
29.630002975463867
24.73248863220215
21.730810165405273
27.2774600982666
3.126988410949707
18.87319564819336
27.471275329589844
40.93105697631836
18.727712631225586
16.856698989868164
19.27550506591797
36.996307373046875
18.24782371520996
15.815070152282715
32.66780090332031
23.250036239624023
41.237308502197266
12.668638229370117
28.20887565612793
10.510627746582031
19.85628890991211
20.637556076049805
16.346220016479492
37.78792953491211
8.048810958862305
15.315972328186035
9.43211841583252
22.454957962036133
35.45473861694336
32.113224029541016
30.57935905456543
23.06349754333496
16.675838470458984
21.812944412231445
46.056236267089844
21.083005905151367
8.660017967224121
8.750078201293945
8.886515617370605
28.329723358154297
13.588934898376465
33.8020133972168
7.4181809425354
36.26210021972656
24.117429733276367
19.575307846069336
9.47147274017334
10.190494537353516
22.081592559814453
16.208084106445312
5.3384108543396
16.225269317626953
19.788700103759766
21.112218856811523
18.20836067199707
21.606975555419922
31.51738739013672
38.49341583251953
22.50153350830078
7.737704277038574
28.7215633392334
8.444356918334961
15.059220314025879
27.744346618652344
31.454669952392578
20.30386734008789
34.415035247802734
34.02065658569336
9.11728286743164
27.388690948486328
18.41847801208496
32.622074127197266
35.2044792175293
36.954654693603516
16.092723846435547
27.76568031311035
20.534780502319336
33.93117141723633
19.543190002441406
6.176986217498779
21.117027282714844
24.071874618530273
20.4581298828125
20.206085205078125
12.792946815490723
6.9715704917907715
13.352106094360352
9.160467147827148
10.332551956176758
16.561616897583008
10.818340301513672
19.44095230102539
21.44833755493164
25.010421752929688
27.89603042602539
34.42060852050781
37.572383880615234
16.610191345214844
29.567331314086914
26.002241134643555
14.941315650939941
26.11752700805664
27.009775161743164
26.148250579833984
20.585588455200195
13.411067008972168
21.784637451171875
9.246939659118652
20.685848236083984
7.673633575439453
9.528035163879395
25.101835250854492
9.115184783935547
27.261112213134766
11.677492141723633
22.119821548461914
30.08772087097168
18.731769561767578
30.513843536376953
17.79093360900879
13.704866409301758
17.378917694091797
11.266855239868164
31.385028839111328
31.00720977783203
13.613011360168457
16.097646713256836
11.723549842834473
27.911073684692383
13.366759300231934
41.22026062011719
13.824911117553711
25.162866592407227
23.113019943237305
19.607091903686523
11.73186206817627
30.224637985229492
12.437119483947754
17.274837493896484
31.287494659423828
19.644107818603516
23.043453216552734
13.010302543640137
13.363287925720215
10.033432960510254
10.810218811035156
16.65479278564453
17.764026641845703
17.960044860839844
10.104913711547852
24.06785774230957
21.769014358520508
15.319328308105469
36.2520637512207
24.169775009155273
17.432966232299805
22.444538116455078
24.040191650390625
47.76356887817383
9.462838172912598
10.044872283935547
21.704038619995117
10.105218887329102
28.72686195373535
19.161333084106445
21.286949157714844
14.545893669128418
8.882904052734375
29.30113983154297
20.88901710510254
25.82831573486328
15.91269302368164
35.6467170715332
40.86921310424805
24.786815643310547
19.61434555053711
23.906129837036133
4.347557067871094
19.81961441040039
23.55320930480957
24.61026382446289
27.931316375732422
9.24067497253418
23.377670288085938
19.097217559814453
34.71184539794922
38.817909240722656
11.98984432220459
16.101375579833984
41.082637786865234
21.667400360107422
22.0562744140625
14.12385368347168
25.079837799072266
23.413652420043945
16.04648208618164
29.561826705932617
23.126636505126953
19.375877380371094
11.44771957397461
12.886051177978516
33.07936477661133
24.43695640563965
31.186077117919922
20.91519546508789
16.557287216186523
44.72370147705078
35.221290588378906
10.676495552062988
15.53377914428711
19.743772506713867
27.925472259521484
25.960224151611328
30.744579315185547
16.985157012939453
23.822898864746094
28.413143157958984
7.369761943817139
20.319271087646484
21.933454513549805
29.989009857177734
12.443270683288574
20.19022560119629
8.830584526062012
14.06412124633789
21.013301849365234
17.105928421020508
13.671700477600098
10.186075210571289
17.355804443359375
22.861188888549805
28.388973236083984
24.330013275146484
28.44375991821289
25.5991268157959
12.233098983764648
14.788223266601562
36.187625885009766
17.435195922851562
32.77582931518555
12.76909351348877
15.326186180114746
38.94578170776367
16.232492446899414
9.874252319335938
17.61531639099121
32.864013671875
33.3250732421875
13.628767967224121
25.978748321533203
37.759952545166016
23.714933395385742
4.298666000366211
25.412052154541016
29.943571090698242
11.985965728759766
27.29427719116211
26.473905563354492
20.277204513549805
13.847454071044922
15.763829231262207
18.62830352783203
21.260602951049805
22.334856033325195
19.01439094543457
15.852869033813477
20.160682678222656
7.026154041290283
5.8396711349487305
13.327024459838867
34.04612731933594
8.882369041442871
26.890872955322266
8.347747802734375
21.336450576782227
19.278308868408203
21.381704330444336
16.1976261138916
19.984905242919922
26.990615844726562
25.818527221679688
12.792325019836426
26.495023727416992
25.296123504638672
33.32599639892578
4.933008193969727
29.712955474853516
19.223403930664062
12.501241683959961
16.326749801635742
22.575735092163086
12.721348762512207
15.72367000579834
30.387746810913086
31.371286392211914
11.246685028076172
5.015754699707031
23.507055282592773
22.344457626342773
27.438135147094727
24.345178604125977
9.029428482055664
31.908273696899414
23.71420669555664
22.91210174560547
28.10445785522461
27.255115509033203
19.923715591430664
17.44712257385254
6.78822135925293
10.046501159667969
11.531339645385742
14.117169380187988
22.481794357299805
11.493205070495605
5.622154235839844
32.511356353759766
19.329692840576172
34.91558837890625
17.512754440307617
26.56829071044922
24.67460823059082
28.29355239868164
16.943666458129883
28.2885684967041
6.07414436340332
28.88178062438965
12.378655433654785
16.223844528198242
23.123287200927734
24.561525344848633
10.902349472045898
11.901004791259766
14.604442596435547
21.737537384033203
18.425058364868164
12.759725570678711
21.8509464263916
18.42862892150879
22.36728858947754
22.49108123779297
20.869503021240234
13.685322761535645
9.911391258239746
7.351755619049072
21.30129051208496
16.23985481262207
31.576343536376953
10.969067573547363
14.347636222839355
40.14724349975586
16.7537841796875
20.5157413482666
19.375446319580078
25.895225524902344
31.015256881713867
25.07204246520996
12.680131912231445
28.30112075805664
23.8054256439209
13.618078231811523
9.79762077331543
32.451114654541016
9.480204582214355
18.556997299194336
14.281872749328613
26.533567428588867
32.97284698486328
35.672306060791016
12.203030586242676
23.472515106201172
27.097646713256836
19.38119888305664
17.200815200805664
24.341156005859375
20.012990951538086
17.797344207763672
14.805164337158203
13.20660400390625
8.863119125366211
17.77133560180664
45.46897888183594
28.777782440185547
15.887459754943848
26.667861938476562
39.03413772583008
27.191791534423828
14.258647918701172
40.317867279052734
40.52701187133789
17.224109649658203
20.459243774414062
22.6434383392334
10.585707664489746
20.908220291137695
17.66634750366211
13.374134063720703
7.312009334564209
17.248899459838867
10.963164329528809
29.25655174255371
17.095415115356445
13.64465618133545
16.936494827270508
16.983259201049805
17.674318313598633
8.241965293884277
11.376320838928223
30.98443031311035
15.414433479309082
7.5164289474487305
18.136898040771484
34.958290100097656
9.755842208862305
20.662385940551758
6.148924350738525
19.060577392578125
20.923582077026367
30.23259925842285
19.272945404052734
17.21582794189453
15.686148643493652
23.551944732666016
28.49831199645996
43.85149383544922
7.959817409515381
13.197690963745117
33.50416564941406
28.59033966064453
46.477989196777344
43.0703125
12.94742202758789
14.683602333068848
1.9291212558746338
13.667706489562988
21.68172264099121
16.30584716796875
37.687374114990234
26.515409469604492
12.162684440612793
32.47208786010742
9.693304061889648
18.858428955078125
15.115164756774902
17.369731903076172
28.246110916137695
18.283973693847656
11.89673137664795
23.597246170043945
22.689199447631836
14.45252513885498
17.1873836517334
20.77767562866211
50.357810974121094
19.087081909179688
8.006336212158203
13.772913932800293
9.561396598815918
11.442447662353516
5.847519874572754
8.58818244934082
25.055856704711914
11.325672149658203
12.920089721679688
40.90106964111328
19.936511993408203
20.106727600097656
24.159923553466797
10.461299896240234
31.682302474975586
30.315567016601562
26.6551513671875
20.56614875793457
27.80471420288086
18.96950912475586
17.085662841796875
29.700790405273438
19.556556701660156
16.66257667541504
18.261709213256836
13.591793060302734
12.12415885925293
17.596031188964844
18.27324676513672
24.232845306396484
15.778587341308594
8.107682228088379
19.788591384887695
21.054651260375977
23.493467330932617
16.39988899230957
17.32762908935547
18.814342498779297
16.45599937438965
5.4088640213012695
23.050601959228516
29.68589210510254
31.956623077392578
20.204858779907227
6.325738906860352
37.75105667114258
21.08783531188965
37.37211227416992
12.47973346710205
9.868538856506348
13.748651504516602
18.002578735351562
19.395462036132812
10.099238395690918
28.501981735229492
21.103918075561523
12.690641403198242
23.789199829101562
16.454484939575195
17.468162536621094
20.12885093688965
22.15001106262207
1.223100185394287
29.001882553100586
25.481510162353516
21.922679901123047
23.14524269104004
11.950742721557617
15.513683319091797
28.154909133911133
30.022422790527344
17.890460968017578
9.262252807617188
18.483247756958008
25.36386489868164
22.70066261291504
48.40365982055664
14.314666748046875
21.527297973632812
25.97466278076172
34.76751708984375
32.46539306640625
26.6977481842041
21.94329071044922
20.61935806274414
21.523984909057617
15.111148834228516
24.21918487548828
33.57077407836914
12.572110176086426
24.018390655517578
14.667998313903809
34.958984375
21.82753562927246
16.30632781982422
16.68165397644043
12.636222839355469
27.955543518066406
41.31916809082031
14.87767505645752
18.701391220092773
38.83291244506836
14.771332740783691
23.353599548339844
8.84076976776123
2.7353129386901855
16.562854766845703
11.58151626586914
35.39800262451172
37.61063766479492
26.314584732055664
40.65056228637695
46.90052032470703
16.85293960571289
21.024364471435547
9.485442161560059
12.857816696166992
14.251976013183594
11.65532112121582
25.338163375854492
27.340585708618164
21.343280792236328
6.211874008178711
26.681537628173828
30.040292739868164
3.611654758453369
22.701141357421875
9.19884204864502
11.76645278930664
12.226194381713867
17.78342628479004
24.3956298828125
16.448259353637695
9.405416488647461
9.731119155883789
29.945199966430664
19.242061614990234
21.163330078125
16.458545684814453
26.54552459716797
17.30191993713379
19.25057029724121
23.979251861572266
14.227931022644043
39.47112274169922
30.072223663330078
21.799543380737305
30.112380981445312
23.268901824951172
22.87472915649414
28.610933303833008
24.21884536743164
24.336950302124023
20.04388427734375
15.757688522338867
17.96023178100586
23.73587989807129
27.306472778320312
27.504671096801758
10.084705352783203
30.986709594726562
24.36197280883789
12.224569320678711
34.1505012512207
12.200712203979492
21.254074096679688
10.59595775604248
23.364709854125977
22.53245735168457
22.289491653442383
14.201451301574707
8.189720153808594
28.269306182861328
10.905774116516113
7.423287868499756
26.279991149902344
8.71164321899414
20.2349853515625
30.393484115600586
16.736963272094727
17.188762664794922
11.03553581237793
29.890188217163086
38.598304748535156
9.879756927490234
11.10970687866211
18.517759323120117
21.50157356262207
42.08344650268555
31.884212493896484
18.741455078125
43.065956115722656
16.7890567779541
34.380638122558594
33.7508659362793
20.49489402770996
27.24750518798828
9.597273826599121
32.84674835205078
18.698049545288086
20.34615135192871
11.153285026550293
22.661773681640625
27.443052291870117
18.121875762939453
40.94484329223633
6.369547367095947
13.022534370422363
51.02043914794922
14.487561225891113
15.67706298828125
18.256467819213867
15.110310554504395
20.59868621826172
13.105735778808594
26.224212646484375
10.418240547180176
13.911741256713867
5.729016304016113
20.759920120239258
4.4148077964782715
24.319324493408203
15.201406478881836
19.517959594726562
27.689956665039062
5.145231246948242
46.854454040527344
22.8277587890625
11.072694778442383
9.902913093566895
23.32689666748047
16.84977149963379
21.596052169799805
7.126643180847168
13.514373779296875
13.401490211486816
37.63169479370117
22.611913681030273
32.62068557739258
32.34246826171875
21.052082061767578
15.944772720336914
21.59312629699707
24.59942054748535
23.363033294677734
15.386580467224121
20.950963973999023
21.081998825073242
14.804880142211914
22.14232635498047
26.952497482299805
26.959409713745117
23.79586410522461
18.970529556274414
23.860918045043945
20.22951889038086
11.028746604919434
22.586204528808594
23.095762252807617
24.53143882751465
37.886165618896484
16.029407501220703
12.466079711914062
17.026626586914062
25.94397735595703
22.591562271118164
25.831518173217773
33.00856399536133
34.7613639831543
12.673111915588379
16.27712631225586
10.647963523864746
22.46901512145996
32.81319808959961
15.591829299926758
21.277841567993164
22.856399536132812
30.922929763793945
16.943124771118164
25.182533264160156
18.557598114013672
19.492630004882812
20.53700065612793
16.807153701782227
21.062881469726562
19.821752548217773
9.640686988830566
7.5346574783325195
26.878803253173828
31.149547576904297
17.417924880981445
28.727123260498047
15.08401870727539
13.102856636047363
31.54351234436035
15.033879280090332
21.845735549926758
11.695941925048828
21.338911056518555
21.673442840576172
17.777517318725586
11.434736251831055
29.56022071838379
20.20157814025879
14.235036849975586
28.181215286254883
20.118555068969727
17.132144927978516
16.077116012573242
27.069263458251953
32.745361328125
13.57567024230957
11.005971908569336
40.49033737182617
12.072563171386719
18.366701126098633
13.918642044067383
16.174108505249023
31.053382873535156
10.8765869140625
24.517467498779297
11.816054344177246
13.020039558410645
35.57197952270508
11.319663047790527
27.742931365966797
26.133291244506836
17.396018981933594
21.400623321533203
28.666227340698242
28.347238540649414
24.51055908203125
6.076815605163574
23.04588508605957
28.930843353271484
5.099685192108154
35.52639389038086
12.095476150512695
23.311126708984375
12.644194602966309
8.838998794555664
13.60223388671875
21.85323715209961
9.506322860717773
38.669288635253906
14.062193870544434
28.978572845458984
16.714107513427734
34.241737365722656
29.068660736083984
28.21650505065918
11.138086318969727
4.727618217468262
21.77866554260254
23.190231323242188
15.256973266601562
22.102550506591797
19.712636947631836
9.24222469329834
40.23122024536133
36.18821716308594
20.57330894470215
22.932905197143555
16.81515884399414
12.297565460205078
10.700927734375
25.614919662475586
31.737234115600586
20.2954044342041
17.73653793334961
9.02865219116211
28.293880462646484
5.607721328735352
26.220067977905273
4.419723987579346
12.185003280639648
36.02042007446289
16.99104118347168
20.26854133605957
24.666461944580078
13.764029502868652
23.339187622070312
15.710674285888672
16.389497756958008
20.84612274169922
16.2123966217041
13.167673110961914
15.565181732177734
21.470582962036133
14.557049751281738
25.4553279876709
18.915990829467773
26.61223602294922
34.04664611816406
27.85761833190918
9.470783233642578
19.540340423583984
34.031742095947266
11.210294723510742
28.630189895629883
22.220989227294922
31.68642234802246
19.94455337524414
11.54825496673584
17.60112190246582
10.767810821533203
19.15806770324707
28.968748092651367
12.063323974609375
13.098146438598633
23.72857666015625
18.349506378173828
24.328227996826172
16.144798278808594
10.435311317443848
19.88870620727539
25.799442291259766
19.582366943359375
26.95192527770996
17.909149169921875
12.620197296142578
18.542282104492188
20.731740951538086
27.707460403442383
21.76100730895996
18.56194305419922
13.406428337097168
0.8758657574653625
29.13541603088379
18.37134552001953
12.886208534240723
21.43933868408203
12.516823768615723
6.308043003082275
26.665771484375
16.84945297241211
20.826690673828125
23.502513885498047
22.026283264160156
19.08963966369629
34.60057067871094
24.034099578857422
20.258983612060547
22.75529670715332
31.448505401611328
14.831744194030762
9.274299621582031
6.6634039878845215
34.445072174072266
19.10647964477539
24.07506561279297
10.887582778930664
18.42868423461914
39.121341705322266
50.26362228393555
13.560546875
23.998037338256836
58.88898849487305
17.669435501098633
20.41192054748535
16.217262268066406
3.4327542781829834
36.31935119628906
24.082809448242188
9.813366889953613
51.19595718383789
20.22661590576172
36.969078063964844
17.64812660217285
40.435245513916016
18.06099510192871
27.761802673339844
9.839343070983887
29.623056411743164
49.8169059753418
25.226924896240234
32.82182693481445
26.643949508666992
1.5257253646850586
24.599834442138672
14.537541389465332
22.412796020507812
3.0405514240264893
27.45801544189453
16.233173370361328
20.948436737060547
14.739180564880371
29.872756958007812
11.615058898925781
26.99750328063965
10.608550071716309
5.410701751708984
31.77410125732422
11.376484870910645
18.287513732910156
10.977916717529297
35.29233169555664
14.375293731689453
31.472131729125977
12.787130355834961
39.97075653076172
18.26207160949707
10.962180137634277
21.615812301635742
11.775887489318848
8.254827499389648
16.779930114746094
14.595093727111816
24.42491912841797
12.681591033935547
23.938783645629883
13.585247993469238
22.06829071044922
3.2005882263183594
30.938068389892578
25.559324264526367
30.931629180908203
10.537870407104492
21.090648651123047
34.40296173095703
31.923259735107422
21.875688552856445
30.75813865661621
30.691020965576172
28.384620666503906
29.328933715820312
7.106213569641113
9.069486618041992
41.07493591308594
18.591552734375
23.753910064697266
23.165359497070312
30.138336181640625
7.304798603057861
23.05477523803711
26.9128475189209
20.48268699645996
17.592588424682617
14.446616172790527
48.275062561035156
26.091157913208008
6.820123195648193
30.756214141845703
32.31989288330078
33.1357421875
15.170919418334961
23.936786651611328
13.73775863647461
10.742170333862305
20.99870491027832
13.731549263000488
12.867507934570312
32.612762451171875
15.338821411132812
29.388355255126953
9.680069923400879
24.13738250732422
23.645854949951172
17.874223709106445
21.938081741333008
22.86290168762207
39.491722106933594
11.048887252807617
15.596454620361328
28.489755630493164
33.21659469604492
16.793670654296875
13.884854316711426
23.818593978881836
14.854137420654297
5.251948356628418
42.96890640258789
27.06072235107422
17.074018478393555
5.416062355041504
16.72609519958496
21.997623443603516
21.16712760925293
8.187973022460938
26.9012451171875
8.397337913513184
16.520498275756836
11.099483489990234
16.8826961517334
16.69614028930664
28.373624801635742
13.953286170959473
23.80061149597168
25.789138793945312
19.377660751342773
22.947481155395508
26.53482437133789
29.961368560791016
14.816545486450195
20.082595825195312
13.610629081726074
27.242868423461914
23.47861671447754
11.937187194824219
14.20902156829834
9.536033630371094
35.6268196105957
16.448049545288086
15.217883110046387
17.28523826599121
26.781736373901367
30.337583541870117
18.93855094909668
18.794748306274414
21.20988655090332
16.831525802612305
17.75568389892578
9.91029167175293
18.591903686523438
32.978084564208984
11.259746551513672
15.97217845916748
26.860740661621094
23.206262588500977
30.5716552734375
22.661029815673828
9.450057029724121
9.12937068939209
22.218891143798828
18.027347564697266
35.527252197265625
13.771702766418457
21.95621681213379
15.223652839660645
13.72437858581543
13.310149192810059
15.588837623596191
19.12051010131836
32.84454345703125
13.459209442138672
30.003509521484375
10.236006736755371
30.712465286254883
12.86886978149414
16.265302658081055
9.353949546813965
26.79707145690918
17.101917266845703
33.80546569824219
22.7121639251709
33.302337646484375
22.605281829833984
10.46863842010498
26.558629989624023
21.84824562072754
27.13870620727539
16.28449821472168
30.658456802368164
25.064308166503906
17.683612823486328
16.757047653198242
12.408037185668945
21.541166305541992
13.238751411437988
3.2117512226104736
23.1500301361084
3.446305274963379
5.433119773864746
25.283599853515625
20.133455276489258
10.114970207214355
17.796497344970703
35.80401611328125
22.58329200744629
26.149442672729492
24.82659339904785
19.90163230895996
20.52397346496582
21.167762756347656
24.263599395751953
22.675935745239258
36.0726432800293
18.820344924926758
13.837723731994629
15.689698219299316
21.696121215820312
22.21396255493164
23.29319190979004
21.645294189453125
28.335933685302734
9.402261734008789
18.590896606445312
25.983810424804688
14.489856719970703
23.46886444091797
14.446940422058105
23.577774047851562
17.76641082763672
21.213327407836914
29.145477294921875
29.31751823425293
17.88766098022461
21.523897171020508
26.240461349487305
9.434761047363281
20.87897300720215
19.359975814819336
13.600870132446289
40.12110137939453
22.187837600708008
26.935819625854492
31.943370819091797
12.109886169433594
33.0142707824707
22.700117111206055
23.25078773498535
23.558042526245117
18.002798080444336
38.34547424316406
20.179887771606445
6.870926856994629
36.37836837768555
15.914214134216309
12.905673027038574
14.175857543945312
21.698152542114258
60.50106430053711
16.456628799438477
19.36809539794922
17.15641975402832
25.303730010986328
7.921699523925781
27.16521644592285
4.163643836975098
22.0252685546875
41.90900802612305
17.37557601928711
29.130352020263672
28.702856063842773
12.680301666259766
41.371192932128906
27.406734466552734
31.34637451171875
7.197474479675293
22.830236434936523
21.855318069458008
44.15827178955078
23.01181411743164
27.082155227661133
33.56565475463867
6.035037994384766
20.56201171875
13.51388931274414
17.613916397094727
19.088090896606445
28.469690322875977
8.476726531982422
17.446327209472656
16.497314453125
42.608585357666016
31.661495208740234
21.787466049194336
15.043503761291504
19.93123435974121
25.839805603027344
11.6948881149292
11.791150093078613
25.1834774017334
20.56930160522461
40.32282257080078
23.455293655395508
27.76300811767578
23.185806274414062
39.73006820678711
12.24460506439209
12.665454864501953
16.241859436035156
41.50636291503906
15.719804763793945
14.110336303710938
16.782012939453125
23.475374221801758
9.788614273071289
13.06917667388916
20.669841766357422
25.645864486694336
19.559833526611328
29.448287963867188
20.710012435913086
27.39985466003418
17.896347045898438
19.661771774291992
10.269073486328125
18.544103622436523
29.295978546142578
13.922409057617188
52.83174514770508
1.3189095258712769
31.81662940979004
13.449437141418457
19.581295013427734
18.573190689086914
7.041079044342041
28.362136840820312
27.13069725036621
29.188884735107422
10.475881576538086
51.54701614379883
10.196022987365723
21.788162231445312
15.422741889953613
29.220413208007812
26.86000633239746
10.046670913696289
44.39641189575195
8.316027641296387
32.213687896728516
15.02920150756836
36.04722595214844
14.936118125915527
17.609312057495117
36.101078033447266
20.211320877075195
30.47161102294922
25.107498168945312
24.109201431274414
18.783702850341797
39.01304626464844
12.175179481506348
17.610877990722656
17.49626922607422
13.20678424835205
20.93178939819336
10.695302963256836
24.180112838745117
19.78977394104004
11.570409774780273
22.35436248779297
13.017745971679688
17.049070358276367
41.660213470458984
18.138341903686523
23.744979858398438
20.73175621032715
13.322893142700195
31.35658073425293
34.325950622558594
25.167165756225586
16.688629150390625
20.511680603027344
17.819631576538086
30.210342407226562
41.748836517333984
26.24251937866211
14.122269630432129
23.06484031677246
21.489410400390625
16.87018585205078
18.669164657592773
35.40242004394531
34.709110260009766
19.84866714477539
24.594839096069336
27.021148681640625
39.55393981933594
44.19929122924805
17.25833511352539
19.70218276977539
15.775571823120117
15.93675708770752
17.325092315673828
40.015289306640625
33.668418884277344
32.76271057128906
35.741580963134766
16.424772262573242
30.68113899230957
17.954477310180664
27.770065307617188
25.580575942993164
26.234817504882812
28.831754684448242
5.1848464012146
26.064401626586914
22.574499130249023
21.16444206237793
24.046321868896484
21.253070831298828
16.06713104248047
20.896709442138672
48.46150207519531
13.543400764465332
24.90831756591797
15.966564178466797
11.264028549194336
15.339698791503906
18.747106552124023
17.782482147216797
21.29828643798828
19.400428771972656
18.391094207763672
20.476449966430664
30.254459381103516
17.047832489013672
26.153940200805664
15.494190216064453
17.992496490478516
17.67595672607422
37.25990295410156
27.155025482177734
22.62196922302246
35.628395080566406
14.278655052185059
14.471686363220215
12.41604232788086
19.917495727539062
29.349185943603516
20.02379608154297
23.194469451904297
17.74289321899414
20.45952033996582
14.412676811218262
18.379615783691406
16.484867095947266
7.252382278442383
12.906356811523438
27.130414962768555
22.70759391784668
17.28307342529297
21.191755294799805
28.174224853515625
16.502408981323242
44.44615173339844
28.655029296875
12.982427597045898
30.6566219329834
42.56597900390625
8.829778671264648
7.442502021789551
19.633146286010742
13.549541473388672
9.913860321044922
27.803909301757812
18.66698455810547
23.38441276550293
29.71791648864746
33.110469818115234
27.242206573486328
6.511703014373779
13.601398468017578
27.87932014465332
12.120872497558594
40.07851791381836
22.44188117980957
13.397377967834473
20.877681732177734
20.619516372680664
20.394474029541016
16.377798080444336
24.9509220123291
20.23047637939453
26.530033111572266
8.35185718536377
12.248193740844727
46.58501434326172
17.018030166625977
30.339269638061523
14.654820442199707
18.385391235351562
5.63975715637207
24.927637100219727
24.279708862304688
18.111948013305664
22.819454193115234
12.255144119262695
13.816839218139648
29.56775665283203
21.87285804748535
25.349685668945312
22.153152465820312
15.718111038208008
22.516740798950195
24.395322799682617
28.668827056884766
39.919803619384766
46.67924499511719
50.50458908081055
20.651226043701172
30.655946731567383
16.784915924072266
15.602867126464844
23.137916564941406
22.317346572875977
18.450321197509766
26.60639190673828
9.151604652404785
18.199016571044922
30.514850616455078
13.986305236816406
29.536073684692383
19.475997924804688
24.506834030151367
21.240509033203125
45.87914276123047
2.6941678524017334
11.824223518371582
39.87439727783203
17.986196517944336
20.82192039489746
41.06563949584961
16.831344604492188
22.43459701538086
41.944759368896484
25.00984001159668
13.249482154846191
12.144731521606445
15.986076354980469
22.120677947998047
9.51978588104248
23.153440475463867
13.30516242980957
28.944015502929688
3.8691799640655518
28.195674896240234
27.044687271118164
19.744558334350586
17.921815872192383
24.145832061767578
7.20196008682251
34.00628662109375
29.139860153198242
31.830684661865234
33.710838317871094
25.45486068725586
14.930755615234375
22.360206604003906
5.635890483856201
20.31169319152832
21.13388442993164
19.854047775268555
10.598882675170898
16.11360740661621
23.617155075073242
16.157470703125
17.026609420776367
22.985576629638672
24.30158805847168
15.295265197753906
16.29819107055664
26.702917098999023
14.908430099487305
23.36554718017578
20.68937110900879
29.264419555664062
10.829809188842773
28.779319763183594
16.246463775634766
5.225040435791016
10.218072891235352
16.682907104492188
17.20060920715332
24.683757781982422
23.403423309326172
9.020883560180664
19.21733856201172
17.119762420654297
11.122356414794922
14.2454252243042
29.736618041992188
4.219540119171143
20.651456832885742
18.802574157714844
19.606273651123047
21.008987426757812
32.18499755859375
35.901363372802734
23.866823196411133
27.229063034057617
21.471393585205078
5.909140110015869
17.84590721130371
18.450496673583984
35.170780181884766
32.23137664794922
18.60894203186035
21.49025535583496
33.28733825683594
25.58109474182129
25.532150268554688
10.350446701049805
24.767213821411133
11.568216323852539
19.8889217376709
29.399959564208984
22.297800064086914
21.19633674621582
15.980294227600098
11.796060562133789
18.487117767333984
8.477585792541504
16.250253677368164
15.828310012817383
11.127059936523438
18.664369583129883
24.21383285522461
26.263872146606445
19.812744140625
25.610305786132812
21.347307205200195
48.00154113769531
8.302421569824219
12.036779403686523
41.4765625
40.94813919067383
27.973909378051758
11.506244659423828
7.818646430969238
16.935771942138672
22.891143798828125
32.089393615722656
30.78938865661621
35.23479461669922
26.82395362854004
20.109275817871094
18.315204620361328
25.706754684448242
15.211470603942871
32.35186004638672
10.483153343200684
20.606569290161133
21.925800323486328
12.760744094848633
14.406925201416016
19.726774215698242
28.608213424682617
14.358635902404785
12.854785919189453
50.652015686035156
31.655153274536133
29.155492782592773
49.7833251953125
40.75743865966797
28.38652229309082
34.50835037231445
13.150289535522461
34.75806427001953
18.972654342651367
19.680627822875977
9.928852081298828
18.26259422302246
24.232383728027344
26.9716739654541
16.786367416381836
13.996461868286133
7.158215522766113
9.48849105834961
31.38071060180664
12.896880149841309
19.525371551513672
26.411869049072266
45.1646614074707
6.337550163269043
18.094377517700195
30.79128074645996
25.738922119140625
16.827007293701172
16.428852081298828
11.100683212280273
19.06340980529785
25.1171817779541
18.051340103149414
23.713716506958008
13.302291870117188
13.97295093536377
23.472537994384766
34.225921630859375
38.587310791015625
17.953493118286133
23.810964584350586
21.191505432128906
8.561013221740723
30.364795684814453
20.601398468017578
16.111621856689453
15.085784912109375
41.74692916870117
14.99734115600586
22.764734268188477
22.175792694091797
9.69908618927002
17.04845428466797
20.120206832885742
12.953694343566895
18.93730354309082
22.331893920898438
35.56044006347656
11.592735290527344
25.581729888916016
24.64986801147461
31.538345336914062
15.57402229309082
20.709280014038086
29.18372917175293
20.454662322998047
19.169660568237305
13.309121131896973
18.123289108276367
16.740581512451172
7.9326252937316895
21.330333709716797
29.114665985107422
19.72455406188965
9.644311904907227
28.12560272216797
25.665645599365234
24.12294578552246
39.26079559326172
49.12216567993164
21.734779357910156
6.873303413391113
12.475308418273926
16.187053680419922
12.372207641601562
40.19841766357422
31.052017211914062
12.643726348876953
38.88246536254883
24.5433292388916
25.1541748046875
31.81216049194336
12.889494895935059
27.17775535583496
23.601118087768555
18.892574310302734
19.97896385192871
43.273841857910156
25.062318801879883
11.16183853149414
22.297775268554688
15.739118576049805
18.575624465942383
29.935302734375
4.5841264724731445
11.336750030517578
21.291994094848633
7.1036906242370605
27.90431022644043
19.89887809753418
14.160364151000977
24.86796760559082
41.87799072265625
33.197505950927734
19.029645919799805
15.722246170043945
15.52731990814209
11.593400955200195
5.2188873291015625
22.09484100341797
35.97666549682617
33.06729507446289
17.303327560424805
26.234539031982422
16.402278900146484
24.74503517150879
35.13124084472656
10.463340759277344
18.119047164916992
22.87445831298828
25.20558738708496
24.472270965576172
27.253976821899414
30.92289924621582
11.12652587890625
13.902078628540039
38.22882843017578
35.969276428222656
27.46898078918457
38.81583786010742
19.776758193969727
26.950511932373047
12.718829154968262
15.005715370178223
26.53358268737793
22.5299129486084
28.144203186035156
20.5446834564209
29.20015525817871
37.12824630737305
11.998832702636719
9.933414459228516
29.924331665039062
31.21027374267578
14.974660873413086
18.308996200561523
27.65510368347168
27.250030517578125
33.16862487792969
28.932859420776367
16.129549026489258
31.803424835205078
24.78449249267578
23.486539840698242
25.721338272094727
37.219329833984375
26.092470169067383
24.704811096191406
19.02324867248535
15.02855110168457
23.681825637817383
21.42891502380371
36.362483978271484
9.590997695922852
32.9916877746582
3.2850780487060547
15.395943641662598
20.953176498413086
14.849367141723633
27.992624282836914
19.4873046875
31.041061401367188
35.79179382324219
24.20087432861328
13.46153450012207
12.32102108001709
34.88546371459961
22.452001571655273
21.914865493774414
40.98323440551758
42.29363250732422
6.116462707519531
21.48657989501953
23.483835220336914
23.661462783813477
25.29952049255371
10.063100814819336
37.11563491821289
23.85183334350586
16.88027000427246
29.366830825805664
18.848712921142578
22.617095947265625
15.935782432556152
23.296478271484375
8.397199630737305
30.017013549804688
37.957725524902344
36.45777893066406
8.94263744354248
18.19394302368164
9.876041412353516
17.6268310546875
12.373809814453125
28.894067764282227
11.53343677520752
16.89992904663086
27.31752586364746
23.56644630432129
10.145498275756836
20.315088272094727
16.841678619384766
34.84423828125
25.19245147705078
32.32655715942383
14.103307723999023
15.386738777160645
18.321943283081055
13.228862762451172
21.053552627563477
19.94395637512207
27.013771057128906
32.25922775268555
27.474712371826172
39.14918518066406
24.215299606323242
15.474286079406738
22.415435791015625
10.555330276489258
22.73760986328125
19.09787368774414
21.10192108154297
19.675273895263672
21.416879653930664
12.459884643554688
25.177616119384766
36.02320098876953
15.462926864624023
25.966991424560547
8.559638977050781
9.635814666748047
11.013226509094238
17.015159606933594
15.30597972869873
30.25136947631836
13.409623146057129
22.33648109436035
12.93923568725586
26.23802375793457
14.760372161865234
19.05823516845703
31.513160705566406
19.990455627441406
9.122777938842773
9.813215255737305
2.286043882369995
24.24108123779297
24.16482162475586
19.06351661682129
37.688941955566406
29.79334259033203
15.684008598327637
9.019806861877441
19.51103973388672
30.55786895751953
17.587783813476562
30.635894775390625
17.04995346069336
13.128661155700684
19.472450256347656
14.51549243927002
27.52029800415039
21.667085647583008
31.6107177734375
22.581655502319336
32.83784866333008
11.989219665527344
25.935792922973633
28.344594955444336
28.743839263916016
8.956652641296387
13.072118759155273
39.282012939453125
15.560124397277832
5.0303850173950195
27.014659881591797
28.044055938720703
20.569869995117188
39.41285705566406
8.915821075439453
37.30060577392578
11.032075881958008
24.360923767089844
13.877620697021484
37.969482421875
28.351058959960938
5.415805339813232
23.99292755126953
34.89225769042969
39.086910247802734
13.113785743713379
29.451913833618164
30.405914306640625
14.442915916442871
23.37659454345703
18.125484466552734
21.93877410888672
14.340531349182129
6.09724760055542
29.069992065429688
19.987834930419922
5.744614124298096
13.268108367919922
22.72602081298828
20.14548683166504
16.33455467224121
26.888874053955078
17.96368408203125
19.4191951751709
21.423904418945312
27.533681869506836
17.221519470214844
51.76042175292969
35.08677673339844
10.345159530639648
2.8478031158447266
24.526588439941406
12.257736206054688
15.150042533874512
18.457992553710938
6.621559143066406
9.801960945129395
27.8463134765625
38.576576232910156
16.9642391204834
24.75181007385254
11.7316255569458
40.61524200439453
21.990198135375977
29.668275833129883
14.441142082214355
20.90460205078125
29.91823387145996
26.201595306396484
15.582962036132812
21.643070220947266
18.46541404724121
6.325016975402832
17.168628692626953
6.32090950012207
16.10498809814453
19.86381721496582
16.602550506591797
30.18254852294922
21.99970054626465
26.10843276977539
24.36470603942871
32.08530044555664
43.42852020263672
9.659737586975098
16.42912483215332
24.985681533813477
26.114734649658203
19.566200256347656
23.793498992919922
34.14550018310547
24.744659423828125
11.894522666931152
14.293900489807129
25.96937370300293
26.23067855834961
2.4710025787353516
25.958154678344727
9.639912605285645
14.669683456420898
13.664820671081543
35.13435363769531
30.85301399230957
3.864006280899048
8.682326316833496
9.916547775268555
33.0809326171875
9.261343002319336
31.54389762878418
26.18390464782715
7.258531093597412
13.788789749145508
16.118907928466797
20.21450424194336
33.57269287109375
8.189062118530273
19.837230682373047
31.083770751953125
17.736204147338867
16.374013900756836
14.766911506652832
33.13534927368164
34.185943603515625
17.94184684753418
25.261611938476562
16.938369750976562
15.18595027923584
8.719346046447754
29.426904678344727
9.289664268493652
43.549049377441406
23.17178726196289
16.207839965820312
27.962751388549805
16.529743194580078
8.375744819641113
16.80782699584961
26.477296829223633
26.042896270751953
14.860584259033203
2.0289788246154785
35.824623107910156
17.052003860473633
23.710004806518555
20.350378036499023
26.710044860839844
15.255105972290039
4.394901752471924
34.48591613769531
27.122156143188477
28.62849235534668
23.850914001464844
15.020739555358887
20.578908920288086
30.360916137695312
21.43048858642578
19.381084442138672
23.974624633789062
19.545047760009766
39.808143615722656
38.04539108276367
7.180197238922119
16.59722137451172
19.307361602783203
30.253936767578125
13.003379821777344
13.47404670715332
30.32514762878418
27.565998077392578
29.74625015258789
8.956835746765137
24.88010597229004
2.8764586448669434
21.451587677001953
9.548347473144531
6.763111591339111
6.965149402618408
11.664198875427246
32.99606704711914
16.899208068847656
51.0250358581543
32.671993255615234
10.524890899658203
3.5414834022521973
20.211448669433594
22.07563591003418
21.66893768310547
21.6019287109375
7.143421649932861
30.46955108642578
19.648082733154297
16.7617130279541
20.87882423400879
29.936079025268555
12.786672592163086
22.122608184814453
28.922163009643555
20.178958892822266
3.738583564758301
21.741472244262695
8.952878952026367
35.60502624511719
14.405119895935059
30.692556381225586
19.600299835205078
9.83849811553955
12.912714958190918
17.23590850830078
15.458160400390625
13.088212013244629
17.110368728637695
15.414012908935547
20.393465042114258
28.08360481262207
25.398204803466797
20.25448226928711
31.788841247558594
20.7597713470459
16.472126007080078
20.18386459350586
28.556533813476562
10.904995918273926
26.753528594970703
21.212566375732422
11.622894287109375
16.079862594604492
18.704959869384766
28.426244735717773
13.6895751953125
41.45427703857422
22.43050765991211
19.021509170532227
32.89475631713867
30.89810562133789
20.830698013305664
14.71959400177002
21.572580337524414
25.73093605041504
12.337440490722656
17.9752140045166
24.976886749267578
19.302274703979492
27.923778533935547
20.606794357299805
5.8842291831970215
32.907310485839844
13.047670364379883
38.06096267700195
12.960870742797852
19.383182525634766
13.024911880493164
21.029138565063477
35.43572998046875
16.319353103637695
13.329635620117188
28.747478485107422
12.113884925842285
28.748384475708008
10.440805435180664
8.576164245605469
33.0532112121582
18.960084915161133
21.384002685546875
21.172199249267578
11.17898178100586
18.652631759643555
13.783134460449219
20.32444190979004
29.2283992767334
19.06684112548828
37.57160568237305
30.590967178344727
38.674072265625
52.34523391723633
33.48679733276367
30.04509162902832
19.332284927368164
26.188888549804688
10.084160804748535
18.012741088867188
37.12535095214844
23.118595123291016
25.691078186035156
23.54534912109375
26.21648406982422
29.233850479125977
19.635086059570312
29.809219360351562
23.451223373413086
20.904647827148438
7.876652717590332
19.26323890686035
5.524526596069336
27.095064163208008
35.64121627807617
9.34211540222168
8.279500961303711
4.699306011199951
20.19443130493164
24.019182205200195
15.164590835571289
29.170162200927734
17.03192901611328
5.01302433013916
16.721464157104492
22.237979888916016
25.872819900512695
30.314353942871094
13.985892295837402
26.43812370300293
18.642168045043945
22.947736740112305
17.161855697631836
10.656540870666504
24.18480110168457
10.048249244689941
21.47406005859375
22.660551071166992
18.887271881103516
12.225593566894531
15.220223426818848
27.29557991027832
23.15618896484375
7.4100341796875
19.737037658691406
21.94438362121582
18.154346466064453
17.85324478149414
22.594058990478516
5.951368808746338
23.93573570251465
7.780508995056152
22.680957794189453
14.224565505981445
22.79185676574707
35.54102325439453
23.942514419555664
26.91030502319336
21.040260314941406
16.352203369140625
14.122518539428711
33.000267028808594
26.585233688354492
19.05139923095703
29.5909366607666
49.64161682128906
20.477161407470703
33.30158615112305
19.61815071105957
17.122270584106445
13.957837104797363
3.4672977924346924
37.69989776611328
28.373777389526367
19.609600067138672
11.042906761169434
28.978336334228516
22.45377540588379
30.584850311279297
35.05099868774414
17.55009651184082
19.96794319152832
22.992225646972656
20.416854858398438
26.13157844543457
26.021224975585938
44.75060272216797
41.26815414428711
20.137889862060547
37.220062255859375
15.360960960388184
11.001651763916016
19.987810134887695
22.50247573852539
13.314668655395508
16.735342025756836
25.116975784301758
22.223947525024414
46.792625427246094
29.355899810791016
14.192286491394043
16.32046127319336
26.325796127319336
9.495462417602539
11.84599781036377
26.624618530273438
29.86465835571289
11.228836059570312
34.3549919128418
18.70159912109375
13.308588981628418
26.520965576171875
23.653047561645508
19.54119873046875
10.698285102844238
16.990154266357422
40.09196853637695
13.824840545654297
21.447101593017578
15.001009941101074
17.554716110229492
37.3693733215332
25.71775245666504
27.101945877075195
14.550997734069824
5.278753280639648
27.883102416992188
24.476238250732422
22.61671257019043
12.917155265808105
19.57682991027832
16.797130584716797
14.551861763000488
10.342484474182129
19.018754959106445
20.28856086730957
18.691110610961914
19.928611755371094
33.51447677612305
20.067155838012695
19.82427215576172
12.06583023071289
21.606447219848633
36.78071212768555
30.25909996032715
28.367219924926758
20.329463958740234
38.466835021972656
20.940887451171875
26.606311798095703
1.4963574409484863
29.814090728759766
15.669981956481934
26.513404846191406
16.324756622314453
15.911067962646484
15.981524467468262
17.525188446044922
23.545143127441406
13.401717185974121
16.862098693847656
23.154760360717773
22.239891052246094
23.453948974609375
24.331298828125
29.58001136779785
23.55672264099121
27.131338119506836
15.58388614654541
18.543537139892578
16.24982261657715
21.692522048950195
23.543336868286133
32.37947082519531
32.00199508666992
29.50675392150879
19.816560745239258
13.362821578979492
26.05379295349121
18.26991844177246
38.86808776855469
34.92132568359375
5.719773769378662
12.778461456298828
19.381376266479492
20.32311248779297
37.46995544433594
14.523565292358398
9.961515426635742
10.789878845214844
19.174495697021484
21.761709213256836
18.69367027282715
16.645721435546875
25.513259887695312
29.0426025390625
12.748573303222656
14.36862850189209
31.403366088867188
12.910568237304688
5.798740863800049
14.867003440856934
32.468692779541016
12.001904487609863
19.935304641723633
18.756433486938477
29.291399002075195
12.711682319641113
48.55836868286133
19.34375762939453
22.409345626831055
41.407501220703125
21.924543380737305
8.036160469055176
18.258678436279297
32.878196716308594
24.12571907043457
8.971088409423828
23.44710922241211
27.411407470703125
29.329317092895508
27.148265838623047
23.25660514831543
19.911479949951172
12.41943359375
28.641870498657227
35.4629020690918
2.377424955368042
12.370671272277832
0.9982814788818359
23.924137115478516
19.141271591186523
20.268465042114258
17.833566665649414
28.690048217773438
20.372772216796875
31.675758361816406
16.757234573364258
23.157901763916016
14.475072860717773
11.421174049377441
26.0710391998291
19.928829193115234
34.02168273925781
21.863147735595703
17.972318649291992
36.1579475402832
17.38254737854004
20.98480224609375
14.756025314331055
27.797317504882812
28.510854721069336
21.10309410095215
37.30487060546875
28.0591983795166
9.370742797851562
11.134178161621094
13.885433197021484
4.182208061218262
17.730072021484375
16.98031234741211
4.963950157165527
37.008575439453125
25.850008010864258
46.12540817260742
17.154207229614258
32.43497848510742
16.870807647705078
22.750276565551758
25.2056941986084
37.39813995361328
28.89104461669922
23.527236938476562
24.931922912597656
9.242974281311035
34.659698486328125
21.117542266845703
20.241214752197266
31.806550979614258
17.313390731811523
19.161781311035156
23.56464195251465
24.111906051635742
25.96059799194336
29.815454483032227
27.051441192626953
7.512499809265137
23.578784942626953
13.804340362548828
12.96735668182373
19.05785369873047
18.667041778564453
35.217041015625
35.40254592895508
27.20244026184082
5.504459381103516
25.886581420898438
21.48903465270996
20.128183364868164
29.699729919433594
33.38490676879883
24.721118927001953
20.65757179260254
17.724689483642578
40.019622802734375
18.600879669189453
11.101189613342285
13.924535751342773
13.376029014587402
22.16338539123535
18.1405029296875
15.395167350769043
25.899246215820312
35.32835388183594
29.397233963012695
15.103413581848145
14.160723686218262
