79.02727508544922
119.85220336914062
90.89542388916016
34.37855911254883
78.93693542480469
101.97466278076172
70.60023498535156
68.96006774902344
69.4841537475586
92.88513946533203
72.6865234375
66.09241485595703
62.49235916137695
72.58908081054688
26.9923152923584
34.41548156738281
74.33030700683594
54.62434387207031
58.15066146850586
70.66813659667969
45.145896911621094
51.06794738769531
86.24823760986328
88.44680786132812
48.9930305480957
66.77442932128906
84.91063690185547
67.12657165527344
39.945648193359375
55.101985931396484
76.15923309326172
63.46188735961914
76.55081939697266
91.343505859375
48.13197326660156
98.82732391357422
100.1969985961914
51.27482604980469
55.63274383544922
59.38595962524414
77.27782440185547
35.700992584228516
53.87239456176758
22.45693588256836
41.14573287963867
31.63785743713379
73.93094635009766
47.77389907836914
72.31544494628906
104.29761505126953
49.86180114746094
74.0047836303711
80.10122680664062
61.92174530029297
39.54445266723633
42.39850997924805
49.57407760620117
105.88164520263672
109.17382049560547
105.71894073486328
80.68472290039062
68.0445556640625
65.03295135498047
35.43143844604492
61.527366638183594
50.13829040527344
69.64266204833984
55.7061653137207
51.57998275756836
50.07154083251953
90.53904724121094
79.66204833984375
64.95867919921875
83.12957763671875
76.56192779541016
65.4681167602539
30.20585060119629
64.77789306640625
74.58113861083984
39.28529739379883
105.05049133300781
80.97969055175781
64.95921325683594
52.872276306152344
50.98716735839844
53.71271896362305
60.058326721191406
60.22598648071289
81.57357788085938
54.29971694946289
56.638309478759766
57.0673828125
98.43341064453125
63.374210357666016
52.17402648925781
54.95901107788086
28.80767250061035
76.67232513427734
49.4030876159668
100.69064331054688
101.29119873046875
99.84436798095703
55.72126007080078
106.97142791748047
62.663352966308594
56.814918518066406
71.70757293701172
50.469642639160156
81.85600280761719
81.2746353149414
67.44490051269531
53.33645248413086
60.7688102722168
118.35350799560547
81.96507263183594
60.613643646240234
89.41690826416016
62.53293991088867
84.98410034179688
51.05865478515625
48.89353942871094
54.94636917114258
60.397708892822266
92.80006408691406
46.94103240966797
52.12261962890625
57.257667541503906
80.88317108154297
44.09596633911133
101.36627197265625
54.33431625366211
72.26261138916016
99.09463500976562
48.10007858276367
49.83198165893555
67.44198608398438
83.28805541992188
66.83870697021484
38.774166107177734
94.9837646484375
69.66944885253906
73.26152801513672
79.16870880126953
63.32770919799805
93.12994384765625
36.01595687866211
69.83695220947266
59.8962287902832
13.457768440246582
73.22154235839844
36.84328079223633
54.83767318725586
103.44104766845703
86.9692611694336
71.82888793945312
43.97761154174805
69.90189361572266
61.92713928222656
58.848636627197266
54.07559585571289
52.613285064697266
22.82274055480957
48.15894317626953
74.40213012695312
94.1346664428711
34.1851806640625
60.44544982910156
41.04318618774414
69.44220733642578
67.8843765258789
97.7305679321289
44.441497802734375
54.32257843017578
84.29902648925781
65.20832061767578
89.25969696044922
82.00942993164062
49.836605072021484
82.15320587158203
93.52262115478516
93.69397735595703
83.3707504272461
60.7169189453125
60.36349868774414
51.81525421142578
51.72465896606445
92.7567138671875
53.30624771118164
56.72006607055664
71.56074523925781
55.881526947021484
86.58844757080078
89.53131103515625
84.4785385131836
48.520164489746094
48.353179931640625
60.569576263427734
65.99357604980469
71.30487823486328
58.267555236816406
36.206668853759766
85.55603790283203
83.3259506225586
82.98812866210938
42.89237976074219
66.20796203613281
72.10220336914062
65.12419891357422
54.293968200683594
39.102500915527344
37.91469955444336
66.7415771484375
48.10122299194336
87.16820526123047
71.50531005859375
28.42754364013672
42.41624450683594
74.97490692138672
85.58782958984375
73.44760131835938
75.93939208984375
34.27421951293945
76.19464111328125
81.08110809326172
55.542564392089844
40.98642349243164
112.01419830322266
36.88235855102539
63.263511657714844
39.76614761352539
34.17136001586914
84.69962310791016
68.94430541992188
70.41890716552734
57.77083969116211
68.6350326538086
85.80493927001953
40.02602767944336
44.83359909057617
71.5813217163086
80.18944549560547
41.345951080322266
56.38397979736328
100.0385513305664
75.55067443847656
64.45133209228516
39.643463134765625
62.5321159362793
71.67748260498047
44.43123245239258
48.77912521362305
51.71422576904297
65.9275894165039
75.36124420166016
40.13697052001953
47.7642936706543
66.83186340332031
67.02879333496094
36.678611755371094
16.680030822753906
76.1929702758789
94.7948989868164
60.27820587158203
37.90083694458008
64.43328857421875
38.32760238647461
70.80958557128906
47.358787536621094
59.03036880493164
67.72762298583984
53.60953903198242
57.44353485107422
93.40206146240234
79.86953735351562
85.74089050292969
80.90448760986328
36.112403869628906
59.64106369018555
52.31652069091797
46.85344314575195
39.83173370361328
75.120361328125
53.416255950927734
65.40460968017578
54.001434326171875
80.80303192138672
53.68240737915039
63.66328430175781
77.01504516601562
71.03617858886719
57.86094284057617
79.09945678710938
68.08025360107422
74.65713500976562
80.98491668701172
51.460906982421875
74.44237518310547
58.10857391357422
103.7645492553711
54.5000114440918
80.0756607055664
94.09049987792969
72.7123031616211
64.61629486083984
71.06460571289062
82.9171142578125
72.62812042236328
49.35545349121094
78.43883514404297
72.61585235595703
86.05990600585938
64.25174713134766
32.55087661743164
65.53162384033203
93.74583435058594
50.922603607177734
73.64828491210938
65.74971008300781
74.63589477539062
99.0633316040039
39.27030563354492
90.3837661743164
69.24861145019531
81.02888488769531
66.73107147216797
48.0563850402832
78.18746185302734
64.38970947265625
78.98442077636719
79.09590148925781
44.51097869873047
71.83855438232422
45.01156997680664
53.32072067260742
85.20799255371094
63.2910270690918
67.78345489501953
41.08106994628906
48.40097427368164
54.12446594238281
53.23060989379883
17.722030639648438
65.29446411132812
41.61024475097656
59.86602020263672
58.62861633300781
63.375938415527344
43.794315338134766
90.99537658691406
53.51801681518555
85.11947631835938
60.651145935058594
81.38153076171875
58.84075164794922
80.83086395263672
52.59041213989258
62.272769927978516
44.376956939697266
60.181251525878906
68.914794921875
78.95572662353516
23.510068893432617
37.5147705078125
38.28572463989258
53.2285270690918
97.70262908935547
66.41739654541016
75.14326477050781
72.62554931640625
50.32969665527344
90.51106262207031
64.62966918945312
80.45085906982422
69.69047546386719
62.47325897216797
66.26329803466797
85.83161926269531
52.18739318847656
48.87094497680664
51.14851760864258
77.16018676757812
76.0317153930664
64.59857177734375
50.48167037963867
89.31195068359375
81.20074462890625
76.9178237915039
58.27134323120117
64.86279296875
79.84214782714844
57.75208282470703
75.46322631835938
51.55192947387695
79.4930191040039
59.47980499267578
32.039649963378906
86.7415771484375
72.25762939453125
48.46764373779297
64.08747863769531
76.39551544189453
72.14502716064453
87.87300109863281
58.614688873291016
53.85798263549805
41.995243072509766
38.5500602722168
83.33138275146484
75.5807113647461
90.9546890258789
89.59437561035156
63.71910095214844
68.95179748535156
46.59751510620117
53.89063262939453
58.59709548950195
88.80598449707031
42.954734802246094
59.972999572753906
55.23549270629883
103.53823852539062
39.8817138671875
51.03264236450195
94.88125610351562
36.314064025878906
56.62697982788086
68.85577392578125
57.37588119506836
61.38420867919922
38.09883499145508
16.834749221801758
72.25299835205078
49.82650375366211
59.771202087402344
48.047080993652344
42.00788497924805
48.46125411987305
74.95744323730469
47.658321380615234
77.00382995605469
40.66347885131836
58.92695617675781
50.07143020629883
112.35625457763672
51.21782302856445
27.36762237548828
66.21660614013672
77.41928100585938
87.94249725341797
73.37152862548828
62.54865646362305
61.92417907714844
50.53059387207031
54.74264144897461
88.91158294677734
61.79853439331055
67.6313705444336
59.18041229248047
37.56064224243164
53.38023376464844
49.59422302246094
31.182798385620117
102.25151824951172
66.99885559082031
90.99359893798828
108.43536376953125
26.118793487548828
68.63485717773438
53.13685989379883
84.07268524169922
59.582576751708984
72.67462921142578
101.3658447265625
52.00063705444336
31.819732666015625
80.8521957397461
73.78153991699219
101.24938201904297
52.78075408935547
21.55865478515625
51.57038879394531
65.32154846191406
81.13414001464844
63.52964401245117
77.5424575805664
89.80110168457031
76.85997772216797
40.664756774902344
80.20576477050781
60.634822845458984
67.3726577758789
71.63624572753906
70.9072494506836
48.43476104736328
84.2742919921875
61.055274963378906
52.07805633544922
78.12952423095703
84.44713592529297
63.45124053955078
40.88566970825195
32.981895446777344
52.22975540161133
66.41405487060547
67.76178741455078
63.44514083862305
49.57978057861328
53.19558334350586
62.142784118652344
42.80939865112305
70.18521881103516
74.5882339477539
90.3499755859375
62.3195686340332
77.02664947509766
55.52482986450195
44.02727508544922
66.78160095214844
98.92259216308594
52.62537384033203
71.20539093017578
60.86042785644531
109.26405334472656
49.36135482788086
80.30503845214844
69.85015869140625
54.364646911621094
48.02133560180664
68.13833618164062
71.2452392578125
90.76876068115234
96.26275634765625
46.75188446044922
43.91318130493164
91.18787384033203
31.3126163482666
86.705078125
67.3797836303711
52.009490966796875
76.90235137939453
58.57487106323242
72.46626281738281
54.85520935058594
44.747562408447266
55.24714279174805
39.59122085571289
67.51487731933594
80.1229248046875
82.48334503173828
77.57308197021484
56.898277282714844
88.06742095947266
71.74989318847656
62.31759262084961
31.874528884887695
67.94062805175781
44.944847106933594
26.908554077148438
36.556602478027344
33.889892578125
64.46907043457031
63.31067657470703
66.8609848022461
75.50448608398438
63.149024963378906
58.71552276611328
70.30753326416016
60.06440353393555
47.23454666137695
54.47627639770508
69.3287124633789
57.79197692871094
48.18119812011719
38.788734436035156
76.27723693847656
22.643709182739258
73.26295471191406
58.956153869628906
63.93292236328125
76.2950439453125
62.82225799560547
45.9366455078125
63.86947250366211
63.9723014831543
91.8829345703125
45.123008728027344
38.32784652709961
86.1557846069336
67.54634094238281
55.56380844116211
59.692352294921875
59.16445541381836
72.37274169921875
41.99441146850586
87.13134002685547
79.98421478271484
43.999996185302734
72.47294616699219
48.712371826171875
77.56272888183594
66.01604461669922
47.36830139160156
77.83335876464844
52.90260314941406
30.183147430419922
68.48422241210938
70.62101745605469
77.70015716552734
59.215763092041016
78.95851135253906
60.99400329589844
49.635746002197266
93.74638366699219
64.20063018798828
63.1921501159668
100.8267822265625
56.828975677490234
42.649330139160156
41.88964080810547
62.76106262207031
71.25567626953125
49.64339065551758
54.63615036010742
65.51897430419922
57.18229293823242
56.30214309692383
55.81850814819336
75.1207046508789
74.32833862304688
73.24356842041016
59.345951080322266
57.655967712402344
83.01202392578125
68.6081314086914
83.56802368164062
101.12063598632812
58.518062591552734
68.54000854492188
62.60576629638672
47.87567901611328
57.98594665527344
56.27015686035156
81.75714874267578
60.764217376708984
65.6521224975586
35.70423126220703
71.10211181640625
96.7283706665039
48.706443786621094
37.39168930053711
62.053924560546875
88.20899200439453
72.10220336914062
42.144493103027344
66.0692367553711
109.88740539550781
57.81936264038086
37.07477951049805
98.02870178222656
45.13949966430664
47.170867919921875
76.4804916381836
90.03318786621094
57.85609436035156
42.494415283203125
41.49048614501953
119.38888549804688
39.177642822265625
59.9721565246582
69.04539489746094
37.86636734008789
36.73126983642578
47.43637466430664
90.59658813476562
41.508628845214844
57.8720817565918
69.83087921142578
56.231719970703125
79.73316192626953
42.05028533935547
57.03243637084961
50.79033279418945
86.95189666748047
54.71512222290039
75.54208374023438
65.28718566894531
33.951805114746094
49.558841705322266
96.54844665527344
79.75540161132812
40.673709869384766
61.681827545166016
54.88562774658203
82.81460571289062
48.906368255615234
45.93434143066406
76.663330078125
70.04470825195312
69.9007339477539
69.94849395751953
61.62101745605469
58.35749053955078
50.153751373291016
59.82821273803711
65.60458374023438
63.01605224609375
44.71527099609375
41.46012878417969
19.681224822998047
62.21442794799805
56.30061721801758
52.21015930175781
94.30860900878906
66.73493957519531
82.12464141845703
65.66897583007812
58.614070892333984
83.46215057373047
73.91732788085938
88.86970520019531
50.59043502807617
24.314226150512695
73.12338256835938
42.29920196533203
93.82759857177734
60.59461975097656
23.457788467407227
42.925498962402344
68.23292541503906
64.85116577148438
40.23820495605469
64.27519989013672
64.31456756591797
62.39453887939453
61.64170837402344
60.57209396362305
54.63833999633789
36.876529693603516
40.474891662597656
44.93681335449219
73.7126235961914
50.06198501586914
52.487937927246094
55.73350524902344
59.39543914794922
64.69869232177734
61.10248947143555
72.15699768066406
90.38031768798828
55.572208404541016
73.13400268554688
53.33228302001953
52.523963928222656
51.2067756652832
37.5400276184082
96.44741821289062
74.92122650146484
43.76520919799805
55.47856140136719
107.8842544555664
79.39969635009766
61.73567581176758
63.21963882446289
60.11977767944336
34.96984100341797
57.079200744628906
48.3480110168457
55.042884826660156
85.98865509033203
67.6086654663086
78.99046325683594
53.29557800292969
63.79026412963867
47.134857177734375
52.05339431762695
42.746437072753906
55.01707458496094
79.08154296875
62.7204704284668
68.0964584350586
75.43024444580078
49.764984130859375
61.30256652832031
57.95659637451172
50.31083297729492
53.32182312011719
32.933494567871094
90.08504486083984
74.66470336914062
53.86776351928711
62.4494743347168
52.36647415161133
11.388837814331055
60.570037841796875
89.3367691040039
46.9689826965332
56.67572784423828
77.05432891845703
118.0645523071289
53.29085159301758
62.632415771484375
58.33884811401367
43.604854583740234
91.9612808227539
105.76280975341797
38.467811584472656
48.479434967041016
50.449066162109375
69.2801742553711
59.24970626831055
63.86684799194336
49.394989013671875
64.81134033203125
57.86945724487305
60.504905700683594
74.31279754638672
43.779911041259766
70.40937042236328
64.8561782836914
58.83781433105469
28.177207946777344
79.91226959228516
62.09498596191406
76.05491638183594
87.01114654541016
43.993412017822266
84.09236145019531
57.89152526855469
67.63368225097656
68.96195220947266
59.86927795410156
76.4636459350586
58.67418670654297
109.44155883789062
92.28500366210938
51.59761047363281
34.173980712890625
51.62321090698242
43.445194244384766
82.07588958740234
45.405418395996094
80.76298522949219
43.117515563964844
70.88697814941406
53.86177444458008
74.66370391845703
42.414283752441406
86.09379577636719
53.954795837402344
57.95304489135742
38.9598503112793
62.389488220214844
88.90463256835938
53.067527770996094
74.6610107421875
24.436498641967773
37.74420166015625
62.623687744140625
55.79709243774414
67.53736877441406
63.830421447753906
56.57542419433594
36.39039611816406
31.239910125732422
50.57362365722656
63.598236083984375
86.30440521240234
72.58880615234375
25.409351348876953
55.49147415161133
93.35149383544922
77.53626251220703
79.81988525390625
80.17081451416016
61.730133056640625
32.19328689575195
82.19940185546875
54.44987869262695
73.75137329101562
74.69156646728516
44.30375289916992
73.68041229248047
23.164751052856445
70.25946807861328
72.11966705322266
46.20792007446289
65.31002044677734
49.74342346191406
35.51238250732422
58.5726432800293
53.80479431152344
67.0499496459961
80.86810302734375
76.03230285644531
48.162410736083984
58.942962646484375
81.01869201660156
66.89371490478516
46.694488525390625
47.817970275878906
82.5834732055664
43.14035415649414
62.08241271972656
48.6956672668457
45.989830017089844
74.7958755493164
25.855632781982422
33.3162727355957
69.21231842041016
69.45771789550781
86.1908950805664
89.20242309570312
104.54820251464844
74.58161163330078
89.10578918457031
95.75836181640625
65.59100341796875
58.86619186401367
82.91188049316406
48.11222839355469
52.88078308105469
23.01106834411621
79.33775329589844
39.40656661987305
75.5297622680664
74.38846588134766
30.98235511779785
43.923927307128906
88.19606018066406
79.12362670898438
45.11705017089844
65.134765625
67.00617980957031
63.910762786865234
72.27243041992188
50.23624038696289
46.00814437866211
54.53569793701172
91.55635070800781
63.62186050415039
59.30167007446289
84.09498596191406
69.21406555175781
65.22274017333984
63.956275939941406
70.68065643310547
36.269981384277344
63.548179626464844
56.65593338012695
79.47859954833984
73.67515563964844
35.881141662597656
41.2354621887207
55.407318115234375
66.01608276367188
81.04354858398438
80.39556121826172
59.80899429321289
42.64630126953125
69.83818054199219
82.52159118652344
62.22577667236328
54.9818229675293
31.709867477416992
78.94774627685547
83.26066589355469
65.75224304199219
29.14756202697754
67.38211059570312
63.934242248535156
84.26731872558594
63.704063415527344
66.30325317382812
69.69847869873047
68.99427032470703
72.6208724975586
57.503841400146484
65.04425048828125
86.06568145751953
76.57432556152344
66.75919342041016
54.853172302246094
62.27617645263672
66.70631408691406
51.168731689453125
70.71294403076172
74.77471160888672
57.97919464111328
44.10807800292969
53.45264434814453
55.679405212402344
92.46149444580078
54.73749542236328
79.37324523925781
62.35961151123047
58.95038986206055
77.87837982177734
66.47970581054688
51.87807083129883
52.10152816772461
82.60730743408203
51.923858642578125
74.64915466308594
68.5152816772461
53.40324783325195
54.042903900146484
82.62442779541016
66.36099243164062
72.13980865478516
51.610321044921875
63.45075607299805
50.163055419921875
58.21738052368164
49.273014068603516
64.91863250732422
44.36767578125
33.379608154296875
96.79278564453125
94.5625228881836
43.86092758178711
49.925228118896484
78.69584655761719
84.97109985351562
47.16901397705078
60.692264556884766
57.90492630004883
62.859588623046875
48.617759704589844
70.40143585205078
58.70718765258789
63.50514602661133
55.39264678955078
62.53460693359375
42.498416900634766
74.82516479492188
75.10135650634766
61.652503967285156
51.28307342529297
47.17675018310547
82.23127746582031
41.27119827270508
73.1533203125
61.631168365478516
82.19351196289062
51.86475372314453
65.32821655273438
49.33646011352539
53.074520111083984
76.84620666503906
40.66105270385742
67.433837890625
69.9952621459961
70.47110748291016
78.42671966552734
81.84822845458984
28.7469482421875
28.658138275146484
60.60894012451172
50.71394348144531
60.31083679199219
43.925628662109375
72.00291442871094
88.87614440917969
50.95242691040039
27.947580337524414
81.41889190673828
70.90476989746094
78.2907943725586
55.728878021240234
61.236454010009766
41.74381637573242
54.36227035522461
40.826988220214844
70.23281860351562
80.12223815917969
49.789493560791016
39.23190689086914
53.50123977661133
60.169620513916016
72.28319549560547
36.6451530456543
45.631629943847656
41.70102310180664
42.102542877197266
94.7516860961914
70.03193664550781
48.30055618286133
69.60527801513672
59.732757568359375
40.2149543762207
67.01140594482422
73.63726043701172
69.60464477539062
67.6605224609375
71.12328338623047
44.7238655090332
50.13013458251953
48.07402801513672
66.26029205322266
61.50690841674805
39.057701110839844
89.37255859375
48.26657485961914
51.506591796875
75.72433471679688
35.370262145996094
80.40158081054688
36.191932678222656
34.11096954345703
21.479612350463867
44.66939926147461
26.350452423095703
57.627227783203125
77.59680938720703
56.7409782409668
49.715370178222656
45.7470703125
90.2962875366211
81.66378021240234
73.55503845214844
69.70145416259766
92.4251708984375
63.05552673339844
59.47779083251953
43.14968490600586
63.99791717529297
55.732303619384766
57.2495002746582
53.931236267089844
69.71147918701172
34.201210021972656
69.70667266845703
51.69453048706055
48.19623565673828
45.60105895996094
51.96961212158203
85.27600860595703
54.41429901123047
50.847537994384766
58.1280632019043
81.73710632324219
71.02996826171875
39.383975982666016
34.68975067138672
92.1009521484375
63.351802825927734
56.75968551635742
59.81898880004883
67.5755386352539
73.32832336425781
89.53556060791016
59.87480545043945
56.06755065917969
44.33837127685547
68.59699249267578
72.23575592041016
63.16917037963867
52.11348342895508
57.96974563598633
51.26607131958008
71.4814224243164
64.29653930664062
73.04533386230469
89.90250396728516
61.29251480102539
71.49028778076172
54.020774841308594
49.613304138183594
78.85375213623047
47.55350875854492
44.82408905029297
47.35539245605469
70.06414031982422
65.7878189086914
60.013004302978516
64.72496795654297
54.58875274658203
48.482364654541016
39.2734260559082
72.5755844116211
56.6415901184082
19.44584846496582
83.88776397705078
78.52770233154297
54.15333557128906
39.099708557128906
71.22534942626953
78.01951599121094
49.94538879394531
57.954139709472656
59.37611389160156
41.17404556274414
51.016719818115234
53.01059341430664
45.68357467651367
45.5098876953125
63.17486572265625
76.16761779785156
78.46339416503906
88.7915267944336
71.03473663330078
60.54841995239258
76.36363983154297
57.40611267089844
32.9739990234375
53.16285705566406
90.06411743164062
55.76140213012695
59.11933898925781
24.854930877685547
64.89884185791016
61.84552001953125
69.65109252929688
54.01346206665039
60.483558654785156
62.683807373046875
63.80630874633789
44.96377944946289
49.902740478515625
55.25056838989258
52.640933990478516
63.05105972290039
65.69584655761719
53.00578308105469
67.3566665649414
68.68350219726562
58.90549087524414
62.215816497802734
52.75034713745117
65.93585968017578
77.95674133300781
52.368595123291016
61.26527786254883
56.790687561035156
43.05648422241211
70.40277862548828
33.298221588134766
65.52967071533203
51.197914123535156
47.64630126953125
73.46144104003906
45.597164154052734
40.79283142089844
101.54226684570312
72.53199768066406
87.3818588256836
72.34184265136719
72.61214447021484
79.95982360839844
37.20610809326172
81.93185424804688
47.619606018066406
52.03620147705078
52.65999221801758
64.63180541992188
29.730388641357422
26.903827667236328
32.11474609375
46.36567687988281
74.40978240966797
53.93925476074219
61.94312286376953
85.6875991821289
68.19078063964844
68.78214263916016
52.90721130371094
47.3187370300293
108.03779602050781
70.44536590576172
62.72682571411133
82.76799774169922
62.355140686035156
48.55536651611328
34.76423263549805
31.60698699951172
48.07352828979492
44.339744567871094
74.64398193359375
59.76975631713867
63.920631408691406
70.44591522216797
72.98979949951172
72.47417449951172
78.57551574707031
36.35816192626953
75.3756103515625
66.54388427734375
81.98372650146484
49.85923767089844
82.41645050048828
80.8874282836914
83.01461029052734
53.52346420288086
75.33154296875
64.28335571289062
60.80093002319336
49.8597526550293
47.99259948730469
73.16956329345703
43.96883773803711
83.07604217529297
59.77985763549805
62.287532806396484
72.5426025390625
73.46416473388672
80.34485626220703
74.49089050292969
56.0243034362793
48.418601989746094
27.53866958618164
53.89980697631836
88.7437744140625
78.77264404296875
82.02574920654297
62.12678146362305
67.67984771728516
53.26615905761719
54.1560173034668
63.62195587158203
61.61000442504883
54.26520538330078
83.77488708496094
50.71820831298828
106.33223724365234
47.532535552978516
76.36001586914062
48.97959899902344
29.88443946838379
67.38668823242188
77.90507507324219
74.95477294921875
69.61502838134766
75.75567626953125
40.26580810546875
39.73362731933594
75.41181945800781
43.08296203613281
63.445980072021484
88.3840560913086
60.27093505859375
49.83333206176758
64.59786987304688
67.50862884521484
47.3304557800293
69.72559356689453
23.84056854248047
71.46519470214844
94.03114318847656
71.94571685791016
102.23287963867188
49.75161361694336
60.05400085449219
67.26365661621094
74.86163330078125
66.34632110595703
56.29679870605469
72.20184326171875
91.76628875732422
40.92250061035156
81.77826690673828
79.80370330810547
72.30929565429688
93.49043273925781
75.07437133789062
36.552040100097656
52.22885513305664
17.134483337402344
49.00078201293945
59.736480712890625
80.01558685302734
54.30205535888672
66.71961212158203
64.97753143310547
76.37982940673828
55.990089416503906
71.15396881103516
61.331729888916016
74.28919982910156
63.368831634521484
84.712646484375
91.87823486328125
78.40937042236328
54.0799674987793
39.804710388183594
72.18434143066406
42.492794036865234
101.6832275390625
51.67082214355469
51.737518310546875
62.79770278930664
57.06634521484375
63.03617858886719
86.72176361083984
75.76054382324219
46.26130676269531
32.463653564453125
53.612850189208984
61.27195739746094
65.63218688964844
71.17709350585938
78.11863708496094
66.10832977294922
47.90608215332031
78.0026626586914
69.00569152832031
72.9369125366211
48.41526412963867
39.09654998779297
11.754501342773438
72.50035095214844
66.44232940673828
18.461519241333008
42.37834167480469
40.48041534423828
18.53114128112793
56.44370651245117
79.40457153320312
64.14016723632812
101.00894927978516
61.64143753051758
99.47401428222656
70.3222427368164
78.3485336303711
75.90084838867188
82.30845642089844
60.942237854003906
54.231571197509766
13.250006675720215
62.610538482666016
68.8975830078125
71.51956176757812
58.381778717041016
68.09968566894531
41.82794189453125
66.82239532470703
79.14057922363281
30.9904842376709
43.33631896972656
53.412044525146484
105.76310729980469
56.92307662963867
45.63237380981445
39.6848030090332
58.614776611328125
44.67487335205078
91.07343292236328
55.972557067871094
53.32935333251953
80.13540649414062
72.15894317626953
58.608097076416016
76.62258911132812
95.5939712524414
63.3739128112793
55.306793212890625
58.41531753540039
53.432090759277344
89.01097106933594
63.0411376953125
62.7662467956543
73.70530700683594
38.07625198364258
59.511207580566406
60.77603530883789
60.82297134399414
65.17826843261719
58.294044494628906
48.560367584228516
70.89488220214844
88.5547866821289
70.922119140625
61.95533752441406
80.41947937011719
67.60362243652344
65.1070785522461
27.661256790161133
81.77409362792969
91.17203521728516
58.2730598449707
55.73450469970703
63.120906829833984
49.19063186645508
57.25312423706055
71.99182891845703
50.740753173828125
84.00398254394531
83.91531372070312
40.93424606323242
47.90021896362305
76.4592514038086
60.47629165649414
65.96713256835938
77.3260269165039
67.79873657226562
66.19367980957031
79.26089477539062
102.1808090209961
55.01652145385742
66.62808227539062
65.99734497070312
74.77320098876953
49.64554977416992
92.26663208007812
67.23560333251953
51.068946838378906
84.09390258789062
30.1103458404541
40.76918411254883
56.08795928955078
76.5547866821289
69.79818725585938
60.49552536010742
60.25079345703125
54.684898376464844
37.35196304321289
45.56957244873047
43.01939392089844
74.48485565185547
69.70774841308594
81.59703826904297
64.26947784423828
89.6497802734375
47.67866516113281
59.4431037902832
33.104042053222656
65.16143035888672
81.35820007324219
82.07538604736328
47.97991943359375
25.15362548828125
11.955036163330078
30.7586727142334
58.07095718383789
55.93292236328125
49.03416442871094
45.985408782958984
57.93061447143555
60.996978759765625
82.06880187988281
47.19182586669922
45.77064514160156
76.07254791259766
59.84294509887695
70.17986297607422
61.124908447265625
57.83361053466797
73.65148162841797
59.48345947265625
99.3610610961914
49.601097106933594
64.74502563476562
98.24212646484375
50.882572174072266
90.36035919189453
78.40895080566406
48.024810791015625
39.97528076171875
53.12699890136719
62.88175582885742
66.57518768310547
48.58744812011719
59.43525314331055
100.44105529785156
56.90290451049805
44.4171142578125
28.890308380126953
63.82231521606445
27.56814193725586
78.8782730102539
94.86544036865234
43.912044525146484
70.4887466430664
58.60871887207031
75.36637115478516
57.77717590332031
67.23101043701172
58.07495880126953
72.37638854980469
94.47506713867188
55.60715103149414
61.2285270690918
37.96296310424805
77.6504898071289
82.34996795654297
54.88398361206055
58.680362701416016
84.7763442993164
87.49981689453125
53.541812896728516
73.15560150146484
51.12687683105469
63.66140365600586
46.08051300048828
50.95166015625
48.73342514038086
54.71305465698242
75.55709838867188
74.48094177246094
78.34163665771484
60.77178192138672
75.54544830322266
32.30416488647461
54.8284797668457
55.73829650878906
37.36990737915039
60.30173110961914
80.22439575195312
80.07286071777344
77.08782958984375
58.07361602783203
41.394126892089844
66.8058853149414
42.5157356262207
32.665897369384766
106.7986831665039
73.16655731201172
107.11064910888672
76.37804412841797
102.68251037597656
67.88459777832031
68.02806091308594
79.6907730102539
35.78195571899414
45.026432037353516
51.19148254394531
53.78195571899414
81.1416015625
63.971961975097656
69.25858306884766
73.4708023071289
45.855934143066406
51.35858154296875
85.52641296386719
57.59360122680664
50.889129638671875
47.544803619384766
34.94535827636719
45.621585845947266
55.60272979736328
73.38292694091797
37.5761604309082
45.90300750732422
81.11946868896484
131.3885040283203
38.40359878540039
60.24200439453125
78.13639831542969
43.32154846191406
47.27510070800781
56.549095153808594
70.5155029296875
72.58660125732422
42.19841003417969
58.15290069580078
30.69605827331543
66.6416244506836
77.9674072265625
60.9658088684082
48.99932098388672
59.01240921020508
91.25709533691406
55.13761520385742
64.04531860351562
54.91572570800781
101.03658294677734
58.423072814941406
49.647212982177734
60.37527084350586
33.37567901611328
80.66887664794922
102.47674560546875
62.07059097290039
71.08535766601562
91.22480010986328
54.75863265991211
46.289642333984375
44.06155014038086
96.4231185913086
66.3532485961914
97.38203430175781
81.35511779785156
57.56221389770508
78.1401138305664
34.71070098876953
20.292104721069336
83.17070007324219
57.030879974365234
64.36641693115234
66.18852996826172
112.54550170898438
72.69158935546875
92.0725326538086
66.69688415527344
23.358644485473633
69.84134674072266
77.26590728759766
59.02661895751953
25.583438873291016
105.06090545654297
70.71919250488281
99.06732177734375
67.12068176269531
76.79794311523438
68.1414794921875
58.064125061035156
35.43547058105469
79.89605712890625
54.76835250854492
70.0293960571289
61.27043533325195
79.94121551513672
11.118167877197266
75.63836669921875
52.08684158325195
88.33163452148438
45.96670150756836
59.39584732055664
64.28877258300781
89.18907165527344
67.82835388183594
52.28940963745117
40.59523391723633
89.72406768798828
47.9296875
87.34969329833984
53.50422286987305
55.187355041503906
78.30007934570312
66.33037567138672
79.61017608642578
84.64582824707031
65.2214584350586
78.8713150024414
25.404682159423828
66.9478988647461
42.5205078125
48.27915954589844
49.28318405151367
70.02703094482422
86.97213745117188
66.2682113647461
43.89946746826172
80.84977722167969
85.94227600097656
54.09845733642578
87.8690185546875
61.800899505615234
64.28286743164062
59.190765380859375
64.37443542480469
56.421409606933594
30.135826110839844
48.69975280761719
46.947418212890625
70.8113021850586
46.406925201416016
61.041141510009766
88.11627197265625
53.49760437011719
65.93475341796875
59.98362350463867
79.92507934570312
48.97134780883789
39.85673522949219
80.85855865478516
85.70924377441406
51.80783462524414
67.13131713867188
46.03620910644531
35.759254455566406
71.61089324951172
23.368755340576172
70.59075927734375
54.22372817993164
34.618003845214844
32.1439323425293
61.740535736083984
57.21522521972656
59.70452117919922
106.38250732421875
34.85973358154297
79.22820281982422
85.47509765625
71.05349731445312
51.727664947509766
84.86305236816406
67.20897674560547
63.11929702758789
26.55438995361328
82.16651153564453
42.34069061279297
63.31327819824219
42.78410339355469
91.05929565429688
53.01314163208008
59.41633224487305
65.85773468017578
52.093353271484375
67.74925231933594
53.09412384033203
33.35692596435547
76.5457763671875
56.464759826660156
52.43667221069336
44.31529235839844
29.051286697387695
68.99356079101562
77.24300384521484
56.538578033447266
63.83525466918945
63.4445915222168
61.39900207519531
64.98670196533203
69.46176147460938
80.12952423095703
112.47362518310547
53.861122131347656
83.00521850585938
43.66300582885742
57.643104553222656
44.60289001464844
46.92109680175781
66.4989013671875
84.07112884521484
73.11759948730469
105.46833801269531
47.126243591308594
67.92710876464844
64.67706298828125
75.98682403564453
79.2428970336914
57.320587158203125
52.137813568115234
66.77070617675781
57.987152099609375
76.32978057861328
77.30498504638672
47.75807571411133
74.21538543701172
79.57667541503906
51.36162567138672
72.67176055908203
73.58087921142578
20.889907836914062
72.4588394165039
110.76363372802734
35.40591812133789
76.05503845214844
45.455406188964844
40.36796951293945
69.93116760253906
81.05428314208984
67.41773223876953
40.38235092163086
42.65062713623047
35.13105392456055
39.70787811279297
58.153438568115234
41.43177032470703
54.511146545410156
80.10066986083984
75.459716796875
55.23967742919922
78.79289245605469
36.68291473388672
49.975242614746094
40.4761962890625
51.335323333740234
77.42749786376953
73.42717742919922
60.610382080078125
87.08161926269531
99.68354797363281
28.661958694458008
80.80513763427734
60.6169319152832
57.87593078613281
41.16718673706055
76.97411346435547
42.59191131591797
91.73184967041016
63.18144226074219
41.286346435546875
84.57278442382812
88.7210693359375
45.14240646362305
67.48255920410156
65.94243621826172
76.7736587524414
35.63290023803711
37.59480285644531
24.186431884765625
52.8051643371582
71.30858612060547
57.252403259277344
77.43415069580078
74.3094711303711
57.979373931884766
55.040016174316406
66.7340087890625
68.57713317871094
52.76927947998047
56.261077880859375
33.49877166748047
75.7406997680664
79.74213409423828
69.19705963134766
95.96133422851562
51.119606018066406
97.3789291381836
65.10791015625
46.29525375366211
48.82706832885742
57.8226318359375
63.160823822021484
63.43277359008789
57.974205017089844
62.55802536010742
30.259761810302734
18.228219985961914
62.2812385559082
86.61195373535156
41.73405838012695
37.28956985473633
70.21031951904297
74.6421890258789
34.7224235534668
111.10135650634766
84.25677490234375
57.30010223388672
45.2653694152832
59.2380256652832
57.29598617553711
97.87785339355469
40.766929626464844
63.688201904296875
85.10712432861328
66.11489868164062
60.35822677612305
52.44293975830078
48.797035217285156
89.9538803100586
49.99135208129883
63.90525436401367
87.31515502929688
73.66585540771484
21.957122802734375
94.26688385009766
63.8709831237793
71.74452209472656
60.83534240722656
53.575218200683594
95.3890609741211
63.78513717651367
62.991695404052734
66.65237426757812
59.50484085083008
68.3367919921875
82.07117462158203
62.406986236572266
60.50265884399414
75.8922119140625
68.80733489990234
67.61073303222656
63.22705078125
66.92890930175781
79.02703094482422
43.982872009277344
63.60197067260742
86.79617309570312
63.103973388671875
45.671600341796875
30.02819061279297
97.3233413696289
91.69132232666016
62.550453186035156
63.501461029052734
57.92026138305664
41.88576889038086
71.37486267089844
77.22808074951172
50.03483200073242
42.69926071166992
35.35816955566406
61.58930587768555
43.69599914550781
71.45282745361328
39.40591049194336
52.70634460449219
32.147674560546875
61.40357208251953
59.89482879638672
41.254459381103516
62.95420837402344
78.01350402832031
99.96025085449219
53.53363800048828
69.58918762207031
25.886188507080078
62.0625
58.82651138305664
71.02214050292969
74.40919494628906
36.97899627685547
40.56559371948242
48.471439361572266
35.90188217163086
65.6441421508789
67.48666381835938
71.16061401367188
72.70033264160156
104.15800476074219
63.1574821472168
60.42054748535156
33.99044418334961
50.42158126831055
56.19190979003906
38.808048248291016
40.886417388916016
45.93942642211914
85.03488159179688
45.23247146606445
64.57251739501953
76.67173767089844
61.3984375
52.1663932800293
65.13033294677734
59.34675598144531
36.07496643066406
63.55303955078125
105.65911102294922
68.09170532226562
79.8215560913086
84.03376007080078
47.682682037353516
33.492088317871094
77.0277099609375
26.962844848632812
78.95079040527344
31.41390609741211
55.817203521728516
44.083980560302734
50.15615463256836
76.55816650390625
92.3454818725586
74.02384185791016
60.48488235473633
15.093069076538086
86.83734893798828
62.68095397949219
57.95496368408203
35.44649124145508
69.52961730957031
76.84271240234375
59.16571044921875
97.71969604492188
53.5727653503418
71.50949096679688
79.49324035644531
68.20250701904297
55.35980987548828
66.08706665039062
93.39926147460938
51.84739685058594
68.53672790527344
80.60057067871094
56.265628814697266
71.27347564697266
59.26972961425781
83.84745788574219
76.3767318725586
44.830108642578125
70.89730834960938
72.32526397705078
60.3792839050293
38.99498748779297
37.5703010559082
85.03939056396484
52.51124954223633
72.25447845458984
55.282833099365234
52.47917175292969
34.36876678466797
36.77972412109375
42.0810546875
56.79024887084961
81.39409637451172
85.2355728149414
48.55440139770508
50.080665588378906
75.3691635131836
62.40553665161133
92.26348876953125
51.395835876464844
34.521888732910156
52.94190216064453
106.29045104980469
72.30914306640625
49.39803695678711
44.74888229370117
27.29146385192871
35.5406494140625
56.588409423828125
69.74056243896484
60.31962585449219
71.9729232788086
56.48185729980469
46.53410339355469
73.26554870605469
78.74107360839844
49.37904357910156
70.51998138427734
89.86071014404297
37.17479705810547
50.392704010009766
59.08255386352539
42.803558349609375
36.39247512817383
51.52153396606445
68.7050552368164
73.52494812011719
55.83905792236328
57.958431243896484
79.32552337646484
50.0627555847168
74.71173858642578
78.64767456054688
87.64775085449219
53.64337158203125
41.86204147338867
65.32674407958984
32.54751968383789
60.21628952026367
32.53129577636719
65.51173400878906
49.88439178466797
61.142539978027344
64.60651397705078
70.26129150390625
38.722652435302734
62.69139099121094
76.03125762939453
78.00333404541016
49.21889877319336
65.96834564208984
53.9762077331543
41.85759735107422
77.98854064941406
63.627262115478516
70.81104278564453
57.06829833984375
40.414852142333984
59.632301330566406
53.43035125732422
63.77373504638672
67.86820983886719
54.099281311035156
63.379600524902344
71.91978454589844
50.011226654052734
92.81832122802734
46.856624603271484
77.55931091308594
57.73433303833008
23.759990692138672
34.49059295654297
54.196815490722656
47.238460540771484
99.76348114013672
104.81729888916016
55.73922348022461
43.675636291503906
18.66651153564453
60.15129470825195
55.89030838012695
76.3033676147461
56.710182189941406
41.6991081237793
53.45888137817383
25.667770385742188
59.54661560058594
32.323509216308594
80.07516479492188
76.46873474121094
58.0921516418457
59.07632064819336
58.00059509277344
33.2258186340332
32.13959503173828
71.05260467529297
59.74604797363281
53.07715606689453
91.48662567138672
58.196868896484375
46.48809814453125
51.04014587402344
25.456127166748047
62.94784927368164
29.02288055419922
77.89353942871094
77.01878356933594
57.03681564331055
50.27358627319336
41.347476959228516
73.83814239501953
58.284095764160156
51.7735481262207
40.783267974853516
64.09288024902344
57.70774459838867
73.27369689941406
47.400028228759766
49.62075424194336
54.526954650878906
54.36905288696289
48.116634368896484
67.64608764648438
40.95263671875
38.68578338623047
64.87215423583984
59.6530876159668
33.3672981262207
53.25999450683594
47.448699951171875
67.14070892333984
70.98863983154297
25.985727310180664
32.40227508544922
56.237735748291016
88.15831756591797
78.09578704833984
84.7312240600586
67.4489974975586
53.15496826171875
87.94619750976562
85.39073944091797
41.646240234375
43.9050178527832
41.55656433105469
34.15728759765625
69.37571716308594
57.19562911987305
60.61024475097656
53.181549072265625
60.41115188598633
43.49987030029297
37.90105438232422
72.90988159179688
72.27816772460938
38.89397430419922
51.41550827026367
59.90642166137695
72.42488861083984
82.58338928222656
54.75476837158203
77.66853332519531
32.29427719116211
74.42784118652344
49.46219253540039
62.277748107910156
25.332313537597656
65.07084655761719
50.96946716308594
41.140892028808594
49.71359634399414
51.86825942993164
33.94892883300781
53.26409149169922
71.50901794433594
46.567626953125
44.78855514526367
59.770851135253906
61.732421875
40.735477447509766
53.91533660888672
47.96501922607422
52.490596771240234
87.49578857421875
28.150537490844727
76.43792724609375
40.81696319580078
63.27592086791992
31.854305267333984
69.70941162109375
60.82437515258789
103.1723861694336
61.06120681762695
84.9622573852539
59.21807098388672
29.8350830078125
51.87824249267578
85.22227478027344
51.984596252441406
86.16678619384766
62.88117218017578
66.95199584960938
80.73461151123047
61.86362838745117
62.761329650878906
45.47867202758789
51.814823150634766
54.632015228271484
55.34336471557617
68.77336120605469
74.0638198852539
42.632057189941406
87.25475311279297
60.51443862915039
85.31817626953125
83.25392150878906
58.55195617675781
72.7121353149414
68.74248504638672
31.81609535217285
76.24555969238281
45.169517517089844
67.20442962646484
61.70567321777344
64.65508270263672
66.89006042480469
45.556636810302734
81.4580307006836
49.87810516357422
61.65354537963867
59.95563888549805
65.85307312011719
54.5772705078125
60.47876739501953
66.58212280273438
59.92024612426758
98.0615234375
75.0790786743164
58.806583404541016
81.01222229003906
71.83796691894531
31.59723472595215
76.4494400024414
54.0421257019043
77.21813201904297
36.06035614013672
41.766239166259766
64.54762268066406
90.04936218261719
87.15885162353516
27.85260581970215
56.57115936279297
85.49340057373047
75.59339904785156
78.88813781738281
52.734798431396484
86.95680236816406
38.532623291015625
52.41366195678711
40.7830696105957
85.46721649169922
65.08003234863281
52.645423889160156
87.68655395507812
54.765037536621094
74.05287170410156
68.67396545410156
62.86504364013672
51.551910400390625
50.178245544433594
50.90309524536133
77.5457763671875
38.47968292236328
94.54637908935547
67.49964141845703
43.90121078491211
36.06706619262695
89.6394271850586
46.79204177856445
77.37149810791016
62.45170593261719
50.71464538574219
38.4517936706543
54.837867736816406
64.62039184570312
40.30886459350586
56.617462158203125
57.3189811706543
67.43377685546875
39.848411560058594
38.05331039428711
81.62545013427734
74.68567657470703
77.03470611572266
89.0062484741211
56.675655364990234
36.67303466796875
43.47102355957031
64.27356719970703
40.382720947265625
82.77395629882812
58.856937408447266
97.17449951171875
46.120784759521484
27.84838104248047
50.90630340576172
43.54092788696289
89.6401596069336
92.37309265136719
59.96163558959961
82.15235137939453
32.79653549194336
64.54264068603516
47.158267974853516
39.316184997558594
49.20004653930664
31.98373031616211
70.57238006591797
56.97419738769531
42.41807556152344
84.53455352783203
72.29297637939453
45.68187713623047
87.50992584228516
63.674808502197266
60.57770919799805
60.451087951660156
52.52056121826172
53.08168411254883
61.46513748168945
61.11015701293945
62.3282470703125
62.30900955200195
34.83684158325195
63.11469268798828
99.53629302978516
61.94388198852539
34.42845153808594
52.72655487060547
77.80575561523438
42.508155822753906
65.14019012451172
93.78791809082031
25.99944305419922
34.515472412109375
41.491432189941406
42.398746490478516
46.874977111816406
80.17378997802734
37.23997116088867
65.88441467285156
76.57467651367188
94.48443603515625
74.90386962890625
87.35302734375
42.28511047363281
65.7633285522461
76.23963165283203
35.31633758544922
85.46312713623047
35.03545379638672
20.619733810424805
48.25453186035156
48.516258239746094
84.21986389160156
78.05760955810547
40.864112854003906
85.85670471191406
60.774620056152344
56.591957092285156
43.603736877441406
48.65953063964844
75.56285858154297
87.12065124511719
51.81049728393555
59.11671447753906
50.495452880859375
79.1964111328125
66.2479476928711
37.65825271606445
88.68029022216797
43.052764892578125
53.977821350097656
48.47548294067383
52.902381896972656
59.65982437133789
84.76433563232422
73.9464111328125
79.6075668334961
65.7749252319336
95.93291473388672
50.156639099121094
77.50047302246094
50.66079330444336
54.0699462890625
49.532554626464844
117.18263244628906
62.23482894897461
83.39309692382812
85.04193115234375
71.56622314453125
99.82495880126953
62.728397369384766
58.46638107299805
50.91439437866211
71.99718475341797
65.55372619628906
35.234012603759766
51.16550064086914
86.32474517822266
80.1142578125
55.205772399902344
62.336936950683594
72.35501098632812
76.19730377197266
55.02873229980469
63.8499870300293
53.41897201538086
88.11473083496094
61.8776969909668
72.24604034423828
56.13773727416992
32.148582458496094
83.47452545166016
68.1650390625
70.85201263427734
77.45906066894531
19.73638916015625
65.92233276367188
84.99604034423828
91.64939880371094
50.87398910522461
68.57891845703125
42.75716781616211
81.1900634765625
84.41535949707031
47.88656997680664
65.90218353271484
68.16932678222656
54.36166000366211
65.57770538330078
74.26554107666016
50.55815124511719
48.728004455566406
85.40353393554688
46.0540657043457
60.316532135009766
42.88637161254883
53.554237365722656
89.7922134399414
75.26390838623047
48.73393630981445
66.24172973632812
97.70075988769531
58.70134353637695
96.64241790771484
69.97962951660156
60.8113899230957
49.587493896484375
44.9506721496582
97.84600830078125
57.6702766418457
86.12474822998047
71.1909408569336
37.0290641784668
53.415245056152344
49.707218170166016
62.241092681884766
31.277334213256836
79.07260131835938
74.65278625488281
78.48004150390625
72.90019989013672
44.28152084350586
61.438926696777344
62.497596740722656
50.869850158691406
94.69911193847656
65.66862487792969
64.10930633544922
85.99828338623047
35.03056335449219
57.99009704589844
49.44329833984375
34.63542556762695
51.083309173583984
78.0885238647461
81.0844955444336
38.28072738647461
67.25138854980469
68.49600982666016
69.6883316040039
55.552127838134766
28.278413772583008
97.0837173461914
55.233463287353516
61.90023422241211
93.3991470336914
70.3576889038086
62.56949996948242
66.66989135742188
77.12525939941406
62.75039291381836
45.87892150878906
45.86936950683594
41.933780670166016
74.21721649169922
55.58779525756836
47.1845817565918
66.6772232055664
31.368778228759766
44.052330017089844
77.50987243652344
74.30089569091797
89.3179702758789
40.24058151245117
23.965274810791016
53.39892578125
63.83882141113281
50.41442108154297
30.247150421142578
64.03699493408203
63.8263053894043
64.8193130493164
39.5113410949707
90.77628326416016
80.92543029785156
57.84163284301758
49.62244415283203
65.54371643066406
65.1613540649414
67.70513916015625
45.93657302856445
61.47166061401367
48.08719253540039
70.8122787475586
51.18622589111328
47.11408996582031
95.01787567138672
77.9432601928711
32.9343376159668
94.72096252441406
74.5999755859375
99.1865005493164
81.39146423339844
79.65673828125
80.69617462158203
87.8271713256836
77.60076141357422
54.44739532470703
70.397705078125
64.55147552490234
52.02797317504883
59.524410247802734
66.65487670898438
63.12614822387695
77.3485336303711
77.65873718261719
67.56409454345703
43.091434478759766
57.27096939086914
95.0689468383789
35.785343170166016
46.014991760253906
68.88705444335938
69.00763702392578
104.16099548339844
93.3909683227539
44.672489166259766
84.16090393066406
76.91766357421875
74.05757141113281
65.0295181274414
80.45072937011719
47.14310073852539
78.28214263916016
53.7439079284668
37.173885345458984
61.54787063598633
61.30360412597656
110.52657318115234
75.73706817626953
93.34027862548828
69.81668090820312
39.555458068847656
70.07780456542969
69.84857177734375
56.53855514526367
81.54756927490234
56.29888153076172
101.15701293945312
90.11536407470703
57.20355987548828
71.47998046875
37.2960319519043
45.94636535644531
74.43946838378906
56.26203918457031
64.7421646118164
15.944765090942383
56.47739791870117
67.90689849853516
28.939727783203125
61.46897506713867
90.3664321899414
65.0366439819336
72.501953125
67.69463348388672
41.3272819519043
55.69361877441406
74.3079833984375
114.80636596679688
85.23889923095703
55.32194137573242
50.2132682800293
24.40760040283203
54.83531188964844
62.692317962646484
79.70817565917969
60.27627944946289
72.97543334960938
53.33383560180664
72.39527893066406
65.52456665039062
68.610107421875
73.8409652709961
80.78764343261719
80.04676055908203
95.03807830810547
67.15164184570312
74.70614624023438
47.28632354736328
40.881771087646484
56.027042388916016
47.40517044067383
62.314884185791016
74.7161865234375
38.69480895996094
67.1882553100586
50.428123474121094
57.3857307434082
70.69710540771484
51.97700881958008
53.48019027709961
43.95240783691406
47.62550354003906
91.43955993652344
58.68027114868164
64.83374786376953
48.56269073486328
57.48847579956055
70.2192153930664
83.18431854248047
94.69963073730469
55.008575439453125
70.27645874023438
49.701786041259766
91.61112213134766
46.446746826171875
93.5175552368164
65.55260467529297
76.49311065673828
60.94212341308594
76.73609924316406
47.53249740600586
99.06831359863281
64.13919830322266
54.96327209472656
81.23101806640625
50.28752899169922
98.82504272460938
59.23311233520508
95.35845947265625
43.278358459472656
81.34502410888672
77.12130737304688
70.98025512695312
72.37218475341797
74.86470794677734
69.98509979248047
41.794315338134766
91.86612701416016
62.692623138427734
89.65919494628906
52.97199630737305
76.59857940673828
55.90056610107422
73.98224639892578
57.65153503417969
70.63784790039062
40.28641128540039
70.77864837646484
87.44438171386719
24.33966064453125
31.449392318725586
43.91780090332031
39.082942962646484
23.50851821899414
46.47990798950195
28.060150146484375
73.37116241455078
74.99683380126953
59.790828704833984
63.715728759765625
56.55242156982422
60.4925651550293
36.507843017578125
72.18119812011719
50.48617935180664
80.24190521240234
46.17277145385742
90.13561248779297
56.87316131591797
57.22007751464844
103.73548126220703
30.213830947875977
68.0622787475586
52.702693939208984
76.1505355834961
82.50479888916016
79.13839721679688
68.72718048095703
53.10089874267578
86.92659759521484
37.896854400634766
66.09554290771484
59.79602813720703
60.684085845947266
72.48110961914062
68.91753387451172
45.017662048339844
51.95595169067383
17.846569061279297
59.15141677856445
70.08309936523438
81.76979064941406
65.17140197753906
63.636783599853516
61.19943618774414
66.91779327392578
53.55854415893555
51.855648040771484
64.21129608154297
28.525270462036133
57.506370544433594
41.244266510009766
75.3477783203125
66.9836654663086
37.745182037353516
60.13420486450195
67.1371841430664
86.75333404541016
87.84564971923828
29.289810180664062
80.37078094482422
89.47112274169922
42.00758361816406
55.057918548583984
69.28662872314453
91.69703674316406
62.28922653198242
52.84710693359375
72.01136779785156
80.84195709228516
65.2369613647461
65.54489135742188
108.40650939941406
77.07125854492188
25.72232437133789
20.792539596557617
45.065696716308594
71.2718734741211
66.14214324951172
94.8425064086914
31.68064308166504
66.97624969482422
56.10416793823242
76.70578002929688
82.42415618896484
58.60792541503906
39.29179382324219
49.504520416259766
55.72721862792969
62.289451599121094
85.51446533203125
101.13279724121094
83.65106201171875
56.517127990722656
52.0896110534668
106.7436294555664
78.80325317382812
43.123321533203125
67.25557708740234
64.3625259399414
38.09539031982422
50.13526916503906
102.41570281982422
101.08435821533203
33.304691314697266
39.814857482910156
83.82792663574219
67.19941711425781
56.083412170410156
74.55858612060547
57.08100509643555
