27.02430534362793
25.476295471191406
25.27052116394043
24.986948013305664
23.95677375793457
28.454402923583984
25.90821075439453
14.57037353515625
20.370868682861328
23.162673950195312
9.90184497833252
18.313203811645508
19.900230407714844
40.44152069091797
23.01108169555664
11.579635620117188
14.492241859436035
26.128488540649414
17.315034866333008
33.85166931152344
29.951093673706055
26.39147186279297
12.443364143371582
32.65248489379883
14.53246021270752
26.73625946044922
23.136350631713867
7.446690082550049
13.106101989746094
20.160985946655273
19.66266632080078
18.697982788085938
25.98320960998535
32.82756042480469
26.4112491607666
34.65451431274414
34.96010971069336
17.866239547729492
22.53528594970703
21.444385528564453
25.522451400756836
19.920244216918945
33.80600357055664
15.309219360351562
14.2857084274292
25.816654205322266
24.567922592163086
5.245070457458496
27.810504913330078
17.74553871154785
19.407262802124023
15.16684341430664
19.774179458618164
28.27501106262207
27.43112564086914
23.928241729736328
28.477609634399414
27.16686248779297
16.911121368408203
25.883054733276367
18.955402374267578
34.6748161315918
17.747478485107422
19.39056968688965
31.17954444885254
23.510210037231445
36.28578567504883
30.44147491455078
15.327583312988281
33.24762725830078
21.165433883666992
16.542919158935547
17.303192138671875
16.07060432434082
7.424464225769043
10.627196311950684
10.95946979522705
22.605579376220703
32.1740837097168
22.980205535888672
35.615142822265625
23.40485954284668
33.28044891357422
24.24991226196289
13.000287055969238
21.194168090820312
41.750667572021484
31.83963966369629
17.384084701538086
32.80999755859375
24.012073516845703
29.086368560791016
31.051380157470703
14.033103942871094
35.37066650390625
15.930741310119629
7.962149620056152
20.31295394897461
2.3186376094818115
18.925661087036133
36.859703063964844
29.148860931396484
12.705422401428223
29.482328414916992
28.479448318481445
38.844547271728516
16.307559967041016
17.994638442993164
31.366867065429688
27.930213928222656
30.037324905395508
19.859413146972656
25.256446838378906
43.55153274536133
25.751850128173828
20.565521240234375
35.69864273071289
11.530851364135742
26.374832153320312
6.071399211883545
27.603708267211914
38.391387939453125
16.61915397644043
36.729244232177734
13.39157772064209
17.002777099609375
11.920469284057617
39.341121673583984
29.758705139160156
18.6143798828125
9.774394989013672
19.056577682495117
36.31795120239258
22.013425827026367
15.163348197937012
29.446311950683594
9.10216236114502
8.427200317382812
8.194720268249512
19.621912002563477
33.36554718017578
40.443382263183594
15.683907508850098
16.886137008666992
22.66034698486328
15.287823677062988
21.976285934448242
23.718326568603516
40.77424621582031
30.508981704711914
17.594764709472656
19.93808364868164
18.687076568603516
23.832319259643555
28.38166046142578
15.311649322509766
19.482288360595703
36.315635681152344
4.853297710418701
20.05108642578125
26.806638717651367
13.8840970993042
28.244140625
3.000978469848633
34.108463287353516
19.769655227661133
30.597280502319336
11.442977905273438
31.796436309814453
11.363094329833984
12.675323486328125
13.081653594970703
19.807249069213867
38.819644927978516
21.4752197265625
22.517833709716797
16.223474502563477
24.630924224853516
27.945472717285156
13.470809936523438
23.716928482055664
36.571170806884766
19.846744537353516
21.251508712768555
30.332910537719727
37.748050689697266
21.739625930786133
21.634191513061523
30.123897552490234
21.64271354675293
35.593017578125
23.735454559326172
28.036312103271484
14.0301513671875
25.647504806518555
16.203765869140625
36.310848236083984
7.8115034103393555
23.522258758544922
28.03887939453125
36.208499908447266
25.184221267700195
26.506942749023438
22.016847610473633
42.93638610839844
14.013555526733398
18.120161056518555
15.192917823791504
32.51472473144531
33.9330940246582
18.194660186767578
31.261831283569336
13.809455871582031
27.68994140625
35.87312316894531
20.434425354003906
10.332199096679688
7.8719482421875
15.447649002075195
29.339025497436523
23.636781692504883
33.57075500488281
13.058764457702637
31.0398006439209
13.340965270996094
26.906112670898438
7.096320629119873
29.857036590576172
32.211761474609375
32.807395935058594
7.270238399505615
16.832435607910156
18.714046478271484
17.971355438232422
26.874425888061523
27.189109802246094
14.888548851013184
6.5687737464904785
20.414920806884766
11.926163673400879
27.84949493408203
18.61789894104004
14.51718521118164
15.467419624328613
23.897789001464844
23.922466278076172
26.813085556030273
14.533737182617188
27.980985641479492
43.70112609863281
10.590180397033691
43.7287483215332
41.429359436035156
13.0172700881958
21.884170532226562
14.351781845092773
28.89222526550293
29.035642623901367
17.843595504760742
27.164400100708008
39.46896743774414
22.771242141723633
10.882774353027344
31.334381103515625
53.442996978759766
18.7673282623291
17.397634506225586
22.71516990661621
24.760522842407227
29.58866310119629
58.309322357177734
9.971160888671875
13.033681869506836
16.935441970825195
30.752443313598633
23.966835021972656
18.662906646728516
35.36296844482422
29.307315826416016
47.54487228393555
13.003113746643066
16.43787384033203
18.4952392578125
19.063631057739258
17.987125396728516
28.5660400390625
21.41407585144043
14.296747207641602
28.83582305908203
28.495512008666992
17.279373168945312
7.867933750152588
18.888938903808594
22.384666442871094
18.37128257751465
43.05908966064453
17.621688842773438
6.153497219085693
5.138189315795898
14.567510604858398
29.708755493164062
10.620561599731445
35.57731246948242
21.26784324645996
27.761730194091797
2.3353593349456787
17.639297485351562
26.085737228393555
33.90900802612305
21.53057098388672
19.472660064697266
12.302680969238281
37.07908248901367
20.807458877563477
40.65843963623047
18.547870635986328
15.669008255004883
24.716299057006836
19.176549911499023
17.00193977355957
18.47174644470215
12.360013008117676
29.312532424926758
18.39335823059082
17.443750381469727
25.125160217285156
21.037263870239258
23.30074119567871
25.289155960083008
39.06719970703125
14.496587753295898
19.98074722290039
22.318849563598633
26.5241756439209
4.424190998077393
24.862138748168945
10.777463912963867
3.293226718902588
23.08175277709961
25.969526290893555
21.92977523803711
31.62004852294922
19.201988220214844
12.893030166625977
23.651716232299805
23.1886043548584
30.31902503967285
13.595074653625488
19.02957534790039
28.453025817871094
30.45353889465332
10.207697868347168
39.10102081298828
30.456409454345703
17.27008056640625
20.471416473388672
21.408557891845703
18.250080108642578
24.78081703186035
9.484883308410645
15.963236808776855
35.414276123046875
8.567462921142578
12.702319145202637
12.029265403747559
30.294708251953125
26.2485294342041
6.730868816375732
20.669031143188477
24.09418296813965
21.045921325683594
11.093324661254883
42.57803726196289
22.541954040527344
9.215204238891602
14.90776252746582
21.944656372070312
20.395395278930664
34.73403549194336
13.104232788085938
19.150733947753906
21.965177536010742
19.404590606689453
19.451129913330078
19.28238296508789
24.1192684173584
21.975156784057617
22.532257080078125
15.048182487487793
31.457895278930664
28.861482620239258
11.230330467224121
23.016389846801758
19.62169647216797
10.794883728027344
23.12144660949707
39.63114929199219
16.97357177734375
8.383423805236816
10.714713096618652
14.73946762084961
21.46361541748047
28.140731811523438
24.06289291381836
30.53635025024414
15.47613525390625
43.23027420043945
13.727683067321777
15.65244197845459
12.013084411621094
18.984941482543945
12.444254875183105
19.990970611572266
18.00000762939453
22.509153366088867
8.798212051391602
17.940465927124023
16.17384910583496
26.395103454589844
10.26909351348877
30.53790283203125
31.81708526611328
22.241344451904297
20.901336669921875
27.718740463256836
11.617097854614258
31.562896728515625
9.195713996887207
47.79437255859375
17.600759506225586
22.579418182373047
21.183565139770508
22.68070411682129
12.177098274230957
19.748920440673828
10.873122215270996
31.146183013916016
6.0336103439331055
4.254429340362549
40.45720672607422
17.64697265625
27.730134963989258
19.60382652282715
32.38887023925781
29.42330551147461
9.067133903503418
6.972352504730225
28.366012573242188
18.063488006591797
1.5455790758132935
22.146717071533203
26.394332885742188
13.918436050415039
40.16923141479492
16.798696517944336
17.939842224121094
14.666130065917969
26.29775047302246
12.59980297088623
31.260560989379883
29.670663833618164
2.3469772338867188
19.025400161743164
30.97072410583496
23.826955795288086
18.866424560546875
20.02110481262207
16.452857971191406
41.6312255859375
25.08037567138672
3.184251070022583
33.14945602416992
28.776721954345703
18.81282615661621
10.330534934997559
22.4251766204834
12.794536590576172
14.006754875183105
24.506065368652344
30.48006248474121
8.448270797729492
18.269426345825195
16.149024963378906
20.655517578125
15.722543716430664
15.168932914733887
39.02023696899414
41.36929702758789
13.322710037231445
28.503694534301758
23.863439559936523
32.1055908203125
22.51448631286621
12.333512306213379
13.085431098937988
26.04618263244629
22.983108520507812
13.967012405395508
42.970863342285156
14.707475662231445
15.840731620788574
16.174711227416992
13.779881477355957
22.26251220703125
23.453632354736328
18.85695457458496
14.864124298095703
17.729345321655273
21.913278579711914
30.69129753112793
22.675920486450195
34.08546447753906
15.473142623901367
17.469594955444336
27.984708786010742
22.368541717529297
13.979657173156738
23.647201538085938
19.455062866210938
20.860504150390625
33.18464279174805
10.230494499206543
13.823383331298828
25.799009323120117
25.282817840576172
9.894102096557617
38.66553497314453
44.56843948364258
37.44145584106445
32.55820846557617
20.47568702697754
24.420564651489258
18.084617614746094
16.295249938964844
13.988116264343262
17.252704620361328
38.48368835449219
34.00071334838867
13.112554550170898
13.457747459411621
18.472734451293945
21.351730346679688
37.04032516479492
26.104883193969727
17.301000595092773
33.42262268066406
23.61197853088379
23.233909606933594
28.15985107421875
29.24835968017578
27.789274215698242
33.92778015136719
23.764822006225586
18.151330947875977
5.000213623046875
30.834421157836914
9.968794822692871
20.11723518371582
26.43178939819336
33.727481842041016
15.179866790771484
28.874608993530273
20.12312126159668
14.533269882202148
26.005268096923828
36.719566345214844
24.93766212463379
18.22050666809082
12.108692169189453
15.392256736755371
20.640302658081055
20.623626708984375
5.837604999542236
9.89084529876709
17.30260467529297
5.291216850280762
16.734010696411133
24.30323600769043
19.214244842529297
19.399324417114258
44.56218338012695
17.081836700439453
8.558172225952148
40.51698303222656
24.921104431152344
3.853720188140869
13.669017791748047
15.345791816711426
11.713055610656738
27.037071228027344
16.019887924194336
20.676128387451172
21.55335235595703
10.698790550231934
25.706735610961914
21.752443313598633
14.66879653930664
20.68265151977539
32.39240646362305
27.012727737426758
23.7833309173584
17.741188049316406
31.140151977539062
37.68450164794922
23.323293685913086
10.277398109436035
29.160747528076172
35.018089294433594
13.128451347351074
16.66735076904297
22.188730239868164
20.768150329589844
17.890209197998047
26.746240615844727
8.687226295471191
25.040054321289062
13.13071060180664
55.998321533203125
16.85548210144043
20.83679962158203
22.769041061401367
36.9613151550293
22.099069595336914
30.919206619262695
27.780452728271484
10.774806022644043
17.635927200317383
4.400104522705078
5.43908166885376
8.9457368850708
19.20416259765625
21.378141403198242
13.926858901977539
22.673553466796875
29.201202392578125
26.487285614013672
28.528947830200195
33.435218811035156
14.329253196716309
14.848652839660645
34.51306915283203
29.057472229003906
16.932432174682617
27.122888565063477
26.027849197387695
39.978179931640625
20.318466186523438
29.204689025878906
12.679157257080078
1.958132266998291
14.949211120605469
14.92490005493164
29.832616806030273
16.859451293945312
22.39935302734375
29.724016189575195
28.365440368652344
25.636680603027344
7.68021297454834
14.179671287536621
15.228689193725586
13.669760704040527
23.00680160522461
28.548677444458008
20.38651466369629
21.522172927856445
17.878406524658203
15.334721565246582
46.93056106567383
19.690040588378906
24.030582427978516
20.426353454589844
19.434362411499023
13.819424629211426
8.67197322845459
9.361425399780273
12.276073455810547
23.5422306060791
34.025611877441406
20.874603271484375
33.1460075378418
32.704734802246094
33.980873107910156
22.823482513427734
28.636699676513672
12.103148460388184
21.251256942749023
8.845155715942383
29.82184410095215
18.730443954467773
18.439929962158203
32.7297248840332
33.05301284790039
22.010683059692383
35.14284133911133
21.110689163208008
5.790985584259033
11.327739715576172
15.451614379882812
28.958309173583984
20.358842849731445
16.958087921142578
20.66998863220215
17.23503875732422
20.766319274902344
11.520081520080566
12.147266387939453
15.597827911376953
26.895551681518555
30.749408721923828
13.906702995300293
28.41609001159668
36.042381286621094
13.180383682250977
25.272506713867188
37.50798034667969
32.92033386230469
13.295819282531738
24.80496597290039
31.700950622558594
24.470844268798828
33.57895278930664
34.588565826416016
13.015833854675293
15.318836212158203
20.978055953979492
30.89206886291504
23.794525146484375
19.52471351623535
26.480899810791016
24.49263572692871
11.390421867370605
19.134292602539062
38.20380783081055
4.1219964027404785
34.90950393676758
30.70041275024414
26.853635787963867
13.472965240478516
28.60840606689453
21.494050979614258
20.640459060668945
17.898653030395508
18.897066116333008
26.63174819946289
30.28664779663086
16.06070327758789
25.318559646606445
22.016727447509766
24.818132400512695
18.636125564575195
10.03748607635498
25.316606521606445
32.309261322021484
27.03557586669922
25.111156463623047
13.268138885498047
4.147984504699707
16.484840393066406
16.794252395629883
9.518881797790527
11.9280424118042
7.49476432800293
33.6835823059082
17.176910400390625
14.989286422729492
37.47684097290039
25.33595085144043
12.6704683303833
14.361771583557129
4.568656921386719
21.80010986328125
27.144685745239258
23.537809371948242
22.538419723510742
30.224472045898438
36.4691276550293
36.4948616027832
10.429800987243652
17.92822265625
11.629278182983398
21.29170036315918
22.893896102905273
9.51171875
30.175323486328125
17.415088653564453
34.23423767089844
17.15723991394043
33.38129425048828
22.945701599121094
14.132370948791504
26.396547317504883
20.46671485900879
16.439943313598633
24.593734741210938
41.99513244628906
26.754423141479492
29.256410598754883
29.665267944335938
9.047999382019043
33.248722076416016
24.193605422973633
16.228145599365234
22.38204002380371
12.436305046081543
27.363082885742188
21.241374969482422
15.243643760681152
10.714653015136719
17.163497924804688
9.68233585357666
13.524381637573242
29.228633880615234
26.138246536254883
9.952025413513184
31.628568649291992
17.4987735748291
38.041481018066406
20.324268341064453
34.37899398803711
27.67593002319336
14.506392478942871
32.172889709472656
20.47037124633789
16.662296295166016
27.350366592407227
26.520599365234375
43.59092712402344
28.99898338317871
14.368441581726074
29.037532806396484
31.817869186401367
21.280601501464844
9.444852828979492
13.673620223999023
6.512800216674805
22.738800048828125
33.89338684082031
28.199033737182617
26.35987091064453
25.11925506591797
11.743387222290039
33.79560089111328
45.44197082519531
6.374450206756592
20.55897331237793
27.080034255981445
14.58938980102539
29.887920379638672
25.266220092773438
27.203001022338867
17.09737777709961
33.31458282470703
14.156498908996582
21.092687606811523
24.84840965270996
31.10306167602539
15.958483695983887
20.302656173706055
48.95704650878906
26.085023880004883
28.952423095703125
23.568124771118164
8.357173919677734
6.726269245147705
12.361618995666504
33.63581085205078
24.222339630126953
18.412425994873047
22.366117477416992
25.384607315063477
17.875804901123047
22.834487915039062
19.61876678466797
13.835175514221191
15.565181732177734
15.2860746383667
15.239397048950195
10.537849426269531
35.47654724121094
31.52711296081543
17.419313430786133
13.180274963378906
23.555095672607422
41.00096893310547
23.12489891052246
12.7913179397583
33.636756896972656
22.970796585083008
16.379356384277344
22.12282371520996
38.33222961425781
42.336612701416016
18.8460693359375
9.175630569458008
21.601734161376953
31.309072494506836
40.3893928527832
16.590599060058594
10.502720832824707
25.193225860595703
19.02522087097168
17.156953811645508
9.166618347167969
14.21261978149414
19.708478927612305
27.444074630737305
20.00666046142578
24.263330459594727
41.30199432373047
9.296422958374023
9.923425674438477
26.96645736694336
32.144020080566406
21.960521697998047
14.958351135253906
26.995351791381836
24.517471313476562
30.685537338256836
12.507585525512695
18.964059829711914
27.903488159179688
35.092899322509766
6.176929473876953
33.698516845703125
15.07599925994873
29.849645614624023
10.028733253479004
10.60249137878418
19.97763442993164
20.72400665283203
15.648365020751953
26.91999053955078
24.416183471679688
26.044519424438477
27.654422760009766
16.7096004486084
11.056427001953125
16.0980281829834
12.568655014038086
37.722415924072266
26.3867244720459
21.14055633544922
29.57485580444336
20.558027267456055
30.732860565185547
32.58449935913086
13.97182846069336
18.993921279907227
24.702102661132812
11.804529190063477
23.20688247680664
23.603099822998047
10.283933639526367
40.818111419677734
18.664339065551758
17.982091903686523
33.34795379638672
30.98033332824707
12.31106185913086
20.842538833618164
19.079639434814453
13.276471138000488
15.840083122253418
19.06330108642578
16.853235244750977
29.893095016479492
15.837516784667969
18.98265838623047
15.762774467468262
34.12195587158203
28.21382713317871
18.68083953857422
12.49506664276123
19.153663635253906
16.90989875793457
16.952054977416992
13.927267074584961
22.434823989868164
22.804893493652344
12.112650871276855
20.414031982421875
26.390012741088867
35.55733108520508
12.191485404968262
10.795562744140625
11.318572998046875
10.90248966217041
32.2119026184082
13.681921005249023
25.94109535217285
26.443634033203125
23.396032333374023
16.662689208984375
24.060670852661133
25.736391067504883
18.57195472717285
17.558820724487305
22.622802734375
33.45844268798828
10.248003005981445
21.845561981201172
9.400266647338867
20.439294815063477
9.011881828308105
31.426727294921875
17.722274780273438
14.737627029418945
38.6888427734375
14.750542640686035
16.524497985839844
21.707069396972656
25.67913818359375
34.841773986816406
27.667152404785156
8.967114448547363
20.80706214904785
16.207080841064453
46.32173156738281
31.912355422973633
27.70785903930664
30.663156509399414
26.029088973999023
12.968571662902832
5.8250908851623535
18.200740814208984
21.75428581237793
18.458955764770508
16.83578872680664
19.466720581054688
21.806608200073242
15.11695384979248
22.2788028717041
8.201281547546387
52.92478942871094
8.359707832336426
30.259944915771484
26.2922306060791
25.391036987304688
17.02227020263672
17.39103889465332
13.120196342468262
30.172412872314453
20.903118133544922
4.691396236419678
43.42872619628906
26.42774772644043
14.503883361816406
12.804909706115723
22.538482666015625
18.01865577697754
11.193217277526855
19.840545654296875
18.211719512939453
26.56330680847168
29.895065307617188
13.229635238647461
26.929126739501953
14.019513130187988
20.637327194213867
31.774168014526367
21.48296356201172
18.681385040283203
13.930546760559082
18.14682960510254
44.262451171875
39.64079284667969
24.61362075805664
25.222976684570312
32.65435791015625
14.444448471069336
16.390478134155273
16.26940155029297
19.617334365844727
13.886699676513672
24.76436996459961
24.25629234313965
18.92311668395996
29.26663589477539
19.451904296875
27.698436737060547
37.56052017211914
35.31296157836914
40.86927032470703
36.78912353515625
19.26541519165039
7.641911506652832
22.515798568725586
28.14887046813965
25.72016143798828
34.506229400634766
21.644947052001953
48.356529235839844
17.21080207824707
29.95171546936035
27.01209831237793
48.95109939575195
33.79431915283203
23.704952239990234
25.833690643310547
11.729042053222656
22.921384811401367
22.86669158935547
21.319568634033203
4.475953102111816
17.86241340637207
19.235597610473633
11.335004806518555
26.71474838256836
29.6861515045166
27.58352279663086
10.401761054992676
14.288034439086914
34.80892562866211
19.2838077545166
25.60857391357422
7.775142192840576
12.981375694274902
24.383573532104492
19.060508728027344
9.087738037109375
18.59454917907715
19.632957458496094
16.730552673339844
4.393995761871338
22.886159896850586
23.02256202697754
13.124088287353516
28.98077392578125
9.245662689208984
21.237274169921875
15.975204467773438
24.254716873168945
26.98804473876953
18.661401748657227
22.529611587524414
26.131805419921875
18.979942321777344
22.04789924621582
21.800859451293945
22.900131225585938
21.292051315307617
26.789968490600586
15.409797668457031
30.447725296020508
40.69143295288086
13.94642448425293
16.440780639648438
8.600729942321777
10.756107330322266
0.7798795700073242
14.806591033935547
32.100772857666016
4.5069146156311035
35.74858856201172
25.600177764892578
36.266075134277344
16.36162757873535
42.22113037109375
24.553346633911133
26.023324966430664
8.809225082397461
19.840002059936523
9.983999252319336
22.029386520385742
48.32400131225586
24.680076599121094
24.60587501525879
23.372392654418945
9.050443649291992
29.4332218170166
14.862500190734863
32.49416732788086
25.282939910888672
22.43486785888672
9.738083839416504
22.94068145751953
20.941328048706055
25.51030158996582
37.986473083496094
28.793384552001953
17.05498695373535
15.42281723022461
20.026418685913086
23.136869430541992
18.38084602355957
17.860605239868164
10.043301582336426
18.52210807800293
15.208114624023438
20.35161590576172
32.80852127075195
14.385529518127441
12.277185440063477
7.91795015335083
19.585786819458008
20.676767349243164
15.194975852966309
8.980785369873047
42.3021354675293
5.087193012237549
1.968515396118164
22.709253311157227
13.926230430603027
27.791587829589844
14.106919288635254
17.097599029541016
28.963573455810547
13.512048721313477
43.451263427734375
29.402673721313477
11.788214683532715
28.295225143432617
37.219947814941406
12.6097412109375
31.417409896850586
20.425954818725586
28.473215103149414
13.499007225036621
24.850135803222656
36.23123550415039
26.646331787109375
38.608821868896484
15.877132415771484
16.620731353759766
22.285802841186523
22.022554397583008
10.756390571594238
28.805299758911133
22.666637420654297
17.207788467407227
46.76570510864258
47.219482421875
21.989912033081055
19.10344696044922
24.068044662475586
21.6691951751709
13.915434837341309
19.26544189453125
8.452393531799316
29.120927810668945
23.18842124938965
24.83685302734375
15.476433753967285
12.236271858215332
23.584033966064453
20.470735549926758
17.780059814453125
26.520170211791992
24.60031509399414
25.927234649658203
30.916837692260742
10.242993354797363
16.8067569732666
18.451847076416016
26.614351272583008
16.238906860351562
25.413501739501953
17.374252319335938
21.768016815185547
16.737878799438477
14.004352569580078
28.751628875732422
28.090055465698242
49.200782775878906
13.680364608764648
29.636259078979492
24.049829483032227
9.999667167663574
17.879194259643555
35.70919418334961
26.295188903808594
18.886966705322266
7.684737205505371
28.546884536743164
20.479307174682617
14.919694900512695
21.875263214111328
15.26729965209961
25.892044067382812
24.96333122253418
16.204734802246094
27.054637908935547
21.386621475219727
21.149658203125
22.571691513061523
30.425594329833984
36.04354476928711
43.37710189819336
21.89068031311035
15.079095840454102
14.114562034606934
13.165453910827637
12.434328079223633
29.9782772064209
31.093963623046875
7.3815155029296875
35.564064025878906
15.508838653564453
18.945842742919922
15.659041404724121
30.287111282348633
31.61319923400879
16.885473251342773
29.964139938354492
22.700767517089844
15.995720863342285
18.628353118896484
24.513431549072266
26.91313362121582
36.80354690551758
30.849384307861328
34.73632049560547
26.3172550201416
11.140530586242676
27.130958557128906
16.239200592041016
23.526609420776367
21.320690155029297
22.98109245300293
19.37407684326172
28.30521011352539
7.49352502822876
12.7546968460083
22.89506721496582
14.270922660827637
9.067802429199219
27.906644821166992
34.38565444946289
15.408522605895996
11.383049011230469
22.92584228515625
11.765494346618652
34.72122573852539
25.396072387695312
17.65784454345703
28.01508331298828
26.23341178894043
17.18988800048828
32.95371627807617
35.802581787109375
17.987934112548828
8.908414840698242
36.315982818603516
8.442873001098633
12.809056282043457
11.717803955078125
25.153030395507812
21.16099739074707
5.708835601806641
17.76490020751953
32.99720001220703
16.509979248046875
16.76642608642578
33.38802719116211
18.719820022583008
20.66456413269043
22.93355941772461
24.464548110961914
35.28986740112305
13.314546585083008
14.434749603271484
19.169160842895508
33.855682373046875
17.748123168945312
30.55809211730957
21.551191329956055
9.988665580749512
36.56043243408203
22.23625373840332
32.832725524902344
13.630331039428711
19.724159240722656
41.666812896728516
12.288224220275879
15.132554054260254
16.814123153686523
15.189356803894043
19.818735122680664
17.114120483398438
32.00282669067383
19.821428298950195
18.463651657104492
32.830345153808594
16.389488220214844
20.35056495666504
32.66473388671875
11.184409141540527
27.445541381835938
26.009572982788086
5.113133907318115
33.342933654785156
22.98389434814453
16.114425659179688
9.317118644714355
19.538742065429688
13.165610313415527
11.897028923034668
24.60843276977539
27.501922607421875
17.328998565673828
16.56814956665039
13.408557891845703
34.422637939453125
47.69210433959961
30.018552780151367
32.157222747802734
41.489830017089844
17.966114044189453
39.91465377807617
5.885766983032227
14.789670944213867
22.24501609802246
16.74660301208496
45.34757614135742
23.677444458007812
17.531721115112305
20.102767944335938
24.091453552246094
30.19082260131836
8.645024299621582
33.90775680541992
21.949432373046875
32.395652770996094
11.716046333312988
31.577390670776367
25.293283462524414
17.984848022460938
31.998018264770508
24.011516571044922
44.773338317871094
12.156314849853516
32.176517486572266
22.8563289642334
21.165491104125977
20.686758041381836
32.19328308105469
17.226947784423828
29.69092559814453
17.127758026123047
25.41619873046875
25.644933700561523
20.775609970092773
21.65240478515625
29.071855545043945
28.959325790405273
42.51948547363281
31.244190216064453
18.819669723510742
27.467151641845703
15.741050720214844
28.70010757446289
34.60076904296875
5.829598903656006
11.592047691345215
10.714886665344238
18.206632614135742
31.622041702270508
27.208154678344727
5.5855231285095215
6.494641304016113
43.62883758544922
26.87670135498047
20.936016082763672
34.0843391418457
26.413436889648438
15.50516414642334
41.18274688720703
31.45646858215332
4.95168399810791
24.073984146118164
5.686946868896484
60.790924072265625
49.933677673339844
23.473508834838867
27.219589233398438
24.06450080871582
24.210208892822266
14.838007926940918
28.73589324951172
5.0856194496154785
19.258522033691406
38.40073013305664
28.689891815185547
20.63503074645996
28.59958839416504
20.542194366455078
24.938676834106445
14.121131896972656
20.88421058654785
7.549232482910156
14.422531127929688
17.70322608947754
50.4070930480957
32.74863815307617
8.471944808959961
30.5059871673584
39.667781829833984
29.75002670288086
21.297985076904297
17.98037338256836
26.73699378967285
12.651739120483398
15.922869682312012
32.57618713378906
17.914081573486328
33.40113830566406
17.128215789794922
13.606159210205078
11.792308807373047
32.642452239990234
13.369446754455566
10.02424430847168
16.72342872619629
12.806224822998047
16.806068420410156
18.400175094604492
18.982601165771484
1.9992411136627197
14.641071319580078
26.183530807495117
9.636643409729004
23.032581329345703
32.76523208618164
21.47581672668457
6.733231067657471
23.15935516357422
15.772523880004883
32.06071853637695
11.894509315490723
28.215167999267578
28.10247230529785
16.630516052246094
29.518341064453125
20.2772216796875
8.299519538879395
17.972797393798828
52.79983139038086
31.515975952148438
30.61812400817871
30.071218490600586
14.348359107971191
16.729249954223633
18.26266860961914
16.12055206298828
22.277589797973633
10.796822547912598
19.295562744140625
29.630796432495117
31.952306747436523
23.700456619262695
9.663007736206055
4.769144535064697
13.758552551269531
44.691898345947266
30.755151748657227
48.475032806396484
8.520925521850586
30.73587989807129
23.871036529541016
12.899596214294434
24.6544132232666
39.17975616455078
21.39613914489746
15.694907188415527
25.472938537597656
14.145923614501953
19.89651870727539
9.782526016235352
30.82656478881836
14.19741439819336
39.81489944458008
23.924806594848633
20.919710159301758
5.0917487144470215
25.917348861694336
18.870643615722656
11.83027172088623
37.50312042236328
18.527923583984375
21.53452491760254
29.057170867919922
14.170204162597656
31.985980987548828
8.428580284118652
29.638042449951172
26.560131072998047
39.67730712890625
34.80451202392578
30.243928909301758
12.167600631713867
20.586740493774414
22.02950668334961
33.7153434753418
32.166656494140625
20.355470657348633
23.457298278808594
34.268550872802734
21.31045150756836
15.0535306930542
26.60173797607422
18.231000900268555
21.944509506225586
34.26848602294922
38.37508010864258
29.63593864440918
17.513042449951172
33.805633544921875
16.04986000061035
39.017024993896484
21.36697006225586
27.694047927856445
8.676325798034668
16.310861587524414
23.11933708190918
22.899999618530273
39.9815559387207
23.975406646728516
21.494699478149414
21.497079849243164
26.685001373291016
16.132246017456055
20.50961685180664
28.790220260620117
16.451034545898438
18.24984359741211
14.341068267822266
36.24150466918945
43.05252456665039
22.80999183654785
25.784896850585938
23.518823623657227
3.920599937438965
16.087913513183594
26.951366424560547
31.570863723754883
19.979421615600586
16.480453491210938
26.139150619506836
2.4585623741149902
14.777618408203125
26.966167449951172
27.31743049621582
23.94144630432129
29.66006851196289
8.58512020111084
33.0333366394043
11.041125297546387
13.301780700683594
11.712606430053711
18.357177734375
20.7347412109375
25.027584075927734
28.723804473876953
17.942359924316406
26.971111297607422
21.44806480407715
19.845233917236328
24.934926986694336
53.72967529296875
18.371883392333984
22.709035873413086
10.521050453186035
22.44827651977539
27.583681106567383
20.20359992980957
11.687727928161621
24.25469970703125
20.251527786254883
16.578947067260742
11.604299545288086
21.069660186767578
9.257433891296387
48.557247161865234
48.62901306152344
16.495515823364258
16.700437545776367
14.194817543029785
14.122757911682129
2.3765835762023926
17.365568161010742
20.161516189575195
10.170494079589844
26.530046463012695
34.52618408203125
18.189512252807617
15.032259941101074
27.08973503112793
28.61595916748047
7.13575553894043
21.005762100219727
36.88526916503906
20.21598243713379
18.754894256591797
31.888460159301758
22.58814239501953
36.11724090576172
10.925171852111816
22.79828643798828
16.65520668029785
22.20980453491211
11.887829780578613
4.005682468414307
30.31675910949707
30.504230499267578
20.106422424316406
6.449031352996826
25.722152709960938
19.922412872314453
24.413278579711914
16.167991638183594
21.10280990600586
15.671253204345703
27.74012565612793
22.386240005493164
12.715744972229004
22.649377822875977
18.042163848876953
28.852195739746094
13.730067253112793
26.313249588012695
27.043346405029297
53.11751937866211
22.748422622680664
15.553524017333984
8.855684280395508
5.693020820617676
19.16050910949707
4.138417720794678
22.419118881225586
19.350927352905273
18.860549926757812
29.563535690307617
8.667688369750977
18.32006072998047
20.935977935791016
39.87088394165039
20.05962371826172
17.582359313964844
28.672517776489258
11.590688705444336
26.46761131286621
25.559030532836914
23.32196807861328
22.841768264770508
31.33843231201172
20.914772033691406
15.535727500915527
24.017986297607422
21.05130958557129
17.21250343322754
7.660320281982422
28.057340621948242
28.63671875
45.723060607910156
26.532814025878906
34.62468719482422
15.359503746032715
26.94132423400879
41.224021911621094
25.66317367553711
33.132442474365234
29.01534652709961
32.242027282714844
31.025146484375
44.59328842163086
50.63593292236328
8.160401344299316
36.83555603027344
21.6729679107666
26.810340881347656
14.570511817932129
34.933692932128906
17.660144805908203
16.5602970123291
20.34840965270996
38.82318115234375
17.680072784423828
29.360300064086914
32.298789978027344
19.1102294921875
13.816366195678711
20.592334747314453
24.755712509155273
11.539423942565918
17.493610382080078
29.671598434448242
24.620330810546875
16.478191375732422
3.277078151702881
15.774408340454102
20.81397819519043
36.593849182128906
5.448460578918457
22.670629501342773
10.79610538482666
17.717845916748047
7.024818420410156
15.788093566894531
32.609920501708984
37.41011428833008
17.869619369506836
19.72048568725586
16.436906814575195
14.497790336608887
54.98671340942383
7.902624130249023
6.619049072265625
15.454834938049316
21.319496154785156
10.484243392944336
23.856815338134766
28.246402740478516
19.572866439819336
16.285140991210938
42.09547424316406
26.044536590576172
25.815439224243164
21.925039291381836
22.579317092895508
10.385848045349121
15.006087303161621
24.057476043701172
29.673805236816406
25.374788284301758
19.759498596191406
44.88532638549805
17.98105239868164
22.185537338256836
18.620927810668945
30.117712020874023
25.942161560058594
27.01883888244629
20.973909378051758
11.003744125366211
33.77068328857422
17.707109451293945
22.092361450195312
20.494630813598633
18.007944107055664
24.461280822753906
16.08906364440918
14.161622047424316
20.850440979003906
17.07087516784668
33.68449783325195
23.79033851623535
16.14239501953125
17.997461318969727
8.518266677856445
12.399164199829102
16.404796600341797
22.855945587158203
15.11194133758545
9.959423065185547
13.57270336151123
12.68365478515625
15.959959983825684
20.80648422241211
20.106346130371094
10.795565605163574
35.277442932128906
17.71425437927246
22.020713806152344
27.80280303955078
20.993377685546875
13.272257804870605
23.407268524169922
39.712642669677734
13.020625114440918
7.104146480560303
21.054353713989258
9.653130531311035
22.556516647338867
35.21908187866211
6.3184428215026855
40.215126037597656
7.089132785797119
10.872831344604492
18.06515884399414
22.25438117980957
14.033503532409668
21.695106506347656
36.13337326049805
10.87053394317627
29.04433250427246
22.7969970703125
10.490348815917969
15.888484954833984
26.088457107543945
9.857024192810059
22.980953216552734
16.33913803100586
29.927261352539062
20.894920349121094
18.756399154663086
47.831817626953125
21.667863845825195
18.269481658935547
29.78060531616211
21.493663787841797
29.78445053100586
13.505849838256836
34.9725227355957
30.55879783630371
14.984048843383789
14.23149585723877
15.250702857971191
18.32521629333496
16.093647003173828
60.98026657104492
15.780369758605957
22.70172119140625
17.360370635986328
21.64052963256836
28.218297958374023
26.4506893157959
16.328197479248047
7.7095465660095215
12.12292194366455
18.154970169067383
28.918865203857422
24.443302154541016
21.81090545654297
14.583476066589355
18.84535789489746
15.077850341796875
45.94685363769531
39.56583786010742
17.549976348876953
24.567262649536133
21.5446834564209
13.963191986083984
12.204614639282227
33.334144592285156
23.43012237548828
37.4726676940918
5.8585405349731445
13.306772232055664
8.59459114074707
10.44741439819336
13.909786224365234
14.352279663085938
23.519384384155273
27.028322219848633
10.450896263122559
17.5116024017334
28.870737075805664
19.071208953857422
9.640531539916992
25.176332473754883
12.039043426513672
24.009580612182617
22.67412757873535
15.17849349975586
15.36075496673584
14.834547996520996
25.66810417175293
18.86986541748047
38.195274353027344
25.359878540039062
36.19783401489258
41.640380859375
18.163358688354492
13.937844276428223
15.565646171569824
52.97210693359375
17.669326782226562
17.79077911376953
19.93815040588379
11.425703048706055
15.94074535369873
27.845989227294922
20.571969985961914
28.474708557128906
23.716339111328125
28.614742279052734
26.353376388549805
11.84105110168457
6.643596649169922
28.723085403442383
23.05550193786621
23.38951301574707
33.90560531616211
21.791141510009766
9.749948501586914
25.650066375732422
17.18414306640625
15.35218620300293
16.11316680908203
32.69489288330078
22.855756759643555
18.573896408081055
28.186500549316406
33.99004364013672
22.906131744384766
17.050533294677734
2.080500602722168
17.310100555419922
21.115459442138672
34.13004684448242
23.89092254638672
5.136337757110596
30.52132797241211
18.448450088500977
8.487217903137207
7.536158561706543
9.006961822509766
17.44146728515625
23.601634979248047
20.32345962524414
11.435641288757324
37.95048141479492
44.849063873291016
7.507932662963867
20.44632911682129
22.934734344482422
6.691597938537598
17.561519622802734
17.458538055419922
6.170684814453125
21.801708221435547
16.26813507080078
42.51952362060547
16.99231719970703
29.219125747680664
41.922393798828125
20.6131534576416
24.344717025756836
17.389389038085938
20.730592727661133
17.431255340576172
30.056550979614258
27.080842971801758
31.164352416992188
38.68408203125
18.042619705200195
34.68302536010742
32.68732833862305
10.436016082763672
20.47124481201172
33.08208084106445
15.522065162658691
5.382131099700928
25.22510528564453
20.38084602355957
28.66147804260254
31.417417526245117
20.440406799316406
21.68326187133789
8.502809524536133
16.202449798583984
19.807003021240234
34.36735153198242
21.936113357543945
29.043195724487305
23.466442108154297
5.629038333892822
29.580188751220703
24.560848236083984
11.603630065917969
18.957435607910156
22.928621292114258
39.251792907714844
19.805723190307617
43.141719818115234
23.569067001342773
7.772057056427002
15.464632987976074
33.59662628173828
35.827720642089844
21.75516700744629
50.586551666259766
17.35590171813965
30.97235679626465
35.62009048461914
22.49791717529297
21.61973762512207
31.65545654296875
41.46018981933594
25.72052001953125
17.224008560180664
21.75699234008789
26.009918212890625
25.16684913635254
24.80377769470215
10.201258659362793
13.326737403869629
30.896947860717773
30.628156661987305
21.72049331665039
20.65248680114746
25.153976440429688
13.223196983337402
24.12579917907715
21.664743423461914
28.219297409057617
37.41797637939453
37.66828155517578
61.10148620605469
33.50437927246094
12.993276596069336
29.290687561035156
33.16584396362305
30.041257858276367
26.325654983520508
29.146467208862305
25.787288665771484
21.872867584228516
34.03672790527344
23.49032974243164
19.901601791381836
24.167945861816406
22.558765411376953
19.426652908325195
27.659839630126953
24.281063079833984
30.835918426513672
27.175495147705078
28.42313575744629
23.12576675415039
27.002391815185547
24.050729751586914
12.685247421264648
12.35889720916748
23.00920295715332
15.869345664978027
21.24721336364746
26.767532348632812
30.592178344726562
13.971678733825684
31.220985412597656
18.960012435913086
19.42129135131836
12.54197883605957
30.244709014892578
15.204033851623535
29.12774085998535
11.856417655944824
28.54889488220215
21.290767669677734
25.39763069152832
21.034955978393555
38.593685150146484
13.705411911010742
46.12965393066406
16.091638565063477
27.402536392211914
14.197527885437012
27.34280014038086
38.71831130981445
29.144018173217773
18.32925033569336
23.307533264160156
26.994224548339844
31.835954666137695
35.93141555786133
12.417769432067871
21.669692993164062
11.829684257507324
26.15376853942871
31.976869583129883
18.289976119995117
14.471664428710938
12.189595222473145
32.52973175048828
21.583425521850586
18.952199935913086
24.934349060058594
18.62196159362793
23.497507095336914
9.035582542419434
16.723501205444336
37.19953155517578
18.607316970825195
25.289155960083008
10.138209342956543
31.27910041809082
6.840036869049072
13.494871139526367
23.147071838378906
28.30975914001465
16.522293090820312
28.486661911010742
21.258089065551758
17.242040634155273
18.494638442993164
43.46725082397461
29.928117752075195
21.302522659301758
28.299468994140625
22.35468292236328
18.23821449279785
26.80643653869629
30.705045700073242
14.903716087341309
28.022109985351562
37.974449157714844
11.376391410827637
22.677175521850586
10.38646411895752
33.706573486328125
29.088960647583008
32.755096435546875
7.10322904586792
39.27509307861328
52.872676849365234
21.69278335571289
35.69670867919922
48.703102111816406
29.602516174316406
10.69314956665039
38.211238861083984
14.971261024475098
29.103160858154297
22.98895263671875
13.075323104858398
37.62514114379883
19.332807540893555
17.32965660095215
26.388776779174805
29.680404663085938
25.1267032623291
45.32920837402344
24.9652042388916
19.463459014892578
25.38785743713379
39.88188552856445
17.03775978088379
17.265607833862305
21.978282928466797
19.798091888427734
31.900789260864258
21.825620651245117
22.70611000061035
27.80067253112793
28.766321182250977
29.0366268157959
37.066810607910156
25.287639617919922
18.103248596191406
20.66681671142578
23.916059494018555
24.704509735107422
43.961673736572266
24.755287170410156
27.333995819091797
9.846067428588867
34.455467224121094
22.223115921020508
11.602309226989746
22.781587600708008
31.717126846313477
13.722068786621094
26.16982650756836
16.861862182617188
28.060462951660156
11.21552848815918
9.059279441833496
27.651039123535156
26.654346466064453
28.914146423339844
14.551383972167969
27.20447540283203
15.999587059020996
19.38567352294922
56.55815505981445
20.326583862304688
13.313243865966797
4.922807693481445
20.82952880859375
19.63722038269043
12.604220390319824
32.12849044799805
25.588443756103516
14.450906753540039
10.00820541381836
53.996131896972656
29.15900230407715
6.157691955566406
23.655481338500977
32.288082122802734
33.60715103149414
35.45466232299805
37.998870849609375
6.786262512207031
30.03628158569336
19.90894317626953
12.651405334472656
25.485437393188477
28.294179916381836
5.145004749298096
19.360187530517578
16.85932159423828
32.731990814208984
41.24672317504883
14.666029930114746
29.414541244506836
7.626049995422363
18.622610092163086
31.290815353393555
28.5413875579834
24.676807403564453
28.758100509643555
26.113426208496094
15.824668884277344
21.807279586791992
18.541271209716797
9.325644493103027
62.0411491394043
4.912559986114502
19.876909255981445
16.124988555908203
28.78913688659668
25.14098358154297
14.826852798461914
22.93307113647461
35.215667724609375
18.007081985473633
37.166934967041016
22.714466094970703
19.56214714050293
21.608591079711914
20.42141342163086
13.385823249816895
17.520538330078125
6.776061058044434
20.659107208251953
19.418079376220703
19.171451568603516
18.181726455688477
23.51063346862793
19.53781509399414
13.653298377990723
23.6007137298584
31.904827117919922
23.13509750366211
25.313045501708984
20.314035415649414
18.282976150512695
18.074073791503906
13.536823272705078
14.813702583312988
22.490318298339844
41.64698028564453
27.18192481994629
31.4241886138916
27.0621337890625
35.2874870300293
14.154204368591309
30.327716827392578
31.818086624145508
36.19775390625
4.51138973236084
17.148656845092773
16.45697021484375
19.991207122802734
20.570775985717773
21.879350662231445
28.075037002563477
15.035977363586426
17.866586685180664
35.49525833129883
11.91110897064209
15.528802871704102
21.945068359375
19.404924392700195
41.94391632080078
43.06232833862305
10.763614654541016
19.48270034790039
15.225732803344727
25.972415924072266
27.648582458496094
18.5936336517334
24.30590057373047
24.230085372924805
20.354928970336914
22.657873153686523
16.388532638549805
20.717485427856445
44.57313537597656
37.45162582397461
11.340775489807129
32.33112335205078
22.589494705200195
23.933460235595703
26.594301223754883
17.039926528930664
21.01238441467285
19.625520706176758
33.742557525634766
27.724313735961914
42.61644744873047
20.065595626831055
21.082843780517578
38.888187408447266
13.14682388305664
18.12076187133789
17.15495491027832
15.476262092590332
11.946089744567871
7.120117664337158
47.04876708984375
26.77667236328125
36.07490539550781
25.92060089111328
13.848453521728516
17.366600036621094
3.817505359649658
40.89287567138672
22.340309143066406
13.240296363830566
22.41405487060547
26.761150360107422
13.688755989074707
25.283214569091797
9.730033874511719
26.930707931518555
26.062244415283203
11.210182189941406
13.60869312286377
35.18718338012695
20.877351760864258
10.39720344543457
18.2757625579834
56.87766647338867
2.8498482704162598
32.496273040771484
8.956846237182617
21.837200164794922
26.16039276123047
26.394393920898438
34.8193244934082
35.884090423583984
27.07736587524414
16.89098358154297
23.950328826904297
22.365596771240234
40.953277587890625
18.666677474975586
29.164018630981445
21.908950805664062
19.892818450927734
24.692882537841797
40.48331832885742
25.138526916503906
23.097436904907227
18.0245361328125
25.582265853881836
33.097103118896484
16.937387466430664
12.934341430664062
21.558788299560547
16.75084686279297
16.713830947875977
10.258818626403809
11.44234848022461
38.09501266479492
21.684240341186523
24.105405807495117
35.04131317138672
37.05764389038086
3.673780679702759
18.58436393737793
13.075759887695312
13.013328552246094
20.307641983032227
12.35555362701416
12.046055793762207
22.025054931640625
22.43930435180664
39.10654830932617
38.52827453613281
27.369592666625977
23.983779907226562
16.59943962097168
17.82143783569336
21.179967880249023
29.485034942626953
31.202980041503906
12.091646194458008
43.051998138427734
14.292743682861328
30.589426040649414
19.380489349365234
26.264190673828125
12.102291107177734
16.704832077026367
26.80609703063965
28.545677185058594
10.647747993469238
24.086408615112305
12.954449653625488
15.11744213104248
19.01778793334961
10.450507164001465
19.234146118164062
30.463274002075195
14.443995475769043
16.530315399169922
7.021485328674316
40.35142517089844
19.210264205932617
26.83219337463379
38.2480354309082
17.037076950073242
23.16470718383789
32.01282501220703
17.612953186035156
36.470252990722656
26.84273910522461
27.88549041748047
30.79656219482422
10.604904174804688
18.82443618774414
35.72389221191406
16.590789794921875
20.73930549621582
27.93149185180664
20.5499210357666
18.687095642089844
27.960142135620117
15.959665298461914
6.7169413566589355
15.058415412902832
27.338336944580078
26.248804092407227
31.903675079345703
29.35451316833496
21.919429779052734
49.304962158203125
9.101006507873535
35.01215362548828
5.036562442779541
18.70646858215332
23.766530990600586
32.12709045410156
8.578285217285156
16.361148834228516
25.312726974487305
26.629009246826172
23.250438690185547
31.997013092041016
20.175058364868164
18.18995475769043
29.361106872558594
12.228743553161621
17.932762145996094
19.98873519897461
21.183940887451172
30.21132469177246
34.31381607055664
12.318398475646973
12.095024108886719
41.532928466796875
30.703720092773438
15.61378288269043
21.55353546142578
15.5236177444458
35.98463439941406
16.873531341552734
9.181793212890625
23.61701202392578
27.8920841217041
38.959312438964844
22.140233993530273
28.670318603515625
32.155364990234375
21.60442352294922
19.339885711669922
20.723365783691406
23.835533142089844
39.439353942871094
11.212186813354492
42.05322265625
27.58638572692871
21.867334365844727
12.938145637512207
14.34004020690918
37.55220031738281
19.300233840942383
26.207866668701172
24.034841537475586
17.573177337646484
28.81718635559082
14.500394821166992
20.940706253051758
22.286170959472656
11.9331636428833
15.624979972839355
37.479190826416016
22.522926330566406
25.616130828857422
23.40343475341797
46.857643127441406
23.366193771362305
24.61714744567871
25.11244773864746
17.823638916015625
37.236289978027344
17.304006576538086
12.041417121887207
21.358579635620117
25.666032791137695
26.36745262145996
39.571083068847656
29.759674072265625
22.980932235717773
25.4251651763916
24.498367309570312
21.82477569580078
8.678709030151367
34.101837158203125
20.37835693359375
24.5283260345459
11.277828216552734
33.15662384033203
23.211891174316406
19.382699966430664
19.035602569580078
13.160319328308105
21.659395217895508
12.191964149475098
16.05174446105957
14.611068725585938
16.892147064208984
25.900192260742188
27.389995574951172
12.680257797241211
19.573017120361328
18.458438873291016
14.445390701293945
8.996635437011719
11.409709930419922
30.293893814086914
37.73625183105469
19.777807235717773
17.13623809814453
8.446667671203613
27.952322006225586
26.697254180908203
27.980167388916016
38.208168029785156
29.696348190307617
24.43256187438965
38.436248779296875
26.789594650268555
30.57601547241211
10.41935920715332
12.839876174926758
12.807476043701172
22.13958168029785
21.755090713500977
38.95120620727539
21.430461883544922
25.45475959777832
17.54370880126953
11.513922691345215
21.305326461791992
19.077899932861328
19.244518280029297
37.18601989746094
29.113296508789062
34.15275573730469
18.19646453857422
8.073415756225586
18.491674423217773
24.669506072998047
14.362918853759766
39.181697845458984
34.116363525390625
16.730937957763672
27.921524047851562
16.509178161621094
39.849910736083984
8.20718002319336
12.573870658874512
37.095035552978516
26.113420486450195
16.853515625
23.51814079284668
30.546968460083008
21.954875946044922
14.378561019897461
16.896549224853516
21.505130767822266
24.39569664001465
27.447071075439453
27.690996170043945
12.671875953674316
27.976890563964844
41.160682678222656
19.000829696655273
14.50434684753418
9.258561134338379
6.271180629730225
16.169973373413086
33.28250503540039
21.504467010498047
10.175990104675293
16.701984405517578
26.88795280456543
14.24150562286377
31.134353637695312
39.754234313964844
26.009191513061523
18.61590003967285
38.287567138671875
32.15306854248047
10.099932670593262
14.721673011779785
21.333776473999023
34.09512710571289
7.034451007843018
20.788585662841797
25.761192321777344
23.050901412963867
29.58686637878418
23.962108612060547
18.526342391967773
28.682458877563477
14.422189712524414
22.658594131469727
27.34758186340332
28.841468811035156
20.06492042541504
39.598236083984375
18.00421142578125
28.617216110229492
16.216876983642578
15.522675514221191
14.474703788757324
48.13863754272461
12.393937110900879
6.931606292724609
26.379167556762695
12.76463794708252
27.959184646606445
20.820531845092773
17.31523895263672
16.144927978515625
29.82135581970215
17.263774871826172
34.75841522216797
23.044946670532227
20.832351684570312
17.929977416992188
27.28382110595703
23.60626983642578
4.316914081573486
17.495389938354492
18.619722366333008
17.4522647857666
36.81125259399414
20.902835845947266
13.351041793823242
5.450202941894531
20.08530044555664
20.022510528564453
42.318336486816406
38.04410934448242
4.544180870056152
4.065444469451904
29.432809829711914
26.148576736450195
11.248885154724121
50.5623893737793
24.31127166748047
31.450551986694336
23.71344757080078
11.282049179077148
25.031450271606445
31.273317337036133
29.295095443725586
19.992483139038086
21.637575149536133
14.740277290344238
23.501171112060547
30.390146255493164
32.0883674621582
41.65126037597656
22.42732810974121
30.079736709594727
20.803394317626953
24.827842712402344
27.26881217956543
24.792253494262695
21.507694244384766
16.47123146057129
31.208358764648438
31.17926025390625
23.90578269958496
43.579002380371094
23.6346492767334
27.146154403686523
9.685879707336426
21.79438018798828
21.865442276000977
24.01846694946289
20.62969207763672
33.86076354980469
8.138279914855957
28.56580352783203
21.598377227783203
27.2987003326416
30.458192825317383
25.159944534301758
31.434669494628906
36.06611633300781
13.580513000488281
27.069442749023438
7.736023902893066
19.450149536132812
18.90485382080078
7.965214729309082
34.685699462890625
20.47847557067871
21.423269271850586
14.661752700805664
18.66070556640625
17.213403701782227
25.576091766357422
17.799327850341797
16.76788330078125
24.20684051513672
20.280366897583008
25.64769172668457
31.92582893371582
18.642635345458984
6.25969123840332
19.174814224243164
11.214231491088867
4.457743167877197
16.037031173706055
29.15201187133789
9.789572715759277
9.86300277709961
8.166463851928711
34.327518463134766
30.958728790283203
5.606480121612549
5.498134613037109
9.0011568069458
32.536251068115234
48.911834716796875
21.83551788330078
19.095962524414062
17.1556396484375
44.626888275146484
6.8956618309021
27.15645980834961
19.900205612182617
24.668794631958008
28.31999397277832
19.42750358581543
25.97225570678711
26.346010208129883
16.78346061706543
6.91429328918457
8.624755859375
22.422653198242188
12.973891258239746
32.11701965332031
14.305488586425781
19.91880989074707
16.826807022094727
27.777734756469727
19.33732032775879
32.68300247192383
18.34903907775879
7.885789394378662
8.01258659362793
28.19528579711914
14.606706619262695
33.19517135620117
22.523897171020508
34.86039733886719
18.885053634643555
24.569570541381836
30.7722110748291
25.09951400756836
19.68404197692871
10.346924781799316
45.37868881225586
43.92219543457031
35.8543815612793
13.230387687683105
6.626241683959961
30.137826919555664
10.235856056213379
21.456912994384766
14.077204704284668
26.01966667175293
26.055278778076172
22.697046279907227
24.649276733398438
25.784561157226562
2.5458736419677734
