14.212411880493164
21.577390670776367
7.973801136016846
30.962602615356445
16.99242401123047
14.893077850341797
20.08867073059082
17.42238426208496
32.161746978759766
7.662038803100586
23.489620208740234
15.109675407409668
9.482170104980469
9.53685188293457
16.816329956054688
28.82608413696289
15.60239028930664
10.103567123413086
16.913055419921875
23.268169403076172
5.386000156402588
28.649232864379883
17.779598236083984
13.191514015197754
19.181171417236328
28.796916961669922
9.761804580688477
8.316774368286133
4.997087478637695
11.971067428588867
27.22623634338379
15.919708251953125
10.472921371459961
18.8981876373291
15.68134880065918
10.662188529968262
26.044981002807617
11.57332992553711
18.229684829711914
8.95141887664795
14.85973834991455
21.718107223510742
6.424813747406006
27.972623825073242
21.030120849609375
15.81477165222168
20.398229598999023
14.133329391479492
13.301742553710938
23.442529678344727
17.710948944091797
28.480918884277344
11.941205978393555
9.22934341430664
9.470725059509277
12.650679588317871
21.786182403564453
21.03923988342285
19.138919830322266
27.937973022460938
13.030072212219238
14.666544914245605
16.687883377075195
11.156383514404297
15.782623291015625
9.544724464416504
6.355745315551758
5.538267135620117
15.000001907348633
12.744377136230469
5.750212669372559
11.288631439208984
10.558499336242676
18.952598571777344
18.21031379699707
18.780906677246094
22.52141571044922
13.043464660644531
13.061185836791992
16.64860725402832
14.79309368133545
8.90408706665039
9.916647911071777
8.859435081481934
9.66622543334961
26.144197463989258
3.3698043823242188
9.725482940673828
29.631389617919922
25.389541625976562
23.145233154296875
9.330169677734375
16.44894790649414
16.898225784301758
13.499619483947754
8.490189552307129
10.552884101867676
9.743753433227539
16.515647888183594
6.435111045837402
10.106595993041992
7.998459815979004
15.389348030090332
21.44083023071289
12.760311126708984
12.308979988098145
8.003689765930176
8.693726539611816
39.829681396484375
19.77939796447754
24.96286964416504
24.633665084838867
20.995046615600586
22.53131103515625
13.113718032836914
21.844106674194336
26.247678756713867
28.09185791015625
27.947093963623047
15.445205688476562
17.27121925354004
13.723073959350586
22.07478141784668
9.14152717590332
9.66447925567627
3.0960330963134766
20.405996322631836
3.364358425140381
20.567142486572266
5.623065948486328
22.109275817871094
14.180675506591797
18.033294677734375
16.243465423583984
10.135780334472656
26.4287052154541
20.542095184326172
21.650785446166992
32.015445709228516
13.681760787963867
26.749635696411133
16.761459350585938
19.53363037109375
13.744620323181152
24.175493240356445
17.240310668945312
20.601964950561523
15.767127990722656
17.14566421508789
43.53785705566406
8.261186599731445
24.036529541015625
27.150230407714844
14.875268936157227
19.091371536254883
18.358932495117188
10.26373291015625
10.782211303710938
24.498376846313477
23.198219299316406
9.505983352661133
16.943050384521484
14.924123764038086
6.063403129577637
16.121227264404297
24.148279190063477
11.290706634521484
18.078327178955078
12.41321086883545
17.996488571166992
17.288143157958984
14.956062316894531
12.462787628173828
10.248655319213867
20.222564697265625
15.15530776977539
4.2855610847473145
15.879964828491211
39.25788116455078
13.298096656799316
15.794129371643066
17.504222869873047
1.1967096328735352
6.752952575683594
14.14476490020752
10.942427635192871
15.435154914855957
11.590145111083984
12.66152572631836
9.413159370422363
21.21501922607422
10.620946884155273
21.726959228515625
11.821322441101074
8.27936840057373
13.602771759033203
17.03058433532715
10.203208923339844
28.088497161865234
11.79229736328125
8.872802734375
26.682039260864258
15.678505897521973
30.212284088134766
24.459104537963867
11.923210144042969
10.037321090698242
12.83425521850586
11.593148231506348
13.868738174438477
11.919950485229492
7.922057628631592
8.609641075134277
13.320717811584473
17.545814514160156
22.77764129638672
6.763797283172607
4.227579116821289
12.462286949157715
5.932454586029053
13.851838111877441
16.91285514831543
2.2232508659362793
5.25151252746582
13.665127754211426
8.048209190368652
13.744987487792969
13.705219268798828
23.2658748626709
22.420377731323242
16.89377784729004
41.254669189453125
12.959324836730957
31.50425910949707
7.554073333740234
17.606170654296875
15.305560111999512
10.764670372009277
16.50235366821289
7.617287635803223
15.231431007385254
10.990976333618164
21.274335861206055
24.979711532592773
17.704971313476562
21.979154586791992
22.78737449645996
17.25125503540039
8.921972274780273
14.856136322021484
17.289609909057617
5.402427673339844
34.40666198730469
12.593832015991211
20.721752166748047
9.974865913391113
17.796125411987305
31.342906951904297
14.568201065063477
5.763885498046875
3.926673173904419
7.784029960632324
16.161285400390625
7.595809459686279
10.872259140014648
20.84695816040039
17.142942428588867
6.337360382080078
11.803030014038086
4.462314605712891
7.394014358520508
13.154460906982422
21.829256057739258
25.746408462524414
5.560538291931152
27.013704299926758
19.747730255126953
16.008886337280273
22.424652099609375
10.842041015625
30.73638916015625
15.990798950195312
5.155096530914307
9.75811767578125
17.19945526123047
29.270841598510742
9.665329933166504
14.878289222717285
16.05764389038086
16.69954490661621
18.47459602355957
6.810878753662109
16.978206634521484
5.58821964263916
22.702608108520508
8.660514831542969
22.74248695373535
23.539979934692383
18.608577728271484
20.294279098510742
8.240729331970215
19.41303253173828
9.1746826171875
19.466590881347656
28.065292358398438
8.92270565032959
13.249224662780762
15.891546249389648
40.26415252685547
15.882169723510742
14.236763000488281
0.9958328008651733
11.339557647705078
19.72306251525879
14.04330825805664
12.737228393554688
19.32686996459961
22.412904739379883
15.039349555969238
16.13241195678711
21.472347259521484
13.700653076171875
19.459733963012695
18.84737777709961
6.166477203369141
15.869285583496094
24.331579208374023
4.409128189086914
15.543312072753906
20.903839111328125
8.277151107788086
24.67962646484375
11.825151443481445
20.214365005493164
10.694068908691406
17.5705509185791
27.04598045349121
14.153468132019043
11.25159740447998
24.59485626220703
13.1566801071167
13.236756324768066
16.772502899169922
18.128341674804688
12.010720252990723
11.558688163757324
13.277398109436035
27.266576766967773
15.2219877243042
20.383935928344727
17.252628326416016
13.44189739227295
14.773221015930176
25.927446365356445
2.8253977298736572
16.863800048828125
13.050256729125977
22.21268653869629
28.649520874023438
12.42477035522461
22.27747917175293
24.494327545166016
9.127976417541504
9.428888320922852
8.296523094177246
7.164389133453369
10.989655494689941
25.081787109375
14.317276954650879
19.503803253173828
9.015938758850098
24.694259643554688
9.648344039916992
4.82072639465332
11.56683349609375
10.400557518005371
21.428396224975586
14.020102500915527
10.714189529418945
11.181564331054688
21.28581428527832
21.52593421936035
9.20911693572998
2.871746063232422
19.309066772460938
6.889768600463867
33.211971282958984
18.740215301513672
18.85554313659668
16.675243377685547
9.155048370361328
11.829345703125
13.145652770996094
13.217823028564453
12.476588249206543
20.122068405151367
6.41338586807251
12.610796928405762
21.073015213012695
13.128867149353027
9.001851081848145
15.811310768127441
3.525606632232666
16.928436279296875
15.972827911376953
19.15719223022461
13.196150779724121
9.322529792785645
13.661107063293457
8.967594146728516
13.17363166809082
15.765974044799805
16.759946823120117
18.81327247619629
24.132356643676758
26.407554626464844
25.27109718322754
7.304171085357666
9.271191596984863
28.874691009521484
19.942092895507812
16.686420440673828
19.955093383789062
32.86274337768555
23.811437606811523
6.98386287689209
11.596413612365723
11.584495544433594
9.345519065856934
14.053755760192871
17.20798683166504
22.33010482788086
19.243305206298828
11.981071472167969
6.1937947273254395
16.6669864654541
9.193544387817383
7.347566604614258
14.515084266662598
17.54325294494629
4.822759628295898
31.80429458618164
22.083051681518555
13.420746803283691
18.39333724975586
19.283283233642578
19.77279281616211
24.280521392822266
13.49360466003418
21.703413009643555
21.272708892822266
9.685518264770508
4.34985876083374
12.347647666931152
15.140750885009766
7.443641185760498
25.896215438842773
15.26413631439209
7.542017459869385
10.23805046081543
15.247653007507324
9.28147029876709
10.58314037322998
15.156608581542969
23.938079833984375
6.329008102416992
3.0282633304595947
11.1204252243042
14.428879737854004
21.9451904296875
16.803800582885742
21.08158302307129
9.857069969177246
23.2983455657959
1.2636818885803223
9.857720375061035
11.873045921325684
8.507110595703125
14.184870719909668
14.998147010803223
25.232431411743164
23.873516082763672
13.013113021850586
36.65646743774414
13.8903169631958
23.877338409423828
8.823966026306152
17.70218849182129
13.97849178314209
32.395843505859375
15.78829288482666
10.845341682434082
16.941123962402344
7.699678897857666
9.923294067382812
7.2427520751953125
38.8468132019043
29.50255584716797
2.692404270172119
13.10560131072998
16.13144874572754
11.342318534851074
23.500640869140625
17.966205596923828
14.555096626281738
22.738922119140625
7.2293829917907715
23.75418472290039
29.375356674194336
12.518817901611328
20.93555450439453
10.59750747680664
15.501300811767578
17.941755294799805
19.4912166595459
16.665077209472656
21.283571243286133
4.043351650238037
30.10674476623535
12.426152229309082
6.253056526184082
13.174479484558105
9.880436897277832
18.455081939697266
11.143829345703125
12.137744903564453
26.01734733581543
24.7634334564209
12.107592582702637
20.213436126708984
12.808850288391113
28.369007110595703
13.865168571472168
15.370651245117188
11.511287689208984
6.899556636810303
18.74251937866211
15.143896102905273
8.7496337890625
10.491765975952148
11.086408615112305
28.548776626586914
13.681921005249023
10.430983543395996
6.334434509277344
13.381290435791016
6.522958755493164
18.668476104736328
4.2938737869262695
14.514957427978516
6.607196807861328
15.116488456726074
11.580832481384277
25.952831268310547
9.435609817504883
3.1394705772399902
19.25169563293457
15.91482925415039
7.853072166442871
8.062923431396484
10.72485065460205
21.37868881225586
13.742035865783691
19.62091827392578
13.040412902832031
21.585399627685547
23.694604873657227
23.23743438720703
7.3192138671875
20.411476135253906
9.097017288208008
4.140016555786133
7.14296817779541
14.42838191986084
16.57380485534668
23.108989715576172
16.452381134033203
9.2342529296875
22.325551986694336
56.61454772949219
15.44898509979248
1.8111306428909302
22.30681800842285
14.976123809814453
26.599035263061523
10.914167404174805
9.317462921142578
15.10445499420166
6.664432048797607
18.896812438964844
13.606550216674805
16.006206512451172
13.518945693969727
8.537981986999512
11.544339179992676
14.412520408630371
36.80038070678711
11.06637954711914
8.306869506835938
16.0726375579834
16.41552734375
14.251256942749023
16.32477569580078
11.667649269104004
6.589951038360596
23.122753143310547
3.1841893196105957
11.979706764221191
18.483110427856445
22.066648483276367
5.182242393493652
7.41856050491333
13.896175384521484
20.605663299560547
13.23019790649414
6.553783416748047
13.16740894317627
11.931235313415527
10.15287971496582
16.688129425048828
20.556745529174805
12.345742225646973
27.827571868896484
11.734369277954102
15.705979347229004
33.02070236206055
28.981006622314453
14.994513511657715
21.665571212768555
19.828214645385742
6.445845127105713
16.471202850341797
6.667121410369873
14.075578689575195
20.720483779907227
10.260896682739258
13.878643035888672
21.955995559692383
22.068805694580078
22.762601852416992
13.051409721374512
15.580427169799805
36.081233978271484
21.59540557861328
10.634258270263672
21.913299560546875
21.94548225402832
10.504798889160156
5.585350036621094
20.748456954956055
13.519200325012207
23.13832664489746
22.55984878540039
25.92413330078125
14.98225212097168
21.331275939941406
16.643844604492188
9.442422866821289
27.50004005432129
26.048036575317383
21.967634201049805
11.306058883666992
33.3514404296875
4.311347007751465
13.979094505310059
12.034148216247559
19.264419555664062
12.94167423248291
16.188039779663086
15.508713722229004
9.337096214294434
19.689992904663086
15.150531768798828
17.371801376342773
17.361835479736328
24.928585052490234
17.6709041595459
8.087362289428711
11.864978790283203
15.512981414794922
8.050052642822266
12.335371017456055
5.485720634460449
21.220415115356445
15.605649948120117
32.64365005493164
27.842445373535156
5.219244956970215
25.422882080078125
10.07154369354248
21.39679718017578
3.1279525756835938
21.83513069152832
12.541606903076172
22.188697814941406
24.051074981689453
7.170177459716797
22.882217407226562
20.28519630432129
11.846758842468262
11.592065811157227
19.05849838256836
14.580558776855469
17.386762619018555
19.68257713317871
12.160415649414062
15.718448638916016
13.269171714782715
26.607627868652344
28.750417709350586
15.013357162475586
25.677364349365234
11.257871627807617
42.90161895751953
10.786506652832031
17.169082641601562
15.189727783203125
10.240297317504883
8.567179679870605
10.173154830932617
38.25154113769531
16.84552764892578
6.60859489440918
18.256423950195312
22.271024703979492
13.33774471282959
29.764049530029297
5.863009452819824
25.451675415039062
19.60696029663086
15.4547119140625
34.53458786010742
3.9320578575134277
9.281167030334473
24.105045318603516
14.231742858886719
23.894006729125977
16.985305786132812
14.085308074951172
10.202247619628906
19.591333389282227
12.35830020904541
13.874074935913086
8.777524948120117
5.816244125366211
8.114242553710938
10.26999568939209
16.560789108276367
10.996210098266602
7.025112152099609
16.558330535888672
15.135522842407227
23.945419311523438
11.153412818908691
14.007204055786133
30.16714859008789
15.363337516784668
16.851585388183594
18.96292495727539
13.737152099609375
16.530563354492188
9.251723289489746
18.699161529541016
19.505237579345703
21.988704681396484
4.707423686981201
7.663407325744629
16.201053619384766
23.383304595947266
32.500396728515625
11.960052490234375
15.18781566619873
10.235925674438477
3.479285717010498
9.667140007019043
18.805177688598633
16.356901168823242
15.491230964660645
13.394318580627441
21.57094383239746
24.120115280151367
8.617619514465332
15.209586143493652
8.640888214111328
19.213764190673828
8.742856979370117
28.39690589904785
13.416146278381348
13.596885681152344
16.071134567260742
24.48889923095703
24.641895294189453
13.634746551513672
19.698144912719727
19.28490447998047
21.341562271118164
10.893486976623535
21.009273529052734
7.671841144561768
28.82310676574707
14.352249145507812
4.902756690979004
18.22425651550293
16.617036819458008
26.25035858154297
34.25455093383789
20.176502227783203
16.78666114807129
19.515663146972656
4.018447399139404
8.853056907653809
20.737760543823242
13.954951286315918
13.902429580688477
12.096147537231445
24.206754684448242
16.0889892578125
21.253780364990234
10.711321830749512
17.312822341918945
29.666584014892578
17.374858856201172
37.07860565185547
34.21089553833008
12.924181938171387
15.686446189880371
12.135709762573242
27.36224937438965
24.43166160583496
19.41106414794922
12.070793151855469
30.166288375854492
18.47770881652832
13.202707290649414
18.198163986206055
18.195878982543945
31.081026077270508
18.524118423461914
6.868999481201172
8.66869068145752
4.1416521072387695
13.37133502960205
5.788186550140381
32.60091018676758
11.873302459716797
14.821945190429688
16.94551658630371
15.190178871154785
17.16630744934082
7.4648542404174805
6.740107536315918
9.692765235900879
21.516475677490234
14.530725479125977
17.997005462646484
24.189571380615234
10.765684127807617
8.011885643005371
11.597671508789062
16.436973571777344
15.916622161865234
12.744293212890625
18.951414108276367
23.5339412689209
14.403246879577637
13.96553897857666
13.492971420288086
19.805932998657227
9.47258186340332
17.379432678222656
21.314376831054688
14.323030471801758
16.223451614379883
9.124988555908203
16.238317489624023
7.17850399017334
15.170930862426758
14.411765098571777
12.601282119750977
17.394006729125977
7.624890327453613
13.61059856414795
25.33211326599121
16.464111328125
45.501487731933594
28.878337860107422
8.967126846313477
26.171627044677734
10.145520210266113
12.47358226776123
20.225032806396484
27.359272003173828
16.36980628967285
10.575925827026367
15.415157318115234
30.90471839904785
3.462430000305176
14.754667282104492
18.758615493774414
15.737565040588379
24.354995727539062
5.8103718757629395
15.001270294189453
20.337495803833008
28.354032516479492
4.640322208404541
9.884459495544434
18.985280990600586
12.518909454345703
19.40226936340332
21.008989334106445
5.954355716705322
10.03386402130127
4.749276638031006
24.28814125061035
11.129302978515625
22.289634704589844
13.096020698547363
6.0897603034973145
23.467365264892578
27.73866081237793
34.10289001464844
18.240127563476562
9.862127304077148
19.06707191467285
11.071087837219238
24.967872619628906
21.128618240356445
24.967302322387695
19.491817474365234
11.717273712158203
9.38206958770752
10.71433162689209
13.341348648071289
20.614612579345703
15.15903091430664
10.324807167053223
13.459982872009277
18.960140228271484
4.7440290451049805
24.948028564453125
19.560895919799805
9.73057746887207
8.194375991821289
26.07796859741211
26.552257537841797
12.038189888000488
21.651845932006836
10.060787200927734
34.87307357788086
14.145294189453125
21.955707550048828
16.89147186279297
22.792072296142578
15.941859245300293
21.50710105895996
12.750505447387695
24.66831398010254
19.00094223022461
10.376358032226562
33.99394989013672
30.699235916137695
15.672441482543945
7.358502388000488
17.51883888244629
17.746599197387695
6.521338939666748
9.386401176452637
17.86563491821289
18.343915939331055
16.900789260864258
8.040895462036133
12.774922370910645
7.844107627868652
22.3267822265625
8.524083137512207
8.336709976196289
4.305259704589844
9.406867980957031
11.423197746276855
11.39302921295166
4.398285388946533
13.864812850952148
22.004493713378906
16.020915985107422
11.033668518066406
7.148894309997559
13.369635581970215
3.853525400161743
11.852691650390625
6.600127696990967
11.805181503295898
35.299339294433594
29.704896926879883
10.986076354980469
14.811115264892578
24.62977409362793
29.345157623291016
17.076711654663086
20.59858512878418
14.312689781188965
25.813982009887695
29.75804901123047
14.682167053222656
15.382319450378418
17.67276382446289
8.895780563354492
14.170455932617188
19.551162719726562
7.428102970123291
28.40798568725586
19.827054977416992
10.378342628479004
28.776260375976562
13.647573471069336
12.585641860961914
23.500818252563477
4.112750053405762
22.819978713989258
11.498041152954102
18.831378936767578
17.439067840576172
22.07964324951172
6.262960910797119
23.48695182800293
23.288597106933594
33.321807861328125
6.171326637268066
14.242429733276367
12.73095703125
6.972681045532227
23.75511932373047
23.982622146606445
40.855770111083984
17.686906814575195
3.8250865936279297
14.17868423461914
18.55839729309082
19.69459342956543
14.561213493347168
13.363659858703613
31.880599975585938
12.982358932495117
6.8337931632995605
27.232234954833984
22.134057998657227
15.140217781066895
15.714996337890625
24.499130249023438
6.407480716705322
29.588899612426758
5.958769798278809
16.227550506591797
15.971902847290039
16.427135467529297
7.333741188049316
13.565677642822266
5.447761535644531
27.15361213684082
17.011938095092773
17.014230728149414
15.828109741210938
23.01253890991211
25.88440704345703
14.828834533691406
11.20681381225586
19.526031494140625
13.472928047180176
14.006980895996094
20.823871612548828
9.455070495605469
34.286685943603516
21.436311721801758
14.883553504943848
24.110095977783203
13.114883422851562
21.471416473388672
34.71590042114258
10.796917915344238
22.791200637817383
16.37156105041504
9.10176944732666
4.60975980758667
24.278596878051758
17.863821029663086
14.180124282836914
9.76720142364502
34.392417907714844
24.38835906982422
8.181507110595703
18.13184356689453
6.079066753387451
18.16606903076172
14.384154319763184
21.724546432495117
21.368427276611328
3.0811851024627686
23.532167434692383
24.645315170288086
14.018388748168945
18.62537956237793
15.795695304870605
11.578723907470703
26.871408462524414
20.34183692932129
24.512561798095703
19.38410758972168
9.879562377929688
9.298602104187012
15.376165390014648
7.199377536773682
21.21187973022461
15.887428283691406
15.822538375854492
18.74730110168457
36.36946487426758
4.311508655548096
18.295257568359375
10.629692077636719
7.257913589477539
27.559532165527344
12.341700553894043
14.798174858093262
8.52251148223877
21.556795120239258
7.324721336364746
14.279684066772461
13.925042152404785
10.61816692352295
46.50167465209961
3.754739999771118
22.428194046020508
18.693246841430664
13.488606452941895
12.947662353515625
16.153480529785156
25.642187118530273
16.155467987060547
20.815288543701172
15.690703392028809
29.96649742126465
35.045204162597656
24.317819595336914
9.575685501098633
12.721699714660645
18.13568115234375
4.202816963195801
0.6570310592651367
22.742753982543945
12.903528213500977
14.61131477355957
20.589019775390625
11.320189476013184
10.975796699523926
21.193756103515625
13.246272087097168
26.84415054321289
18.902862548828125
10.095808029174805
25.57419776916504
10.967768669128418
25.417856216430664
25.11308479309082
10.12818717956543
11.794438362121582
10.85934829711914
7.96846866607666
12.863913536071777
13.996888160705566
11.976593971252441
8.180768966674805
18.046005249023438
13.491012573242188
8.731744766235352
25.197622299194336
7.97748327255249
10.48067569732666
11.15160083770752
16.064430236816406
24.33454132080078
20.218549728393555
9.09146499633789
24.388072967529297
16.888042449951172
3.463742256164551
17.744211196899414
11.704557418823242
22.466068267822266
29.4952335357666
16.57733917236328
21.426639556884766
15.128040313720703
33.040130615234375
13.074884414672852
11.35342788696289
18.787933349609375
15.602624893188477
13.022043228149414
16.254127502441406
3.8266239166259766
16.064653396606445
20.031282424926758
9.195321083068848
22.03592872619629
4.637008190155029
23.464839935302734
19.009126663208008
12.402827262878418
6.7000885009765625
17.56110191345215
8.051214218139648
10.99657917022705
10.469139099121094
3.0278377532958984
16.820850372314453
17.244678497314453
22.939226150512695
14.117890357971191
24.126604080200195
10.351919174194336
9.731698989868164
8.931814193725586
14.106258392333984
15.404706001281738
9.770344734191895
24.637754440307617
26.801250457763672
26.885597229003906
22.1268367767334
31.00395393371582
25.000642776489258
40.628448486328125
17.775815963745117
12.57349681854248
3.848076820373535
7.571213722229004
9.203510284423828
10.334440231323242
27.774791717529297
3.766427993774414
21.495555877685547
3.0074639320373535
16.396509170532227
6.190010070800781
17.499841690063477
5.969423770904541
13.232665061950684
10.823637962341309
34.02410125732422
18.10769271850586
13.694968223571777
16.23296546936035
6.227910041809082
6.979443550109863
18.23102569580078
18.518312454223633
22.931306838989258
9.538541793823242
29.66374969482422
14.89091682434082
13.963376998901367
5.844050407409668
21.812829971313477
18.602479934692383
18.831819534301758
9.955039978027344
2.415384292602539
12.190149307250977
18.297481536865234
16.43943214416504
34.489501953125
11.846536636352539
8.875714302062988
13.079119682312012
23.261808395385742
12.839599609375
12.237707138061523
10.980758666992188
28.87007713317871
15.327966690063477
13.81833267211914
10.940816879272461
18.759469985961914
15.765817642211914
1.5131287574768066
16.198265075683594
16.713130950927734
21.10493278503418
20.85053825378418
28.414066314697266
25.31951141357422
15.361247062683105
1.7051763534545898
16.248027801513672
12.66602897644043
9.938994407653809
16.040496826171875
20.375164031982422
14.987573623657227
24.077314376831055
17.434383392333984
14.450700759887695
21.588682174682617
16.032115936279297
21.14015769958496
21.6057186126709
21.742164611816406
6.089542388916016
11.857032775878906
22.981948852539062
19.364421844482422
15.461291313171387
21.92872428894043
11.760381698608398
26.960968017578125
4.879177570343018
35.26211929321289
12.512785911560059
11.713276863098145
29.415645599365234
11.117215156555176
25.457542419433594
16.326107025146484
8.5833101272583
25.645885467529297
16.013164520263672
9.423783302307129
15.416849136352539
24.488994598388672
16.487035751342773
27.542259216308594
18.37247085571289
13.87232780456543
12.356741905212402
34.861549377441406
9.015792846679688
14.21778678894043
26.921764373779297
20.373790740966797
15.464250564575195
14.150578498840332
22.184438705444336
14.756695747375488
23.16313362121582
25.403118133544922
19.09305191040039
32.015018463134766
32.8521614074707
19.38754653930664
28.71722984313965
6.044244289398193
16.307775497436523
23.833831787109375
35.04186248779297
12.941636085510254
17.673696517944336
16.0606632232666
17.14398956298828
18.251760482788086
10.209683418273926
14.366943359375
25.6508846282959
9.993611335754395
23.07017707824707
21.138656616210938
17.930267333984375
8.625039100646973
16.763532638549805
8.226819038391113
3.5874252319335938
23.701988220214844
4.601829528808594
24.77596664428711
10.241622924804688
29.91048240661621
15.077127456665039
17.211545944213867
21.780948638916016
23.592666625976562
21.62371063232422
4.2797980308532715
19.88795280456543
19.258804321289062
24.335294723510742
18.51018524169922
12.911310195922852
9.176193237304688
18.09874725341797
18.972900390625
15.39597225189209
26.57923126220703
8.597267150878906
11.223176956176758
9.58388614654541
24.57459831237793
15.115798950195312
8.58513355255127
17.641571044921875
22.390827178955078
20.113380432128906
9.022920608520508
16.12989044189453
4.8677287101745605
25.046188354492188
19.71367835998535
13.709522247314453
20.49631118774414
28.22479820251465
12.341438293457031
23.08711814880371
23.773679733276367
20.41758155822754
22.927453994750977
27.468656539916992
22.92555046081543
19.613128662109375
20.265499114990234
9.205446243286133
16.431228637695312
6.852619647979736
15.525663375854492
28.730234146118164
23.308080673217773
10.587298393249512
10.43372917175293
20.25397491455078
7.327349662780762
26.131914138793945
41.23353958129883
24.573266983032227
18.811857223510742
23.974273681640625
11.377986907958984
30.345233917236328
20.357694625854492
18.510156631469727
20.34156036376953
13.541970252990723
16.79161834716797
12.310487747192383
9.834566116333008
14.415899276733398
13.515063285827637
12.876599311828613
15.23886775970459
27.255584716796875
42.266456604003906
28.81449317932129
10.987357139587402
23.281383514404297
17.315275192260742
8.854717254638672
6.637604713439941
6.777951240539551
18.355459213256836
14.754141807556152
12.428901672363281
23.634828567504883
14.104272842407227
24.879587173461914
22.538576126098633
19.988773345947266
23.812536239624023
15.721720695495605
19.617530822753906
16.210952758789062
7.409970760345459
11.700422286987305
13.194806098937988
20.710845947265625
18.87727928161621
27.897750854492188
7.339671611785889
16.053627014160156
8.541825294494629
16.74930763244629
27.247861862182617
11.667702674865723
22.959753036499023
14.109090805053711
23.874237060546875
24.682876586914062
17.3841552734375
10.021032333374023
32.23468017578125
19.657699584960938
6.102241039276123
21.893980026245117
7.654681205749512
18.777273178100586
15.003873825073242
21.33344268798828
20.483192443847656
19.53321075439453
14.255105018615723
22.30034065246582
22.48196792602539
17.95209312438965
21.797836303710938
25.44649887084961
18.409217834472656
20.68701934814453
12.686013221740723
11.30506706237793
17.895612716674805
31.89046859741211
24.660799026489258
5.487315654754639
14.438150405883789
10.965028762817383
8.004019737243652
12.76068115234375
8.86052417755127
14.818689346313477
20.27432632446289
13.195751190185547
11.647960662841797
13.368474006652832
12.616023063659668
19.034391403198242
9.56137752532959
8.62847900390625
14.289339065551758
9.729382514953613
13.21822738647461
16.92314910888672
11.408634185791016
16.429065704345703
11.76378345489502
7.577820301055908
14.313687324523926
4.501187324523926
26.790874481201172
4.9031782150268555
24.408937454223633
15.257936477661133
21.038408279418945
17.2055606842041
18.663209915161133
9.97481632232666
33.647987365722656
25.64653968811035
32.15800857543945
14.159646987915039
16.972448348999023
20.117115020751953
19.334856033325195
19.459720611572266
11.284510612487793
16.286930084228516
13.12222671508789
26.959735870361328
27.231447219848633
12.242697715759277
4.150031089782715
15.04475212097168
25.818998336791992
10.177360534667969
23.23291015625
13.52356243133545
10.238536834716797
5.357532024383545
5.71058464050293
12.764151573181152
16.010549545288086
14.398162841796875
13.609052658081055
9.978071212768555
12.846546173095703
28.710054397583008
28.839887619018555
14.691433906555176
15.045544624328613
8.065994262695312
6.20215368270874
6.640198707580566
21.296899795532227
10.134339332580566
15.788390159606934
29.00868797302246
19.44536590576172
31.493011474609375
21.925254821777344
22.530899047851562
14.983887672424316
16.051347732543945
19.5852108001709
11.604622840881348
13.544600486755371
7.139310836791992
23.268417358398438
17.52700424194336
8.0077486038208
7.460028648376465
11.900967597961426
13.354536056518555
16.199750900268555
16.10634994506836
15.908255577087402
10.208102226257324
15.771130561828613
11.155843734741211
18.3702449798584
18.312965393066406
7.380097389221191
13.85603141784668
19.44754981994629
19.434022903442383
4.287356376647949
10.091418266296387
16.618417739868164
21.18860626220703
8.719120979309082
29.639068603515625
15.991202354431152
13.088102340698242
19.887813568115234
23.35596466064453
29.530426025390625
8.651888847351074
10.602869033813477
28.63949203491211
24.997520446777344
8.482697486877441
19.87557029724121
19.426198959350586
19.326791763305664
2.403282403945923
11.98807430267334
15.471431732177734
14.292215347290039
7.117609024047852
16.32781219482422
13.585064888000488
9.731736183166504
1.7819180488586426
27.075496673583984
27.814666748046875
10.167043685913086
8.76628303527832
12.614947319030762
8.307295799255371
27.88071060180664
17.198259353637695
15.568488121032715
11.21783447265625
9.182755470275879
31.61000633239746
12.584399223327637
15.177169799804688
11.22558307647705
2.750732183456421
30.134273529052734
22.630481719970703
17.66799545288086
3.0253844261169434
38.216705322265625
20.10474967956543
12.298480987548828
2.5601236820220947
17.22019386291504
14.822205543518066
23.1512451171875
15.00210952758789
21.79973602294922
16.46706771850586
31.61737823486328
16.485700607299805
23.714672088623047
14.032835006713867
18.512575149536133
13.293434143066406
20.118688583374023
11.569581985473633
6.797025680541992
18.689233779907227
14.885422706604004
6.309054374694824
12.94863510131836
7.877617835998535
23.407421112060547
29.637310028076172
15.257837295532227
23.16029930114746
25.924409866333008
8.69200611114502
10.128662109375
11.347808837890625
19.32534408569336
9.599871635437012
29.580080032348633
1.9388861656188965
16.428436279296875
17.844623565673828
6.89867639541626
24.801828384399414
10.951583862304688
18.431472778320312
5.907956123352051
28.47728729248047
31.38654136657715
12.278759002685547
18.08926010131836
37.475345611572266
27.979686737060547
20.546180725097656
7.97766637802124
19.80850601196289
7.390645503997803
25.902578353881836
25.671695709228516
18.430870056152344
26.650617599487305
5.377816200256348
18.221065521240234
19.770671844482422
19.41655731201172
11.036538124084473
17.467485427856445
10.432672500610352
21.286901473999023
9.071916580200195
37.25010681152344
11.34846305847168
14.738465309143066
14.737552642822266
37.26956558227539
6.060656547546387
13.44704818725586
22.04006004333496
15.293230056762695
31.355684280395508
11.185328483581543
17.881006240844727
16.699228286743164
13.068434715270996
8.278265953063965
20.65105628967285
14.6474027633667
23.911930084228516
14.547816276550293
22.634765625
16.17760467529297
11.212102890014648
8.29906177520752
15.65048885345459
4.99666166305542
4.311309337615967
13.226968765258789
22.777984619140625
9.117952346801758
17.442148208618164
14.516806602478027
30.116559982299805
7.756401538848877
13.486550331115723
11.421232223510742
21.061359405517578
9.030449867248535
12.686952590942383
16.722909927368164
14.278364181518555
45.3631706237793
22.502256393432617
14.427970886230469
17.821985244750977
14.211644172668457
7.651885032653809
16.753366470336914
28.080808639526367
3.755039691925049
21.914993286132812
18.249515533447266
18.944072723388672
17.971424102783203
17.92279624938965
20.764310836791992
21.093891143798828
24.199310302734375
9.318222045898438
18.472061157226562
19.921920776367188
14.09996223449707
14.665897369384766
12.222599029541016
19.099212646484375
22.83108901977539
18.172866821289062
18.017730712890625
19.138694763183594
18.932811737060547
26.067062377929688
18.73961067199707
26.57102394104004
8.48994255065918
8.974384307861328
14.840476989746094
9.659587860107422
11.593950271606445
7.653715133666992
17.116870880126953
4.717655658721924
9.02565860748291
6.85862922668457
9.820439338684082
9.36060905456543
11.217894554138184
16.860942840576172
12.975594520568848
17.487834930419922
20.036348342895508
22.532394409179688
20.92823600769043
8.79147720336914
20.017229080200195
13.575819969177246
8.817791938781738
12.717748641967773
12.97549057006836
22.999099731445312
13.248274803161621
23.0563907623291
16.688331604003906
10.804669380187988
7.44185209274292
31.005630493164062
13.65293025970459
21.130373001098633
14.196081161499023
13.264652252197266
27.19416618347168
18.45439910888672
5.221986770629883
2.203176975250244
17.97890853881836
14.758285522460938
7.038290977478027
20.238765716552734
13.81480598449707
8.853856086730957
8.937080383300781
13.753191947937012
10.331109046936035
21.27498435974121
20.87359046936035
26.462270736694336
32.49025344848633
27.843740463256836
13.234145164489746
24.95862579345703
11.247952461242676
14.164440155029297
35.341373443603516
5.702467918395996
16.09417724609375
14.472168922424316
1.8575688600540161
8.546308517456055
7.532093524932861
10.451672554016113
30.44307518005371
12.0206880569458
19.952882766723633
20.712474822998047
18.87468910217285
26.0433292388916
16.881126403808594
28.892000198364258
10.609809875488281
13.797369956970215
9.044325828552246
18.167219161987305
8.675634384155273
4.483641147613525
2.5521817207336426
17.83104133605957
26.1597957611084
6.797318458557129
11.054182052612305
32.17709732055664
22.316326141357422
18.290788650512695
25.34417724609375
12.528667449951172
29.106679916381836
29.29402732849121
7.042494297027588
16.364253997802734
15.113656044006348
8.299886703491211
8.129281044006348
14.202046394348145
9.687812805175781
15.681744575500488
31.042856216430664
5.941240310668945
7.4119439125061035
20.194229125976562
25.37027359008789
19.911745071411133
10.994441032409668
24.08139419555664
16.24098014831543
14.038989067077637
21.2534236907959
21.66969871520996
19.747657775878906
13.202842712402344
11.014902114868164
32.4151725769043
5.546043395996094
19.20328140258789
9.840871810913086
13.318306922912598
32.57378387451172
31.31920623779297
5.999470233917236
10.380364418029785
33.34910202026367
6.288473606109619
13.277713775634766
15.109617233276367
15.783555030822754
15.068658828735352
7.853714942932129
21.821239471435547
8.2190523147583
16.707101821899414
13.838887214660645
6.615062236785889
10.067095756530762
18.552038192749023
23.98992919921875
10.804869651794434
6.973434925079346
5.0497283935546875
9.840944290161133
23.066364288330078
5.845829010009766
23.4731502532959
35.168453216552734
13.489175796508789
19.040529251098633
22.384008407592773
7.095983982086182
15.345745086669922
11.505136489868164
10.70441722869873
9.673480987548828
32.756778717041016
7.453056812286377
13.714536666870117
31.03325080871582
12.640889167785645
11.441289901733398
5.534803867340088
19.927001953125
16.205211639404297
21.014751434326172
10.651751518249512
16.640865325927734
11.649576187133789
11.572001457214355
5.93309211730957
12.19845199584961
24.38263511657715
4.631349563598633
14.023786544799805
21.71908187866211
20.780353546142578
15.524148941040039
12.288108825683594
4.351912021636963
12.470858573913574
15.781316757202148
29.79318618774414
4.428447723388672
31.483844757080078
15.185303688049316
14.317586898803711
6.032521724700928
25.039777755737305
19.754474639892578
26.886465072631836
14.803008079528809
8.412172317504883
22.68552589416504
20.067859649658203
20.8986759185791
22.090410232543945
9.114763259887695
11.657569885253906
15.98206615447998
17.092599868774414
13.462496757507324
13.67326545715332
22.594430923461914
16.369443893432617
8.853171348571777
8.546966552734375
26.560314178466797
7.495059967041016
28.405540466308594
15.838828086853027
22.72103500366211
24.555898666381836
12.4951753616333
14.211071968078613
9.174513816833496
11.623539924621582
16.219318389892578
16.532793045043945
8.595054626464844
19.749248504638672
8.234967231750488
8.512746810913086
18.704811096191406
8.538873672485352
19.684814453125
15.613719940185547
19.338485717773438
24.114145278930664
17.937166213989258
21.8265380859375
8.598520278930664
17.17998695373535
24.316082000732422
10.973297119140625
11.519944190979004
9.77635383605957
11.257294654846191
28.845827102661133
24.295774459838867
8.54641056060791
12.990808486938477
23.9658260345459
11.064094543457031
23.939464569091797
18.973373413085938
19.29079818725586
12.701951026916504
23.941041946411133
12.225753784179688
20.319581985473633
11.511261940002441
18.891206741333008
30.56306266784668
17.334444046020508
4.821505546569824
16.23927879333496
3.528397560119629
9.637062072753906
27.000391006469727
32.57893753051758
10.850645065307617
23.160463333129883
18.755149841308594
8.680523872375488
19.269712448120117
15.713202476501465
8.548910140991211
19.628314971923828
27.095596313476562
10.777047157287598
21.416767120361328
8.039185523986816
18.425701141357422
17.368236541748047
17.939062118530273
8.382485389709473
12.3057222366333
22.80051040649414
12.59360408782959
15.815709114074707
16.26528549194336
2.6579437255859375
19.354228973388672
15.946683883666992
6.675110816955566
19.948827743530273
15.983748435974121
35.57506561279297
22.85529899597168
5.923139572143555
14.777301788330078
5.407732963562012
31.48221778869629
36.81608581542969
26.75687599182129
11.1100492477417
12.416830062866211
6.24714994430542
11.872085571289062
21.410316467285156
14.423762321472168
18.179445266723633
21.680150985717773
16.97075653076172
5.957683563232422
32.10785675048828
24.049108505249023
21.263151168823242
18.37247085571289
27.233367919921875
20.383790969848633
21.17064094543457
18.454435348510742
17.790538787841797
25.880403518676758
24.183032989501953
10.918818473815918
10.030689239501953
26.031116485595703
8.0120267868042
21.885873794555664
10.935501098632812
13.452301025390625
27.987743377685547
18.095911026000977
25.783796310424805
7.76113224029541
11.269598007202148
20.34882926940918
5.361361026763916
25.872304916381836
7.736720561981201
18.555618286132812
18.0351505279541
18.49901580810547
17.918113708496094
26.537940979003906
22.761451721191406
23.349754333496094
4.491277694702148
9.486791610717773
7.653780937194824
11.694936752319336
24.47817039489746
11.437141418457031
2.2175183296203613
16.52934455871582
11.134644508361816
2.6539297103881836
13.688042640686035
17.601240158081055
18.83053207397461
15.177188873291016
12.607608795166016
8.400182723999023
8.317148208618164
23.73077392578125
30.146799087524414
29.183425903320312
12.498268127441406
8.160663604736328
19.917097091674805
6.440805912017822
24.378034591674805
20.01595115661621
27.349905014038086
17.860708236694336
6.648549556732178
19.147899627685547
17.450939178466797
14.328336715698242
6.910367965698242
18.16149139404297
28.573945999145508
30.746692657470703
16.184829711914062
27.030954360961914
33.1146354675293
16.304216384887695
24.94668960571289
15.490090370178223
18.777114868164062
16.562484741210938
16.22105598449707
9.228187561035156
33.88707733154297
14.830907821655273
5.198212146759033
16.279687881469727
12.035714149475098
19.185813903808594
18.42744255065918
6.857690334320068
26.17913055419922
34.3084716796875
15.034934043884277
16.512182235717773
29.256771087646484
16.74106216430664
4.775142192840576
8.772444725036621
19.492403030395508
13.068254470825195
19.539064407348633
11.194846153259277
16.59090232849121
7.340130805969238
12.890424728393555
18.5238037109375
26.211257934570312
13.928277969360352
7.5926923751831055
5.949753761291504
15.861639022827148
16.947853088378906
15.874582290649414
18.218690872192383
13.62502384185791
39.3681755065918
11.77045726776123
13.040767669677734
6.957333564758301
20.415433883666992
20.63031005859375
32.526649475097656
25.35144805908203
10.246013641357422
6.987947940826416
17.60542869567871
28.072113037109375
37.40760040283203
17.38629913330078
12.002826690673828
20.38809585571289
24.275667190551758
17.933334350585938
11.661986351013184
23.261816024780273
6.932138442993164
14.059476852416992
16.424095153808594
7.711648941040039
24.26658821105957
9.228254318237305
19.05549430847168
32.99973678588867
23.84054946899414
14.814106941223145
15.049736022949219
20.929767608642578
18.422027587890625
13.853676795959473
16.601848602294922
17.125484466552734
15.172033309936523
32.85495376586914
22.26390266418457
28.032360076904297
10.956109046936035
9.544805526733398
18.92845344543457
16.98004150390625
37.50193786621094
21.457015991210938
19.086376190185547
17.160253524780273
12.781135559082031
25.032135009765625
13.63516616821289
11.35204792022705
11.489938735961914
14.973162651062012
4.701628684997559
7.4060258865356445
27.12129020690918
18.684646606445312
6.3665852546691895
19.719772338867188
14.980367660522461
20.82647132873535
8.734715461730957
22.086923599243164
10.740330696105957
17.835866928100586
8.024468421936035
30.892436981201172
13.809937477111816
29.64625358581543
9.894720077514648
18.19236183166504
13.52316665649414
15.018470764160156
7.281071186065674
34.1617546081543
18.202173233032227
21.089706420898438
34.41018295288086
6.280428886413574
23.411176681518555
8.666400909423828
11.053129196166992
18.748876571655273
20.073226928710938
21.075843811035156
15.875750541687012
13.920127868652344
12.247971534729004
33.586395263671875
8.401287078857422
29.68214988708496
12.168903350830078
22.23494529724121
14.197519302368164
31.562475204467773
15.520609855651855
14.382853507995605
8.071767807006836
19.544357299804688
7.346818923950195
30.11960792541504
26.1860294342041
7.656816005706787
6.723753929138184
5.666508674621582
18.30845832824707
24.469533920288086
10.828081130981445
16.410083770751953
21.710840225219727
17.898462295532227
25.339885711669922
7.120099067687988
18.638986587524414
15.794501304626465
10.255483627319336
17.24158477783203
19.97490882873535
32.349700927734375
9.114558219909668
13.621484756469727
17.546175003051758
7.912457466125488
6.359708786010742
26.375097274780273
14.259092330932617
3.5877578258514404
21.90150260925293
13.897160530090332
13.645565032958984
20.256336212158203
22.209592819213867
17.910999298095703
22.905776977539062
5.159610748291016
13.698384284973145
17.886898040771484
7.499398708343506
17.925825119018555
21.998987197875977
16.447429656982422
9.586884498596191
17.868593215942383
29.76788902282715
36.82408905029297
24.938159942626953
16.60982322692871
10.941635131835938
17.521331787109375
25.06796646118164
11.041725158691406
24.17910385131836
7.842311382293701
34.58063507080078
17.84412956237793
19.637134552001953
24.999286651611328
10.085922241210938
16.172019958496094
18.194162368774414
23.094467163085938
17.85645294189453
4.742589473724365
26.94789695739746
12.583051681518555
4.726778507232666
14.705288887023926
21.546119689941406
21.183570861816406
12.824886322021484
20.54816436767578
29.689058303833008
17.228273391723633
14.083395957946777
14.100217819213867
17.853839874267578
16.582618713378906
12.177252769470215
22.3702392578125
16.720014572143555
4.108625411987305
13.768831253051758
11.977900505065918
16.385887145996094
22.633319854736328
25.16459083557129
18.436504364013672
4.671182155609131
17.443632125854492
9.552104949951172
21.352209091186523
17.068906784057617
17.10211753845215
14.68239974975586
13.830907821655273
15.593779563903809
12.802949905395508
6.378790855407715
15.461609840393066
15.897526741027832
16.056732177734375
6.518500804901123
10.544927597045898
6.574978828430176
11.855883598327637
22.346769332885742
13.862865447998047
17.500890731811523
10.026607513427734
16.80556297302246
28.8848934173584
16.454160690307617
8.909112930297852
11.5291109085083
15.597862243652344
8.40554141998291
10.673186302185059
10.847145080566406
16.596975326538086
28.050201416015625
20.317977905273438
17.572717666625977
11.73277473449707
11.301630020141602
31.729511260986328
18.511075973510742
8.6646089553833
8.52648639678955
13.977456092834473
17.99472427368164
3.5531938076019287
15.616795539855957
13.820401191711426
20.210350036621094
3.869870901107788
7.933678150177002
7.286311149597168
17.93488311767578
14.026155471801758
14.220831871032715
42.27594757080078
20.801971435546875
10.796357154846191
13.4243803024292
21.56151580810547
28.901153564453125
39.67449188232422
36.79483413696289
17.625295639038086
10.539544105529785
11.061365127563477
11.464948654174805
24.130962371826172
28.03655433654785
29.36100959777832
6.303979396820068
35.36183547973633
11.596663475036621
24.80278968811035
8.746068954467773
16.825468063354492
19.643173217773438
19.047775268554688
12.197980880737305
18.516124725341797
15.058377265930176
9.907425880432129
12.06049633026123
9.324819564819336
24.341901779174805
7.778845310211182
7.979390621185303
14.61181354522705
10.00339412689209
14.43421459197998
6.800466060638428
12.816402435302734
10.21847915649414
13.115732192993164
24.172048568725586
14.00812816619873
10.7927827835083
17.87968635559082
36.97395706176758
28.464859008789062
29.03226661682129
27.932710647583008
18.03168487548828
8.179235458374023
16.792675018310547
22.81966781616211
9.730664253234863
26.23468589782715
13.771342277526855
12.186771392822266
7.8176188468933105
18.327089309692383
18.811975479125977
21.508132934570312
30.309680938720703
11.316332817077637
8.41341781616211
38.86229705810547
15.129608154296875
30.339508056640625
29.761938095092773
33.57939910888672
13.354331970214844
19.561901092529297
20.61680793762207
27.10814666748047
20.492473602294922
28.376245498657227
16.73853874206543
15.808349609375
13.102105140686035
6.395153045654297
25.5548095703125
13.994632720947266
16.315914154052734
4.927903175354004
7.173091411590576
16.913833618164062
22.192794799804688
17.659231185913086
14.300864219665527
7.789003372192383
6.221162796020508
15.761212348937988
22.88875389099121
14.783876419067383
9.103898048400879
9.259098052978516
8.565404891967773
28.604001998901367
11.48962688446045
8.979251861572266
9.048908233642578
20.45610809326172
23.1588077545166
12.998699188232422
21.665924072265625
9.88974380493164
17.45807456970215
5.216157913208008
5.015744686126709
1.5420339107513428
7.402541160583496
20.09741973876953
20.861469268798828
12.269006729125977
14.04465389251709
6.06630802154541
19.786752700805664
15.460820198059082
15.332294464111328
21.376901626586914
14.685371398925781
10.056405067443848
9.287251472473145
5.9049072265625
13.897464752197266
18.415742874145508
14.246676445007324
16.342605590820312
26.37143898010254
22.88081169128418
5.027392864227295
28.48023223876953
9.935084342956543
25.903770446777344
15.373579025268555
20.01706886291504
15.54819107055664
12.871129035949707
20.76645851135254
20.22960090637207
10.871967315673828
26.559022903442383
23.855924606323242
12.034749031066895
14.824405670166016
16.912517547607422
13.91978645324707
16.372343063354492
16.58680534362793
26.15160369873047
16.402578353881836
19.913789749145508
10.930401802062988
16.166948318481445
9.794144630432129
15.969062805175781
5.158897399902344
7.4207940101623535
10.571019172668457
18.38424301147461
9.226676940917969
11.925321578979492
11.13087272644043
18.053804397583008
30.04344367980957
18.24191665649414
16.472299575805664
21.2310791015625
26.481794357299805
25.53852081298828
11.964437484741211
19.680370330810547
15.521360397338867
5.240931510925293
12.465560913085938
20.328914642333984
15.075279235839844
13.929821968078613
7.659740924835205
15.473323822021484
10.489413261413574
14.101941108703613
17.268434524536133
16.817302703857422
16.987571716308594
17.964284896850586
9.725638389587402
23.085878372192383
12.943102836608887
15.14835262298584
22.83004379272461
4.3327765464782715
17.128225326538086
21.3430118560791
13.984137535095215
16.77296257019043
23.431171417236328
21.25354766845703
18.184724807739258
10.792620658874512
10.631479263305664
20.805463790893555
38.29985427856445
17.727609634399414
6.6478071212768555
11.193815231323242
23.483226776123047
10.647265434265137
7.981264591217041
26.92235565185547
8.16161823272705
28.87420082092285
10.490564346313477
18.914793014526367
20.393632888793945
19.826997756958008
7.439708232879639
13.121456146240234
12.089068412780762
6.808105945587158
25.716184616088867
15.804264068603516
12.063653945922852
18.128868103027344
17.351415634155273
16.35126304626465
2.9064085483551025
43.07442855834961
23.422372817993164
4.372796535491943
14.98519515991211
6.350123882293701
20.193729400634766
21.22627830505371
24.13020896911621
13.32724666595459
24.069255828857422
25.171125411987305
13.022823333740234
24.640743255615234
7.17501163482666
24.683320999145508
10.379186630249023
12.296599388122559
14.33971118927002
11.442715644836426
16.21450424194336
6.354583263397217
16.58449363708496
30.58475112915039
4.350661754608154
20.826499938964844
18.137691497802734
12.957915306091309
27.181806564331055
12.309507369995117
17.408220291137695
21.11814308166504
5.312287330627441
12.405417442321777
4.820870876312256
28.89382553100586
10.600584030151367
22.62293815612793
7.93829345703125
24.696969985961914
24.23916244506836
19.80983543395996
22.025177001953125
10.263909339904785
19.658349990844727
7.078963756561279
9.106060981750488
18.27458953857422
5.413664817810059
14.150425910949707
7.9747233390808105
22.6710205078125
7.7524495124816895
14.816198348999023
12.334978103637695
18.738628387451172
3.206610679626465
25.056522369384766
9.503209114074707
8.052706718444824
12.441995620727539
22.997350692749023
11.621642112731934
22.21128273010254
11.038019180297852
10.898343086242676
31.793302536010742
22.353322982788086
14.993947982788086
11.59981918334961
8.322341918945312
23.633869171142578
28.895360946655273
11.720314025878906
25.808713912963867
15.671472549438477
34.59415054321289
16.474925994873047
13.635513305664062
21.382793426513672
26.102783203125
6.320509910583496
7.611749172210693
13.159915924072266
17.36916160583496
15.38605785369873
21.237213134765625
7.282802581787109
20.985048294067383
18.353994369506836
11.203527450561523
17.479644775390625
9.598398208618164
21.17869758605957
25.753061294555664
22.249584197998047
13.26899242401123
13.857852935791016
13.628645896911621
20.905231475830078
7.686582565307617
20.018918991088867
3.9410805702209473
16.175050735473633
25.296852111816406
15.63956356048584
16.05030632019043
11.570231437683105
25.878170013427734
19.361093521118164
11.52670669555664
22.26358985900879
17.760068893432617
17.434030532836914
20.790136337280273
5.263339996337891
29.22627830505371
9.362016677856445
15.183449745178223
9.850471496582031
22.94830322265625
5.593292713165283
18.546154022216797
11.020852088928223
10.191226959228516
21.898502349853516
4.830745220184326
16.558242797851562
23.23841094970703
19.167802810668945
16.89141082763672
32.002506256103516
16.787839889526367
24.819570541381836
17.050806045532227
10.965168952941895
3.858262538909912
33.83810806274414
11.293984413146973
9.015054702758789
37.55015182495117
13.73569107055664
19.487842559814453
19.68212890625
21.313493728637695
15.022387504577637
20.374731063842773
12.521095275878906
29.76131248474121
9.825603485107422
13.424074172973633
9.800460815429688
10.449588775634766
13.61833381652832
21.80860137939453
23.120389938354492
11.246828079223633
9.346966743469238
24.50823402404785
27.845317840576172
32.64366912841797
2.601463794708252
12.09701919555664
13.133011817932129
14.217561721801758
15.326931953430176
29.484521865844727
17.034238815307617
14.622099876403809
23.362709045410156
10.988248825073242
37.068817138671875
13.391059875488281
22.932682037353516
10.26424503326416
32.65620422363281
13.889944076538086
3.649944305419922
18.25185775756836
19.88761329650879
25.28412437438965
7.068819999694824
10.345462799072266
12.68562126159668
3.845677137374878
13.31645393371582
15.600614547729492
28.522972106933594
13.488776206970215
11.506669998168945
9.070582389831543
18.924232482910156
10.816987991333008
8.630233764648438
16.038999557495117
22.248828887939453
28.266128540039062
24.039236068725586
21.006732940673828
28.539352416992188
19.338346481323242
26.664554595947266
17.857458114624023
8.53136920928955
12.924542427062988
11.387297630310059
15.486581802368164
4.280749797821045
3.4516420364379883
20.34161376953125
18.04939079284668
10.428482055664062
30.708154678344727
12.871851921081543
32.588470458984375
10.45543384552002
24.24925422668457
23.77089500427246
4.300065994262695
20.756935119628906
7.949673175811768
13.743415832519531
11.709762573242188
