22.78089141845703
16.60439682006836
8.990257263183594
19.084293365478516
16.46137237548828
11.222784996032715
28.72230339050293
27.852537155151367
23.3908748626709
19.951553344726562
30.53373146057129
38.978694915771484
9.241949081420898
18.525217056274414
31.10140037536621
25.594505310058594
35.5682487487793
24.365140914916992
13.804534912109375
5.921034812927246
27.340335845947266
26.918575286865234
29.123870849609375
9.106976509094238
31.137012481689453
16.097410202026367
15.557104110717773
14.790935516357422
15.238082885742188
6.56400728225708
32.0316162109375
36.9731559753418
19.002378463745117
45.15765380859375
24.4747371673584
13.727165222167969
23.290451049804688
23.900978088378906
23.455907821655273
31.553295135498047
14.961276054382324
11.282426834106445
23.354928970336914
18.51889419555664
27.220157623291016
20.731304168701172
25.678028106689453
14.934988975524902
45.68053436279297
17.318593978881836
12.315982818603516
11.028407096862793
27.568504333496094
42.12772750854492
29.034547805786133
23.521644592285156
33.765968322753906
39.410343170166016
29.478185653686523
30.992345809936523
39.1268424987793
28.085811614990234
22.335474014282227
45.21833038330078
21.81336784362793
8.91576862335205
26.960803985595703
31.463407516479492
28.01770782470703
35.86453628540039
18.693449020385742
21.090076446533203
22.524734497070312
29.664527893066406
11.233952522277832
15.611830711364746
30.68645477294922
27.976472854614258
37.23066711425781
40.15724563598633
27.791513442993164
23.34958267211914
22.2522029876709
28.195730209350586
29.97520637512207
20.25775146484375
21.062089920043945
19.876001358032227
8.1826753616333
22.387739181518555
25.09048843383789
30.826126098632812
24.267669677734375
23.180891036987305
44.72919464111328
22.521987915039062
21.502777099609375
6.214583396911621
45.9245719909668
12.979925155639648
29.161439895629883
17.80942726135254
27.34724998474121
25.217029571533203
13.965654373168945
41.26828384399414
45.95534133911133
11.42436408996582
12.942428588867188
6.89667272567749
32.254852294921875
32.60567855834961
29.9332218170166
52.68270492553711
9.02768325805664
17.99457359313965
20.623600006103516
34.43163299560547
19.816530227661133
22.556560516357422
21.2002010345459
25.111774444580078
20.290447235107422
25.904136657714844
42.74368667602539
16.095792770385742
20.168066024780273
28.524566650390625
24.320825576782227
20.987106323242188
10.824963569641113
25.753257751464844
35.0948486328125
32.901947021484375
14.575813293457031
66.10639953613281
32.35570526123047
29.1693172454834
21.048107147216797
38.549888610839844
20.676618576049805
7.666304588317871
20.375282287597656
32.00935745239258
19.61249351501465
13.310212135314941
21.926681518554688
25.677162170410156
19.240413665771484
9.380716323852539
25.723583221435547
28.628177642822266
9.629277229309082
21.71533966064453
28.358673095703125
18.081012725830078
16.972911834716797
22.259347915649414
42.65000915527344
21.140478134155273
45.683349609375
30.080930709838867
22.6611328125
32.752193450927734
12.806478500366211
35.68358612060547
9.114465713500977
14.578400611877441
21.981260299682617
33.17720031738281
22.592235565185547
22.230714797973633
11.587183952331543
14.401457786560059
20.35045051574707
25.164493560791016
11.163373947143555
22.111312866210938
38.80677795410156
22.505313873291016
40.32318878173828
21.33359718322754
31.529441833496094
16.525707244873047
26.79827117919922
26.383256912231445
15.206607818603516
37.545265197753906
10.529869079589844
35.94435119628906
36.84099197387695
7.700777053833008
19.094934463500977
31.77884864807129
15.85903549194336
29.98585319519043
14.621931076049805
46.153926849365234
31.5888671875
24.27894401550293
11.279812812805176
20.379159927368164
27.4002685546875
6.090487003326416
19.399410247802734
14.183932304382324
11.18851375579834
26.922378540039062
18.108951568603516
32.154029846191406
18.828388214111328
19.115711212158203
13.761064529418945
39.29279708862305
12.181333541870117
22.481639862060547
32.126747131347656
20.669172286987305
34.16771697998047
18.98823356628418
17.813127517700195
22.3675479888916
21.272062301635742
7.184024810791016
26.478609085083008
29.48596954345703
28.92293357849121
41.357200622558594
11.009840965270996
27.522308349609375
12.869710922241211
34.79747009277344
34.213890075683594
15.897357940673828
15.081124305725098
11.983564376831055
18.310882568359375
17.350122451782227
8.05311107635498
13.32728385925293
33.6390266418457
16.740386962890625
28.73241424560547
30.029603958129883
19.97511100769043
5.079604625701904
18.6483211517334
16.65764808654785
13.804527282714844
31.271007537841797
23.685144424438477
18.450679779052734
24.84626007080078
33.01420974731445
45.159305572509766
28.056913375854492
27.798063278198242
18.21283721923828
25.617464065551758
24.428285598754883
39.95146560668945
6.642920017242432
30.984220504760742
25.779998779296875
35.02708053588867
29.40508270263672
11.39506721496582
13.864669799804688
15.519882202148438
24.42707061767578
25.14377212524414
28.81546401977539
16.541475296020508
33.35254669189453
5.604823589324951
38.73666000366211
20.09136390686035
35.780303955078125
32.149715423583984
38.159339904785156
19.66050910949707
1.9563062191009521
26.43073844909668
13.068848609924316
30.29505157470703
22.586626052856445
25.999767303466797
38.7792854309082
9.64354133605957
23.13047981262207
10.737546920776367
31.067279815673828
10.286725044250488
31.249515533447266
20.099523544311523
12.216903686523438
33.7908821105957
16.13778305053711
13.22919750213623
36.12544631958008
39.57994842529297
32.911895751953125
35.56501007080078
37.358551025390625
39.16158676147461
25.7355899810791
38.305946350097656
33.3873405456543
27.000965118408203
18.032529830932617
23.409738540649414
37.803428649902344
38.11259460449219
21.4787654876709
32.229427337646484
11.06228256225586
21.41333770751953
26.605224609375
21.332962036132812
16.00096893310547
18.405736923217773
12.576689720153809
35.654144287109375
27.475257873535156
19.983104705810547
32.49567413330078
27.674028396606445
21.131898880004883
30.854381561279297
48.015560150146484
31.706438064575195
27.076021194458008
27.092700958251953
42.64601135253906
44.490596771240234
8.929230690002441
20.175453186035156
38.76267623901367
22.166473388671875
24.499757766723633
40.62612533569336
15.602155685424805
21.90647315979004
35.140750885009766
21.793628692626953
22.425817489624023
33.52898406982422
15.260189056396484
22.910371780395508
22.0352840423584
28.61029052734375
25.096282958984375
26.775846481323242
26.255340576171875
14.70063304901123
20.99477767944336
26.333881378173828
40.42702102661133
23.374372482299805
21.57293128967285
36.192413330078125
7.259950160980225
20.494768142700195
12.29107666015625
34.28547286987305
10.995356559753418
22.620107650756836
24.988521575927734
15.169365882873535
35.04563903808594
35.097171783447266
46.495155334472656
12.43641471862793
12.999361038208008
19.18914222717285
36.17021179199219
6.340126037597656
14.121256828308105
24.979732513427734
14.930041313171387
29.45826530456543
29.235742568969727
27.514678955078125
40.43381881713867
36.7884521484375
14.564384460449219
33.40935516357422
34.074710845947266
15.518919944763184
33.8205451965332
17.842906951904297
20.45032501220703
34.22517395019531
46.624637603759766
8.342674255371094
23.942121505737305
22.121171951293945
34.07048034667969
20.921096801757812
25.594005584716797
24.917757034301758
25.4809627532959
10.904836654663086
46.3856086730957
16.790239334106445
24.52630615234375
25.112586975097656
23.782363891601562
9.980914115905762
52.03382110595703
7.688906669616699
19.18582534790039
17.984987258911133
25.447755813598633
17.5189151763916
14.89855670928955
20.571237564086914
21.761444091796875
25.1607608795166
21.789508819580078
33.360191345214844
18.77215003967285
16.707138061523438
11.069477081298828
25.488027572631836
26.932880401611328
9.78154468536377
40.10506820678711
23.751094818115234
9.838007926940918
32.29970932006836
26.25772476196289
25.76434898376465
45.67942810058594
32.09014892578125
19.109676361083984
25.812021255493164
31.27678108215332
30.6471004486084
40.341163635253906
25.3242244720459
42.01526641845703
20.71472930908203
27.9669189453125
33.748207092285156
30.72681427001953
34.7270622253418
21.393253326416016
19.968093872070312
33.357181549072266
24.018102645874023
14.057608604431152
13.026206016540527
14.891376495361328
27.683391571044922
23.086088180541992
37.631553649902344
13.427510261535645
19.31330680847168
15.670482635498047
41.8065299987793
25.977832794189453
22.77206039428711
27.326906204223633
31.272188186645508
11.933639526367188
38.29495620727539
20.423696517944336
31.343284606933594
35.15609359741211
16.29852867126465
20.829608917236328
24.938766479492188
32.407936096191406
17.64017105102539
52.09996795654297
2.0355443954467773
21.825958251953125
32.644229888916016
45.30186080932617
53.97956085205078
35.10362243652344
16.590106964111328
26.99338150024414
22.77384376525879
37.990631103515625
30.28746223449707
15.221837043762207
7.862727165222168
30.687381744384766
39.7622184753418
9.939209938049316
24.050634384155273
19.4278621673584
19.57454490661621
23.010208129882812
18.538204193115234
25.75282096862793
28.220718383789062
17.286640167236328
29.95688247680664
31.77376365661621
14.920495986938477
29.895191192626953
11.90820026397705
12.214882850646973
18.030447006225586
20.847061157226562
27.721132278442383
54.67756271362305
25.740978240966797
40.5710334777832
20.133163452148438
13.535422325134277
13.552783966064453
17.298145294189453
23.950672149658203
8.717148780822754
17.207416534423828
34.56002426147461
25.827762603759766
28.940649032592773
16.100622177124023
41.44720458984375
26.217554092407227
13.037604331970215
14.07234001159668
26.86565589904785
20.50063705444336
35.38426971435547
28.981828689575195
1.9834822416305542
35.94041061401367
33.31599426269531
21.494749069213867
26.08809471130371
30.467693328857422
26.770803451538086
14.46419620513916
26.448467254638672
27.22065544128418
9.983734130859375
37.72969436645508
18.25803565979004
40.64922332763672
19.751220703125
18.657764434814453
13.718254089355469
35.95070266723633
42.67878341674805
30.4426326751709
23.730613708496094
36.57769775390625
18.92244529724121
21.163990020751953
36.62197494506836
32.606143951416016
26.565217971801758
28.156667709350586
30.18391990661621
18.28356170654297
35.67277908325195
27.758644104003906
14.670013427734375
33.88357925415039
33.97694396972656
27.917247772216797
15.336540222167969
9.767215728759766
14.5064697265625
32.05337142944336
30.546062469482422
26.23931121826172
49.71636962890625
29.65342903137207
24.518354415893555
24.87216567993164
23.51409339904785
15.859882354736328
16.75537872314453
26.860698699951172
27.501253128051758
22.55279541015625
46.54292678833008
27.300329208374023
26.780067443847656
21.85207176208496
26.678083419799805
23.50670623779297
32.72991180419922
35.969085693359375
26.64402961730957
14.312620162963867
19.4942684173584
14.078015327453613
18.73292350769043
9.619550704956055
25.145402908325195
30.916595458984375
22.85015106201172
12.399693489074707
23.360546112060547
31.114578247070312
11.54536247253418
25.95500373840332
3.442411422729492
27.624370574951172
33.99763870239258
23.85806655883789
12.376773834228516
31.800432205200195
39.84994125366211
38.0729866027832
35.84910202026367
30.804882049560547
41.656490325927734
21.82427978515625
14.252389907836914
21.071178436279297
25.789426803588867
31.59591293334961
30.154155731201172
18.26372528076172
25.677581787109375
28.728120803833008
24.2835636138916
17.77592658996582
29.14319610595703
48.1218376159668
28.690105438232422
42.14524841308594
29.263561248779297
8.82219123840332
7.662258148193359
22.08970832824707
33.129695892333984
18.435720443725586
4.923914909362793
23.092622756958008
22.866464614868164
13.279497146606445
31.19607162475586
7.351661682128906
23.88444709777832
38.87763595581055
27.29039192199707
8.010322570800781
21.442710876464844
29.517478942871094
16.895471572875977
17.790674209594727
19.828441619873047
47.134727478027344
29.156253814697266
34.60834503173828
19.73849868774414
12.452875137329102
32.50602340698242
36.4808349609375
22.853872299194336
17.57499122619629
17.248022079467773
24.315881729125977
25.46505355834961
22.020387649536133
22.777116775512695
14.118197441101074
25.53395652770996
8.773308753967285
21.013427734375
27.130090713500977
21.60529899597168
19.535259246826172
12.20555305480957
28.91273307800293
29.095537185668945
18.931386947631836
23.152151107788086
16.87977409362793
55.848209381103516
14.04375171661377
32.74695587158203
18.4548397064209
26.36343002319336
25.217540740966797
36.33510971069336
41.782318115234375
26.396812438964844
13.721365928649902
30.73126220703125
16.235002517700195
20.496564865112305
17.512680053710938
17.40336036682129
15.54443359375
14.955277442932129
23.079816818237305
26.675691604614258
49.68613052368164
16.0952091217041
26.77255630493164
14.022430419921875
22.767333984375
40.61845397949219
28.346561431884766
12.920934677124023
25.219768524169922
61.701377868652344
15.878077507019043
20.631637573242188
18.660137176513672
41.97575759887695
21.144880294799805
32.057044982910156
26.642963409423828
42.50264358520508
31.99688720703125
42.24199676513672
38.24794006347656
38.36295700073242
29.49877166748047
24.208526611328125
26.339088439941406
18.196256637573242
36.09839630126953
15.037138938903809
4.096137046813965
25.828445434570312
35.593143463134766
21.45178985595703
47.44235610961914
11.068924903869629
18.202016830444336
15.530919075012207
23.538753509521484
14.316177368164062
31.351797103881836
26.079099655151367
35.292232513427734
21.251190185546875
17.64316177368164
28.187545776367188
30.75404930114746
27.958045959472656
9.7379789352417
61.05466842651367
17.660364151000977
41.052555084228516
16.82073402404785
18.235736846923828
32.57878875732422
8.707304000854492
16.709678649902344
10.209754943847656
21.236270904541016
29.238054275512695
21.14509391784668
34.26900863647461
11.39622688293457
25.494165420532227
19.445955276489258
48.149993896484375
18.8492431640625
21.728120803833008
13.421159744262695
21.976654052734375
19.610191345214844
16.753602981567383
24.393545150756836
17.68474006652832
36.777767181396484
28.6435604095459
21.202529907226562
6.406900405883789
26.596582412719727
33.301414489746094
32.81794738769531
35.26934051513672
38.198246002197266
19.364187240600586
16.664304733276367
32.74728012084961
36.849609375
27.826494216918945
26.280864715576172
26.068571090698242
16.835973739624023
23.66133689880371
27.16681480407715
25.858686447143555
17.78995132446289
14.03669261932373
19.241878509521484
25.479219436645508
15.682385444641113
10.33338451385498
25.828304290771484
30.399906158447266
24.44943618774414
46.4745979309082
22.188358306884766
16.56019401550293
21.075183868408203
24.769981384277344
28.075206756591797
35.47736740112305
31.492462158203125
8.907087326049805
18.0531005859375
17.635601043701172
21.88084602355957
21.843772888183594
42.007225036621094
20.038532257080078
33.085357666015625
39.68006896972656
36.82710647583008
24.835779190063477
30.803380966186523
27.59296989440918
4.119955539703369
24.353525161743164
32.80561828613281
23.068958282470703
25.931398391723633
12.748645782470703
28.79788589477539
23.538185119628906
38.0546875
40.74583053588867
29.401100158691406
41.121620178222656
32.58488082885742
25.32486343383789
35.34983825683594
5.496067047119141
24.6690616607666
26.12809181213379
10.382696151733398
26.634138107299805
18.47330093383789
33.77370071411133
40.648521423339844
17.09647560119629
34.88071823120117
27.134014129638672
48.90582275390625
31.121623992919922
49.414119720458984
41.525360107421875
17.07166862487793
32.1320686340332
29.928743362426758
20.11185073852539
32.62165832519531
42.66282272338867
11.799416542053223
32.383331298828125
36.39091873168945
12.931436538696289
38.32490539550781
28.125686645507812
18.09202766418457
19.18935775756836
22.824243545532227
22.265077590942383
23.394865036010742
6.951275825500488
10.689842224121094
29.34898567199707
14.556828498840332
23.585601806640625
32.31310272216797
21.77718734741211
10.77577018737793
29.893911361694336
16.882112503051758
20.77299690246582
11.563908576965332
35.8090705871582
30.08464241027832
8.502856254577637
22.19572639465332
34.854061126708984
31.17235565185547
17.385826110839844
23.763280868530273
27.95629119873047
36.24618911743164
24.74961280822754
22.76282501220703
44.61967468261719
29.21930694580078
45.777305603027344
26.319721221923828
21.378984451293945
19.80084991455078
26.249494552612305
47.53835678100586
20.039119720458984
26.099328994750977
34.66350555419922
22.820026397705078
21.534299850463867
36.223358154296875
27.94579315185547
32.79753875732422
59.94002914428711
19.059595108032227
34.24834442138672
42.35416793823242
34.3990478515625
25.033647537231445
43.914241790771484
28.174406051635742
25.701778411865234
47.418643951416016
26.088909149169922
12.416197776794434
25.235626220703125
22.18899917602539
31.989986419677734
29.70610237121582
30.854022979736328
17.52729034423828
14.169464111328125
24.361675262451172
13.524978637695312
21.585939407348633
28.364606857299805
27.83456039428711
31.123455047607422
52.61623764038086
18.865488052368164
23.92573356628418
21.076547622680664
14.081942558288574
25.564023971557617
21.841407775878906
10.612879753112793
32.38765335083008
23.5206356048584
35.816436767578125
29.14996910095215
42.66411590576172
26.418813705444336
40.41967010498047
45.02094268798828
35.50988006591797
13.954768180847168
13.044626235961914
11.557394027709961
21.755464553833008
14.874391555786133
16.537429809570312
15.183277130126953
41.49555587768555
33.692508697509766
17.424636840820312
19.426315307617188
33.54018020629883
32.75971603393555
20.292163848876953
16.69593048095703
34.63486099243164
34.303871154785156
20.405988693237305
34.0211067199707
24.293540954589844
17.75609016418457
41.231388092041016
28.89426612854004
12.482229232788086
27.04677963256836
28.059524536132812
48.68008804321289
25.145450592041016
21.312602996826172
18.76566505432129
39.82792663574219
18.586950302124023
19.52607536315918
22.96864128112793
34.4721565246582
31.09122085571289
5.359285831451416
11.949666976928711
25.042436599731445
28.412675857543945
45.2352180480957
14.082465171813965
26.101295471191406
40.11640930175781
25.135967254638672
30.571271896362305
33.016639709472656
41.96034622192383
40.301979064941406
35.58291244506836
22.839162826538086
10.732438087463379
16.428926467895508
30.972929000854492
37.04298400878906
41.68796920776367
33.476829528808594
35.622623443603516
25.629974365234375
29.127574920654297
21.7185001373291
25.368120193481445
31.401369094848633
24.025264739990234
10.878725051879883
34.54130935668945
37.04099655151367
9.689733505249023
14.449596405029297
24.588043212890625
31.232067108154297
21.50528907775879
11.230610847473145
25.79292106628418
42.6645622253418
17.89830207824707
36.73402786254883
30.382068634033203
19.0793399810791
15.600603103637695
49.409400939941406
25.546388626098633
19.271228790283203
36.093238830566406
27.425798416137695
35.15664291381836
61.1983642578125
24.174848556518555
36.595096588134766
33.91170120239258
33.21642303466797
40.443904876708984
26.385299682617188
23.481420516967773
12.495953559875488
14.979842185974121
34.143341064453125
16.239757537841797
37.755489349365234
37.0587043762207
17.282970428466797
14.755943298339844
26.38324546813965
12.997955322265625
21.56752586364746
18.41391372680664
20.344266891479492
28.8032283782959
36.84132766723633
28.165618896484375
25.883487701416016
38.02765655517578
30.467544555664062
16.89385986328125
38.9599723815918
15.522772789001465
20.23004150390625
7.615761756896973
16.323678970336914
36.65327072143555
27.000986099243164
27.667442321777344
34.89319610595703
32.11145782470703
34.61224365234375
30.157180786132812
23.742258071899414
37.83855438232422
15.265501022338867
20.64934539794922
49.57309341430664
19.668031692504883
31.394838333129883
20.915929794311523
19.145423889160156
20.45989418029785
39.55594253540039
30.72992706298828
25.409446716308594
30.903554916381836
24.327756881713867
19.529273986816406
32.72056198120117
19.048616409301758
18.087461471557617
21.568939208984375
40.413612365722656
26.15926170349121
21.907392501831055
17.450687408447266
38.781700134277344
19.04230499267578
19.580257415771484
37.08201217651367
49.673004150390625
26.85818862915039
38.57317352294922
29.382606506347656
26.97086524963379
23.147714614868164
11.820412635803223
29.15799331665039
31.216476440429688
23.324827194213867
15.54053020477295
31.851245880126953
5.207634449005127
39.01367950439453
11.544672012329102
25.192724227905273
23.04458236694336
27.854400634765625
17.91402816772461
21.266887664794922
12.780338287353516
21.941259384155273
36.083534240722656
32.683475494384766
22.672130584716797
44.88821792602539
11.367152214050293
18.774169921875
27.61655044555664
22.748672485351562
23.61669158935547
32.69291687011719
18.685741424560547
32.39906311035156
23.121166229248047
18.81854248046875
18.746366500854492
13.031580924987793
14.58654499053955
38.53413009643555
35.675357818603516
48.693031311035156
22.725690841674805
26.834089279174805
30.79916763305664
30.33358383178711
33.81388854980469
27.94898796081543
21.38109016418457
42.56881332397461
36.63320541381836
12.365440368652344
31.195573806762695
22.19119644165039
28.78138542175293
32.5569953918457
32.39608383178711
34.08649444580078
21.329837799072266
9.080864906311035
23.538944244384766
26.66336441040039
19.57326889038086
30.52669334411621
29.350749969482422
16.83344078063965
17.334394454956055
16.17033576965332
9.945570945739746
21.457178115844727
15.294105529785156
13.970054626464844
15.358253479003906
20.426132202148438
45.54774856567383
47.462806701660156
29.44129180908203
28.738542556762695
28.390003204345703
20.237302780151367
14.700502395629883
27.690698623657227
24.62906265258789
12.73072624206543
16.494667053222656
21.31284523010254
19.391197204589844
43.11921691894531
22.806291580200195
73.46971130371094
19.443321228027344
23.04347038269043
18.123708724975586
14.483810424804688
24.31612777709961
23.863309860229492
31.713247299194336
34.576744079589844
40.074928283691406
30.850082397460938
17.877622604370117
8.110725402832031
13.723862648010254
35.947879791259766
22.9689998626709
42.572811126708984
31.099905014038086
33.91887664794922
46.16526794433594
9.448155403137207
13.208456993103027
20.549753189086914
20.881471633911133
9.947392463684082
40.77906799316406
23.619733810424805
10.165918350219727
15.553153038024902
15.585277557373047
16.083415985107422
24.361522674560547
7.180072784423828
30.156803131103516
28.19319725036621
4.9757866859436035
27.057727813720703
24.140939712524414
50.42051315307617
28.231225967407227
24.821317672729492
22.80143165588379
37.228843688964844
17.753957748413086
38.57815933227539
20.96034812927246
29.20359230041504
21.10719108581543
23.810876846313477
29.09246253967285
48.201560974121094
35.38349151611328
14.067924499511719
11.810603141784668
15.53653335571289
26.83989715576172
25.22846794128418
31.171558380126953
16.196365356445312
27.722808837890625
35.91526412963867
13.070555686950684
15.627663612365723
37.6956672668457
18.941509246826172
38.2535400390625
32.874549865722656
32.05341720581055
17.06261444091797
17.6898193359375
28.16133689880371
50.674964904785156
38.733154296875
24.63199806213379
48.67201232910156
8.517485618591309
27.431324005126953
30.28093147277832
39.11597442626953
29.47517967224121
34.621341705322266
15.76101303100586
14.568235397338867
22.677452087402344
33.1337890625
28.15336036682129
31.18720817565918
24.06669807434082
20.262746810913086
12.828496932983398
40.808284759521484
17.492733001708984
30.322784423828125
45.33641052246094
28.38326072692871
32.08979797363281
21.611698150634766
26.454288482666016
17.43918228149414
20.10106086730957
20.088193893432617
17.56093406677246
24.32789421081543
18.047863006591797
23.06416893005371
27.434152603149414
30.35486602783203
34.168277740478516
20.47994613647461
17.025285720825195
37.266212463378906
21.9016170501709
29.384550094604492
30.87106704711914
15.340365409851074
35.72065353393555
26.546337127685547
27.837261199951172
36.48601150512695
38.132652282714844
26.979917526245117
26.149808883666992
23.068525314331055
28.643566131591797
9.762374877929688
13.931877136230469
22.631227493286133
19.79706382751465
21.935667037963867
24.13926887512207
27.799379348754883
21.97081184387207
17.796232223510742
22.345216751098633
51.368350982666016
28.426429748535156
17.846988677978516
10.405820846557617
35.82137680053711
29.672710418701172
28.88655662536621
42.64021682739258
30.18033790588379
36.34965133666992
21.427274703979492
38.51991271972656
25.395912170410156
37.47909927368164
16.84492301940918
36.62186050415039
20.1223201751709
19.64029312133789
41.31636047363281
24.245258331298828
34.57684326171875
26.666046142578125
42.80728530883789
10.046907424926758
39.87010955810547
40.569244384765625
10.633576393127441
31.63677406311035
26.9677677154541
12.348634719848633
18.763629913330078
45.952903747558594
14.50152587890625
26.084924697875977
26.650785446166992
29.30189323425293
18.607994079589844
15.770339965820312
39.669288635253906
19.121667861938477
24.85087776184082
25.74350929260254
15.16492748260498
18.013729095458984
49.22098922729492
20.610719680786133
17.52883529663086
32.21308517456055
13.500581741333008
26.94501304626465
20.5971736907959
40.22067642211914
28.57648468017578
58.24739074707031
18.479223251342773
55.26369094848633
9.40058422088623
11.192398071289062
21.726184844970703
19.598228454589844
18.48491859436035
35.899696350097656
32.998172760009766
47.00362777709961
25.277263641357422
37.63844299316406
18.196931838989258
26.77383804321289
21.32343292236328
28.10038185119629
47.18963623046875
17.585838317871094
28.95682716369629
7.030778884887695
36.82952117919922
22.682159423828125
6.122359752655029
29.236003875732422
21.388553619384766
23.78240203857422
20.029232025146484
26.420047760009766
34.3502197265625
38.45789337158203
42.57616424560547
30.070798873901367
17.312448501586914
26.605323791503906
41.17045593261719
23.16409683227539
17.52654457092285
15.610088348388672
25.63085174560547
39.7305793762207
29.8344669342041
27.52049446105957
42.655067443847656
47.75423049926758
23.79242515563965
26.356422424316406
31.87984275817871
14.310315132141113
22.094938278198242
33.9489860534668
24.399675369262695
7.911722660064697
20.798114776611328
13.829183578491211
31.20061683654785
10.389391899108887
44.452754974365234
39.30455780029297
11.336450576782227
20.90446662902832
19.162620544433594
33.17094421386719
30.4703311920166
16.08631706237793
23.739728927612305
40.23982620239258
29.50093650817871
12.23384952545166
29.32851791381836
27.805706024169922
43.93629455566406
9.631879806518555
18.2580509185791
26.415924072265625
20.56389808654785
43.25629806518555
25.877593994140625
16.90671730041504
30.64890480041504
40.374725341796875
43.34170913696289
14.403240203857422
15.266373634338379
21.559303283691406
26.879308700561523
25.629228591918945
10.748312950134277
27.954233169555664
27.31719207763672
48.22943878173828
24.685813903808594
24.286155700683594
47.21826171875
39.06498336791992
32.72821044921875
17.436614990234375
11.856657981872559
27.15827178955078
29.206205368041992
45.99692916870117
32.682090759277344
33.6361198425293
30.50872230529785
18.80743980407715
32.07666778564453
55.32428741455078
33.72930908203125
49.59874725341797
38.69147872924805
29.382774353027344
46.96878433227539
23.15132713317871
19.16168212890625
29.66218376159668
21.621498107910156
32.94758224487305
13.998022079467773
33.4062385559082
35.023860931396484
35.85146713256836
30.911836624145508
35.96355438232422
14.933478355407715
34.22450637817383
39.6760368347168
36.244266510009766
20.439754486083984
33.852169036865234
31.94704246520996
8.104989051818848
17.579925537109375
20.905466079711914
22.2664852142334
15.863204956054688
32.048587799072266
23.252635955810547
36.27519989013672
29.927461624145508
24.678497314453125
38.278350830078125
12.780204772949219
5.627509593963623
13.368600845336914
25.19373321533203
17.15972137451172
25.648300170898438
40.2352180480957
18.666095733642578
16.334064483642578
33.098487854003906
36.72524642944336
12.099576950073242
34.48891067504883
15.704228401184082
41.25786590576172
26.99398422241211
14.864333152770996
8.608860969543457
36.12629699707031
17.75832748413086
22.795257568359375
49.974369049072266
23.039581298828125
7.321829319000244
25.607297897338867
41.97001647949219
22.816190719604492
16.579607009887695
13.378780364990234
19.045076370239258
14.678457260131836
30.411317825317383
14.087696075439453
27.4310359954834
14.062652587890625
19.183332443237305
33.279319763183594
14.946001052856445
13.224719047546387
46.60619354248047
40.74971389770508
30.11162567138672
36.95684814453125
34.68737030029297
22.664871215820312
22.11740493774414
23.938528060913086
25.599245071411133
26.430362701416016
37.2442512512207
13.792726516723633
8.64133358001709
25.9027156829834
20.820688247680664
19.1428279876709
30.078428268432617
16.311077117919922
10.094990730285645
38.372074127197266
27.131175994873047
17.0969295501709
28.040374755859375
28.99718475341797
31.842618942260742
39.72509765625
29.73159408569336
37.359249114990234
17.416746139526367
20.475933074951172
17.141084671020508
32.209999084472656
23.934650421142578
10.633366584777832
27.474828720092773
30.478317260742188
21.225345611572266
17.404617309570312
20.23130226135254
25.60595703125
21.16791534423828
26.946733474731445
19.027767181396484
7.244062900543213
11.423583030700684
31.233564376831055
19.659963607788086
37.336917877197266
13.914938926696777
40.40135192871094
16.12447166442871
38.2785758972168
40.901119232177734
24.514482498168945
15.957243919372559
26.386972427368164
19.88041114807129
34.738101959228516
26.731508255004883
39.14121627807617
47.38748550415039
36.01193618774414
26.070581436157227
10.239089965820312
18.334590911865234
32.4986457824707
57.791160583496094
40.92702865600586
16.748842239379883
30.606592178344727
49.16770553588867
16.893430709838867
32.68354034423828
12.155069351196289
29.822330474853516
29.607681274414062
15.703972816467285
30.57737922668457
22.934232711791992
21.110980987548828
18.916900634765625
45.59337615966797
25.879329681396484
70.9228286743164
18.9572696685791
12.496973037719727
24.69867515563965
31.730690002441406
55.499244689941406
22.79469871520996
27.276243209838867
16.623065948486328
20.81443977355957
39.414791107177734
27.027538299560547
38.0013427734375
34.33393859863281
10.318941116333008
20.092220306396484
19.84189224243164
30.015146255493164
22.55636215209961
21.47480583190918
19.994977951049805
38.29988479614258
26.767078399658203
19.246135711669922
13.868545532226562
31.845191955566406
35.11859893798828
20.752470016479492
15.978589057922363
11.917770385742188
13.266200065612793
25.737234115600586
13.248758316040039
11.562626838684082
34.51163864135742
24.02882957458496
38.76502990722656
24.137453079223633
17.461740493774414
10.989893913269043
9.34565544128418
27.255504608154297
25.44481086730957
36.76459503173828
31.139463424682617
32.15267562866211
17.326221466064453
24.12270736694336
28.408395767211914
34.88957977294922
30.650196075439453
17.211271286010742
12.958625793457031
31.255508422851562
12.315889358520508
37.63101577758789
29.962783813476562
24.01035499572754
14.920745849609375
34.494937896728516
6.090951919555664
14.703330039978027
31.093421936035156
37.17606735229492
21.627437591552734
26.64415740966797
25.317087173461914
28.419145584106445
20.3399658203125
10.474618911743164
35.342506408691406
19.778467178344727
34.69088363647461
24.179616928100586
39.44472122192383
38.60348892211914
51.17424392700195
28.24801254272461
23.966163635253906
9.747476577758789
37.782291412353516
23.36797332763672
39.60150146484375
28.198896408081055
19.37038803100586
19.071882247924805
9.721108436584473
32.414737701416016
29.07930564880371
19.25710105895996
19.83918571472168
16.569494247436523
15.353525161743164
34.96336364746094
46.853607177734375
21.679908752441406
22.80677032470703
48.187713623046875
36.82587814331055
35.93587112426758
30.24765396118164
27.101348876953125
9.886250495910645
21.4218692779541
20.70233154296875
27.47630500793457
32.55777359008789
39.64250183105469
20.90428924560547
25.8714542388916
24.82806968688965
46.7435188293457
23.77916145324707
12.633774757385254
28.38210105895996
53.306270599365234
28.044574737548828
17.082828521728516
20.786100387573242
29.406457901000977
15.672406196594238
34.0460090637207
27.015918731689453
10.123513221740723
20.536405563354492
31.946231842041016
30.428462982177734
30.54756736755371
32.42793273925781
24.088956832885742
25.36909294128418
21.189743041992188
39.83935546875
41.52320861816406
21.7619686126709
40.24011993408203
10.715495109558105
26.1895809173584
24.95724868774414
44.55954360961914
20.425691604614258
9.66673469543457
10.146717071533203
19.405813217163086
25.178306579589844
24.97964859008789
29.821992874145508
25.795730590820312
60.56193542480469
20.089889526367188
32.408790588378906
38.525665283203125
26.408985137939453
27.293201446533203
17.47313690185547
20.16051483154297
30.50774574279785
14.348135948181152
36.380455017089844
38.63247299194336
22.823543548583984
34.45722579956055
24.66070556640625
35.50767135620117
18.201034545898438
11.7722749710083
51.99673080444336
24.635814666748047
22.76449203491211
28.360118865966797
17.50851058959961
40.56698989868164
23.365337371826172
22.12008285522461
24.9522705078125
5.210139274597168
35.81422805786133
5.068580627441406
17.11248016357422
39.62417221069336
22.887950897216797
32.60356903076172
41.13862991333008
25.046142578125
22.310277938842773
17.545581817626953
19.944881439208984
21.077823638916016
23.503774642944336
26.91046905517578
21.606782913208008
17.387861251831055
11.885031700134277
24.602657318115234
59.12300109863281
27.40386390686035
35.934356689453125
35.79835891723633
26.19118881225586
20.4753475189209
14.913294792175293
21.82848358154297
13.483186721801758
16.89971351623535
14.888028144836426
22.044044494628906
33.06541061401367
23.287864685058594
23.031021118164062
4.015781879425049
13.203489303588867
38.43281555175781
18.367794036865234
16.045978546142578
20.483322143554688
22.4212589263916
12.843302726745605
21.986223220825195
29.28057289123535
26.408098220825195
27.469886779785156
33.419498443603516
28.031005859375
24.838743209838867
35.084774017333984
19.991107940673828
11.491525650024414
22.63011932373047
23.750553131103516
6.988641262054443
20.545425415039062
19.74997901916504
31.975183486938477
23.516855239868164
9.20715045928955
39.07015609741211
24.3825740814209
14.261056900024414
19.323009490966797
32.728782653808594
28.838790893554688
22.645551681518555
16.385229110717773
43.62738037109375
36.20764923095703
31.656009674072266
20.127696990966797
11.614455223083496
17.724458694458008
33.125038146972656
33.63218688964844
14.327308654785156
14.944722175598145
23.814104080200195
28.43950653076172
35.428497314453125
24.343276977539062
17.446590423583984
14.367347717285156
9.21992301940918
16.471385955810547
28.598834991455078
40.27311706542969
40.137447357177734
21.317611694335938
19.196863174438477
13.183192253112793
36.566673278808594
40.501487731933594
22.896509170532227
21.687240600585938
25.880380630493164
29.73084831237793
23.000585556030273
21.022733688354492
39.144569396972656
24.20770263671875
9.408942222595215
26.989168167114258
28.21044158935547
16.164342880249023
24.143356323242188
13.188484191894531
28.66254425048828
24.790416717529297
32.41876983642578
22.3884334564209
18.74014663696289
23.4674015045166
23.589651107788086
26.378812789916992
41.04373550415039
24.462385177612305
19.335119247436523
24.314064025878906
12.161710739135742
9.191271781921387
17.95474624633789
14.300531387329102
29.373323440551758
38.054595947265625
25.73297882080078
22.473915100097656
18.527692794799805
35.61250305175781
20.228750228881836
10.057262420654297
29.3156681060791
30.02117919921875
29.4733829498291
41.72612762451172
8.709371566772461
10.527409553527832
26.376771926879883
22.530675888061523
17.28034782409668
11.932496070861816
17.571434020996094
24.74500274658203
17.808313369750977
33.226539611816406
19.571334838867188
34.89125442504883
34.374664306640625
20.123666763305664
38.22599792480469
28.60961151123047
37.41152572631836
20.5555362701416
18.73077964782715
45.33646774291992
17.570714950561523
25.621097564697266
48.500770568847656
14.742122650146484
3.3966145515441895
27.68483543395996
20.105998992919922
25.19258689880371
32.89136505126953
16.078310012817383
18.685211181640625
43.529422760009766
30.575328826904297
48.805458068847656
24.885902404785156
19.20681381225586
32.52098846435547
12.215862274169922
24.980669021606445
24.32898712158203
11.010605812072754
26.404972076416016
22.744802474975586
25.678234100341797
34.79429244995117
9.106545448303223
26.841503143310547
15.284628868103027
40.60908126831055
22.360877990722656
31.63633918762207
29.261390686035156
26.01365852355957
31.25446891784668
35.1280632019043
11.262970924377441
38.89607620239258
35.80643081665039
30.260494232177734
28.877145767211914
45.69287872314453
34.158931732177734
22.170494079589844
19.368398666381836
25.8583984375
19.73787498474121
29.675710678100586
35.05880355834961
19.214275360107422
21.441179275512695
15.81725025177002
23.260591506958008
19.10198402404785
23.050413131713867
29.28289222717285
27.120990753173828
12.273042678833008
19.87435531616211
18.239227294921875
29.552539825439453
39.878055572509766
35.358436584472656
15.786162376403809
33.634193420410156
33.41485595703125
24.3524112701416
21.01407241821289
15.034339904785156
5.5763959884643555
26.915464401245117
24.108291625976562
23.07492446899414
27.091567993164062
23.913454055786133
12.047056198120117
42.131587982177734
8.403214454650879
39.20159912109375
34.265869140625
21.967483520507812
36.24885177612305
18.457305908203125
10.176262855529785
13.772896766662598
42.82037353515625
28.377056121826172
15.875700950622559
29.1731014251709
37.342777252197266
7.172994613647461
24.26077651977539
29.101146697998047
14.44906234741211
29.534717559814453
32.49364471435547
11.626056671142578
35.32213592529297
15.930953025817871
36.62107849121094
19.250139236450195
23.785852432250977
20.270009994506836
32.355045318603516
19.576025009155273
28.106016159057617
29.276185989379883
20.677175521850586
23.445180892944336
26.046512603759766
11.952437400817871
9.670124053955078
33.972042083740234
12.19554328918457
16.332782745361328
30.3402099609375
21.133705139160156
15.851659774780273
33.079986572265625
24.686429977416992
27.585235595703125
24.04140853881836
22.779491424560547
25.93801498413086
44.9270133972168
29.7012939453125
23.555044174194336
7.38613224029541
28.974897384643555
28.72849464416504
30.97240447998047
37.46954345703125
23.181652069091797
37.920143127441406
43.49906921386719
9.677501678466797
19.881803512573242
29.08599281311035
28.42598533630371
28.428260803222656
9.343450546264648
24.219499588012695
33.689334869384766
15.317387580871582
17.41899871826172
21.404712677001953
34.69887924194336
22.324052810668945
12.04601001739502
38.376678466796875
33.662349700927734
18.95578384399414
24.523454666137695
31.587026596069336
38.585052490234375
34.44255447387695
11.570508003234863
34.239295959472656
22.357011795043945
11.392481803894043
31.309539794921875
21.917030334472656
41.081138610839844
26.282373428344727
44.24726104736328
33.27506637573242
18.944822311401367
20.681110382080078
9.237325668334961
26.380840301513672
5.263186931610107
25.841445922851562
19.089216232299805
38.34844970703125
23.084957122802734
39.20705032348633
21.951852798461914
12.173442840576172
27.642086029052734
40.86221694946289
21.448877334594727
32.3785400390625
40.52689743041992
30.990591049194336
35.61613845825195
28.215896606445312
30.136770248413086
16.623367309570312
20.169498443603516
33.587528228759766
30.237470626831055
19.170068740844727
36.81083679199219
39.32975769042969
8.618003845214844
30.8226318359375
19.405027389526367
15.53687572479248
21.69135093688965
26.255855560302734
47.683589935302734
27.235660552978516
22.628652572631836
15.733946800231934
18.3848876953125
13.018593788146973
24.939363479614258
25.824247360229492
20.302867889404297
44.906837463378906
28.585918426513672
17.24440574645996
18.252029418945312
25.073068618774414
18.909835815429688
6.450904369354248
27.131519317626953
51.38428497314453
23.85184669494629
19.559778213500977
32.76495361328125
57.60560607910156
31.66554832458496
14.565178871154785
14.299619674682617
22.493282318115234
47.782936096191406
19.123916625976562
28.008163452148438
33.32655334472656
16.301280975341797
26.91876983642578
19.009183883666992
22.821935653686523
13.248823165893555
14.148536682128906
22.410188674926758
29.72463035583496
33.560482025146484
19.49110221862793
33.97988510131836
5.002556800842285
41.75739288330078
18.680158615112305
11.033992767333984
25.823078155517578
24.29275894165039
19.036396026611328
40.8779296875
28.707012176513672
20.749229431152344
41.39468765258789
19.20136260986328
19.555727005004883
17.985248565673828
16.610166549682617
20.200904846191406
29.374065399169922
34.691646575927734
31.78986167907715
23.557401657104492
16.21109390258789
35.37934112548828
25.556640625
33.06541442871094
10.797100067138672
7.888644695281982
28.498809814453125
24.692508697509766
29.921924591064453
12.62619400024414
22.059879302978516
22.811969757080078
40.29875564575195
28.80653953552246
26.416114807128906
33.7647819519043
26.91358184814453
37.39128112792969
34.726402282714844
39.76987075805664
21.67790985107422
32.24504852294922
31.641847610473633
28.228925704956055
13.525510787963867
8.6555814743042
31.229990005493164
25.65150260925293
34.545169830322266
15.781453132629395
30.952505111694336
10.636758804321289
19.52556610107422
22.742094039916992
18.285877227783203
29.71840476989746
22.750720977783203
28.53274917602539
47.775978088378906
40.735862731933594
21.254436492919922
21.283531188964844
27.960411071777344
32.28798294067383
23.97953224182129
45.798561096191406
30.050504684448242
32.65312957763672
44.0494270324707
26.450164794921875
26.541736602783203
32.22697448730469
27.84352684020996
38.98032760620117
19.9194278717041
44.22037887573242
27.69328498840332
20.306535720825195
19.60726547241211
11.936800003051758
14.704051971435547
18.752182006835938
13.44240951538086
12.467287063598633
25.930255889892578
41.44010925292969
20.154720306396484
21.523975372314453
24.11763572692871
47.641212463378906
34.965232849121094
37.67912292480469
19.890546798706055
31.847761154174805
40.033416748046875
33.22911071777344
26.85283088684082
6.684391021728516
17.189058303833008
9.022421836853027
11.74064826965332
23.492359161376953
29.177078247070312
30.054670333862305
25.557619094848633
27.313405990600586
29.190242767333984
14.162758827209473
32.74980545043945
18.7313232421875
23.236894607543945
13.962385177612305
31.911048889160156
37.57938003540039
29.903226852416992
16.523252487182617
31.898271560668945
11.451549530029297
50.14822769165039
10.414813041687012
16.23613166809082
27.545351028442383
28.088531494140625
22.84721565246582
29.223388671875
17.480445861816406
18.44053077697754
24.7176513671875
42.50593566894531
38.83511734008789
24.00737762451172
1.619205117225647
25.794763565063477
3.1806325912475586
28.025774002075195
17.869949340820312
26.078861236572266
8.474306106567383
12.83864688873291
9.468864440917969
17.725112915039062
17.329147338867188
26.433815002441406
31.970502853393555
17.95267677307129
23.591148376464844
13.270291328430176
36.323516845703125
12.989633560180664
28.594289779663086
29.262544631958008
14.894911766052246
38.249977111816406
22.15900230407715
10.916728019714355
21.5629940032959
29.481870651245117
15.567294120788574
51.422630310058594
37.66947937011719
27.705825805664062
37.27876663208008
26.98493003845215
44.450355529785156
24.357147216796875
7.033491134643555
31.65001106262207
26.265277862548828
26.82930564880371
23.292278289794922
7.875010967254639
19.08550262451172
37.408180236816406
46.53723907470703
16.63259506225586
23.348430633544922
23.66750144958496
39.90166091918945
25.707399368286133
41.81849670410156
24.37712287902832
30.133275985717773
61.01841354370117
22.470767974853516
10.275390625
19.836318969726562
21.046924591064453
41.776371002197266
31.4334659576416
26.08263397216797
27.155183792114258
32.82217025756836
22.454198837280273
15.20077133178711
26.401521682739258
6.555037021636963
10.200322151184082
31.15414047241211
26.452850341796875
38.58750915527344
19.215118408203125
32.39109802246094
34.818180084228516
54.48011016845703
26.951045989990234
17.076160430908203
16.413227081298828
21.9261531829834
31.84503173828125
17.08023452758789
16.034526824951172
51.159156799316406
37.22643280029297
40.75890350341797
24.27535629272461
34.67597198486328
17.759401321411133
26.55820083618164
45.609588623046875
10.018106460571289
22.120763778686523
28.519611358642578
37.74311065673828
22.00444793701172
35.65889358520508
16.354211807250977
41.30654525756836
36.38859939575195
20.618505477905273
28.712419509887695
39.11469650268555
30.2684383392334
26.012178421020508
24.63359832763672
26.10120391845703
23.379432678222656
30.33563804626465
12.161055564880371
28.133975982666016
13.287992477416992
24.581220626831055
22.34023094177246
31.343114852905273
41.9521369934082
23.369800567626953
40.96527099609375
25.459659576416016
8.194984436035156
31.7048282623291
3.4974770545959473
22.318893432617188
11.337350845336914
16.879146575927734
24.14952850341797
16.373971939086914
13.078590393066406
24.25731658935547
19.201749801635742
23.05183982849121
15.187748908996582
16.906042098999023
21.530109405517578
27.971601486206055
35.779380798339844
48.070072174072266
36.12169647216797
22.289846420288086
32.527618408203125
33.155235290527344
30.188823699951172
6.407562732696533
42.14211654663086
49.37687301635742
12.80057430267334
23.532819747924805
25.5092830657959
34.67115020751953
53.297569274902344
19.698104858398438
24.938621520996094
23.044342041015625
21.439533233642578
25.587678909301758
30.72964859008789
27.603456497192383
16.404844284057617
17.441360473632812
34.0292854309082
15.043954849243164
15.541702270507812
19.433582305908203
27.261098861694336
20.510318756103516
40.63674545288086
16.571571350097656
7.566096305847168
14.322102546691895
24.09572982788086
37.17933654785156
9.840604782104492
17.930591583251953
2.7792210578918457
21.67637062072754
25.221376419067383
29.9976806640625
14.72681713104248
22.00069808959961
34.42479705810547
22.319917678833008
21.60974884033203
33.38001251220703
11.167098999023438
23.143381118774414
23.13329315185547
6.429736137390137
17.486814498901367
30.5233097076416
27.45408821105957
18.87005615234375
38.69845199584961
25.838361740112305
40.56509017944336
24.008743286132812
46.123687744140625
17.71122932434082
10.581976890563965
13.119284629821777
15.567197799682617
33.608699798583984
41.825157165527344
42.66758346557617
48.078857421875
16.29280662536621
27.57369613647461
41.542335510253906
24.036144256591797
32.74161911010742
19.01003646850586
22.435897827148438
13.131540298461914
27.35455322265625
27.404626846313477
31.270305633544922
36.76370620727539
9.71435832977295
27.24371910095215
37.72067642211914
40.20482635498047
16.583375930786133
26.514617919921875
27.16051483154297
34.35533905029297
12.102445602416992
34.6713981628418
30.21162986755371
48.2056999206543
35.251060485839844
18.927488327026367
18.309770584106445
31.9132137298584
18.734086990356445
25.55753517150879
18.800216674804688
17.405439376831055
27.333267211914062
39.265769958496094
14.4113187789917
41.1757926940918
27.530521392822266
19.49642562866211
38.49116897583008
22.810789108276367
12.360145568847656
27.48906898498535
22.339365005493164
23.526121139526367
27.080581665039062
28.489517211914062
32.98173141479492
20.66513442993164
18.460121154785156
30.689411163330078
35.42622375488281
26.1849365234375
21.41094207763672
19.729875564575195
31.39020347595215
27.504459381103516
32.72418212890625
17.677026748657227
43.92369842529297
34.99253845214844
31.719728469848633
13.238237380981445
14.248908042907715
27.047800064086914
28.0407657623291
30.59602928161621
24.887561798095703
6.252824306488037
7.860894203186035
18.78009605407715
27.438520431518555
17.003734588623047
11.018255233764648
21.71965980529785
31.242828369140625
42.40068817138672
15.671839714050293
18.10527801513672
19.43706703186035
33.57652282714844
34.31548309326172
52.66856002807617
8.149269104003906
49.30363845825195
29.437698364257812
34.50453186035156
19.54343605041504
13.323602676391602
23.262601852416992
21.42506217956543
37.567378997802734
18.4725284576416
28.238975524902344
36.53316879272461
21.099658966064453
22.57215690612793
60.23061752319336
33.86128616333008
18.683433532714844
24.921199798583984
23.16875457763672
30.145614624023438
34.7181282043457
21.007089614868164
18.43592071533203
26.24678611755371
10.385592460632324
24.42331886291504
20.011369705200195
35.34516906738281
34.88391876220703
27.300716400146484
20.383703231811523
34.105350494384766
13.544196128845215
31.2904109954834
26.426780700683594
19.920730590820312
23.85651206970215
13.632046699523926
51.54287338256836
32.739898681640625
27.06734275817871
15.859411239624023
37.02397918701172
20.21953582763672
15.434170722961426
31.14132308959961
18.63465118408203
26.155481338500977
22.153663635253906
48.42851257324219
38.782997131347656
39.419437408447266
20.35250473022461
7.458494663238525
31.554956436157227
15.507837295532227
11.37235164642334
30.632789611816406
47.119911193847656
19.52558708190918
14.299838066101074
20.533437728881836
16.347625732421875
21.071041107177734
47.63423156738281
29.675884246826172
39.18898010253906
32.9453239440918
27.20354652404785
42.0396842956543
38.17490768432617
20.787216186523438
24.74602508544922
37.065670013427734
21.62552833557129
11.514531135559082
15.398382186889648
28.26885414123535
25.981792449951172
11.20413875579834
20.875730514526367
40.341941833496094
14.845252990722656
44.572566986083984
15.28818416595459
30.063682556152344
9.280254364013672
27.19883918762207
15.8715181350708
19.032894134521484
19.235172271728516
20.679235458374023
33.594337463378906
39.50779342651367
21.05884552001953
33.14142608642578
27.29883575439453
13.974298477172852
48.450565338134766
8.443014144897461
28.350845336914062
22.17822265625
28.360963821411133
26.897123336791992
22.90338897705078
5.615401268005371
25.15786361694336
13.764817237854004
44.7032470703125
15.993207931518555
47.538578033447266
40.26639938354492
23.3290958404541
27.429750442504883
11.367579460144043
25.98130989074707
28.973934173583984
45.48008346557617
29.138412475585938
22.767717361450195
32.41019058227539
27.933063507080078
26.179340362548828
22.126827239990234
31.07054328918457
29.48333740234375
18.513324737548828
25.93294334411621
32.09311294555664
20.009912490844727
26.01909828186035
22.45090675354004
6.028373718261719
28.03012466430664
34.15913009643555
44.24434280395508
25.987850189208984
24.852380752563477
29.231985092163086
12.775788307189941
37.35601806640625
30.810453414916992
19.49838638305664
25.319204330444336
20.09897232055664
26.454021453857422
33.09326171875
17.644031524658203
51.79182815551758
18.994916915893555
29.696063995361328
33.9105339050293
23.823564529418945
58.29420471191406
23.44439125061035
17.04889488220215
49.57187271118164
43.4229736328125
40.63258743286133
46.132965087890625
20.65262222290039
30.57159423828125
16.995832443237305
7.147819519042969
27.209491729736328
26.807998657226562
28.069162368774414
38.57746505737305
17.95035743713379
36.098289489746094
21.850278854370117
31.897972106933594
43.652549743652344
23.996246337890625
12.243809700012207
19.74761199951172
21.98043441772461
21.712236404418945
22.084110260009766
29.344470977783203
30.402345657348633
34.84917449951172
12.784845352172852
36.780921936035156
42.02510070800781
49.68069839477539
5.761879920959473
14.405281066894531
26.02006721496582
17.24115562438965
28.153423309326172
38.568233489990234
13.332962036132812
14.838958740234375
37.830345153808594
22.441972732543945
25.96990394592285
30.54247283935547
18.798233032226562
14.053778648376465
34.335941314697266
24.9182071685791
31.5670223236084
20.911657333374023
25.175390243530273
25.94388198852539
24.685476303100586
36.88311767578125
29.515844345092773
25.11430549621582
34.92307662963867
32.84446334838867
29.892873764038086
20.020666122436523
6.579144477844238
46.7098388671875
18.075115203857422
41.24891662597656
30.791128158569336
11.538740158081055
21.93577766418457
25.32976531982422
34.05927276611328
18.890623092651367
29.804410934448242
26.412261962890625
34.056827545166016
24.96189308166504
30.07807159423828
22.426422119140625
29.521625518798828
20.113059997558594
31.526277542114258
32.84580612182617
27.650188446044922
18.81938934326172
35.53450012207031
24.022422790527344
29.701213836669922
21.954023361206055
25.122509002685547
12.12386417388916
20.796871185302734
16.828811645507812
29.13584327697754
34.234554290771484
35.6435661315918
19.058061599731445
14.642295837402344
21.904922485351562
14.567543029785156
34.773887634277344
37.27161407470703
33.012943267822266
21.63664436340332
29.586149215698242
29.322311401367188
38.61118698120117
20.05142593383789
39.14404296875
23.66700553894043
30.780494689941406
34.610939025878906
41.435367584228516
30.309595108032227
39.447967529296875
15.690221786499023
27.830398559570312
9.460648536682129
40.360958099365234
20.742847442626953
31.82501983642578
