24.26780891418457
22.13939666748047
29.178340911865234
30.18875503540039
10.638148307800293
41.83919143676758
26.220272064208984
15.032910346984863
9.013399124145508
10.522427558898926
27.72028350830078
25.359695434570312
16.75499153137207
39.02462387084961
21.627830505371094
13.717061996459961
38.15789794921875
29.450658798217773
11.827651023864746
27.99984359741211
22.141084671020508
21.376373291015625
13.6283597946167
22.25838851928711
18.383710861206055
31.231056213378906
25.03530502319336
19.72286033630371
29.0328311920166
25.22551727294922
30.541887283325195
22.733152389526367
10.083816528320312
15.060555458068848
30.673797607421875
12.2769193649292
26.29156494140625
28.044063568115234
39.452049255371094
20.96402931213379
27.603145599365234
28.43084716796875
24.759201049804688
38.86174011230469
21.25853729248047
16.80075454711914
13.938767433166504
8.129563331604004
13.16598892211914
25.37796974182129
20.264001846313477
10.738702774047852
8.856738090515137
25.411771774291992
14.196819305419922
22.183887481689453
35.6632080078125
15.9125394821167
16.974252700805664
27.24652862548828
23.244197845458984
25.873245239257812
25.530485153198242
42.090965270996094
18.01948356628418
8.593216896057129
24.77622413635254
21.631702423095703
18.45116424560547
21.154582977294922
10.160719871520996
15.081860542297363
10.399820327758789
36.39111328125
6.355225086212158
15.239400863647461
18.030338287353516
3.3608829975128174
15.609736442565918
23.725093841552734
29.704383850097656
20.630586624145508
43.8766975402832
33.56329345703125
30.715513229370117
36.08934020996094
21.39690589904785
30.799373626708984
12.089507102966309
33.520408630371094
11.027250289916992
26.575349807739258
27.96245765686035
20.12175941467285
21.98445701599121
24.14508628845215
17.34587860107422
34.46501922607422
9.359315872192383
28.459745407104492
32.25709915161133
18.29000473022461
14.597043991088867
7.038541793823242
32.82263946533203
33.841835021972656
19.452096939086914
26.287952423095703
13.955899238586426
26.89175796508789
13.536500930786133
28.598434448242188
19.68779182434082
19.377553939819336
20.685056686401367
16.307998657226562
10.567639350891113
33.167701721191406
12.944209098815918
24.63482666015625
25.888076782226562
25.967159271240234
17.946775436401367
23.81437873840332
18.15347671508789
25.7845401763916
31.93895721435547
19.52375030517578
40.368202209472656
13.749185562133789
21.198387145996094
19.803808212280273
16.899158477783203
20.198589324951172
17.07805633544922
10.359344482421875
35.35380554199219
24.6112003326416
27.320838928222656
4.765463829040527
8.108213424682617
18.878398895263672
7.453178882598877
20.589262008666992
39.290122985839844
29.041501998901367
27.61947250366211
28.10740852355957
24.27853775024414
10.16883659362793
14.022501945495605
22.926149368286133
26.255626678466797
22.14212417602539
25.398283004760742
38.59381866455078
46.85159683227539
6.841029644012451
29.969717025756836
16.738380432128906
27.84807014465332
17.330249786376953
30.596759796142578
32.42320251464844
19.061817169189453
48.233642578125
35.04607391357422
19.651626586914062
24.695829391479492
40.63172149658203
24.657352447509766
13.249444007873535
16.673877716064453
21.536781311035156
26.359756469726562
29.1611385345459
18.041427612304688
6.84827995300293
26.273414611816406
27.110193252563477
38.2803840637207
39.7722282409668
19.125364303588867
16.63681411743164
25.287511825561523
10.34906005859375
26.209474563598633
3.450237512588501
19.481313705444336
20.643207550048828
45.402103424072266
38.257572174072266
13.475994110107422
57.40325927734375
28.10211753845215
40.56978988647461
23.3345890045166
29.025564193725586
44.637020111083984
25.421066284179688
27.945213317871094
13.276605606079102
39.584232330322266
21.311111450195312
29.884628295898438
25.450448989868164
52.01021957397461
31.804414749145508
44.69607162475586
23.424053192138672
13.32229232788086
32.62343978881836
25.10917854309082
40.137535095214844
16.31130599975586
12.134347915649414
23.726329803466797
19.487504959106445
23.086008071899414
15.867640495300293
28.024202346801758
23.455591201782227
20.43791389465332
17.062896728515625
5.882518768310547
22.912395477294922
22.143125534057617
18.159475326538086
21.023666381835938
16.97066879272461
14.381433486938477
49.71312713623047
23.81573486328125
17.239412307739258
21.06243133544922
29.481609344482422
17.963712692260742
23.837745666503906
29.327564239501953
25.572952270507812
28.69597816467285
16.29458236694336
12.88463020324707
22.880859375
32.10666275024414
12.135723114013672
16.810190200805664
13.229578971862793
16.188396453857422
20.50914764404297
27.713361740112305
25.447965621948242
14.691954612731934
8.061845779418945
22.403200149536133
24.633567810058594
20.9521484375
31.775203704833984
24.50336456298828
37.09534454345703
32.561614990234375
27.860319137573242
32.25953674316406
38.88632583618164
31.69666290283203
43.89106750488281
36.18625259399414
10.388716697692871
29.219980239868164
38.95390701293945
13.655643463134766
33.1453742980957
30.640884399414062
18.12472152709961
40.89979553222656
19.96613121032715
16.1529541015625
24.56477928161621
23.337339401245117
27.44285011291504
19.33197784423828
21.53659439086914
20.28108787536621
19.83531951904297
16.28821563720703
25.744617462158203
7.195811748504639
23.303409576416016
22.566673278808594
25.19304084777832
32.690547943115234
30.459003448486328
18.348674774169922
19.23576545715332
7.320967197418213
14.945952415466309
26.4412841796875
18.692058563232422
11.787354469299316
31.117422103881836
26.224674224853516
24.91420555114746
46.77638626098633
22.119464874267578
13.57741641998291
24.19529151916504
14.3006010055542
31.93255043029785
8.385210037231445
33.352638244628906
21.45400047302246
18.52611541748047
29.147310256958008
34.37601089477539
45.29934310913086
32.40655517578125
16.61304473876953
18.36004638671875
13.055948257446289
27.708097457885742
12.000473022460938
10.629353523254395
22.196670532226562
31.904390335083008
24.433795928955078
24.7556095123291
16.339269638061523
24.962907791137695
24.04758071899414
25.48954963684082
31.80620002746582
27.376068115234375
17.386056900024414
17.790714263916016
36.35747146606445
20.26387596130371
28.590808868408203
25.530595779418945
16.136606216430664
29.00886344909668
23.255186080932617
40.19685745239258
42.26237869262695
18.98128318786621
3.2849936485290527
18.974119186401367
25.95649528503418
28.86758041381836
18.47087860107422
20.741310119628906
11.961652755737305
17.91189956665039
34.997135162353516
17.928058624267578
17.29664421081543
24.718353271484375
20.809846878051758
43.59492874145508
47.351768493652344
42.276084899902344
39.87980651855469
25.637691497802734
15.981205940246582
19.14092254638672
24.93751335144043
27.008441925048828
15.74305248260498
36.438087463378906
17.245691299438477
27.86565399169922
35.28936767578125
24.64776611328125
34.20877456665039
20.26000213623047
25.467140197753906
32.23801803588867
30.152774810791016
18.262523651123047
36.61732482910156
15.765640258789062
29.28622055053711
21.074769973754883
44.81121826171875
28.415437698364258
13.343605995178223
18.101634979248047
27.20917510986328
23.756938934326172
27.568191528320312
14.31415843963623
28.47727394104004
19.26881217956543
28.384281158447266
15.23145866394043
27.569570541381836
22.171133041381836
14.953387260437012
22.34121322631836
23.998109817504883
9.22804069519043
19.63562774658203
15.1552152633667
28.317188262939453
41.468997955322266
38.31236267089844
12.415057182312012
9.85184097290039
20.901948928833008
25.359771728515625
15.911869049072266
26.621095657348633
25.347436904907227
26.48493766784668
16.428733825683594
34.497833251953125
41.62664794921875
16.53277015686035
9.527861595153809
19.774309158325195
27.68645668029785
18.976415634155273
16.429161071777344
8.95064926147461
41.60740661621094
13.960519790649414
20.909025192260742
19.668048858642578
9.288861274719238
34.636051177978516
22.014081954956055
22.000925064086914
24.99630355834961
53.97323989868164
28.037986755371094
19.970741271972656
21.808717727661133
15.333765983581543
14.513748168945312
15.360724449157715
35.60441207885742
15.042757987976074
26.611366271972656
7.1730055809021
14.284915924072266
19.31997299194336
33.88865280151367
22.377696990966797
35.71775436401367
20.36642837524414
15.03466796875
30.666929244995117
32.57180404663086
7.0507283210754395
12.990522384643555
27.055538177490234
10.014351844787598
20.996944427490234
26.498933792114258
28.757457733154297
18.54277229309082
10.493221282958984
19.580337524414062
15.529139518737793
25.924509048461914
15.834195137023926
20.551118850708008
15.050629615783691
21.844913482666016
16.150638580322266
37.59353256225586
29.137378692626953
36.03335952758789
19.99534797668457
30.37913703918457
6.056214809417725
23.732589721679688
17.03811264038086
11.473878860473633
26.367273330688477
29.950672149658203
28.778911590576172
27.648191452026367
15.774818420410156
29.293371200561523
21.87811279296875
41.4924201965332
22.621231079101562
24.105270385742188
33.8211555480957
16.429548263549805
16.95137596130371
27.372547149658203
13.785138130187988
14.263724327087402
14.925844192504883
12.661203384399414
21.560575485229492
17.95165252685547
30.868053436279297
9.74244213104248
22.71647071838379
20.987178802490234
38.040958404541016
26.951173782348633
14.161772727966309
24.961023330688477
31.867300033569336
19.985200881958008
18.449909210205078
25.83124542236328
36.88948059082031
26.549074172973633
11.402697563171387
23.657814025878906
45.721736907958984
33.533199310302734
34.83402633666992
20.624866485595703
24.244918823242188
21.426542282104492
36.89572525024414
35.28132629394531
33.26997756958008
6.855440616607666
9.758894920349121
18.793977737426758
27.603757858276367
26.66374397277832
26.9439697265625
31.615652084350586
19.922483444213867
7.1828203201293945
13.981363296508789
17.04243278503418
20.630083084106445
17.091022491455078
40.73440933227539
42.971858978271484
24.453630447387695
20.11822509765625
11.281461715698242
49.003475189208984
17.901025772094727
36.44012451171875
13.555453300476074
18.53316307067871
47.804256439208984
9.927022933959961
20.370264053344727
11.996614456176758
47.13474655151367
13.931635856628418
24.178462982177734
22.41444206237793
10.274410247802734
12.408233642578125
8.110980033874512
14.998383522033691
13.945469856262207
14.153091430664062
26.591812133789062
15.628609657287598
5.734288692474365
16.55449104309082
22.444618225097656
37.95322036743164
11.083611488342285
22.861352920532227
13.93598747253418
40.9851188659668
23.52303123474121
22.4404296875
36.547035217285156
10.477399826049805
36.305606842041016
6.82135534286499
42.702613830566406
16.049062728881836
17.13368797302246
22.210180282592773
17.000152587890625
17.194841384887695
24.166257858276367
34.76185607910156
31.655473709106445
21.302377700805664
15.346996307373047
29.65968132019043
22.808263778686523
21.74527931213379
30.930526733398438
14.018172264099121
29.388235092163086
14.165884971618652
36.28335189819336
9.497803688049316
27.49420738220215
21.037235260009766
2.152369499206543
13.51125717163086
30.17474937438965
25.14381980895996
17.79420280456543
15.466001510620117
21.02554702758789
9.353096961975098
26.765148162841797
36.74013900756836
33.90719223022461
27.563865661621094
15.03164005279541
30.636653900146484
33.80594253540039
44.54851150512695
24.9581298828125
24.150707244873047
25.76944923400879
6.00148868560791
19.157732009887695
14.321298599243164
22.31968879699707
37.72028732299805
11.335205078125
9.867691040039062
17.095016479492188
11.24642562866211
35.34279251098633
20.261646270751953
23.468830108642578
26.54191017150879
12.036495208740234
20.521575927734375
1.5419366359710693
19.212390899658203
26.501392364501953
26.454288482666016
11.913504600524902
13.821356773376465
18.735200881958008
46.12059783935547
36.990150451660156
11.392624855041504
18.345869064331055
17.229164123535156
9.764305114746094
18.450307846069336
15.749162673950195
22.18087387084961
20.05557632446289
17.942672729492188
13.662008285522461
26.66812515258789
22.40298843383789
3.722543478012085
33.5190544128418
28.476390838623047
19.77553367614746
27.294919967651367
25.032827377319336
27.92494773864746
15.990200996398926
39.215797424316406
33.853416442871094
26.33094024658203
16.231159210205078
7.330356121063232
15.164329528808594
29.743118286132812
18.422161102294922
17.829654693603516
17.994766235351562
19.41909408569336
33.56903076171875
25.225704193115234
41.182884216308594
20.85289764404297
11.463177680969238
30.911069869995117
11.227377891540527
21.815702438354492
20.286272048950195
20.928239822387695
21.550296783447266
21.511585235595703
17.770965576171875
27.483240127563477
34.99890899658203
42.37717819213867
24.012237548828125
25.49612045288086
29.46010971069336
35.978187561035156
31.506563186645508
29.61639976501465
28.534236907958984
34.43363952636719
34.1845703125
21.500423431396484
31.51031494140625
12.5675687789917
22.11056137084961
25.731306076049805
29.39989471435547
12.47673225402832
12.105814933776855
21.51041603088379
25.54695701599121
21.554832458496094
26.286121368408203
31.534326553344727
7.564805507659912
34.809024810791016
36.54242706298828
46.86580276489258
26.4432315826416
19.804683685302734
22.282560348510742
31.866243362426758
20.573585510253906
21.104684829711914
18.213850021362305
20.80602264404297
16.11978530883789
15.684720993041992
22.258378982543945
9.297606468200684
30.999324798583984
21.776927947998047
20.147119522094727
15.959810256958008
35.92748260498047
42.0799560546875
15.530062675476074
14.263280868530273
11.004467964172363
13.232735633850098
31.608745574951172
17.405170440673828
29.750139236450195
16.33920669555664
19.632192611694336
25.163223266601562
25.93824577331543
35.95260238647461
17.092370986938477
24.698551177978516
23.160900115966797
24.336484909057617
33.349369049072266
35.909297943115234
26.647443771362305
32.91825485229492
18.685287475585938
30.278852462768555
19.754011154174805
22.624338150024414
38.83960723876953
22.67498207092285
11.86248779296875
39.605613708496094
25.04196548461914
35.80177307128906
15.939335823059082
32.54793167114258
36.30860137939453
38.2420539855957
13.475214958190918
27.78031349182129
29.875911712646484
23.01675033569336
10.649284362792969
30.455310821533203
14.186927795410156
14.519692420959473
20.245317459106445
16.57859230041504
21.35780143737793
14.660126686096191
24.013805389404297
19.39215087890625
26.7452335357666
13.746659278869629
11.767271995544434
14.678875923156738
52.399330139160156
34.66986083984375
6.268803596496582
37.96063995361328
18.393627166748047
31.29159927368164
19.23208999633789
20.57903480529785
30.550214767456055
31.070770263671875
9.093681335449219
22.339792251586914
15.638287544250488
20.195920944213867
34.01387405395508
19.18207359313965
24.19182777404785
18.254758834838867
27.04125213623047
19.164222717285156
13.046270370483398
32.74863815307617
14.860496520996094
21.974660873413086
33.90120315551758
37.10704040527344
35.43526840209961
29.912141799926758
15.299810409545898
26.595380783081055
14.771621704101562
44.42328643798828
12.39690113067627
23.66673469543457
23.104633331298828
25.22672462463379
21.67798614501953
21.330097198486328
25.82604217529297
17.7475528717041
33.926353454589844
41.92748260498047
21.121116638183594
20.94452476501465
4.06709098815918
20.562938690185547
28.4464111328125
33.77965545654297
2.9883179664611816
14.39163875579834
19.661712646484375
12.7720947265625
20.931068420410156
51.781856536865234
24.210655212402344
30.379955291748047
26.27954864501953
29.12238311767578
6.3784379959106445
18.37535285949707
22.953542709350586
25.917274475097656
25.07761001586914
10.3334321975708
13.726841926574707
33.2397575378418
21.383872985839844
20.76207733154297
6.837978363037109
47.25733184814453
25.193378448486328
27.09853744506836
31.343448638916016
33.10251235961914
40.55641174316406
25.172746658325195
30.916597366333008
36.11058807373047
25.64019012451172
16.811704635620117
7.889214038848877
10.799152374267578
12.213630676269531
23.811176300048828
29.310016632080078
28.707942962646484
27.276838302612305
8.342024803161621
18.973560333251953
58.69705581665039
17.825437545776367
19.110815048217773
19.855791091918945
23.14237403869629
25.327299118041992
22.908838272094727
13.944457054138184
29.8909969329834
43.83218765258789
22.87057113647461
21.606285095214844
57.390113830566406
28.347919464111328
9.017448425292969
17.645601272583008
26.15005874633789
9.155157089233398
54.05328369140625
21.73883056640625
37.10380935668945
22.699575424194336
27.27974510192871
12.065547943115234
11.819703102111816
16.85314178466797
41.30318069458008
54.66419219970703
37.034297943115234
11.296573638916016
26.814247131347656
22.3681583404541
25.36118507385254
18.687864303588867
13.792708396911621
25.809633255004883
16.981645584106445
26.142574310302734
23.40392303466797
26.2918758392334
16.026185989379883
15.617317199707031
24.557344436645508
5.807308673858643
13.8492431640625
31.203073501586914
32.37388610839844
35.706443786621094
17.303421020507812
26.51852798461914
24.24774742126465
22.916698455810547
25.449617385864258
12.951095581054688
42.83589553833008
12.627169609069824
21.998018264770508
26.579713821411133
20.89361572265625
18.84200668334961
23.565458297729492
29.26262664794922
32.18351364135742
31.092744827270508
28.257247924804688
4.960292816162109
20.930999755859375
17.91176986694336
33.570796966552734
31.287700653076172
16.87818717956543
18.09797477722168
43.938087463378906
23.39982795715332
7.410755157470703
26.613170623779297
13.87008285522461
16.92060661315918
21.336339950561523
16.499513626098633
7.7202935218811035
21.207836151123047
17.765525817871094
19.02617073059082
34.51456069946289
26.45496940612793
23.359905242919922
33.570892333984375
18.68832778930664
17.870853424072266
28.738025665283203
41.63534164428711
25.817445755004883
39.57147979736328
38.535057067871094
41.936344146728516
33.227935791015625
19.817657470703125
20.342220306396484
16.361730575561523
38.35683822631836
18.88218116760254
24.30270767211914
27.97991180419922
19.057458877563477
22.38404083251953
39.37739562988281
41.27280044555664
14.839235305786133
24.866802215576172
34.58564376831055
20.648067474365234
33.883453369140625
28.914608001708984
27.98176383972168
20.605112075805664
22.32745933532715
20.14095687866211
20.402484893798828
21.584819793701172
23.655553817749023
22.38504409790039
26.160804748535156
27.37947654724121
19.100202560424805
8.685052871704102
12.874484062194824
40.186119079589844
18.103832244873047
23.843971252441406
32.58597946166992
18.28264808654785
11.507354736328125
6.97883939743042
27.110437393188477
19.058719635009766
14.582216262817383
19.0079288482666
33.27152633666992
23.473358154296875
24.232566833496094
23.06780433654785
14.453505516052246
22.170204162597656
16.991506576538086
30.860504150390625
24.302383422851562
8.584510803222656
21.217159271240234
24.90778350830078
21.68511962890625
20.758054733276367
11.369077682495117
29.586288452148438
13.869888305664062
13.559577941894531
23.547748565673828
15.54275131225586
19.84393310546875
23.054569244384766
38.20085525512695
30.34161949157715
2.6235435009002686
14.445920944213867
9.275972366333008
12.730238914489746
8.862045288085938
52.35052490234375
45.03746795654297
31.37180519104004
30.831653594970703
32.55860137939453
24.50093650817871
42.277122497558594
42.077369689941406
17.58007049560547
33.52013397216797
29.495317459106445
22.803367614746094
49.71281433105469
15.409017562866211
16.7425537109375
19.554290771484375
11.847878456115723
28.415231704711914
49.44293212890625
39.05023193359375
24.40767478942871
8.6058931350708
11.216595649719238
22.34417724609375
20.216455459594727
23.02496337890625
36.19501495361328
23.956275939941406
46.48485565185547
24.88446044921875
13.934696197509766
29.42872428894043
24.003047943115234
17.26255989074707
25.686683654785156
15.589330673217773
7.024934768676758
31.180402755737305
29.25977897644043
39.91571807861328
9.781009674072266
21.98313331604004
28.50373077392578
25.331823348999023
12.415644645690918
29.304576873779297
26.46757698059082
24.344402313232422
25.361251831054688
25.335012435913086
36.38341522216797
17.26161003112793
12.404946327209473
14.330836296081543
20.132282257080078
16.547359466552734
14.90133285522461
19.330766677856445
29.67925453186035
5.402019023895264
19.407695770263672
26.084672927856445
31.860776901245117
26.983322143554688
18.99156951904297
13.982333183288574
23.424808502197266
19.318492889404297
16.512550354003906
30.601669311523438
37.413578033447266
19.519758224487305
40.54450225830078
21.798057556152344
43.74186706542969
22.264467239379883
19.212499618530273
8.892586708068848
21.930234909057617
30.025146484375
21.79534149169922
41.834896087646484
23.526769638061523
25.110679626464844
16.955486297607422
5.201231956481934
27.777488708496094
14.565415382385254
37.79507827758789
38.18302536010742
35.841712951660156
15.456136703491211
16.50154685974121
18.98628807067871
14.885807037353516
5.405785083770752
10.483325004577637
36.24318313598633
18.065235137939453
25.928829193115234
29.093944549560547
17.002540588378906
23.92383575439453
33.32178497314453
34.522281646728516
15.495549201965332
11.584427833557129
34.630069732666016
37.953487396240234
11.990763664245605
28.761211395263672
29.512699127197266
33.50231170654297
27.622882843017578
22.4389591217041
10.462972640991211
39.23530578613281
23.3516902923584
19.549596786499023
27.932973861694336
28.596942901611328
21.24648666381836
18.054664611816406
16.72279930114746
13.023466110229492
31.258350372314453
35.932334899902344
33.507991790771484
20.119802474975586
16.051902770996094
19.837142944335938
37.2721061706543
9.084047317504883
30.282751083374023
35.24097442626953
20.546802520751953
31.84446144104004
14.170018196105957
19.537921905517578
8.88861083984375
12.134123802185059
22.21335220336914
27.802324295043945
25.398006439208984
38.327823638916016
22.409231185913086
32.135250091552734
31.347118377685547
6.959502696990967
19.14931297302246
38.31795120239258
42.5885124206543
15.866621971130371
46.57390594482422
34.249107360839844
12.98643684387207
14.10681438446045
18.8629150390625
25.32345199584961
54.98829650878906
15.054023742675781
21.261985778808594
14.952722549438477
35.92948913574219
15.985523223876953
22.059228897094727
9.772956848144531
26.418743133544922
20.30849838256836
4.774867057800293
23.39940071105957
12.636134147644043
31.178159713745117
8.129899978637695
23.40811538696289
30.5590763092041
26.874357223510742
44.32826614379883
28.971769332885742
31.510650634765625
18.4362735748291
38.82361602783203
35.409175872802734
18.76035499572754
16.149808883666992
25.42645835876465
25.255176544189453
9.739035606384277
29.76711082458496
38.87412643432617
27.561786651611328
47.07817459106445
27.018571853637695
31.924774169921875
39.197792053222656
24.81120491027832
10.887478828430176
15.741127014160156
32.167335510253906
25.736360549926758
26.7889347076416
20.118452072143555
36.466758728027344
24.109716415405273
17.745399475097656
10.177654266357422
28.66649627685547
13.058351516723633
17.52212905883789
10.009286880493164
17.710617065429688
40.701717376708984
24.949462890625
22.73749351501465
12.959297180175781
32.009212493896484
20.18033790588379
9.159249305725098
48.86210632324219
18.975704193115234
18.99687957763672
15.015388488769531
5.379519462585449
25.046810150146484
33.8912239074707
9.983494758605957
13.83934497833252
20.57027816772461
35.99462890625
10.299927711486816
13.774681091308594
19.18878173828125
39.41921615600586
10.295985221862793
23.323740005493164
18.233783721923828
19.225858688354492
32.582862854003906
18.69487953186035
34.866241455078125
11.907183647155762
9.169998168945312
14.792546272277832
19.17730712890625
30.53974151611328
22.587005615234375
31.07372283935547
12.492853164672852
14.360001564025879
29.25930404663086
29.222396850585938
35.31719207763672
19.6854248046875
29.27829933166504
18.677278518676758
25.79523468017578
18.705398559570312
9.770120620727539
25.904094696044922
24.233760833740234
24.1085205078125
22.386184692382812
23.58303451538086
24.050222396850586
14.772720336914062
16.22439956665039
35.87314987182617
31.958560943603516
18.56673240661621
39.00612258911133
24.874481201171875
21.03372573852539
22.68535041809082
8.738361358642578
20.433578491210938
50.5689582824707
7.270771503448486
17.3271541595459
21.73064422607422
27.668420791625977
26.575490951538086
28.85933494567871
28.03690528869629
16.496112823486328
22.127700805664062
34.91741180419922
38.7913703918457
36.36704635620117
22.100374221801758
34.90011978149414
27.349491119384766
27.722509384155273
33.872344970703125
11.816085815429688
32.240379333496094
25.717510223388672
18.699125289916992
37.98973846435547
34.403541564941406
13.096586227416992
59.531978607177734
26.529178619384766
33.70595932006836
8.702900886535645
12.491181373596191
15.626338958740234
25.69208526611328
19.806900024414062
32.45539093017578
23.192977905273438
26.527088165283203
20.81785774230957
46.39091491699219
20.394601821899414
9.779048919677734
19.15994644165039
35.544189453125
28.52733612060547
22.039039611816406
20.01527976989746
18.925457000732422
30.851900100708008
27.323810577392578
21.716556549072266
21.525876998901367
33.31509780883789
21.05988311767578
30.798463821411133
25.923158645629883
53.63495635986328
22.016355514526367
15.994013786315918
15.77724838256836
30.318206787109375
18.74495506286621
20.8199462890625
19.322572708129883
13.548066139221191
39.36617660522461
26.49408531188965
8.340980529785156
24.070960998535156
28.543840408325195
26.79857635498047
33.03208923339844
22.73838996887207
15.988862991333008
21.989070892333984
30.55552864074707
51.731483459472656
23.951335906982422
25.348636627197266
24.212623596191406
30.280624389648438
29.526710510253906
27.903533935546875
24.281848907470703
7.771684646606445
17.77651023864746
30.73729133605957
13.51156234741211
42.25520706176758
17.626941680908203
38.402652740478516
28.84109878540039
8.00965690612793
26.06639289855957
17.3662166595459
30.633562088012695
10.924388885498047
14.915019035339355
23.764305114746094
32.99962615966797
13.7601318359375
16.67473602294922
23.603130340576172
49.712120056152344
63.457908630371094
15.501246452331543
10.382608413696289
21.345684051513672
21.652198791503906
19.224258422851562
22.933921813964844
11.74699592590332
21.753036499023438
9.782654762268066
8.83204174041748
17.366050720214844
24.924747467041016
19.59860610961914
16.05177879333496
34.45603942871094
37.00312042236328
19.446962356567383
36.474693298339844
13.385358810424805
23.192041397094727
28.50491714477539
38.32570266723633
23.94489097595215
28.63715362548828
13.3701171875
43.258750915527344
38.485294342041016
21.169818878173828
12.786696434020996
15.643669128417969
29.058727264404297
18.142288208007812
12.395968437194824
22.40968894958496
35.2240104675293
31.582181930541992
23.323177337646484
16.640174865722656
12.887535095214844
31.591073989868164
26.22039222717285
9.821843147277832
26.1892032623291
34.446136474609375
23.926849365234375
32.44448471069336
25.016019821166992
9.169441223144531
25.494543075561523
19.125715255737305
14.03138256072998
36.09996795654297
25.131866455078125
26.9251708984375
6.596349716186523
34.24628448486328
23.482912063598633
22.927186965942383
21.058425903320312
12.208791732788086
7.6637091636657715
15.653369903564453
20.086023330688477
27.147254943847656
26.00123405456543
38.25414276123047
32.93502426147461
27.50602149963379
20.908599853515625
12.330592155456543
26.071069717407227
47.61985778808594
13.888824462890625
14.651910781860352
33.17169952392578
26.88457489013672
22.544639587402344
44.856380462646484
25.072509765625
5.670021057128906
17.71924591064453
17.597064971923828
25.889219284057617
26.685565948486328
20.16497802734375
20.308977127075195
27.571348190307617
41.42679214477539
30.2345027923584
29.480798721313477
22.575681686401367
9.654245376586914
33.52326965332031
12.521142959594727
5.886242866516113
26.434959411621094
32.97610855102539
47.93321228027344
22.662654876708984
25.38486671447754
24.435436248779297
20.399351119995117
16.870609283447266
20.86174201965332
13.46462345123291
13.256308555603027
7.409356594085693
11.615232467651367
36.00094985961914
18.416412353515625
9.581454277038574
31.068756103515625
35.1174201965332
11.999794960021973
34.02339553833008
13.95070743560791
19.525842666625977
29.078832626342773
16.092866897583008
19.184188842773438
19.403512954711914
28.135549545288086
22.117752075195312
31.90627670288086
12.568982124328613
13.361295700073242
28.113977432250977
26.404071807861328
27.3933162689209
11.7665376663208
30.82822036743164
30.671369552612305
30.08783531188965
25.164451599121094
37.20127868652344
35.948455810546875
38.98237228393555
35.242984771728516
27.99657440185547
23.728574752807617
25.006168365478516
17.94190788269043
18.912504196166992
31.594390869140625
19.790637969970703
15.643725395202637
18.047950744628906
17.68563461303711
15.734410285949707
8.180968284606934
22.14051628112793
35.82404708862305
29.994123458862305
31.528196334838867
13.201028823852539
29.32305335998535
21.428443908691406
26.778446197509766
7.030447959899902
25.89604377746582
29.813671112060547
23.56266212463379
23.649660110473633
16.24203109741211
23.021873474121094
28.248756408691406
17.8267822265625
7.871485710144043
15.156068801879883
44.69259262084961
26.711196899414062
29.110990524291992
16.85051155090332
37.577884674072266
15.645359992980957
30.699583053588867
15.751643180847168
29.694849014282227
20.37907600402832
31.513822555541992
39.87192153930664
34.470863342285156
37.21802520751953
30.45769691467285
21.83938980102539
30.413780212402344
25.48824119567871
25.02770233154297
17.547563552856445
41.43500900268555
24.308460235595703
28.583499908447266
19.28608512878418
27.853282928466797
29.41533660888672
10.580615043640137
4.907418727874756
15.554847717285156
36.298866271972656
20.54049301147461
28.040058135986328
32.618892669677734
21.68598175048828
19.0250301361084
22.546789169311523
9.652166366577148
9.605033874511719
20.363157272338867
28.972427368164062
26.301048278808594
13.75041675567627
9.327526092529297
19.470876693725586
22.153894424438477
32.38654708862305
29.256864547729492
20.004003524780273
12.34916877746582
32.23931884765625
42.24538803100586
19.69849395751953
32.054988861083984
20.251544952392578
34.02545166015625
26.883047103881836
11.4472017288208
23.350337982177734
26.50988006591797
26.651287078857422
38.683555603027344
37.79439163208008
26.10569190979004
19.624706268310547
38.94342041015625
13.41344165802002
29.01866340637207
21.441768646240234
24.407041549682617
16.923620223999023
25.400930404663086
17.683156967163086
27.952808380126953
18.834495544433594
20.935178756713867
12.116004943847656
20.617652893066406
31.331130981445312
14.498384475708008
28.53475570678711
22.688758850097656
35.09081268310547
44.966087341308594
25.178983688354492
21.645292282104492
26.03343391418457
11.38254165649414
16.72054672241211
23.84766960144043
21.700517654418945
31.332721710205078
29.26260757446289
29.332199096679688
16.478532791137695
23.418737411499023
22.978487014770508
17.103004455566406
10.1709566116333
19.69329261779785
22.553699493408203
6.18730354309082
33.56526565551758
36.2104377746582
36.3887939453125
21.38536834716797
18.270950317382812
22.682567596435547
35.80314254760742
21.567296981811523
11.31512451171875
18.2650089263916
21.32577133178711
22.340761184692383
24.672794342041016
27.407241821289062
21.287982940673828
15.514625549316406
19.96880340576172
20.34415626525879
19.450166702270508
6.609408378601074
24.449983596801758
32.97888946533203
16.490903854370117
38.0645751953125
18.25779914855957
18.33910369873047
23.185056686401367
15.46447467803955
40.05232620239258
6.795022964477539
25.60934066772461
21.738920211791992
23.29413604736328
45.15043258666992
28.44990348815918
24.75945472717285
15.787041664123535
22.796329498291016
28.55565643310547
29.423038482666016
31.8999080657959
27.69948387145996
3.7130391597747803
33.67793273925781
24.445417404174805
31.19639778137207
24.773557662963867
36.84932327270508
29.115215301513672
29.835302352905273
9.916646003723145
26.158100128173828
9.670442581176758
18.17839813232422
17.034940719604492
26.03474998474121
44.7985725402832
13.282014846801758
20.558292388916016
22.890426635742188
18.880630493164062
25.61530303955078
19.10519790649414
21.526750564575195
12.312501907348633
18.8900203704834
22.873851776123047
24.152976989746094
24.90049171447754
14.476177215576172
37.62638473510742
14.607938766479492
29.647912979125977
20.10451316833496
12.4229097366333
9.50360107421875
30.901512145996094
12.573567390441895
22.6112060546875
14.885641098022461
29.509864807128906
14.035895347595215
5.645936965942383
27.86617088317871
29.84908676147461
27.69007682800293
22.611988067626953
11.206406593322754
10.389752388000488
24.107219696044922
30.89701271057129
6.059534072875977
30.768898010253906
19.825435638427734
28.788013458251953
17.06295394897461
12.558470726013184
29.634828567504883
26.677270889282227
33.77471923828125
37.212181091308594
22.521242141723633
3.054408073425293
17.01197624206543
17.272703170776367
16.28007698059082
23.760372161865234
11.583001136779785
35.392547607421875
25.33890724182129
22.70085906982422
19.45046615600586
14.802037239074707
24.29376220703125
26.109010696411133
12.280620574951172
18.03585433959961
22.824951171875
15.065348625183105
9.007043838500977
27.79517364501953
19.298555374145508
18.394376754760742
30.53303337097168
18.490135192871094
21.788555145263672
9.593505859375
43.28376007080078
12.607852935791016
21.743663787841797
17.141061782836914
14.383880615234375
37.86286544799805
31.919832229614258
13.325384140014648
20.101314544677734
20.87277603149414
10.207819938659668
19.642784118652344
33.96079635620117
12.771020889282227
23.95722007751465
5.721470832824707
17.040136337280273
27.474918365478516
20.779809951782227
33.022735595703125
25.290245056152344
17.189441680908203
21.482004165649414
27.43191146850586
15.795433044433594
22.95294761657715
51.383872985839844
14.623576164245605
25.848552703857422
12.108250617980957
21.146846771240234
11.076517105102539
41.37175750732422
13.519881248474121
35.01232147216797
27.068532943725586
20.552217483520508
26.732126235961914
12.440827369689941
12.241698265075684
23.013050079345703
37.10324478149414
50.03853225708008
28.836284637451172
51.53081512451172
6.6027421951293945
38.87968063354492
29.382129669189453
24.718544006347656
29.549606323242188
39.28459930419922
14.911737442016602
30.414403915405273
20.813732147216797
13.643769264221191
33.52608871459961
25.889881134033203
19.140296936035156
17.632766723632812
19.41106605529785
16.598777770996094
18.825782775878906
16.66236686706543
13.080512046813965
22.733461380004883
18.082168579101562
31.574018478393555
31.970001220703125
33.25823211669922
14.198895454406738
25.46435546875
20.25107192993164
22.672718048095703
39.62194061279297
42.65816879272461
30.669448852539062
24.300792694091797
23.635009765625
3.1498332023620605
28.044967651367188
27.13711929321289
34.03376007080078
19.99191665649414
26.62775230407715
36.34257888793945
27.873716354370117
39.543365478515625
30.0364990234375
32.856143951416016
38.032188415527344
16.534732818603516
9.509818077087402
19.566970825195312
33.73844528198242
28.0860652923584
27.767608642578125
16.382740020751953
27.22904396057129
26.16728401184082
17.1416072845459
20.116565704345703
17.708221435546875
21.484573364257812
53.129520416259766
33.62263107299805
5.8212971687316895
13.232109069824219
20.309206008911133
26.620969772338867
21.85313606262207
29.262454986572266
13.719870567321777
18.127050399780273
22.55835723876953
16.541582107543945
23.593719482421875
24.205486297607422
27.47104263305664
33.74198913574219
15.38218879699707
21.81355094909668
8.601574897766113
12.946460723876953
19.395191192626953
15.182520866394043
37.95780563354492
30.33052635192871
23.67962074279785
6.737415790557861
25.24908447265625
51.64487838745117
28.702285766601562
26.55451202392578
24.88532257080078
23.28487205505371
24.779438018798828
24.930400848388672
26.563066482543945
36.97946548461914
16.435914993286133
20.287328720092773
19.826799392700195
17.4512939453125
20.71748161315918
10.674570083618164
26.633684158325195
24.409122467041016
13.17097282409668
10.535665512084961
31.64691734313965
3.823115110397339
40.999176025390625
25.306058883666992
13.371255874633789
21.715343475341797
26.086118698120117
12.139985084533691
30.604045867919922
6.154323577880859
23.850765228271484
18.934646606445312
24.98564338684082
30.104076385498047
28.795215606689453
8.479917526245117
23.425199508666992
15.487765312194824
5.941034317016602
42.2309455871582
7.7738165855407715
11.518625259399414
11.955153465270996
40.37281799316406
40.02687454223633
22.387269973754883
3.017362594604492
23.61144256591797
71.59111022949219
24.915355682373047
41.61130142211914
24.670310974121094
17.99588394165039
43.61400604248047
22.87540054321289
7.909477233886719
12.715373992919922
32.505916595458984
25.054960250854492
12.888419151306152
18.922117233276367
19.900373458862305
30.958343505859375
26.97892189025879
31.895633697509766
15.389086723327637
23.591459274291992
17.39261817932129
24.601451873779297
31.320053100585938
24.53160285949707
23.314556121826172
5.159891128540039
3.398153066635132
25.8494873046875
18.79411506652832
13.42819881439209
28.495187759399414
17.740156173706055
34.063201904296875
33.63554000854492
10.514512062072754
8.980656623840332
22.836172103881836
30.3124942779541
38.91650390625
25.814851760864258
32.68342590332031
30.564619064331055
22.325965881347656
32.93113708496094
32.81113052368164
13.295808792114258
18.251497268676758
35.02851867675781
41.198974609375
12.394095420837402
46.23148727416992
9.784290313720703
20.154537200927734
23.668283462524414
15.874642372131348
36.52826690673828
39.77308654785156
17.117494583129883
25.05052375793457
26.855619430541992
31.247604370117188
16.72602081298828
24.044225692749023
32.779945373535156
23.89702033996582
41.327613830566406
25.467077255249023
29.700693130493164
36.719730377197266
26.46553611755371
28.38372230529785
20.235855102539062
28.83458709716797
31.55083465576172
18.36771011352539
20.997777938842773
32.99760437011719
26.23624610900879
24.775285720825195
21.47492027282715
15.883647918701172
29.32545280456543
26.076818466186523
12.800023078918457
10.116010665893555
35.987239837646484
27.60768699645996
31.05268669128418
14.583194732666016
11.033855438232422
21.545482635498047
32.493858337402344
24.078323364257812
17.83867835998535
18.121845245361328
27.239574432373047
31.763580322265625
34.8115119934082
10.097124099731445
22.883150100708008
31.151968002319336
22.15987777709961
29.209657669067383
24.734098434448242
30.929616928100586
36.92584228515625
26.809518814086914
22.472871780395508
15.135357856750488
13.224143028259277
13.046939849853516
20.989290237426758
12.992171287536621
41.29458999633789
13.170318603515625
31.36060905456543
30.26259994506836
16.39359474182129
61.85212326049805
19.803937911987305
40.55194091796875
33.38407516479492
20.86500358581543
26.60426139831543
19.265485763549805
34.11946487426758
19.55314826965332
11.815335273742676
33.164913177490234
14.608260154724121
14.319513320922852
20.359872817993164
27.988252639770508
22.172210693359375
17.679332733154297
27.431394577026367
15.105243682861328
21.127187728881836
37.961246490478516
12.105284690856934
18.98395538330078
11.853114128112793
25.228567123413086
33.446014404296875
25.018348693847656
21.8065185546875
14.173737525939941
45.152809143066406
24.018917083740234
37.857486724853516
17.167585372924805
24.25353240966797
21.299692153930664
29.29352569580078
22.86804962158203
18.918664932250977
22.524063110351562
33.35986328125
25.560924530029297
18.37433433532715
36.50738525390625
28.200016021728516
27.76800537109375
13.663982391357422
28.10472869873047
23.537460327148438
28.868661880493164
28.652523040771484
28.559711456298828
25.2143497467041
16.915786743164062
27.070344924926758
41.904598236083984
19.723190307617188
22.871091842651367
23.730417251586914
7.94727897644043
25.799341201782227
34.59861755371094
48.62018966674805
22.590059280395508
33.52760314941406
22.70254135131836
7.833026885986328
29.440082550048828
16.62520408630371
21.13999366760254
20.56059455871582
28.244915008544922
45.23326873779297
8.506525993347168
29.216676712036133
35.07553482055664
21.035930633544922
13.980968475341797
3.271003007888794
21.709148406982422
9.340154647827148
26.132108688354492
39.60080337524414
22.49940299987793
15.00428295135498
42.336402893066406
14.677081108093262
34.55279541015625
35.01760482788086
23.942161560058594
44.09841537475586
10.951398849487305
41.96183395385742
28.945384979248047
17.095848083496094
39.46479797363281
19.029552459716797
27.15161895751953
18.365854263305664
33.776031494140625
22.972976684570312
17.41507911682129
12.856268882751465
15.760287284851074
18.854820251464844
33.988040924072266
31.00398826599121
21.919204711914062
31.637075424194336
34.06595230102539
30.98362922668457
8.654341697692871
23.18268585205078
31.70589256286621
35.38166046142578
22.023483276367188
1.836759328842163
20.677146911621094
16.031179428100586
21.803850173950195
15.3901948928833
20.456026077270508
22.86398696899414
28.130380630493164
27.918598175048828
33.95710372924805
23.969263076782227
16.016277313232422
23.040802001953125
54.572975158691406
35.51706314086914
20.014095306396484
33.1762809753418
18.876447677612305
14.131322860717773
25.451892852783203
18.57574462890625
30.568071365356445
34.80317306518555
15.313003540039062
14.841333389282227
22.798015594482422
10.678282737731934
19.921653747558594
23.080175399780273
12.250997543334961
9.01752758026123
12.251189231872559
20.079959869384766
27.74867057800293
16.671676635742188
19.737958908081055
17.6091251373291
22.437318801879883
19.33713722229004
42.17839813232422
26.976320266723633
31.14710235595703
26.084407806396484
38.74418258666992
25.507736206054688
43.19552993774414
18.190690994262695
27.08661651611328
17.451929092407227
15.819477081298828
13.669100761413574
17.057247161865234
15.187949180603027
21.032045364379883
49.94374465942383
7.055395603179932
13.56656551361084
23.753942489624023
14.022879600524902
18.94498634338379
15.85262393951416
31.02829360961914
16.239871978759766
25.532730102539062
11.866342544555664
31.32868003845215
20.367176055908203
36.79273986816406
33.63801574707031
18.247472763061523
12.960609436035156
18.774307250976562
27.103477478027344
26.106765747070312
34.101810455322266
11.631346702575684
33.96887969970703
15.187698364257812
25.733898162841797
58.405067443847656
26.398313522338867
14.312458038330078
18.700748443603516
9.08331298828125
25.87672233581543
9.038723945617676
25.107833862304688
18.479568481445312
11.416467666625977
27.974212646484375
22.896228790283203
15.853979110717773
22.63747787475586
19.654794692993164
11.480438232421875
33.21965026855469
14.779561042785645
13.134974479675293
18.275341033935547
18.078882217407227
25.343130111694336
16.916574478149414
14.853245735168457
54.50167465209961
23.047813415527344
25.526981353759766
25.025741577148438
27.589248657226562
6.27958869934082
8.833805084228516
32.62715530395508
34.20703887939453
49.586910247802734
24.268024444580078
24.742177963256836
18.959583282470703
12.399998664855957
16.476987838745117
41.90812301635742
22.33131980895996
25.253952026367188
11.060022354125977
36.393592834472656
21.243328094482422
22.512962341308594
38.58587646484375
22.099552154541016
41.413326263427734
24.23433494567871
24.96654510498047
7.22772741317749
20.417156219482422
34.66096496582031
29.094928741455078
15.89770221710205
32.17177200317383
28.677223205566406
22.454254150390625
40.01701354980469
40.18870544433594
10.413612365722656
23.696247100830078
25.07914161682129
13.917475700378418
31.54824447631836
30.816570281982422
22.61368179321289
12.647644996643066
18.452648162841797
19.851757049560547
33.24183654785156
29.38282012939453
3.493551254272461
7.980553150177002
24.439279556274414
19.57355308532715
10.634318351745605
40.185611724853516
30.455608367919922
13.76388931274414
33.996253967285156
18.837051391601562
27.31427574157715
65.40554809570312
9.76427173614502
18.77001190185547
20.97749137878418
4.685418128967285
27.530410766601562
11.487215995788574
15.574886322021484
19.967159271240234
24.664592742919922
5.600080966949463
35.841346740722656
30.905729293823242
11.252734184265137
37.19837188720703
36.01336669921875
31.136539459228516
15.930219650268555
20.481769561767578
27.926856994628906
34.67625427246094
20.49445152282715
16.287736892700195
20.51064109802246
13.177544593811035
26.247509002685547
33.97330856323242
13.590733528137207
30.269357681274414
26.805740356445312
18.048673629760742
33.58980178833008
29.889293670654297
19.153573989868164
23.318748474121094
43.38360595703125
26.245342254638672
26.41449737548828
48.459171295166016
16.57259178161621
18.41542625427246
46.28278350830078
27.007259368896484
26.069543838500977
36.43899917602539
29.614910125732422
14.783377647399902
18.45854377746582
40.75811767578125
32.004425048828125
20.170791625976562
29.875823974609375
39.89981460571289
21.077322006225586
20.79694175720215
29.46971893310547
33.8408088684082
22.736669540405273
34.686302185058594
26.91498565673828
17.75496482849121
16.067018508911133
22.298625946044922
20.763580322265625
21.9526309967041
22.103666305541992
32.20728302001953
32.13172149658203
8.080543518066406
17.550479888916016
34.58757400512695
13.78747844696045
14.41771125793457
15.274389266967773
17.38715171813965
27.315303802490234
27.448251724243164
20.984725952148438
31.457321166992188
27.7811222076416
18.679832458496094
22.316455841064453
18.89656639099121
23.756519317626953
31.341270446777344
23.501893997192383
15.136740684509277
21.704389572143555
32.21122360229492
16.066843032836914
19.653644561767578
35.91448974609375
30.14551544189453
44.708763122558594
18.43083381652832
12.420548439025879
23.320213317871094
31.329761505126953
25.04989242553711
25.445846557617188
40.4294319152832
6.443928241729736
22.68470573425293
34.01275634765625
14.548467636108398
17.48174285888672
18.54230499267578
18.478355407714844
24.501916885375977
33.62651443481445
22.95415496826172
10.864582061767578
23.35704231262207
13.305520057678223
18.992877960205078
23.260234832763672
36.18053436279297
30.476072311401367
20.878761291503906
14.680638313293457
28.710878372192383
13.430668830871582
15.5430908203125
6.517026424407959
38.3365364074707
25.28931427001953
27.493471145629883
29.930347442626953
14.285813331604004
17.99831199645996
29.860509872436523
16.61719512939453
12.503355979919434
21.30791473388672
36.40241241455078
16.85434341430664
23.949451446533203
21.242551803588867
36.043582916259766
20.95343780517578
25.54894256591797
18.00874137878418
22.86125373840332
6.543835639953613
16.770151138305664
29.51171875
25.522581100463867
23.630271911621094
14.989639282226562
32.61101150512695
23.069541931152344
17.394515991210938
37.32851028442383
17.696191787719727
31.610233306884766
37.28927230834961
18.256488800048828
24.076953887939453
42.72260665893555
11.967315673828125
22.818294525146484
18.19649314880371
15.15538215637207
10.42819881439209
33.407718658447266
23.266071319580078
18.71222496032715
31.80260467529297
16.463695526123047
18.377586364746094
34.38405227661133
23.18596839904785
39.9306640625
15.051004409790039
21.046314239501953
10.815178871154785
22.242347717285156
18.237844467163086
9.277616500854492
31.282732009887695
22.525619506835938
24.163076400756836
27.428462982177734
24.767377853393555
24.161230087280273
20.42936134338379
25.187454223632812
7.124444484710693
27.336963653564453
33.24829864501953
10.615779876708984
20.090301513671875
21.770233154296875
17.62868309020996
35.55363082885742
32.02804946899414
36.49028015136719
26.714792251586914
27.6545352935791
21.46653175354004
37.98154067993164
12.799785614013672
34.42662811279297
11.600041389465332
13.536707878112793
26.798954010009766
30.393712997436523
17.687551498413086
29.5930233001709
20.57628631591797
26.94952392578125
33.40729522705078
30.874853134155273
15.78773307800293
23.50830078125
11.432509422302246
24.65863800048828
20.31957244873047
9.927638053894043
34.539939880371094
14.260322570800781
24.30902099609375
13.74485969543457
15.336373329162598
9.692588806152344
20.90298843383789
23.99805450439453
12.131217956542969
16.926517486572266
32.409759521484375
24.025896072387695
8.684330940246582
33.20416259765625
14.018974304199219
21.80620002746582
17.456697463989258
9.901753425598145
14.440117835998535
34.63813018798828
28.542293548583984
16.77731704711914
32.587528228759766
42.14424133300781
21.934741973876953
47.93741989135742
28.175567626953125
12.432869911193848
32.99631118774414
34.98394012451172
24.16997718811035
22.7087345123291
26.42733383178711
36.00706100463867
18.29190444946289
30.223690032958984
15.297142028808594
27.543380737304688
14.844634056091309
44.391517639160156
29.460590362548828
39.348411560058594
4.846473217010498
17.51837158203125
25.508216857910156
27.193727493286133
12.020268440246582
27.639551162719727
23.58694076538086
23.47919273376465
31.218093872070312
10.868807792663574
24.029584884643555
21.52851676940918
20.070981979370117
56.04212951660156
18.96335220336914
17.328847885131836
19.9429931640625
38.62099838256836
28.73626708984375
37.062782287597656
38.81717300415039
21.015546798706055
15.868574142456055
12.791393280029297
9.643475532531738
31.92808723449707
22.88191795349121
30.21242332458496
20.89912223815918
26.906789779663086
24.630577087402344
18.27106285095215
28.79356575012207
16.89963722229004
8.496819496154785
24.953264236450195
30.112571716308594
5.629524230957031
22.517606735229492
36.276981353759766
35.53168487548828
35.18608474731445
13.735024452209473
30.30870819091797
29.60838508605957
40.31130599975586
25.092815399169922
24.20263671875
39.3071403503418
20.20783233642578
22.93992042541504
14.549403190612793
24.908580780029297
20.552377700805664
17.824670791625977
13.190784454345703
14.594988822937012
9.036869049072266
2.8290510177612305
40.30622482299805
41.25608825683594
20.95892333984375
20.848480224609375
23.564334869384766
24.871126174926758
32.49942398071289
30.468273162841797
32.14523696899414
20.476940155029297
23.22864532470703
27.212560653686523
21.082056045532227
24.472190856933594
34.04009246826172
31.899761199951172
15.353853225708008
25.128063201904297
30.963043212890625
25.030027389526367
40.88345718383789
28.185409545898438
28.25261878967285
39.16765213012695
31.138118743896484
19.70022201538086
13.827157974243164
23.084428787231445
12.985013961791992
26.1190128326416
30.443191528320312
24.544431686401367
10.616253852844238
18.380937576293945
22.514007568359375
28.190153121948242
48.38664245605469
24.67305564880371
37.86595153808594
36.310951232910156
28.248960494995117
24.088003158569336
10.93801498413086
27.430622100830078
37.16896438598633
29.1696720123291
29.87721824645996
29.09641456604004
27.085538864135742
17.44333839416504
14.6904296875
8.700200080871582
27.528963088989258
19.426469802856445
27.3106632232666
23.1295108795166
47.48800277709961
23.646718978881836
30.932693481445312
25.54606056213379
15.621757507324219
18.477540969848633
42.81352996826172
27.921894073486328
29.395217895507812
33.81207275390625
44.4879264831543
13.115155220031738
24.222322463989258
15.443842887878418
21.533918380737305
32.90187072753906
19.418651580810547
19.820816040039062
30.92599105834961
24.594303131103516
18.42171859741211
53.09620666503906
30.264312744140625
18.652650833129883
1.9801216125488281
14.021920204162598
35.22306442260742
19.488874435424805
36.794960021972656
21.20753288269043
42.533447265625
23.493066787719727
13.15740966796875
32.881107330322266
10.747895240783691
23.784765243530273
23.705625534057617
7.57887601852417
31.533451080322266
15.343719482421875
37.747596740722656
21.43341636657715
15.447518348693848
19.409730911254883
35.18876266479492
21.911954879760742
41.019466400146484
35.44158935546875
22.68694496154785
34.026878356933594
19.107946395874023
20.011507034301758
33.35019302368164
43.80693817138672
49.18233108520508
41.44485092163086
14.395223617553711
22.894710540771484
33.35489273071289
14.522653579711914
18.582807540893555
51.5977668762207
23.485347747802734
49.455322265625
21.673036575317383
25.927841186523438
16.7584285736084
15.100905418395996
32.3178596496582
21.081310272216797
14.086714744567871
38.41136932373047
14.220110893249512
30.946142196655273
30.81666374206543
7.241530418395996
19.001319885253906
23.99303436279297
34.6507453918457
37.51497268676758
16.827104568481445
22.6693058013916
26.575016021728516
10.607467651367188
24.852947235107422
18.67984962463379
16.361560821533203
45.367435455322266
18.40300750732422
35.570823669433594
19.932281494140625
20.889076232910156
13.769075393676758
35.158851623535156
17.97591209411621
18.753986358642578
5.463892459869385
14.04053783416748
35.93864440917969
22.504249572753906
22.856515884399414
11.337311744689941
13.57691478729248
31.24644660949707
21.150150299072266
40.484039306640625
21.491973876953125
26.471336364746094
23.041433334350586
20.425233840942383
36.37752151489258
22.158796310424805
32.84436798095703
35.741676330566406
23.46771812438965
16.30314064025879
46.78971862792969
13.263376235961914
27.436115264892578
27.5012149810791
23.057205200195312
21.230920791625977
20.602642059326172
20.30352783203125
12.756356239318848
36.751243591308594
47.907981872558594
16.934825897216797
34.44842529296875
16.470905303955078
35.483924865722656
5.0355682373046875
27.717235565185547
34.214149475097656
26.98287582397461
28.720117568969727
