54.78471755981445
41.172027587890625
68.0832290649414
45.36473083496094
79.69102478027344
54.580528259277344
68.56674194335938
39.895111083984375
40.272247314453125
39.80617904663086
55.349849700927734
54.46367263793945
65.66240692138672
46.58075714111328
47.76631164550781
29.04916763305664
38.56222915649414
48.50959777832031
63.6723518371582
86.40222930908203
46.81278610229492
57.114891052246094
63.6908073425293
39.054080963134766
51.7152099609375
67.26936340332031
65.49703216552734
39.15843200683594
35.15590286254883
53.21318435668945
41.20885467529297
38.62666320800781
57.96378707885742
46.02640914916992
42.450958251953125
31.660001754760742
29.773719787597656
62.33436965942383
56.4560546875
77.48326110839844
48.90757751464844
52.84009552001953
72.13214111328125
34.197914123535156
41.36035919189453
75.90917205810547
71.7855224609375
23.430709838867188
24.242130279541016
26.914857864379883
63.464229583740234
63.48219299316406
39.82106018066406
69.9224853515625
26.85163688659668
61.471649169921875
56.4514045715332
57.45245361328125
38.041683197021484
46.38084030151367
28.0994930267334
86.0820083618164
89.15612030029297
36.79242706298828
37.082054138183594
57.297760009765625
61.3741340637207
46.894893646240234
36.54738998413086
43.36147689819336
39.967918395996094
70.6701431274414
29.50696563720703
37.838111877441406
80.94485473632812
66.56196594238281
50.9029655456543
51.86723709106445
90.8131103515625
34.67887878417969
30.965534210205078
67.26990509033203
51.79029083251953
68.6410903930664
24.254547119140625
28.946182250976562
42.02025604248047
79.43392181396484
54.041015625
46.74087905883789
54.37505340576172
54.856597900390625
41.34038162231445
38.441062927246094
42.94974136352539
37.024658203125
54.68250274658203
54.568870544433594
52.849857330322266
27.706668853759766
26.17782974243164
47.03181457519531
75.51006317138672
40.85963439941406
43.08949279785156
58.05815887451172
67.59825134277344
55.566802978515625
84.98380279541016
40.777584075927734
15.371847152709961
51.72161102294922
62.128299713134766
51.20327377319336
44.82618713378906
87.9091796875
26.40363311767578
44.44893264770508
46.08438491821289
54.26507568359375
77.84927368164062
74.85195922851562
54.5203857421875
38.46577453613281
45.37812805175781
52.50416564941406
29.65402603149414
45.54659652709961
64.6591796875
65.66673278808594
65.1265640258789
44.7418327331543
43.33280944824219
67.01261138916016
39.393402099609375
32.4361457824707
46.00092697143555
41.50764465332031
43.38688278198242
49.298736572265625
48.86528015136719
64.5427474975586
50.15712356567383
71.75663757324219
89.61666107177734
34.22211837768555
56.87035369873047
47.5078010559082
51.48834991455078
30.870954513549805
44.02592849731445
69.3865966796875
68.69013977050781
49.55978775024414
65.26643371582031
33.01870346069336
27.959360122680664
61.30649948120117
35.501617431640625
36.51361083984375
66.8746337890625
43.48601531982422
37.60378646850586
85.22327423095703
55.315635681152344
29.36246681213379
63.44098663330078
44.249996185302734
59.44245147705078
38.18391418457031
34.06434631347656
25.69309425354004
60.783504486083984
60.1024169921875
62.16413879394531
40.362125396728516
45.00839614868164
49.039249420166016
55.57680892944336
62.08255386352539
52.923038482666016
61.90736389160156
78.7138671875
45.196231842041016
54.3535270690918
26.171920776367188
76.69668579101562
51.54829025268555
27.019620895385742
52.722869873046875
46.6589241027832
46.31075668334961
49.03437042236328
32.5449104309082
28.81920623779297
65.30673217773438
39.7176399230957
52.675254821777344
45.784420013427734
36.10677719116211
59.13023376464844
29.77924156188965
41.65081787109375
34.451541900634766
42.30739974975586
52.41603088378906
32.76936340332031
45.92549133300781
78.94210052490234
62.6735725402832
46.83790588378906
58.069480895996094
74.01590728759766
45.36800765991211
42.0782585144043
28.846506118774414
51.32670593261719
64.59771728515625
13.781485557556152
35.76874923706055
67.00005340576172
48.16373062133789
34.27447509765625
37.414485931396484
54.596954345703125
78.25663757324219
50.45614242553711
24.276351928710938
53.99091339111328
82.61565399169922
58.999237060546875
61.082855224609375
35.17393493652344
62.00090026855469
33.85612106323242
61.778175354003906
46.4468879699707
63.87160873413086
55.26946258544922
72.630615234375
34.75895309448242
44.40535354614258
42.39279556274414
18.8839168548584
56.10116958618164
35.314945220947266
52.57847595214844
50.68993377685547
47.112213134765625
32.384498596191406
53.463043212890625
50.337371826171875
47.62015914916992
58.597572326660156
66.17916870117188
60.136165618896484
25.129411697387695
42.64072799682617
67.3890151977539
59.6532096862793
51.326961517333984
57.19537353515625
44.7945671081543
39.61921691894531
42.11604309082031
58.29579544067383
42.77908706665039
33.27911376953125
51.5346565246582
87.25152587890625
62.25647735595703
44.89295959472656
35.42414093017578
44.79874801635742
30.26371192932129
43.50438690185547
37.260719299316406
55.971256256103516
72.89041137695312
57.16963195800781
39.13862991333008
60.913551330566406
66.37960815429688
32.38071060180664
41.86074447631836
17.247486114501953
45.625675201416016
47.58568572998047
45.540184020996094
69.05593872070312
36.65211868286133
60.779964447021484
38.19920349121094
51.11891174316406
59.831016540527344
45.90502166748047
57.17495346069336
33.23762512207031
46.554874420166016
33.355464935302734
34.05186462402344
16.167606353759766
45.72566604614258
45.50804901123047
36.86616516113281
53.993194580078125
54.165794372558594
47.71774673461914
47.16683578491211
81.69416046142578
52.99751663208008
59.373905181884766
47.334381103515625
76.46916198730469
100.29248046875
39.19645690917969
59.28365707397461
62.31547164916992
72.17174530029297
52.65038299560547
54.624595642089844
55.10963821411133
64.76441955566406
48.4272575378418
65.56314086914062
55.051212310791016
39.99238586425781
71.1815414428711
61.540504455566406
77.74960327148438
56.77758026123047
69.65731811523438
62.20713424682617
36.29792404174805
51.73426055908203
38.23402786254883
56.99269104003906
74.37416076660156
63.65343475341797
45.917015075683594
46.41392135620117
38.84465789794922
43.367698669433594
57.16814422607422
68.21031188964844
64.65564727783203
49.83763122558594
29.654264450073242
50.55295181274414
54.09465026855469
42.400333404541016
62.473262786865234
42.36984634399414
39.67707443237305
44.619422912597656
57.035037994384766
38.173824310302734
41.740726470947266
41.897987365722656
47.66280746459961
29.354032516479492
35.15325927734375
29.341041564941406
68.5579605102539
58.14992141723633
27.729158401489258
63.93669891357422
93.0940170288086
45.620361328125
38.97754669189453
43.75210952758789
21.749717712402344
75.22581481933594
35.32512664794922
42.51897430419922
53.093563079833984
56.68335723876953
40.87495422363281
43.98377990722656
59.19730758666992
75.0571517944336
89.97518157958984
36.56450271606445
84.98881530761719
52.41046142578125
66.32986450195312
48.209693908691406
58.836849212646484
38.13609313964844
56.21892166137695
68.32662963867188
80.59300231933594
71.1015396118164
40.96975326538086
53.65664291381836
68.00184631347656
68.58230590820312
40.9772834777832
31.935102462768555
44.813682556152344
76.60758972167969
69.16000366210938
48.16621398925781
62.23599624633789
91.75238800048828
54.1591796875
21.948835372924805
45.79702377319336
52.41722869873047
56.120025634765625
41.36494445800781
54.22639083862305
40.89479064941406
57.26176071166992
63.593475341796875
39.512203216552734
30.474346160888672
67.65262603759766
70.91729736328125
64.94621276855469
75.21572875976562
86.80947875976562
50.836517333984375
37.71394348144531
41.11832046508789
31.18082618713379
49.32547378540039
70.3207015991211
50.06654357910156
42.06691360473633
72.13542938232422
39.86063766479492
54.38066482543945
29.541996002197266
29.004446029663086
56.85600662231445
48.44408416748047
32.12152099609375
45.43168640136719
41.41704559326172
49.150421142578125
42.707149505615234
60.66841506958008
55.06596755981445
44.571651458740234
32.410743713378906
59.31433868408203
36.533424377441406
61.94501876831055
39.77848815917969
67.60370635986328
50.20406723022461
48.75458908081055
31.542966842651367
73.92206573486328
44.97029113769531
83.62967681884766
40.40622329711914
36.208213806152344
31.040668487548828
44.71575164794922
66.66460418701172
46.64979553222656
36.62548828125
34.797882080078125
68.43096923828125
56.597042083740234
23.725961685180664
32.15974044799805
37.53182601928711
32.334617614746094
77.83567810058594
70.77906036376953
50.15193557739258
67.051513671875
36.96232223510742
55.366455078125
70.43490600585938
52.693119049072266
57.73590087890625
30.630495071411133
48.5285530090332
67.20543670654297
27.167415618896484
56.88692092895508
80.03573608398438
61.6162223815918
60.37543487548828
50.48300552368164
50.371116638183594
39.857967376708984
87.23081970214844
38.92544937133789
68.6284408569336
60.60155487060547
60.47605895996094
57.74529266357422
51.30426025390625
51.59005355834961
37.35606384277344
79.50257873535156
48.488182067871094
75.26145935058594
45.35976791381836
54.38993835449219
67.59485626220703
43.166908264160156
27.325366973876953
32.45273208618164
30.756277084350586
36.5400390625
38.208744049072266
57.11327362060547
68.9248046875
40.16006851196289
39.59700012207031
27.346660614013672
51.60126495361328
39.79519271850586
37.32247543334961
76.37261199951172
45.80698776245117
49.25090026855469
32.41501998901367
87.24676513671875
28.17251968383789
40.07368850708008
63.52452087402344
57.793724060058594
29.226289749145508
67.62542724609375
35.319950103759766
58.22941589355469
53.42447280883789
68.88130950927734
40.10201644897461
43.01823806762695
53.96686553955078
32.23887634277344
44.468833923339844
66.05250549316406
65.03209686279297
46.33226013183594
66.387939453125
50.097145080566406
44.9074821472168
59.68147659301758
47.74066162109375
51.74894332885742
41.5579833984375
27.415363311767578
29.936616897583008
25.919281005859375
38.00518798828125
81.69207000732422
63.15290832519531
90.19464111328125
44.60157012939453
33.53025817871094
15.992594718933105
41.039554595947266
77.5336685180664
57.81441116333008
50.677772521972656
36.59794998168945
33.30184555053711
43.40131378173828
35.37245178222656
62.671295166015625
38.94926452636719
60.20008850097656
20.298965454101562
58.207740783691406
66.45858001708984
43.441253662109375
67.73603820800781
30.24860191345215
51.174137115478516
53.278533935546875
88.13951110839844
56.10227966308594
69.57491302490234
56.164947509765625
49.41311264038086
42.257938385009766
85.27948760986328
56.58622360229492
44.3048210144043
51.876461029052734
43.27839660644531
57.3220100402832
74.03233337402344
37.070899963378906
40.51371383666992
35.03174591064453
80.5326156616211
53.46437454223633
29.68975067138672
56.964351654052734
28.643041610717773
57.720237731933594
35.75265884399414
51.49238204956055
37.335227966308594
41.88315200805664
34.424339294433594
44.32892608642578
47.276084899902344
61.91884994506836
48.413360595703125
68.3497085571289
58.95095443725586
68.2660140991211
58.080501556396484
38.29803466796875
40.04080581665039
68.79434204101562
57.93233871459961
49.86273956298828
32.05949783325195
61.443084716796875
57.417179107666016
54.909732818603516
59.22740936279297
24.48023223876953
73.77696228027344
31.947568893432617
36.05744171142578
53.50407028198242
53.51345443725586
65.52197265625
68.38092041015625
70.48861694335938
43.959739685058594
70.95510864257812
81.75135803222656
67.05473327636719
58.983436584472656
61.931758880615234
34.46475601196289
45.05854415893555
72.05171966552734
70.86498260498047
53.30570983886719
32.21228790283203
47.45301818847656
33.29765701293945
39.815738677978516
29.92516326904297
84.39442443847656
54.56166458129883
37.09726333618164
60.52064514160156
49.63004684448242
28.66555404663086
45.25810241699219
34.33737564086914
46.03132247924805
56.78187942504883
47.54041290283203
67.01766204833984
51.976783752441406
63.38853073120117
39.43132019042969
40.89381790161133
56.06637954711914
49.239383697509766
44.314998626708984
50.907779693603516
65.61026000976562
44.522666931152344
51.833431243896484
81.14794921875
4.82102108001709
52.43333435058594
54.386775970458984
47.258792877197266
57.23472595214844
72.4864273071289
44.096317291259766
50.95919418334961
45.059043884277344
35.14772033691406
29.726198196411133
19.622997283935547
55.6462287902832
20.406625747680664
20.643625259399414
41.29676818847656
50.600257873535156
28.27883529663086
26.47549057006836
72.12904357910156
42.86423873901367
59.148929595947266
41.99726486206055
24.074338912963867
43.405277252197266
62.271385192871094
33.22919464111328
29.471454620361328
45.135467529296875
30.667644500732422
62.24747085571289
51.18732452392578
59.8878288269043
48.725135803222656
54.22477722167969
45.051509857177734
45.10297775268555
66.96878051757812
60.07362747192383
45.63411331176758
72.8836898803711
46.7366943359375
59.01740646362305
37.281394958496094
36.2733154296875
39.24965286254883
61.80134963989258
63.32122802734375
64.43048858642578
43.51164627075195
38.93351745605469
51.01425552368164
39.53034210205078
30.965158462524414
52.443031311035156
49.782691955566406
56.66181182861328
60.813846588134766
54.065284729003906
50.1952018737793
65.70692443847656
50.76285934448242
54.75068664550781
41.454742431640625
70.94580078125
29.449432373046875
41.369781494140625
63.34587860107422
61.346248626708984
43.68803405761719
47.77731704711914
58.399009704589844
44.08660888671875
56.162986755371094
40.71244430541992
68.38495635986328
58.40987777709961
88.44387817382812
52.811405181884766
80.2687759399414
43.47775650024414
66.6908187866211
46.88175582885742
62.315799713134766
45.603729248046875
68.41961669921875
91.19306945800781
56.07212829589844
19.5195369720459
50.583335876464844
38.39982604980469
42.63075637817383
54.30875015258789
70.5346908569336
47.489566802978516
58.66624450683594
57.57062911987305
63.69037628173828
54.137027740478516
47.927974700927734
59.25194549560547
30.333494186401367
44.08502197265625
32.75969314575195
74.32759857177734
71.0169677734375
40.86870193481445
34.112213134765625
40.749942779541016
42.754310607910156
27.98710823059082
55.6324348449707
29.561176300048828
41.976951599121094
24.552738189697266
64.68540954589844
22.898662567138672
25.922151565551758
53.4423828125
30.75954246520996
70.28504180908203
38.36764907836914
86.88783264160156
62.0308837890625
51.67485427856445
52.162879943847656
61.703426361083984
69.97842407226562
35.42926025390625
59.4788932800293
51.92906951904297
38.90973663330078
65.73641204833984
37.006526947021484
42.96391677856445
34.17752456665039
43.0282096862793
48.42988204956055
70.56460571289062
62.82406234741211
47.78965377807617
74.53819274902344
33.53685760498047
33.749385833740234
76.31431579589844
70.98878479003906
65.79904174804688
43.61296081542969
61.04399871826172
65.15530395507812
60.15801239013672
57.30322265625
51.47932434082031
57.774444580078125
60.991695404052734
41.30851364135742
54.09550857543945
66.04512786865234
50.09430694580078
79.57720184326172
55.54939651489258
65.11209106445312
38.23838806152344
40.24859619140625
24.09174919128418
35.71876907348633
42.86244201660156
58.16600036621094
49.10793685913086
30.815914154052734
60.467655181884766
36.98357009887695
90.25264739990234
39.2360954284668
54.18345260620117
62.01793670654297
55.28236770629883
62.3003044128418
52.00563430786133
32.34279251098633
56.559043884277344
43.296512603759766
63.8296012878418
54.79693603515625
41.60005569458008
34.143611907958984
72.54972839355469
40.88783264160156
45.89889907836914
41.15031433105469
46.11337661743164
23.926010131835938
61.29125213623047
59.52262878417969
54.425254821777344
49.46726989746094
52.07253646850586
65.79849243164062
24.53980827331543
50.979923248291016
89.79540252685547
69.63034057617188
60.88009262084961
60.5034065246582
38.90401077270508
56.32481384277344
51.772865295410156
54.71084213256836
30.308008193969727
66.11726379394531
57.946834564208984
51.0711784362793
34.37697982788086
66.00416564941406
55.494529724121094
48.5948486328125
52.13796615600586
56.286800384521484
45.55656814575195
58.11381530761719
30.461599349975586
41.77423858642578
29.0861873626709
49.92451095581055
36.72336959838867
29.762155532836914
55.263282775878906
49.11717224121094
51.375518798828125
70.00643920898438
48.65556716918945
37.121803283691406
22.397672653198242
53.657066345214844
32.84888458251953
81.93486022949219
54.045684814453125
44.43891143798828
31.482439041137695
54.47554016113281
43.34861373901367
72.382080078125
34.77891540527344
62.38729476928711
58.173912048339844
65.80014038085938
70.05574035644531
87.80412292480469
46.19292449951172
32.524993896484375
78.17090606689453
39.33586502075195
45.24761962890625
89.12067413330078
64.70053100585938
54.51435470581055
43.520355224609375
45.92698287963867
31.401260375976562
89.3927230834961
46.254051208496094
50.94887161254883
79.78874206542969
91.51526641845703
41.382530212402344
51.05971908569336
30.73775291442871
40.88369369506836
51.50823974609375
38.17899703979492
41.7883186340332
43.24920654296875
29.755229949951172
24.87807846069336
97.11256408691406
33.57527160644531
62.65731430053711
42.78937911987305
57.91971969604492
57.18401336669922
39.501747131347656
48.89763641357422
30.09834098815918
13.421347618103027
74.31585693359375
57.81792449951172
40.262638092041016
65.35466766357422
34.222412109375
59.44194793701172
103.49432373046875
68.97500610351562
26.18747901916504
76.73722076416016
70.11482238769531
42.10037612915039
55.520870208740234
89.876708984375
36.02935791015625
65.3596420288086
67.77789306640625
34.9398307800293
50.00322723388672
52.30657196044922
52.654640197753906
54.03578567504883
38.72978973388672
27.752126693725586
47.56343460083008
52.959800720214844
58.71559143066406
45.063697814941406
69.12532806396484
43.85733413696289
67.82646942138672
71.35904693603516
37.684547424316406
57.31154251098633
96.47624969482422
42.9597053527832
56.82416534423828
14.037956237792969
55.41919708251953
60.02986526489258
67.90753936767578
41.27695846557617
50.31587219238281
49.746883392333984
74.16736602783203
68.9685287475586
58.280967712402344
41.958656311035156
18.217666625976562
51.83760070800781
53.02615737915039
64.02324676513672
63.00852966308594
52.373779296875
52.6152458190918
57.00713348388672
92.78010559082031
47.07536697387695
42.792598724365234
63.23365020751953
83.69696044921875
73.51301574707031
85.93424224853516
69.56108856201172
83.97978210449219
60.725101470947266
50.20746994018555
48.37191390991211
42.62381362915039
56.28913879394531
52.82628631591797
49.75087356567383
41.96107482910156
48.05984878540039
41.63475036621094
45.90915298461914
55.29838562011719
37.720115661621094
42.038482666015625
89.18004608154297
56.83753204345703
22.087352752685547
79.88998413085938
22.766456604003906
63.144691467285156
61.50099563598633
63.51463317871094
62.65275573730469
34.60541534423828
34.32551956176758
28.047935485839844
50.28358459472656
47.069580078125
44.29510498046875
46.98153305053711
55.317623138427734
54.8280029296875
53.85358810424805
33.84807586669922
50.65538024902344
27.041790008544922
49.38948440551758
82.50801086425781
67.59088134765625
39.843284606933594
33.260284423828125
47.1423454284668
54.759422302246094
51.48878479003906
67.06208038330078
95.17445373535156
51.740013122558594
56.53212356567383
44.13016128540039
38.24970245361328
28.87233543395996
26.378768920898438
35.4047966003418
43.69921875
66.70616149902344
66.9919662475586
84.76435852050781
50.3769416809082
45.9625244140625
35.40108871459961
81.28819274902344
64.81614685058594
48.12609100341797
39.262664794921875
41.033443450927734
52.050315856933594
60.841766357421875
55.416446685791016
52.38671112060547
86.15486907958984
43.006046295166016
58.64705276489258
45.72541427612305
22.26953125
64.32080841064453
24.209569931030273
57.051063537597656
38.37436294555664
63.50818634033203
47.00539779663086
65.30394744873047
51.99652862548828
58.08622360229492
51.59093475341797
25.908021926879883
56.971981048583984
31.256441116333008
55.28778076171875
54.817108154296875
56.507076263427734
55.40135192871094
37.18281173706055
46.222198486328125
35.32368850708008
54.321678161621094
27.198360443115234
29.681921005249023
52.211204528808594
67.48727416992188
85.57032775878906
46.4923095703125
61.71214294433594
43.11338806152344
92.4767074584961
55.18697738647461
67.38888549804688
52.35560989379883
45.180084228515625
67.03681945800781
28.973369598388672
33.075042724609375
38.18178939819336
20.947877883911133
47.90791320800781
48.15382385253906
37.8059196472168
43.333335876464844
55.15286636352539
29.155303955078125
81.17665100097656
51.437339782714844
59.28989791870117
90.48025512695312
38.57828140258789
72.87203216552734
50.2502326965332
45.70835494995117
59.97758102416992
45.80289840698242
40.5954704284668
57.370635986328125
52.83518600463867
42.465545654296875
77.92184448242188
68.06281280517578
43.8082389831543
54.79751205444336
54.73957061767578
48.50865173339844
61.191314697265625
50.079917907714844
58.256134033203125
37.05583190917969
97.34325408935547
44.879695892333984
57.66843032836914
70.510009765625
58.25928497314453
37.20709228515625
47.87306213378906
36.437076568603516
43.250553131103516
61.7902717590332
85.2064208984375
62.43341064453125
34.804500579833984
57.32280731201172
55.84808349609375
59.28461837768555
62.40047073364258
67.91132354736328
31.84092903137207
42.64196014404297
46.60161590576172
44.35822677612305
80.9171142578125
62.46232223510742
51.54890823364258
52.29181671142578
38.12944412231445
53.4538459777832
50.70123291015625
38.969818115234375
34.64630126953125
64.26759338378906
48.5889892578125
64.65547943115234
67.16548156738281
63.95491027832031
92.07777404785156
44.472084045410156
82.21266174316406
54.885765075683594
53.41350555419922
31.346345901489258
82.5425796508789
59.05772018432617
61.33916091918945
94.39041900634766
79.85144805908203
52.59498977661133
20.602657318115234
65.55917358398438
51.72328567504883
32.25701141357422
44.018619537353516
47.57068634033203
41.067989349365234
38.54886245727539
52.943084716796875
55.69614791870117
54.361541748046875
63.114463806152344
53.50244903564453
26.094161987304688
76.91829681396484
45.41438293457031
59.9927864074707
55.82725143432617
49.83815002441406
74.25463104248047
48.319297790527344
35.1010856628418
47.84069061279297
54.417724609375
42.14545822143555
50.352272033691406
76.61619567871094
38.265357971191406
45.768035888671875
49.52052307128906
74.80059051513672
53.90413284301758
59.7051887512207
35.991661071777344
46.57108688354492
46.8670654296875
56.737911224365234
22.82390594482422
55.02336502075195
64.19171142578125
32.3597412109375
41.78866195678711
51.27205276489258
74.58033752441406
58.16767120361328
38.6668815612793
35.694549560546875
63.35454559326172
39.652793884277344
37.90653610229492
90.83552551269531
49.2049560546875
61.50568389892578
61.95726776123047
63.857635498046875
47.60444259643555
53.945003509521484
72.29814147949219
60.61393737792969
50.39833068847656
47.25016403198242
56.47502899169922
59.578834533691406
65.84927368164062
41.57257080078125
39.387508392333984
65.50091552734375
33.338096618652344
51.199527740478516
37.307861328125
69.2132568359375
33.879539489746094
68.48309326171875
66.62542724609375
20.675106048583984
70.69660186767578
47.353675842285156
58.732627868652344
55.90520095825195
53.151397705078125
55.62054443359375
27.28009796142578
57.32741928100586
64.9273452758789
35.56217575073242
48.75912094116211
63.72051239013672
31.955265045166016
29.066707611083984
52.739437103271484
58.6377067565918
50.15522003173828
66.1985855102539
24.631803512573242
37.94784927368164
86.693115234375
24.824060440063477
39.889461517333984
81.41841888427734
34.46013259887695
55.332183837890625
34.487754821777344
76.48743438720703
27.7165470123291
23.186105728149414
33.87425994873047
44.818092346191406
67.15972137451172
36.28206253051758
59.54090118408203
53.75303649902344
62.5792236328125
38.45415496826172
19.252429962158203
91.83425903320312
53.62660217285156
47.026668548583984
41.42076873779297
60.25715255737305
51.788883209228516
71.05431365966797
58.78612518310547
71.6458740234375
86.39546966552734
76.31341552734375
57.039512634277344
68.24031829833984
41.71300506591797
29.749183654785156
21.412517547607422
29.13725471496582
30.89432144165039
58.290565490722656
18.143505096435547
54.586585998535156
46.904937744140625
41.652225494384766
56.252532958984375
26.919374465942383
60.879390716552734
51.44664001464844
46.23043441772461
39.57403564453125
31.46307373046875
47.651485443115234
52.28203582763672
39.920413970947266
29.31747055053711
33.319942474365234
24.278902053833008
30.39805793762207
75.53605651855469
78.06477355957031
47.4017219543457
58.806602478027344
48.52873992919922
80.34523010253906
23.730554580688477
49.20677185058594
49.84529495239258
87.58419036865234
51.661624908447266
43.202064514160156
20.526248931884766
52.177120208740234
31.683568954467773
61.262088775634766
45.4366455078125
60.37296676635742
38.612483978271484
44.68014144897461
74.07254791259766
43.7943229675293
50.621639251708984
52.47643280029297
19.550390243530273
58.054847717285156
17.773597717285156
45.07286834716797
48.079654693603516
73.96202087402344
62.68531036376953
40.094581604003906
30.439159393310547
49.93046188354492
40.939483642578125
55.25772476196289
18.085243225097656
54.8722038269043
27.356290817260742
55.33552169799805
45.07036590576172
59.39765548706055
37.75563430786133
48.58882141113281
31.340312957763672
93.6764907836914
40.292972564697266
43.45963668823242
95.89102172851562
50.03365707397461
32.19224166870117
80.30855560302734
52.49880599975586
55.53376388549805
34.969879150390625
27.121179580688477
19.33050537109375
31.17081069946289
64.27320098876953
48.15712356567383
35.196956634521484
67.16732788085938
55.66368865966797
50.14232635498047
82.32880401611328
82.705810546875
61.97445297241211
34.38495635986328
54.04281234741211
49.53806686401367
91.99810791015625
56.90398025512695
23.001983642578125
63.16184616088867
58.401859283447266
41.36092758178711
41.55771255493164
67.55375671386719
54.68792724609375
63.93444061279297
33.872982025146484
39.63331604003906
46.24953079223633
60.19319534301758
71.61589813232422
68.85932922363281
50.30376434326172
69.44441986083984
59.168025970458984
53.666358947753906
70.77134704589844
43.9656982421875
76.79875946044922
27.228023529052734
76.0741195678711
36.06662368774414
52.33867263793945
52.938961029052734
55.19761276245117
39.87539291381836
58.3183708190918
62.971920013427734
32.086151123046875
64.71984100341797
30.383007049560547
42.21340560913086
24.030370712280273
51.143245697021484
50.11220169067383
51.03640365600586
51.08496856689453
50.58884048461914
56.53474426269531
26.929121017456055
42.70897674560547
28.480501174926758
77.53512573242188
34.88307571411133
25.882963180541992
54.49410629272461
62.22757339477539
40.02935028076172
40.5560188293457
59.92026901245117
62.7801399230957
65.6961669921875
31.642969131469727
58.85613250732422
65.0084228515625
37.153594970703125
61.830196380615234
19.82727813720703
60.56459045410156
52.2540283203125
47.88423156738281
38.92805099487305
30.567964553833008
56.78239822387695
39.84941482543945
51.13400650024414
58.2835693359375
54.65793228149414
50.78684616088867
48.831459045410156
78.32785034179688
48.40359878540039
54.722686767578125
70.80543518066406
38.423152923583984
53.45431900024414
66.59358978271484
52.662471771240234
25.804410934448242
46.083290100097656
54.60003662109375
32.995853424072266
58.77628707885742
43.381866455078125
74.7227783203125
43.43296813964844
41.30122756958008
61.27446746826172
54.563873291015625
19.914306640625
44.58095932006836
52.25431823730469
62.393577575683594
76.43608856201172
97.7576675415039
74.28150939941406
69.00215148925781
40.32181167602539
35.794036865234375
52.01995849609375
52.41984176635742
44.18693542480469
42.56968688964844
38.6603889465332
36.42778015136719
48.25800704956055
46.206886291503906
43.0885124206543
50.898258209228516
28.61395263671875
81.66263580322266
41.46445846557617
59.045021057128906
33.045684814453125
46.63974380493164
55.08470153808594
35.46744918823242
28.353391647338867
18.511991500854492
59.78424835205078
35.5329704284668
60.366851806640625
37.6021614074707
36.632442474365234
68.90164184570312
66.21516418457031
28.37601661682129
29.03343963623047
43.962860107421875
69.13790893554688
72.03209686279297
38.99047088623047
29.165630340576172
56.32402420043945
59.61484146118164
66.7237319946289
43.879520416259766
54.48295211791992
92.03534698486328
40.08713150024414
72.265625
43.81717300415039
39.7728157043457
56.97710037231445
39.22410583496094
45.12546157836914
51.74285125732422
42.53195571899414
50.37295913696289
70.5966796875
56.33794021606445
44.34438705444336
65.4096908569336
33.87498474121094
27.08384132385254
57.03207778930664
51.37926483154297
28.002208709716797
53.211456298828125
60.94395065307617
35.29663848876953
66.058349609375
61.332515716552734
32.833251953125
39.89927291870117
36.60490798950195
29.823978424072266
43.23268508911133
60.034297943115234
51.930381774902344
27.983436584472656
37.125003814697266
28.28616714477539
45.6578254699707
65.5145263671875
59.55309295654297
79.49760437011719
63.13203811645508
79.55855560302734
50.99506378173828
64.99082946777344
50.423213958740234
29.718997955322266
50.83721160888672
51.3299674987793
83.13178253173828
24.437105178833008
61.62345504760742
85.3056869506836
60.46542739868164
64.9137191772461
37.86618423461914
47.96025085449219
71.50564575195312
57.97212219238281
32.623268127441406
63.750511169433594
85.99871063232422
58.11238098144531
57.34223175048828
56.774757385253906
76.48607635498047
50.53385543823242
31.939542770385742
25.6008243560791
60.213958740234375
49.07506561279297
42.55866622924805
45.303367614746094
59.75429153442383
39.49419403076172
51.881656646728516
38.52540969848633
69.32984161376953
55.827232360839844
59.3354606628418
66.26112365722656
55.083824157714844
53.159698486328125
46.986473083496094
40.53250503540039
61.813289642333984
59.33379364013672
37.744319915771484
50.42313766479492
68.45983123779297
54.038246154785156
78.86540222167969
50.01700973510742
71.35376739501953
65.27748107910156
49.5655403137207
23.66795539855957
61.4377555847168
56.89078140258789
69.85738372802734
67.55239868164062
36.93844223022461
70.89910888671875
59.099395751953125
48.108280181884766
57.53158187866211
47.25902557373047
67.9701919555664
69.91893005371094
75.11674499511719
54.20973205566406
41.476341247558594
55.87715148925781
33.479454040527344
50.64515686035156
50.11423873901367
45.788002014160156
25.679420471191406
39.66021728515625
17.486629486083984
56.38010787963867
79.13546752929688
74.0961685180664
56.056461334228516
88.49391174316406
42.15707015991211
37.76419448852539
58.42618942260742
86.14108276367188
47.875240325927734
51.87651443481445
44.22392654418945
45.007171630859375
58.70590591430664
26.42240333557129
30.32467269897461
63.707088470458984
78.53082275390625
66.61641693115234
56.48796844482422
42.79460906982422
31.146438598632812
26.3375244140625
42.4617919921875
44.80510330200195
57.59648895263672
48.552146911621094
49.541805267333984
49.065738677978516
76.89244079589844
42.92600631713867
78.19003295898438
61.36317443847656
28.05361557006836
48.462528228759766
58.81642532348633
43.19319152832031
42.75326919555664
62.68105697631836
66.27244567871094
54.642208099365234
38.845245361328125
65.86135864257812
67.65060424804688
47.11668395996094
35.9246940612793
47.179107666015625
69.34573364257812
26.88327980041504
57.762245178222656
59.541194915771484
32.213233947753906
82.22988891601562
57.307701110839844
43.87529754638672
28.983306884765625
65.43111419677734
65.64248657226562
34.32200622558594
38.62069320678711
64.16551971435547
88.89966583251953
41.23799133300781
60.41070556640625
39.86827850341797
69.54821014404297
54.0164680480957
56.77035140991211
96.81007385253906
24.66338539123535
52.12499237060547
40.89011001586914
62.97414016723633
91.94532012939453
46.81802749633789
56.775264739990234
33.055171966552734
56.62730407714844
53.27952194213867
76.22270965576172
51.298179626464844
90.79141235351562
61.31725311279297
43.72433090209961
36.27593994140625
58.561038970947266
67.11217498779297
72.24909973144531
67.3847427368164
75.3164291381836
75.3527603149414
44.08732986450195
57.17063522338867
32.15755081176758
54.81574249267578
83.90213012695312
62.19220733642578
67.05742645263672
37.64809036254883
31.20450782775879
44.413509368896484
92.04008483886719
56.36515426635742
27.69741439819336
73.57798767089844
65.26129150390625
50.06304168701172
26.582763671875
40.044742584228516
50.57462692260742
42.033958435058594
44.82601547241211
43.43278884887695
50.07368469238281
80.83401489257812
71.86782836914062
39.12103271484375
46.211830139160156
37.128150939941406
30.628265380859375
69.24214172363281
63.12688446044922
64.98091125488281
48.03506851196289
59.129608154296875
45.89455032348633
14.87270450592041
49.60966873168945
49.761478424072266
56.54069900512695
36.25022506713867
17.62921905517578
46.58150863647461
45.573482513427734
62.70256423950195
77.29750061035156
54.67772674560547
55.62727355957031
59.768951416015625
75.80766296386719
34.18352508544922
45.14090347290039
63.355899810791016
33.93377685546875
72.91759490966797
31.052215576171875
34.52955627441406
52.88236618041992
44.53750991821289
67.95712280273438
24.462608337402344
96.80815887451172
47.014793395996094
48.89860153198242
63.43544006347656
29.385746002197266
49.922061920166016
72.45063781738281
59.0056266784668
49.48210906982422
39.01797866821289
46.898292541503906
55.85072326660156
74.43695068359375
59.177833557128906
64.02764892578125
38.655006408691406
53.4249267578125
82.58415222167969
72.80681610107422
38.31557846069336
58.38501739501953
21.406801223754883
57.2071647644043
44.75002670288086
42.74523162841797
66.40582275390625
44.8521614074707
78.46096801757812
77.197265625
55.364768981933594
30.337892532348633
33.580692291259766
42.09185791015625
41.55916213989258
58.86503601074219
54.912227630615234
55.6632080078125
62.48163986206055
58.7807731628418
54.060874938964844
32.63191604614258
59.7855224609375
48.481929779052734
71.63505554199219
67.05677032470703
59.10421371459961
63.025665283203125
58.40940475463867
92.82337951660156
38.12489700317383
70.13560485839844
21.952632904052734
51.651737213134766
75.6977310180664
33.38881301879883
61.62871170043945
50.4942626953125
50.48130416870117
81.25672912597656
57.541160583496094
56.883392333984375
69.28668975830078
48.79917526245117
50.166542053222656
66.80004119873047
36.807289123535156
80.3775405883789
63.481937408447266
75.33345794677734
34.03089904785156
56.059837341308594
95.51966094970703
45.06199645996094
39.30292892456055
67.92147064208984
87.84707641601562
73.2218246459961
57.87034225463867
57.12276077270508
77.1497802734375
57.47856521606445
38.448787689208984
86.0397720336914
62.90195846557617
30.521032333374023
71.00057220458984
50.66613006591797
64.40010070800781
61.612850189208984
46.839134216308594
84.21441650390625
41.4243278503418
29.785480499267578
54.52875518798828
47.78657150268555
68.9749984741211
38.9217414855957
72.56742095947266
41.00373840332031
40.32892990112305
62.23868942260742
45.42714309692383
27.40913200378418
34.1904296875
78.4314956665039
52.836795806884766
70.38047790527344
38.24980926513672
29.6953067779541
28.49005699157715
64.76826477050781
57.310977935791016
55.15884017944336
37.02164840698242
46.32917022705078
43.893978118896484
84.0113754272461
55.78061294555664
61.562252044677734
73.90965270996094
55.868167877197266
53.92808151245117
79.53400421142578
18.015541076660156
66.56368255615234
46.279449462890625
34.41409683227539
82.96805572509766
55.14375686645508
61.58076477050781
70.10197448730469
29.720556259155273
24.856508255004883
66.2956771850586
39.33246612548828
42.155887603759766
43.0307502746582
36.07194900512695
40.870643615722656
54.97280502319336
71.35066223144531
35.188690185546875
41.397132873535156
62.848915100097656
25.345550537109375
74.97261047363281
65.68433380126953
43.80421447753906
49.46723937988281
78.70865631103516
73.86207580566406
40.85572052001953
51.214054107666016
71.90125274658203
35.05601501464844
45.37154769897461
79.01778411865234
54.102745056152344
87.94178771972656
31.162195205688477
63.639251708984375
61.55226135253906
66.52197265625
58.963897705078125
60.49880599975586
60.89791488647461
19.768712997436523
55.07988357543945
58.14124298095703
77.5621566772461
48.58770751953125
70.43911743164062
49.228294372558594
70.27525329589844
50.662109375
40.45975875854492
72.24482727050781
62.66156768798828
57.4316291809082
46.25737380981445
36.41274642944336
62.526832580566406
24.163808822631836
52.914180755615234
35.95265579223633
59.3692741394043
38.67433547973633
44.12348556518555
23.427230834960938
45.462711334228516
44.69868850708008
30.894222259521484
57.16934585571289
58.33723449707031
53.27227020263672
66.99560546875
59.18939208984375
58.54755401611328
38.04621887207031
62.94126892089844
49.46602249145508
59.36322784423828
50.57021713256836
45.226844787597656
86.87296295166016
49.768646240234375
61.08505630493164
37.513648986816406
34.4457893371582
18.961402893066406
72.72520446777344
49.36383819580078
88.56192779541016
44.09929275512695
88.26316833496094
46.131988525390625
41.237789154052734
41.471065521240234
59.52381134033203
61.06031799316406
60.00665283203125
51.32085418701172
47.50216293334961
48.3008918762207
25.473764419555664
65.2098617553711
68.22710418701172
67.7756118774414
65.78498840332031
35.13538360595703
53.726192474365234
30.34351348876953
84.59082794189453
59.74528503417969
74.2027359008789
54.84172058105469
65.6680679321289
53.74485778808594
46.8278923034668
57.69527816772461
68.56965637207031
43.84329605102539
50.43907165527344
36.60737228393555
73.88521575927734
45.177276611328125
64.2655029296875
45.43444061279297
22.70046043395996
21.603878021240234
30.32421112060547
83.7243423461914
37.793907165527344
62.75405502319336
77.18473052978516
77.29032135009766
53.15419387817383
39.93921661376953
61.37941360473633
45.001731872558594
39.75769805908203
27.335636138916016
51.97040939331055
40.82042694091797
72.29981994628906
60.457237243652344
80.91248321533203
46.5116081237793
27.188791275024414
42.25688171386719
43.8790397644043
63.288936614990234
41.29500198364258
81.14591217041016
40.297454833984375
44.63835525512695
67.17631530761719
55.28071212768555
63.08906936645508
37.75994873046875
40.191184997558594
60.196128845214844
52.271751403808594
73.4260025024414
49.431827545166016
61.50545120239258
68.47405242919922
33.039817810058594
41.3613166809082
48.40462112426758
49.25908660888672
88.92454528808594
54.77226257324219
72.96540069580078
17.54116439819336
51.5684700012207
34.40306854248047
85.78490447998047
56.751583099365234
26.66618537902832
65.01158142089844
60.421321868896484
46.59001922607422
51.39509963989258
47.574337005615234
70.36473083496094
25.97047996520996
59.264957427978516
58.6868896484375
19.18951988220215
37.58818817138672
44.29627227783203
61.28346252441406
95.66152954101562
72.71294403076172
43.91397476196289
25.99016761779785
45.371788024902344
64.3055648803711
46.549922943115234
69.72928619384766
54.03764724731445
42.38309097290039
50.298973083496094
39.75115966796875
58.7526741027832
72.88768768310547
74.35153198242188
67.80452728271484
54.77217102050781
63.51637268066406
63.569183349609375
19.43460464477539
39.44826126098633
47.56794738769531
55.065834045410156
24.899452209472656
57.664024353027344
42.18159103393555
52.5774040222168
29.75811004638672
54.56932830810547
57.38220977783203
15.357115745544434
81.98538208007812
69.21656036376953
62.43446350097656
33.527339935302734
69.14863586425781
39.00570297241211
57.61014175415039
50.04545974731445
94.19792938232422
70.504638671875
54.82575225830078
28.52277946472168
67.50312042236328
71.94636535644531
30.00614356994629
24.073673248291016
71.41423797607422
30.357982635498047
61.47198486328125
83.80050659179688
75.17208862304688
29.123641967773438
60.837501525878906
54.371334075927734
63.090667724609375
73.27397918701172
75.99579620361328
46.01555252075195
76.68216705322266
63.076332092285156
56.09273910522461
29.33143424987793
49.9457893371582
49.51344299316406
62.11213684082031
37.40978240966797
54.07129669189453
61.76772689819336
53.21628952026367
48.484344482421875
54.448646545410156
32.3887939453125
51.43471145629883
55.881656646728516
65.70011901855469
50.95680618286133
55.94209289550781
50.73616409301758
47.11232376098633
66.01590728759766
33.790061950683594
32.79584503173828
66.57958221435547
58.3052978515625
41.07117462158203
65.78083038330078
64.71317291259766
46.37753677368164
67.61012268066406
62.10869598388672
49.23970413208008
48.72123336791992
48.13846206665039
63.3798942565918
69.25736999511719
39.75555419921875
48.726078033447266
27.554807662963867
36.72123718261719
29.110841751098633
43.0538330078125
73.48420715332031
42.382171630859375
55.701744079589844
58.932273864746094
24.48639678955078
43.3592529296875
55.78289031982422
64.82817077636719
61.36133575439453
51.52085494995117
46.89182662963867
43.10482406616211
24.243257522583008
63.72673034667969
65.95668029785156
59.768150329589844
74.23133087158203
85.6662368774414
47.414154052734375
85.14393615722656
51.732330322265625
39.34128952026367
65.1697006225586
33.825374603271484
60.732479095458984
58.65656661987305
60.772342681884766
82.4554672241211
47.05589294433594
80.4686050415039
71.8608169555664
37.38862609863281
45.748390197753906
67.79568481445312
63.39097595214844
65.36849975585938
37.71976089477539
67.67497253417969
58.314388275146484
32.342655181884766
73.54917907714844
55.42567825317383
77.91917419433594
41.39776611328125
61.12681579589844
60.501060485839844
67.18096160888672
76.01460266113281
38.031402587890625
46.91178894042969
34.20893096923828
48.27543640136719
33.900779724121094
52.86139678955078
69.21226501464844
20.70314598083496
58.622833251953125
46.01344680786133
36.45174789428711
21.543106079101562
39.21227264404297
55.75171661376953
33.748538970947266
44.575897216796875
41.55625915527344
46.19564437866211
45.632286071777344
48.742435455322266
59.75513458251953
30.295639038085938
52.33484649658203
68.77078247070312
42.03348159790039
67.94415283203125
24.0137882232666
54.11982727050781
57.791954040527344
62.25391387939453
70.26166534423828
44.69965362548828
62.28654861450195
42.42824172973633
50.7203483581543
50.285160064697266
49.592018127441406
41.81890106201172
73.88447570800781
50.52997589111328
48.088623046875
69.99745178222656
68.39061737060547
53.18180465698242
40.95035934448242
36.77185821533203
48.8774528503418
33.26100540161133
79.67475891113281
61.676918029785156
74.04586029052734
23.992748260498047
68.97762298583984
70.13838195800781
42.8026123046875
57.47822570800781
99.584228515625
57.10749053955078
77.16216278076172
85.04949188232422
54.58519744873047
26.76939582824707
45.09946823120117
47.491172790527344
41.03624725341797
44.07301330566406
56.33692932128906
37.955650329589844
47.895938873291016
62.78797912597656
60.36068344116211
41.02125549316406
64.1668472290039
39.88725280761719
37.48627471923828
47.513404846191406
58.77227020263672
26.657207489013672
60.70293045043945
63.82221221923828
60.423213958740234
80.38977813720703
32.47462463378906
42.640296936035156
68.3285903930664
36.59880828857422
25.014984130859375
40.67970657348633
43.9962272644043
64.52910614013672
18.271150588989258
67.15321350097656
62.18021774291992
42.39680862426758
55.10074996948242
69.62005615234375
57.13892364501953
41.798336029052734
56.85343933105469
64.1961441040039
73.93213653564453
73.8548812866211
70.02823638916016
54.227787017822266
82.27848815917969
46.82368469238281
32.470252990722656
19.528615951538086
63.807106018066406
40.058372497558594
70.51903533935547
84.02716827392578
38.40250015258789
57.86003112792969
56.00893020629883
71.09392547607422
54.94352340698242
63.994075775146484
49.30088806152344
51.80702590942383
71.18157958984375
27.718769073486328
22.876502990722656
48.760318756103516
45.23973083496094
55.21627426147461
50.89106369018555
47.9331169128418
52.387454986572266
55.88279724121094
46.88460922241211
77.75910949707031
35.5182991027832
42.810935974121094
55.148067474365234
65.17913055419922
70.8832778930664
39.18149185180664
68.67102813720703
74.92117309570312
29.744182586669922
54.706825256347656
42.886962890625
38.770259857177734
64.08714294433594
65.22607421875
77.58209991455078
60.05829620361328
35.73847961425781
44.95562744140625
60.067447662353516
32.57583999633789
33.15577697753906
56.311038970947266
19.869035720825195
62.21944046020508
61.64113235473633
44.285133361816406
32.32044219970703
61.7799072265625
39.021602630615234
78.65886688232422
57.157283782958984
41.56979751586914
48.64982604980469
61.80998611450195
41.83171081542969
35.01079559326172
72.91094970703125
57.24829864501953
37.19209671020508
68.4894027709961
66.73836517333984
72.99565887451172
61.59335708618164
75.60963439941406
51.487667083740234
36.02492141723633
46.83915710449219
55.96418380737305
48.04601287841797
50.30497741699219
78.29818725585938
26.2840576171875
35.59463882446289
48.265724182128906
45.96996307373047
24.14588165283203
51.656776428222656
22.03285026550293
47.72106170654297
54.66627502441406
69.49800872802734
23.4105281829834
54.571441650390625
39.16783142089844
42.910648345947266
39.95048904418945
48.01774978637695
29.52195930480957
78.09815216064453
17.839372634887695
85.06794738769531
55.566558837890625
34.13570022583008
41.88423538208008
53.24908447265625
43.95670700073242
69.05884552001953
47.89424133300781
29.06064224243164
40.716880798339844
29.650718688964844
71.69490051269531
71.4877700805664
78.24694061279297
26.230741500854492
58.87471008300781
66.30183410644531
32.20567321777344
59.58803176879883
54.533966064453125
58.490692138671875
49.762638092041016
43.6407470703125
30.8364315032959
42.12364959716797
64.09929656982422
57.900917053222656
64.5479965209961
102.85944366455078
41.014949798583984
45.01185989379883
59.70780563354492
56.215576171875
62.24847412109375
70.00822448730469
57.043006896972656
44.97754669189453
38.089351654052734
40.20158767700195
61.4532585144043
46.03377914428711
49.988128662109375
62.59777069091797
94.06488800048828
53.86348342895508
68.01419067382812
48.202056884765625
29.978885650634766
44.51019287109375
50.590431213378906
57.535438537597656
82.22543334960938
16.356172561645508
19.743282318115234
65.46158599853516
47.380855560302734
63.06344985961914
33.11015701293945
35.00740051269531
39.15656280517578
42.53763961791992
46.53232955932617
32.6331901550293
61.30180358886719
30.668598175048828
47.859066009521484
65.99266052246094
53.095542907714844
60.55928421020508
42.55497741699219
43.242191314697266
73.76004028320312
43.19572067260742
55.49073028564453
29.2902889251709
62.310699462890625
47.7724494934082
27.956756591796875
45.131282806396484
34.88610076904297
59.89132308959961
86.4117431640625
30.40559196472168
48.54834747314453
42.211219787597656
69.57653045654297
33.27568054199219
53.090267181396484
54.76163101196289
71.04074096679688
51.83622741699219
76.75090789794922
54.14535903930664
39.98948287963867
34.706626892089844
83.32280731201172
46.646812438964844
45.06629943847656
26.903715133666992
41.09186935424805
41.58390808105469
68.16215515136719
58.43305587768555
45.492210388183594
40.75212860107422
69.59478759765625
102.2527847290039
56.09120559692383
42.864112854003906
31.707677841186523
88.3419189453125
79.03956604003906
51.92102813720703
58.73724365234375
69.33259582519531
69.8514633178711
49.431480407714844
35.18769836425781
40.355812072753906
81.33616638183594
60.54671096801758
82.27439880371094
65.22759246826172
84.41722869873047
67.01778411865234
21.620037078857422
41.709503173828125
65.59668731689453
60.33800506591797
29.030086517333984
72.56874084472656
80.07764434814453
24.90654754638672
43.964561462402344
23.381404876708984
28.909107208251953
21.079856872558594
71.36796569824219
52.66197967529297
28.8011531829834
57.34531021118164
50.98942565917969
44.16341781616211
52.643943786621094
49.470924377441406
56.46855926513672
57.29368209838867
44.29680633544922
49.83637619018555
33.534976959228516
81.87022399902344
38.83577346801758
35.561954498291016
46.93790817260742
65.93769073486328
74.92744445800781
49.225502014160156
43.776283264160156
29.03681755065918
50.03380584716797
84.1006088256836
62.22365188598633
42.623748779296875
54.92203140258789
63.08579635620117
79.316162109375
76.89400482177734
63.85186767578125
43.60567092895508
65.09269714355469
26.581439971923828
36.787864685058594
69.51979064941406
51.38886260986328
57.062904357910156
48.3118896484375
97.87324523925781
41.61896896362305
47.720436096191406
52.34521484375
33.18474578857422
80.23884582519531
45.359947204589844
60.250911712646484
58.3042106628418
51.85566711425781
47.518802642822266
49.99742889404297
35.85338592529297
29.612102508544922
81.41221618652344
65.65736389160156
69.80892944335938
71.87609100341797
42.215126037597656
45.99747848510742
77.62030029296875
74.85199737548828
49.39204406738281
42.5564079284668
49.544132232666016
32.88289260864258
34.06577682495117
72.81182861328125
75.51807403564453
24.800880432128906
71.34977722167969
75.16082763671875
53.45390319824219
62.390892028808594
44.86272430419922
42.0362548828125
67.14031982421875
62.94565963745117
51.4290771484375
43.978248596191406
66.47377014160156
24.204547882080078
77.03903198242188
67.0499496459961
42.17740249633789
98.23780822753906
49.32476806640625
66.65882110595703
46.93015670776367
56.06794357299805
29.291168212890625
60.359596252441406
41.97012710571289
67.03778076171875
52.39496612548828
63.551544189453125
26.09568214416504
67.27864837646484
63.2978515625
36.537166595458984
53.93466567993164
68.14945983886719
83.12090301513672
63.22817611694336
50.14509963989258
61.81686019897461
44.1221809387207
35.50979995727539
41.77723693847656
74.68089294433594
55.017906188964844
68.19385528564453
64.57051086425781
30.266292572021484
45.514678955078125
27.37839126586914
77.3044204711914
66.52745056152344
29.532270431518555
38.67788314819336
72.03326416015625
50.884765625
26.62622833251953
23.528841018676758
42.726043701171875
52.72478103637695
60.76520919799805
62.39933776855469
85.87501525878906
55.92720413208008
76.19493103027344
75.70049285888672
39.964237213134766
33.14271545410156
81.8736572265625
63.41948699951172
48.49263381958008
37.65821838378906
64.69269561767578
67.89033508300781
43.77800369262695
36.430545806884766
52.708858489990234
50.26063537597656
30.23613739013672
62.97618865966797
54.411903381347656
32.192752838134766
47.22163391113281
36.50961685180664
72.06782531738281
68.45529174804688
42.530303955078125
71.81958770751953
56.09425354003906
81.9914321899414
47.71689987182617
57.435279846191406
67.80753326416016
67.60617065429688
50.120479583740234
57.67591857910156
56.43328094482422
30.00746726989746
66.81312561035156
70.14957427978516
42.71611022949219
62.84791946411133
39.714263916015625
20.367097854614258
54.75523376464844
94.118408203125
72.22212982177734
64.98921966552734
60.78886795043945
86.68758392333984
55.860530853271484
74.0689697265625
54.130374908447266
48.194034576416016
69.07340240478516
49.85532760620117
52.4044303894043
55.09135818481445
84.51010131835938
37.73042297363281
65.99260711669922
49.774253845214844
33.65200424194336
52.35129165649414
51.181026458740234
63.18370819091797
34.76177978515625
78.5936279296875
34.536277770996094
70.4404525756836
55.744293212890625
55.698951721191406
41.50724411010742
60.370094299316406
67.67092895507812
19.703269958496094
37.7845458984375
56.8858757019043
55.468875885009766
30.21125030517578
35.60459899902344
70.00165557861328
49.098350524902344
29.834699630737305
52.96607208251953
54.822662353515625
55.80936050415039
53.71357345581055
35.81758499145508
66.64181518554688
44.951717376708984
82.88542175292969
60.02875518798828
73.4875259399414
62.73686218261719
36.1722526550293
77.35975646972656
67.42648315429688
44.73512268066406
50.1203727722168
66.57210540771484
78.3166275024414
65.82865905761719
64.4631576538086
56.80890655517578
64.24392700195312
59.64122772216797
74.8250503540039
62.65602493286133
38.65982437133789
55.07238006591797
58.6606330871582
62.67631912231445
38.16933059692383
54.52991485595703
44.3640251159668
64.47708892822266
88.07357025146484
59.913841247558594
61.49582290649414
60.354248046875
78.81383514404297
76.93224334716797
63.829898834228516
65.45674896240234
91.92665100097656
22.301271438598633
