7.538800239562988
25.253053665161133
22.83983612060547
25.53806495666504
24.800079345703125
36.878055572509766
14.7909517288208
28.221254348754883
39.379913330078125
22.104433059692383
21.222373962402344
25.95622444152832
14.165940284729004
33.06947326660156
20.474607467651367
27.570722579956055
33.31071472167969
16.720760345458984
24.274656295776367
16.799102783203125
12.740546226501465
35.779178619384766
4.618551731109619
22.504655838012695
46.840667724609375
8.672775268554688
24.213247299194336
9.056291580200195
32.758262634277344
20.228334426879883
36.179664611816406
26.928619384765625
13.574089050292969
34.730003356933594
32.39168930053711
12.608954429626465
24.236709594726562
35.21139907836914
33.260494232177734
24.33955955505371
5.285889625549316
18.120561599731445
16.68994140625
24.68314552307129
29.15263557434082
14.227989196777344
35.26428985595703
25.726808547973633
11.010881423950195
23.955341339111328
17.2309513092041
24.635732650756836
19.186609268188477
47.04050064086914
12.65788459777832
18.128469467163086
21.761154174804688
37.01283264160156
22.06047821044922
27.997827529907227
26.26188087463379
24.2651424407959
5.366971969604492
24.509286880493164
19.592082977294922
39.96012878417969
17.27593231201172
20.46150016784668
19.16484260559082
10.697149276733398
33.5234489440918
46.94047546386719
28.611467361450195
23.462451934814453
38.792747497558594
10.079161643981934
13.315956115722656
30.742677688598633
2.6206278800964355
19.90386199951172
12.944681167602539
17.06817054748535
27.469425201416016
22.434768676757812
20.762619018554688
20.9473934173584
26.788759231567383
15.99305534362793
14.06113052368164
28.138364791870117
20.022220611572266
17.983278274536133
17.85531234741211
12.381244659423828
23.129674911499023
29.813823699951172
5.009607315063477
18.159076690673828
12.452460289001465
18.146867752075195
34.05961608886719
17.660812377929688
8.2984619140625
16.742399215698242
14.210477828979492
8.297572135925293
24.181398391723633
12.206475257873535
19.2939510345459
28.675708770751953
11.677050590515137
8.036015510559082
25.13542366027832
40.67791748046875
18.21464729309082
14.073933601379395
18.473718643188477
14.259482383728027
9.350769996643066
27.337879180908203
19.778915405273438
18.214813232421875
20.482881546020508
22.318944931030273
14.71229076385498
40.038108825683594
7.075407028198242
29.607505798339844
17.183042526245117
22.768049240112305
44.48931121826172
10.780723571777344
31.902544021606445
10.540225982666016
19.761547088623047
31.9405517578125
29.910259246826172
51.251304626464844
22.7453556060791
16.09490966796875
25.27276039123535
5.769514083862305
16.938575744628906
17.178499221801758
36.92839050292969
15.959389686584473
27.130056381225586
2.862905502319336
12.491050720214844
22.507410049438477
37.70253372192383
38.12220001220703
14.421611785888672
50.913753509521484
27.14568328857422
24.585586547851562
35.58899688720703
21.92186737060547
14.932188034057617
21.62261199951172
21.229955673217773
27.459177017211914
22.049320220947266
16.56945037841797
26.889944076538086
16.6059627532959
26.232641220092773
31.789199829101562
10.25560474395752
16.26491355895996
10.717327117919922
36.63932800292969
5.259066581726074
25.66644859313965
23.242748260498047
27.215538024902344
24.798887252807617
5.18568754196167
17.274028778076172
14.53745174407959
7.129696369171143
40.07985305786133
20.8660888671875
23.151992797851562
27.645538330078125
16.924081802368164
11.15735912322998
21.027420043945312
14.25527572631836
33.541282653808594
47.199012756347656
6.656852722167969
29.972402572631836
20.066144943237305
12.16478443145752
33.40894317626953
37.788394927978516
15.940112113952637
13.648168563842773
30.875518798828125
39.94883346557617
27.608959197998047
9.470242500305176
19.641006469726562
4.932765007019043
18.038585662841797
15.968128204345703
24.27550506591797
29.924833297729492
17.267383575439453
16.883501052856445
14.880321502685547
13.234528541564941
21.535314559936523
7.429095268249512
19.439674377441406
2.3141255378723145
25.191030502319336
12.65007495880127
55.19174575805664
8.58010196685791
17.529651641845703
32.10312271118164
31.0052490234375
30.71137809753418
8.298598289489746
21.456451416015625
27.915828704833984
30.451879501342773
22.456878662109375
10.835341453552246
49.57373809814453
45.33902359008789
41.232521057128906
11.327322006225586
30.21088981628418
34.126094818115234
19.365999221801758
21.43861961364746
5.1747846603393555
25.357025146484375
26.121862411499023
27.712942123413086
1.068292260169983
17.440410614013672
23.297502517700195
25.358938217163086
13.714739799499512
19.449323654174805
31.67676544189453
14.239821434020996
31.209333419799805
10.91045093536377
35.38499069213867
37.391815185546875
25.92140007019043
14.384817123413086
16.63349723815918
34.40919494628906
21.399564743041992
31.521413803100586
25.665306091308594
14.213891983032227
39.84125518798828
33.73298263549805
15.792555809020996
17.243698120117188
44.84037399291992
64.12156677246094
28.62200164794922
18.847705841064453
27.267982482910156
15.244471549987793
25.245468139648438
19.893245697021484
26.691408157348633
25.47660255432129
7.502683162689209
17.865083694458008
33.78218078613281
19.210189819335938
13.259316444396973
25.153642654418945
36.97737121582031
18.3705997467041
50.253089904785156
17.969106674194336
27.545530319213867
14.571702003479004
16.754587173461914
31.31024932861328
21.601642608642578
11.515167236328125
23.73386001586914
38.30338668823242
30.80611801147461
25.142820358276367
40.90277099609375
23.42345428466797
13.494150161743164
26.577360153198242
34.888336181640625
22.71257972717285
13.780204772949219
30.743486404418945
13.568713188171387
19.455923080444336
15.971905708312988
29.01177215576172
17.185976028442383
13.846776008605957
35.33617401123047
32.58447265625
37.78444290161133
35.623016357421875
13.836469650268555
12.787782669067383
17.69143295288086
11.944711685180664
22.767724990844727
21.232561111450195
15.288436889648438
24.3868408203125
22.93874740600586
17.946199417114258
22.3848934173584
29.299089431762695
17.88494873046875
19.9157772064209
33.828895568847656
1.1750352382659912
41.28557586669922
16.655879974365234
16.313257217407227
44.02695083618164
39.61050033569336
19.81218719482422
30.035606384277344
33.501121520996094
29.79722023010254
24.02875328063965
14.315328598022461
6.682062149047852
27.06111717224121
19.981441497802734
26.511268615722656
19.866191864013672
9.418689727783203
22.610933303833008
16.778194427490234
28.161781311035156
13.325145721435547
69.06375122070312
14.129779815673828
34.65083312988281
29.96240997314453
26.16000747680664
23.537220001220703
13.08780288696289
13.391580581665039
41.985939025878906
35.35198211669922
13.523356437683105
30.063974380493164
28.161231994628906
13.784433364868164
11.575580596923828
25.755050659179688
20.79050636291504
21.603979110717773
15.109376907348633
18.03448486328125
16.75868797302246
21.17677116394043
29.34543228149414
13.564888954162598
14.288522720336914
17.77821922302246
28.393299102783203
26.843976974487305
7.406883239746094
18.17979621887207
37.93052673339844
29.130292892456055
37.28579330444336
21.082151412963867
8.165327072143555
22.680068969726562
16.626142501831055
33.98573303222656
11.158978462219238
17.365201950073242
10.381309509277344
22.393346786499023
5.350488662719727
26.93785858154297
41.54452896118164
19.431880950927734
14.449251174926758
34.29884338378906
17.6175479888916
16.21343421936035
24.665512084960938
34.601051330566406
9.017333984375
40.39710998535156
14.059688568115234
14.006651878356934
32.35356521606445
33.52595901489258
18.809207916259766
25.55535888671875
40.89352035522461
23.53154945373535
30.11850357055664
35.158382415771484
14.299165725708008
12.084433555603027
21.294336318969727
18.62952423095703
11.027070999145508
10.87533950805664
23.348947525024414
21.76258087158203
21.041858673095703
34.51676940917969
36.704307556152344
23.913455963134766
40.51644515991211
32.59484100341797
41.35463333129883
32.337772369384766
11.23691463470459
1.1048848628997803
40.17936706542969
18.15355682373047
27.47974395751953
6.206353187561035
34.288475036621094
6.676222324371338
30.051191329956055
15.384355545043945
45.646602630615234
14.042451858520508
41.16542053222656
24.615581512451172
17.773210525512695
28.33888053894043
38.45192337036133
34.784420013427734
31.322290420532227
19.082916259765625
17.140478134155273
30.34222984313965
22.38219451904297
16.421878814697266
50.8165283203125
29.307327270507812
29.681217193603516
32.85953140258789
13.084589958190918
15.398123741149902
18.611417770385742
24.35597801208496
15.447199821472168
23.9913272857666
29.911144256591797
25.8147029876709
18.799089431762695
20.954883575439453
5.927295207977295
17.47791290283203
10.587428092956543
31.5517578125
34.215362548828125
22.130420684814453
29.2353458404541
22.428207397460938
24.155017852783203
25.02472496032715
26.283275604248047
23.797565460205078
37.952903747558594
19.069786071777344
15.88440227508545
11.667986869812012
41.40395736694336
17.04424285888672
53.927833557128906
27.37333106994629
26.966323852539062
35.62766647338867
14.538111686706543
37.7662353515625
21.26215934753418
27.346094131469727
19.6871280670166
39.797264099121094
19.13136863708496
18.233259201049805
35.18216323852539
17.29365348815918
17.172042846679688
22.59449577331543
15.34517765045166
33.33127212524414
18.173303604125977
35.44404602050781
31.525896072387695
25.255231857299805
18.44369125366211
27.496917724609375
46.91621398925781
24.686433792114258
13.440882682800293
40.52419662475586
21.24984359741211
26.176477432250977
29.010122299194336
26.42478370666504
8.604859352111816
28.86321449279785
10.312219619750977
45.304588317871094
16.440505981445312
38.85511779785156
26.14110565185547
16.557649612426758
19.149497985839844
15.089341163635254
14.850700378417969
18.46057891845703
7.5718278884887695
16.929733276367188
38.96234893798828
33.2426872253418
24.132118225097656
17.119312286376953
21.044097900390625
19.970470428466797
34.78376007080078
46.00128936767578
31.52994728088379
20.63176727294922
27.01565933227539
26.316654205322266
16.309764862060547
12.932738304138184
12.764007568359375
25.961566925048828
32.036441802978516
29.514760971069336
19.417146682739258
26.11032485961914
26.79289436340332
17.11308479309082
15.658121109008789
34.879276275634766
8.505107879638672
22.100780487060547
28.424346923828125
42.74801254272461
27.554401397705078
50.02727508544922
13.840746879577637
12.11081314086914
33.488731384277344
12.460140228271484
38.810218811035156
5.480383396148682
34.8803825378418
11.155585289001465
32.682518005371094
25.27944564819336
33.84873962402344
37.185821533203125
24.382431030273438
25.717838287353516
19.808969497680664
41.473419189453125
25.930173873901367
28.52496337890625
47.21042251586914
25.31631851196289
12.466702461242676
37.04835891723633
48.73528289794922
32.21677017211914
17.50963592529297
27.082361221313477
10.599485397338867
43.57268142700195
21.44895362854004
9.839962005615234
20.332231521606445
11.944181442260742
30.55721664428711
19.59805679321289
22.731523513793945
29.600072860717773
24.85970687866211
14.394159317016602
30.4339656829834
38.78661346435547
18.096508026123047
19.991539001464844
26.857330322265625
17.13616180419922
19.057634353637695
39.32588577270508
8.349760055541992
25.628015518188477
18.435914993286133
19.939565658569336
10.948147773742676
24.16830062866211
5.994229316711426
10.393743515014648
18.783493041992188
20.619367599487305
24.717931747436523
8.747335433959961
15.656987190246582
15.247295379638672
22.5111026763916
30.126338958740234
17.219459533691406
26.234189987182617
17.19954490661621
19.607925415039062
16.239734649658203
25.72608757019043
36.989295959472656
30.414459228515625
18.293228149414062
18.73438835144043
31.508581161499023
23.347219467163086
26.208560943603516
13.373180389404297
6.438807487487793
53.80480194091797
34.691558837890625
10.236995697021484
26.912593841552734
26.867849349975586
37.02132797241211
28.285982131958008
16.649539947509766
20.731943130493164
31.941661834716797
31.41926383972168
32.27758026123047
26.182830810546875
35.82563781738281
16.146343231201172
28.053388595581055
7.400398254394531
12.042070388793945
31.526887893676758
16.96002197265625
24.970558166503906
34.81425857543945
32.941341400146484
40.44123458862305
22.954023361206055
41.604225158691406
20.42107391357422
34.655799865722656
17.10010528564453
19.953649520874023
29.44355010986328
34.17025375366211
39.14418029785156
24.087867736816406
28.719411849975586
24.693058013916016
26.158105850219727
35.02204132080078
29.99992561340332
28.670095443725586
30.07135581970215
25.73356819152832
23.322885513305664
20.961071014404297
17.25252914428711
18.901891708374023
10.963643074035645
29.57666778564453
15.219765663146973
15.397950172424316
19.09291648864746
14.716641426086426
28.07042694091797
23.813072204589844
19.984840393066406
19.185932159423828
9.250837326049805
17.340974807739258
24.148866653442383
23.785499572753906
6.995776653289795
14.872913360595703
18.692607879638672
49.47039031982422
47.0704460144043
22.039289474487305
7.8600640296936035
24.865968704223633
30.83942985534668
23.424041748046875
27.460975646972656
44.66042709350586
11.106677055358887
21.31325912475586
29.75972557067871
24.23124122619629
23.30211639404297
19.245010375976562
17.812772750854492
27.567407608032227
14.731348991394043
27.923830032348633
20.585155487060547
30.890146255493164
19.851667404174805
10.030149459838867
17.876047134399414
10.310565948486328
36.995079040527344
42.32826614379883
24.542945861816406
15.97724437713623
24.61661720275879
13.144235610961914
25.84588623046875
40.807491302490234
39.391231536865234
6.325961112976074
31.61996841430664
21.114276885986328
38.74232864379883
30.56976890563965
28.50623893737793
28.28255271911621
37.580810546875
17.143558502197266
22.484132766723633
26.57245445251465
14.832210540771484
35.86215591430664
32.040435791015625
27.46160125732422
14.384971618652344
33.626094818115234
13.794059753417969
7.925566673278809
15.320537567138672
40.4661865234375
11.173505783081055
33.208587646484375
43.34280776977539
46.215858459472656
44.388370513916016
10.06165599822998
13.31107234954834
30.552024841308594
15.146910667419434
32.917945861816406
23.192726135253906
32.76780700683594
14.277389526367188
16.89080047607422
20.85382080078125
21.608612060546875
43.04242706298828
21.56007957458496
20.15814208984375
37.32853698730469
45.51771926879883
23.515830993652344
20.376117706298828
20.290420532226562
26.34819793701172
29.921831130981445
20.836105346679688
5.7350873947143555
23.102218627929688
33.48168182373047
33.413002014160156
31.788434982299805
40.58783721923828
27.16323471069336
19.680606842041016
10.759777069091797
24.10162925720215
28.710317611694336
36.85262680053711
20.086944580078125
31.161022186279297
22.243757247924805
22.837987899780273
26.957128524780273
24.854936599731445
14.35539722442627
24.74024200439453
15.487336158752441
26.650341033935547
29.116201400756836
41.34263229370117
31.600170135498047
21.493881225585938
15.510350227355957
42.40351104736328
25.080961227416992
23.99887466430664
23.298009872436523
3.471902370452881
26.781902313232422
23.21596336364746
29.6343936920166
18.438037872314453
21.806358337402344
11.213313102722168
33.32076644897461
23.124996185302734
37.41682815551758
23.575637817382812
34.285789489746094
34.80282974243164
37.479248046875
34.04594421386719
36.88753128051758
16.24429702758789
16.324382781982422
25.948352813720703
25.88874053955078
8.020058631896973
23.902376174926758
53.795894622802734
24.695674896240234
30.42299461364746
15.742971420288086
18.471282958984375
22.48465347290039
27.565393447875977
23.251605987548828
22.481895446777344
12.478560447692871
27.30503273010254
17.522056579589844
25.94378662109375
26.201364517211914
14.699015617370605
25.59051513671875
43.203147888183594
16.62937355041504
7.3905205726623535
13.360621452331543
20.1668758392334
10.682759284973145
15.380060195922852
22.72010040283203
29.23004150390625
21.817241668701172
21.52081871032715
25.111881256103516
25.937780380249023
24.5262451171875
13.7717924118042
44.71189498901367
28.981931686401367
19.8814640045166
5.281916618347168
15.282188415527344
18.18693733215332
18.39891815185547
21.45774269104004
10.450682640075684
17.651430130004883
7.476119518280029
22.07042121887207
32.689239501953125
33.1845817565918
19.589954376220703
25.913599014282227
26.9283504486084
42.17616653442383
23.882369995117188
11.954733848571777
33.499454498291016
22.021291732788086
15.720000267028809
29.653766632080078
49.1472282409668
21.05614471435547
18.912372589111328
32.19116973876953
14.313497543334961
26.08840560913086
33.5117301940918
13.342415809631348
20.986228942871094
8.069876670837402
27.983816146850586
25.64899253845215
17.635684967041016
39.330596923828125
19.281410217285156
24.02410125732422
14.902593612670898
28.0560245513916
20.7742919921875
13.092723846435547
19.9388484954834
31.44501495361328
21.080982208251953
19.40159797668457
32.23952102661133
39.104888916015625
23.34440803527832
18.554607391357422
36.95354461669922
29.146726608276367
36.769901275634766
26.762880325317383
33.6596794128418
29.86395263671875
33.303958892822266
29.162872314453125
13.812607765197754
32.163787841796875
25.955533981323242
16.209909439086914
50.34392166137695
34.1196403503418
31.163631439208984
35.66937255859375
27.711809158325195
37.12404251098633
20.66354751586914
13.191545486450195
33.384063720703125
31.78298568725586
15.819571495056152
21.546789169311523
15.95857048034668
36.450843811035156
40.68452453613281
17.307241439819336
18.930213928222656
22.89374351501465
23.710472106933594
47.54056167602539
17.107227325439453
14.598414421081543
33.3180046081543
23.96929931640625
34.136199951171875
33.808109283447266
32.2310791015625
14.387085914611816
27.41535758972168
28.697052001953125
35.22724151611328
30.316072463989258
9.588325500488281
9.481216430664062
26.051525115966797
30.3472900390625
30.097789764404297
37.426170349121094
15.560604095458984
32.98862075805664
9.594803810119629
20.739707946777344
24.368547439575195
21.635093688964844
25.534690856933594
25.913742065429688
14.5242338180542
24.94794464111328
22.900020599365234
36.94755935668945
32.91136169433594
21.99661636352539
7.3147711753845215
18.822345733642578
24.65049171447754
26.11313819885254
36.314151763916016
25.045988082885742
33.897361755371094
15.548749923706055
22.46930503845215
13.667983055114746
25.190839767456055
35.00654983520508
44.123355865478516
24.065200805664062
17.177291870117188
18.97504234313965
22.932640075683594
33.77727127075195
54.84532165527344
17.278888702392578
37.361671447753906
18.840442657470703
20.79570770263672
20.004396438598633
11.60323715209961
41.81753921508789
23.271419525146484
17.99361228942871
29.026817321777344
9.805163383483887
24.72107696533203
23.255508422851562
9.424424171447754
22.197240829467773
8.749565124511719
28.366952896118164
9.873112678527832
20.252058029174805
19.809539794921875
9.972127914428711
28.851356506347656
33.843135833740234
33.92020034790039
30.240079879760742
22.995195388793945
15.171738624572754
19.018972396850586
15.575716018676758
32.81135940551758
52.3397102355957
16.905315399169922
25.933284759521484
27.415475845336914
11.824562072753906
31.258798599243164
26.197452545166016
26.409835815429688
34.288333892822266
24.595991134643555
24.90945053100586
16.89068031311035
22.40567970275879
26.588356018066406
31.204126358032227
24.63675880432129
29.412607192993164
22.651378631591797
44.14938735961914
28.1943302154541
24.44460678100586
20.562646865844727
26.753747940063477
19.238544464111328
24.40565299987793
5.237975120544434
30.03702163696289
38.3652229309082
25.60614776611328
18.11249351501465
18.027332305908203
16.343645095825195
14.1249418258667
27.424806594848633
33.956504821777344
41.12207794189453
15.711286544799805
16.704153060913086
13.043607711791992
30.029579162597656
33.18487548828125
36.68462371826172
10.414530754089355
30.206029891967773
8.054586410522461
14.761963844299316
19.974599838256836
23.26549530029297
21.2725830078125
31.479278564453125
36.47502517700195
26.59780502319336
22.43099594116211
29.76174545288086
22.647811889648438
21.39870262145996
21.806957244873047
23.522802352905273
15.503534317016602
17.8942928314209
22.33262825012207
31.600526809692383
36.69146728515625
29.340679168701172
5.968819618225098
15.589227676391602
18.885784149169922
18.878189086914062
44.74150848388672
17.396780014038086
28.210315704345703
7.3109869956970215
39.12223434448242
34.79400634765625
16.43846893310547
23.650789260864258
14.528437614440918
20.548534393310547
32.0651969909668
17.654268264770508
31.366313934326172
17.948638916015625
20.73210906982422
34.15403747558594
15.850924491882324
23.73040008544922
46.6729736328125
30.001375198364258
23.00815200805664
33.261871337890625
18.98818016052246
16.22389793395996
7.54805326461792
18.006298065185547
16.57914924621582
10.056833267211914
31.007478713989258
34.68440246582031
22.86128807067871
45.37092208862305
29.958616256713867
2.801426410675049
32.19769287109375
26.39849090576172
31.816875457763672
29.8927001953125
26.931318283081055
23.950241088867188
8.068470001220703
32.16740798950195
24.965587615966797
1.7831063270568848
36.642234802246094
18.018468856811523
23.919870376586914
11.756647109985352
18.254274368286133
22.222318649291992
13.401552200317383
9.248842239379883
15.852218627929688
19.14525604248047
18.856586456298828
26.284635543823242
11.991973876953125
22.178804397583008
28.201980590820312
31.586994171142578
22.095130920410156
26.06853675842285
17.53175926208496
32.243568420410156
24.47123908996582
2.800032615661621
12.220117568969727
16.557676315307617
18.863882064819336
31.176177978515625
21.21502685546875
30.605560302734375
30.85167121887207
27.967069625854492
31.35127067565918
25.23810386657715
31.30013656616211
23.525293350219727
27.198862075805664
43.417518615722656
17.307886123657227
20.034748077392578
14.855177879333496
10.91747760772705
22.626699447631836
25.986534118652344
20.709197998046875
12.4912691116333
27.17303466796875
25.794282913208008
25.093467712402344
24.951236724853516
23.94817352294922
14.40580940246582
24.47187614440918
26.496679306030273
17.114627838134766
26.215312957763672
18.723241806030273
24.38248634338379
5.110591411590576
22.848108291625977
23.32883071899414
25.396284103393555
28.418460845947266
17.336122512817383
38.416969299316406
10.462005615234375
10.255539894104004
14.405756950378418
25.15729522705078
16.370540618896484
18.684406280517578
32.18952941894531
3.9585373401641846
29.074886322021484
26.782115936279297
19.027101516723633
15.116881370544434
27.23553466796875
11.4367036819458
30.52692222595215
17.574871063232422
34.6230354309082
33.007511138916016
19.05329704284668
24.11898422241211
31.818511962890625
21.578716278076172
21.405719757080078
18.863187789916992
36.25115203857422
29.208419799804688
28.27271842956543
19.662240982055664
30.538650512695312
19.582908630371094
22.043312072753906
24.56134605407715
30.053699493408203
14.418435096740723
7.396203994750977
10.11623477935791
22.99248504638672
29.632823944091797
25.329301834106445
16.533288955688477
15.475271224975586
51.248191833496094
45.49059295654297
17.5074520111084
24.641944885253906
15.216829299926758
16.75034523010254
33.6206169128418
49.08814239501953
19.076745986938477
18.68930435180664
49.47810745239258
25.51793670654297
32.202354431152344
33.64757537841797
31.109994888305664
29.08087158203125
35.385860443115234
10.872858047485352
19.912431716918945
4.423239231109619
19.572734832763672
34.36802291870117
9.017783164978027
19.388708114624023
28.015708923339844
10.308106422424316
26.62474250793457
10.960128784179688
12.978180885314941
12.260214805603027
30.045394897460938
26.470338821411133
39.003089904785156
36.70521545410156
1.5752626657485962
40.00484085083008
18.423871994018555
19.54952621459961
37.17601776123047
49.58385467529297
32.0247802734375
24.450410842895508
22.785688400268555
12.585021018981934
25.066953659057617
35.64241409301758
42.259674072265625
35.51101303100586
11.95085620880127
16.014890670776367
29.76911163330078
28.14143943786621
30.97175407409668
15.360692024230957
19.09626007080078
23.83971405029297
23.936933517456055
31.621063232421875
19.165077209472656
26.337718963623047
19.57380485534668
9.156604766845703
28.373157501220703
23.271865844726562
33.04998779296875
45.33281707763672
43.71385192871094
24.002708435058594
30.962932586669922
23.946678161621094
7.901256561279297
47.6006965637207
28.642683029174805
25.632944107055664
18.557180404663086
15.146210670471191
18.891698837280273
38.0087890625
59.469146728515625
27.590160369873047
15.282533645629883
22.273334503173828
20.940120697021484
25.681520462036133
21.630125045776367
19.75345230102539
24.435495376586914
15.110180854797363
21.94146728515625
9.965963363647461
14.511981964111328
28.72454261779785
18.25884246826172
28.265623092651367
28.672801971435547
24.878063201904297
29.454572677612305
17.940977096557617
21.50273323059082
24.99875259399414
13.829532623291016
29.931886672973633
22.647724151611328
22.70644187927246
11.861072540283203
37.4432258605957
13.666634559631348
23.04649543762207
26.931486129760742
32.52503204345703
11.911072731018066
10.26624870300293
26.966426849365234
35.7872200012207
24.313440322875977
44.76421356201172
25.684185028076172
30.08234977722168
31.735294342041016
21.969919204711914
14.612195014953613
31.299285888671875
14.603499412536621
21.67093849182129
16.824934005737305
43.706058502197266
24.82964324951172
29.8367862701416
52.33604049682617
8.286317825317383
17.76972770690918
44.52788162231445
40.20467758178711
9.879328727722168
32.50406265258789
15.143882751464844
26.62173080444336
38.765193939208984
23.152496337890625
21.42056655883789
31.013668060302734
26.197307586669922
28.264572143554688
16.060901641845703
30.984399795532227
14.076776504516602
28.55491828918457
11.253920555114746
44.02896499633789
23.18857765197754
15.004441261291504
22.543659210205078
14.173426628112793
24.559906005859375
28.13100814819336
21.89430809020996
32.08820343017578
6.1900506019592285
15.976494789123535
23.41731071472168
18.0943546295166
42.71952438354492
32.3515739440918
38.51919174194336
8.630518913269043
13.7762451171875
31.389759063720703
33.36792755126953
30.90189552307129
51.32393264770508
43.35751724243164
17.2510986328125
15.307669639587402
31.514156341552734
44.61481857299805
13.51675033569336
37.78636932373047
33.646446228027344
29.867717742919922
38.12276077270508
35.450164794921875
44.328922271728516
24.45106315612793
34.84048843383789
27.934659957885742
38.54576110839844
30.03766632080078
18.378650665283203
22.52007484436035
34.7296142578125
18.33426284790039
35.211021423339844
14.939371109008789
26.093835830688477
18.587818145751953
16.887298583984375
28.760746002197266
17.729604721069336
30.247234344482422
16.52172088623047
16.323617935180664
28.307497024536133
28.007957458496094
40.13361740112305
35.9836540222168
23.254594802856445
32.91925048828125
24.028547286987305
31.3345890045166
33.14822006225586
32.67691421508789
19.761112213134766
20.84223747253418
22.5709285736084
40.684478759765625
21.30558967590332
18.870445251464844
16.699180603027344
15.598692893981934
30.161386489868164
31.601701736450195
43.59339904785156
37.555816650390625
35.175148010253906
21.082595825195312
33.511070251464844
25.538856506347656
20.560298919677734
34.498531341552734
25.957672119140625
25.35748291015625
21.730754852294922
37.27703094482422
6.310037136077881
13.566554069519043
6.3891401290893555
28.82720375061035
43.14663314819336
35.36876678466797
11.777372360229492
42.8696174621582
41.184471130371094
13.530387878417969
11.849345207214355
28.897706985473633
22.59956932067871
12.221381187438965
32.03795623779297
10.45307445526123
18.599836349487305
15.01609992980957
13.671698570251465
30.06369400024414
17.979368209838867
17.691856384277344
14.58476448059082
43.867252349853516
35.625404357910156
23.1331787109375
31.696903228759766
32.43711853027344
14.217662811279297
27.777732849121094
35.666481018066406
37.863826751708984
37.45826721191406
15.60097599029541
22.10352325439453
19.331506729125977
23.82493782043457
14.30105209350586
36.353126525878906
24.109588623046875
11.886390686035156
31.63946533203125
32.251644134521484
7.639153957366943
35.24091720581055
39.55097198486328
14.928104400634766
22.764421463012695
18.91468620300293
54.2082633972168
38.56666946411133
31.862228393554688
17.546764373779297
20.809118270874023
23.195220947265625
44.83026885986328
30.178369522094727
13.269731521606445
22.209604263305664
23.9725284576416
28.53831672668457
46.992431640625
28.874412536621094
24.01792335510254
17.342613220214844
19.92694664001465
20.611881256103516
19.491178512573242
23.44405174255371
41.09008026123047
11.570372581481934
10.524694442749023
57.450279235839844
29.16707992553711
18.47922134399414
24.49506950378418
27.68151092529297
30.266939163208008
32.607601165771484
21.296554565429688
29.657629013061523
31.264562606811523
30.056541442871094
24.456588745117188
29.84396743774414
29.377609252929688
28.0618953704834
15.828153610229492
16.58237075805664
24.92451286315918
20.600828170776367
19.921749114990234
23.714496612548828
12.441509246826172
20.778745651245117
8.848533630371094
28.374515533447266
32.1454963684082
38.991207122802734
14.196296691894531
22.14470863342285
2.3569605350494385
42.482975006103516
27.581478118896484
32.68921661376953
13.585083961486816
40.02822494506836
19.45514678955078
40.28630447387695
25.641019821166992
29.187911987304688
13.070732116699219
23.629039764404297
13.717605590820312
21.636310577392578
35.67719268798828
13.058741569519043
29.02696990966797
22.42507553100586
32.49030303955078
37.16447448730469
11.550727844238281
13.525800704956055
34.0440559387207
23.26470947265625
33.398258209228516
32.89130783081055
27.828044891357422
26.115558624267578
9.738085746765137
27.343143463134766
36.58543395996094
26.075851440429688
21.15304946899414
17.669408798217773
44.994232177734375
30.424283981323242
35.761993408203125
25.693025588989258
20.314027786254883
41.122215270996094
49.68359375
18.775684356689453
22.801517486572266
49.33164978027344
26.22620964050293
36.758174896240234
41.098358154296875
28.066089630126953
32.27573013305664
12.25972843170166
34.26418685913086
24.785852432250977
12.161172866821289
14.27279281616211
20.292667388916016
27.82146644592285
23.16112518310547
23.12822914123535
21.273963928222656
32.13671875
24.948617935180664
28.60566520690918
21.957651138305664
27.343881607055664
5.8141045570373535
28.704423904418945
17.46874237060547
22.46390724182129
11.42460823059082
13.645111083984375
22.08270835876465
42.23134994506836
35.87218475341797
43.7574348449707
29.817350387573242
16.959766387939453
17.242168426513672
32.817291259765625
35.246788024902344
21.988906860351562
30.488780975341797
9.636269569396973
49.04924011230469
8.631319046020508
18.84896469116211
17.413116455078125
24.509004592895508
13.622895240783691
35.06584930419922
14.470446586608887
31.15311050415039
24.97857666015625
17.533397674560547
24.531099319458008
4.936927795410156
27.1707820892334
42.306488037109375
29.566030502319336
27.226518630981445
11.510760307312012
17.57423210144043
30.479703903198242
51.61111068725586
9.72402286529541
21.250879287719727
33.882747650146484
26.975221633911133
19.53657341003418
27.06056022644043
15.168396949768066
25.426067352294922
39.79123306274414
52.197105407714844
35.71391296386719
11.558361053466797
6.543271541595459
29.346879959106445
55.991783142089844
16.013742446899414
33.21091079711914
37.4463005065918
12.057862281799316
25.271480560302734
33.84223937988281
26.22010040283203
33.41755676269531
31.775550842285156
18.649187088012695
22.59862518310547
22.711978912353516
18.617929458618164
11.387362480163574
23.716596603393555
19.756744384765625
13.094117164611816
18.62847137451172
12.993627548217773
4.00968599319458
6.644953727722168
17.21940040588379
33.04239273071289
12.795584678649902
11.536617279052734
23.362321853637695
21.905302047729492
10.1980619430542
19.105993270874023
21.07045555114746
25.780561447143555
22.980253219604492
11.56364917755127
12.0099458694458
5.379354476928711
31.316633224487305
20.94276237487793
31.853769302368164
27.106246948242188
14.247978210449219
32.399742126464844
25.512996673583984
10.47616958618164
15.391730308532715
35.64890670776367
38.004573822021484
19.26534080505371
28.440080642700195
36.15201187133789
42.38871383666992
30.93776512145996
17.247060775756836
15.87397575378418
39.6728630065918
30.560163497924805
18.385744094848633
18.100021362304688
8.700702667236328
18.635271072387695
17.097644805908203
27.588153839111328
30.751522064208984
22.873123168945312
32.421504974365234
19.4621639251709
29.067899703979492
27.104183197021484
26.963685989379883
53.64415740966797
18.222972869873047
8.435100555419922
29.689729690551758
34.3826904296875
34.76818084716797
53.28879165649414
35.945613861083984
25.91990852355957
36.50236129760742
11.1154203414917
17.576276779174805
15.546707153320312
28.51702308654785
32.668399810791016
23.413970947265625
23.40778350830078
22.60196876525879
24.62873649597168
22.784345626831055
12.423052787780762
30.423974990844727
31.856903076171875
35.1046257019043
49.0120735168457
31.579036712646484
24.378679275512695
23.257081985473633
27.143449783325195
36.71763610839844
12.437297821044922
18.239904403686523
10.88505744934082
27.447879791259766
21.205772399902344
6.885106086730957
25.301055908203125
31.331676483154297
24.614809036254883
17.50722885131836
1.8578466176986694
31.82007598876953
41.07807159423828
26.108932495117188
30.424734115600586
50.569332122802734
41.01731872558594
30.050294876098633
23.566808700561523
16.192211151123047
37.41245651245117
20.929630279541016
26.131940841674805
34.16484069824219
35.701629638671875
19.71897315979004
24.893245697021484
31.6756649017334
12.150276184082031
29.807579040527344
20.821266174316406
7.103841304779053
28.104095458984375
36.62302780151367
31.130373001098633
25.44825553894043
13.110980987548828
28.76947021484375
38.67474365234375
38.43758773803711
28.190288543701172
27.534181594848633
18.10308265686035
43.53499984741211
36.29073715209961
18.51123046875
16.44025230407715
4.510954856872559
22.677026748657227
28.151865005493164
25.377195358276367
24.46953582763672
17.522085189819336
14.054880142211914
30.324512481689453
20.505577087402344
6.554099082946777
7.421820163726807
23.176786422729492
13.406895637512207
33.3289909362793
42.51292037963867
10.68990707397461
3.7888379096984863
22.149946212768555
16.105457305908203
24.485361099243164
32.58685302734375
25.09772300720215
38.36882400512695
22.76372718811035
18.8796443939209
49.93707275390625
10.252593040466309
25.476364135742188
39.8234977722168
20.2593994140625
41.83341979980469
11.169106483459473
21.75455665588379
26.287111282348633
33.115238189697266
25.08920669555664
22.3399658203125
20.046133041381836
25.60236930847168
18.070934295654297
28.57168960571289
12.555482864379883
12.263729095458984
30.05984115600586
67.33728790283203
38.9354362487793
22.050172805786133
36.95462417602539
7.168181419372559
6.651139736175537
20.603252410888672
23.095741271972656
32.827247619628906
26.850156784057617
30.098514556884766
26.26717758178711
29.213376998901367
20.682947158813477
16.452781677246094
21.08173370361328
31.531633377075195
18.703218460083008
15.224255561828613
34.24905776977539
29.3292293548584
33.29971694946289
40.07623291015625
24.01788902282715
27.02353286743164
33.00833511352539
11.328227043151855
4.6731181144714355
23.84369659423828
27.887815475463867
25.407047271728516
39.091087341308594
21.718873977661133
41.64754867553711
27.447412490844727
22.17736053466797
35.22557067871094
24.471452713012695
68.58651733398438
20.709257125854492
14.823529243469238
21.6002197265625
23.473262786865234
22.982845306396484
22.867450714111328
26.48702049255371
27.393808364868164
29.694595336914062
26.557727813720703
22.662071228027344
17.918331146240234
35.062355041503906
21.879392623901367
13.027497291564941
26.030134201049805
45.681640625
17.800796508789062
11.577452659606934
29.95720100402832
31.38364028930664
22.426776885986328
33.77284240722656
15.962324142456055
9.047940254211426
24.630712509155273
13.601295471191406
37.599632263183594
11.17982292175293
21.608163833618164
18.467119216918945
29.466110229492188
31.185352325439453
18.05034637451172
16.768760681152344
9.481682777404785
45.8902473449707
19.63112449645996
16.135028839111328
27.943771362304688
27.124332427978516
15.478222846984863
27.91730308532715
25.656179428100586
26.53008270263672
31.826465606689453
18.453262329101562
21.093793869018555
18.238353729248047
51.52647018432617
39.72562026977539
31.670040130615234
21.128568649291992
24.62206268310547
17.799171447753906
25.27477264404297
20.121557235717773
36.88215637207031
28.79176139831543
34.5726203918457
17.907217025756836
20.636552810668945
22.574317932128906
39.965003967285156
26.991477966308594
31.178415298461914
41.12864685058594
19.265396118164062
30.085161209106445
7.536358833312988
20.487213134765625
18.32067108154297
45.16535949707031
45.14933395385742
24.9508056640625
27.97856903076172
11.669397354125977
29.307891845703125
10.774190902709961
20.01567268371582
36.03142547607422
26.398225784301758
14.361684799194336
38.21747589111328
11.608955383300781
9.441254615783691
51.52619552612305
30.393882751464844
13.204877853393555
25.16532325744629
19.374338150024414
48.64877700805664
21.241540908813477
21.7918643951416
23.825040817260742
32.4366455078125
42.611568450927734
21.43379783630371
25.274124145507812
27.474393844604492
40.8480110168457
52.62735366821289
26.161514282226562
29.110380172729492
6.855453968048096
28.420808792114258
42.26724624633789
23.956323623657227
31.651931762695312
31.77848243713379
20.566497802734375
23.602479934692383
27.110305786132812
20.853763580322266
20.766101837158203
24.681032180786133
30.801118850708008
62.67799377441406
18.37054443359375
22.04064178466797
23.822860717773438
38.39337158203125
17.387964248657227
19.239355087280273
9.016066551208496
17.619482040405273
20.763277053833008
30.305452346801758
35.911964416503906
5.275986671447754
23.118896484375
27.132293701171875
29.41522789001465
37.01393127441406
30.147869110107422
18.501976013183594
19.394512176513672
23.212493896484375
22.648548126220703
22.698501586914062
36.71347427368164
28.328018188476562
12.913029670715332
18.562929153442383
22.184898376464844
29.317291259765625
3.651076316833496
25.133594512939453
11.78041934967041
48.905357360839844
52.78714370727539
23.116403579711914
34.33782196044922
22.329063415527344
35.097023010253906
19.81279182434082
17.16721534729004
39.212318420410156
38.32302474975586
31.675954818725586
30.192787170410156
35.968421936035156
11.873562812805176
38.977046966552734
20.18016815185547
11.866875648498535
19.874595642089844
12.907723426818848
28.483610153198242
23.193880081176758
22.087604522705078
35.960750579833984
34.95771789550781
16.755002975463867
23.090744018554688
29.95185089111328
8.105188369750977
25.976451873779297
30.826499938964844
24.802953720092773
12.862631797790527
15.010052680969238
33.85531234741211
19.2578182220459
31.335983276367188
22.83185386657715
26.28973388671875
20.91826629638672
18.335037231445312
14.986180305480957
25.978391647338867
20.807565689086914
20.3117618560791
37.728424072265625
24.041353225708008
16.05982780456543
28.27191162109375
41.12099075317383
38.63545608520508
27.905982971191406
29.3575496673584
7.673372268676758
34.99696731567383
22.834030151367188
14.154245376586914
17.110227584838867
8.98133659362793
14.235267639160156
42.63853073120117
14.297969818115234
28.660831451416016
21.404722213745117
29.95638656616211
14.977195739746094
20.581737518310547
38.441131591796875
22.798545837402344
24.36391830444336
16.40744972229004
26.61664390563965
12.353754997253418
23.34395408630371
34.92634963989258
24.396902084350586
18.054086685180664
19.821542739868164
34.7055778503418
29.8645076751709
45.7432975769043
26.816818237304688
15.172571182250977
29.9243106842041
16.995391845703125
19.99287986755371
35.269187927246094
28.058277130126953
30.726951599121094
36.848052978515625
16.5937442779541
22.216272354125977
47.8075065612793
32.142269134521484
39.379974365234375
11.621807098388672
36.576961517333984
21.19141960144043
56.046897888183594
32.48882293701172
2.8601927757263184
28.672704696655273
22.980886459350586
26.067188262939453
13.536823272705078
33.82887268066406
25.320018768310547
25.414216995239258
31.458505630493164
10.770719528198242
24.393953323364258
12.432612419128418
15.297283172607422
29.265766143798828
13.508357048034668
35.15869140625
13.219663619995117
27.564706802368164
19.791996002197266
18.030672073364258
33.66107940673828
41.0307731628418
20.333751678466797
16.318744659423828
21.86414337158203
22.520124435424805
25.571212768554688
15.429885864257812
11.774423599243164
19.674026489257812
40.67320251464844
32.318119049072266
17.37954330444336
19.721172332763672
26.324214935302734
33.75285339355469
24.681808471679688
25.12638282775879
32.5389518737793
22.438940048217773
12.91674518585205
30.10928726196289
39.293766021728516
46.47658157348633
21.707399368286133
25.86785125732422
31.343107223510742
20.02627944946289
24.848188400268555
31.821849822998047
29.685686111450195
35.99799728393555
17.443355560302734
58.24979782104492
29.24970245361328
37.1283073425293
29.416654586791992
22.19182586669922
24.002975463867188
27.156782150268555
10.25072193145752
14.372586250305176
36.3557243347168
19.899215698242188
13.887434005737305
24.681562423706055
30.05848503112793
25.237632751464844
14.947074890136719
17.30927848815918
32.92747497558594
32.887874603271484
20.376785278320312
19.094518661499023
5.646425724029541
15.42496109008789
12.150798797607422
34.57793426513672
34.35367202758789
15.301846504211426
40.26153564453125
44.63295364379883
11.508466720581055
18.211233139038086
18.033212661743164
24.467418670654297
33.102108001708984
21.10840606689453
32.24346923828125
14.07686710357666
31.833812713623047
40.338653564453125
14.669048309326172
24.779327392578125
29.69637107849121
19.505945205688477
36.92687225341797
31.61421775817871
18.673229217529297
33.639137268066406
7.823411464691162
16.670581817626953
24.595081329345703
43.933223724365234
12.089950561523438
30.501625061035156
14.399035453796387
47.83598709106445
21.694063186645508
20.879369735717773
28.947439193725586
24.687334060668945
36.12348937988281
34.689674377441406
22.881155014038086
21.067607879638672
24.79243278503418
30.14241600036621
31.29566764831543
26.35038185119629
53.78114700317383
36.288753509521484
18.21027183532715
10.5294828414917
23.08527946472168
17.848995208740234
35.864540100097656
14.511608123779297
27.752552032470703
46.68691635131836
25.73663902282715
12.443061828613281
17.588848114013672
31.82440185546875
23.73847198486328
21.01976776123047
17.37118911743164
21.03667640686035
10.486364364624023
17.49352264404297
15.475318908691406
40.69961929321289
27.02022933959961
9.706256866455078
27.59190559387207
10.693949699401855
23.552120208740234
7.767458915710449
19.594017028808594
17.129133224487305
27.914064407348633
20.172842025756836
20.157215118408203
15.844632148742676
32.060028076171875
26.037260055541992
37.28487014770508
25.42847442626953
34.88744354248047
15.106091499328613
26.086345672607422
12.224912643432617
22.666521072387695
26.160287857055664
20.576519012451172
31.910823822021484
26.45085334777832
25.068254470825195
33.854217529296875
28.26655387878418
27.724790573120117
14.72042465209961
37.9138298034668
23.172842025756836
13.613738059997559
25.690887451171875
37.3638916015625
34.12195587158203
22.135574340820312
20.773221969604492
25.419023513793945
30.567792892456055
21.5272159576416
19.070236206054688
23.739164352416992
18.180627822875977
37.08427429199219
27.063831329345703
32.493106842041016
26.117977142333984
21.920825958251953
18.559083938598633
27.76105308532715
17.605260848999023
25.11031723022461
4.758017063140869
10.94088363647461
18.404264450073242
42.30921173095703
23.80938720703125
31.787864685058594
24.3334903717041
14.655067443847656
5.1434173583984375
29.32981300354004
32.15877914428711
28.255468368530273
26.95914077758789
21.38693618774414
24.28643798828125
37.83391189575195
28.60380744934082
27.79918670654297
7.462669849395752
33.07050704956055
26.377704620361328
25.098621368408203
37.31734085083008
18.991323471069336
24.0242977142334
8.192605018615723
27.62683868408203
23.234228134155273
20.7979793548584
35.814815521240234
1.4618680477142334
24.90704917907715
17.64447593688965
36.38990783691406
11.021151542663574
25.681507110595703
25.120784759521484
30.64218521118164
29.297555923461914
16.59101676940918
30.876422882080078
35.70957565307617
16.26322364807129
39.5062141418457
18.01255226135254
8.433823585510254
10.606947898864746
9.00462532043457
34.11625671386719
19.879863739013672
25.85842514038086
20.82598114013672
41.637393951416016
21.04974937438965
22.444202423095703
15.951390266418457
21.782445907592773
25.703020095825195
22.582408905029297
34.78071212768555
26.57158660888672
31.06427574157715
29.808170318603516
16.69443130493164
46.3739128112793
19.777236938476562
23.937400817871094
23.837608337402344
19.436603546142578
21.040231704711914
27.671524047851562
24.76924705505371
34.17064666748047
24.185630798339844
18.718786239624023
27.150222778320312
19.400197982788086
24.115028381347656
36.6336784362793
26.029165267944336
8.670839309692383
24.04842758178711
10.63229751586914
35.60609436035156
23.708538055419922
35.479225158691406
21.723278045654297
20.011430740356445
26.77944564819336
17.263118743896484
20.187881469726562
10.607955932617188
35.190853118896484
39.73153305053711
25.509126663208008
23.11591148376465
38.77381896972656
29.722076416015625
30.709484100341797
36.66374588012695
41.148895263671875
11.237403869628906
21.092670440673828
6.997960090637207
13.60312557220459
18.47252655029297
16.571455001831055
39.42495346069336
34.0411262512207
19.73143768310547
34.2803840637207
12.425387382507324
15.597112655639648
33.116920471191406
25.222063064575195
21.801599502563477
17.87152862548828
31.848764419555664
30.844663619995117
32.430938720703125
13.181964874267578
22.24085807800293
32.10099792480469
19.920093536376953
20.052534103393555
46.40132522583008
36.43160629272461
37.6601448059082
19.27342414855957
22.888633728027344
31.260164260864258
30.9385986328125
37.10801696777344
12.861128807067871
20.860258102416992
43.516658782958984
45.740150451660156
22.55644989013672
30.97618865966797
3.9351139068603516
3.559666395187378
38.1251335144043
38.32252502441406
21.281949996948242
19.94220733642578
52.14599609375
36.51267623901367
3.2217164039611816
25.55574607849121
13.154254913330078
19.146148681640625
25.158161163330078
28.427087783813477
4.665412425994873
29.795015335083008
39.34646987915039
25.535688400268555
34.74195861816406
18.682781219482422
23.92841911315918
27.525012969970703
13.807851791381836
19.53767967224121
16.39498519897461
27.458900451660156
36.09748458862305
14.231949806213379
41.78310775756836
23.707300186157227
12.646100997924805
27.411113739013672
42.79279708862305
25.5352725982666
30.033710479736328
26.78204345703125
20.21955108642578
7.501217365264893
22.375202178955078
18.016401290893555
17.649625778198242
25.354202270507812
36.5145149230957
26.780902862548828
9.68382453918457
30.17578887939453
22.766563415527344
13.176762580871582
27.14620590209961
22.276777267456055
42.366939544677734
25.704362869262695
9.921189308166504
26.05908966064453
28.59787368774414
20.642841339111328
23.715932846069336
35.57290267944336
21.290483474731445
17.12506103515625
20.951087951660156
18.21666145324707
32.30794906616211
29.886184692382812
9.983671188354492
5.8207316398620605
11.904030799865723
34.669700622558594
20.433069229125977
25.912464141845703
20.893028259277344
8.942543983459473
8.694979667663574
12.333959579467773
21.055376052856445
31.392982482910156
32.07006072998047
54.14961242675781
17.170602798461914
42.479923248291016
18.52998924255371
48.0164794921875
11.620349884033203
15.870924949645996
33.382591247558594
15.795233726501465
44.3227424621582
32.16571807861328
24.97235107421875
26.004234313964844
21.781518936157227
11.770281791687012
16.452585220336914
8.206493377685547
28.73336410522461
21.280698776245117
5.703720569610596
46.72167205810547
22.207496643066406
23.484722137451172
26.46781349182129
21.04070472717285
16.67664909362793
5.235830307006836
32.26871109008789
25.27700424194336
38.56748580932617
21.823843002319336
28.312423706054688
46.26363754272461
31.040294647216797
11.243176460266113
27.29022789001465
17.985958099365234
50.8905143737793
21.15920639038086
19.91710662841797
27.81878089904785
35.76023864746094
24.74770736694336
27.00379180908203
13.250624656677246
28.28213119506836
17.497982025146484
33.87529754638672
14.250020027160645
29.144542694091797
40.86989212036133
24.298688888549805
16.099796295166016
21.260440826416016
25.170564651489258
32.03248977661133
24.961599349975586
9.863274574279785
16.072267532348633
30.937578201293945
13.691248893737793
28.78687286376953
19.20493507385254
6.692760467529297
10.21487808227539
23.91848373413086
14.056509017944336
9.708375930786133
35.219749450683594
17.39681053161621
41.738040924072266
23.01251792907715
31.946260452270508
14.448400497436523
26.85356903076172
24.75908851623535
15.304967880249023
21.328569412231445
14.618821144104004
21.061626434326172
13.215452194213867
40.48878860473633
22.11139488220215
15.437637329101562
18.141828536987305
20.280685424804688
22.780899047851562
27.624244689941406
18.75844955444336
16.75843048095703
27.39405059814453
53.220829010009766
34.08489227294922
22.299631118774414
50.38993835449219
29.331195831298828
6.96816873550415
29.362625122070312
16.99612808227539
16.418811798095703
30.850366592407227
10.319497108459473
19.164024353027344
29.774232864379883
38.41545486450195
25.119972229003906
31.016826629638672
22.36568260192871
42.332969665527344
35.5507698059082
37.65568923950195
22.218168258666992
24.1110782623291
35.99264907836914
30.176599502563477
23.56614112854004
48.47452926635742
41.6314697265625
13.585775375366211
26.235902786254883
43.45011901855469
38.123863220214844
25.984256744384766
30.662351608276367
7.676487922668457
30.616819381713867
25.696857452392578
28.161418914794922
23.300973892211914
51.49522399902344
19.734294891357422
24.199342727661133
19.73884391784668
25.05386734008789
16.81998062133789
31.139808654785156
22.29734992980957
42.11793518066406
18.147077560424805
33.23302459716797
29.27208137512207
23.292001724243164
20.39469337463379
38.49580001831055
30.62150764465332
28.89752960205078
19.898391723632812
26.181711196899414
39.55922317504883
38.9051399230957
40.18949890136719
18.185537338256836
9.171546936035156
16.066404342651367
38.25065231323242
25.5688419342041
22.001523971557617
24.383394241333008
22.67930793762207
36.7395133972168
21.47146987915039
14.619422912597656
37.08662414550781
22.6846866607666
20.010478973388672
55.011207580566406
41.258338928222656
35.61149597167969
28.975114822387695
50.68796157836914
21.658327102661133
38.48234558105469
33.44137954711914
9.735370635986328
26.364625930786133
24.745512008666992
27.04377555847168
31.902631759643555
33.02488327026367
23.804336547851562
22.97951316833496
20.790273666381836
36.602474212646484
33.87391662597656
20.0064640045166
16.551631927490234
18.12176513671875
18.894142150878906
27.016033172607422
46.75578689575195
16.053428649902344
31.583765029907227
17.40730094909668
30.79476547241211
14.256247520446777
14.61402702331543
35.38685989379883
36.530757904052734
31.5834903717041
13.639246940612793
17.593791961669922
9.685287475585938
37.67019271850586
32.919288635253906
24.746252059936523
9.148300170898438
21.38627815246582
31.145999908447266
22.142702102661133
22.16687774658203
35.823753356933594
59.70060348510742
36.07248306274414
26.62741470336914
23.931411743164062
12.054607391357422
15.767974853515625
28.590862274169922
22.740875244140625
13.794842720031738
27.621164321899414
14.852516174316406
15.3748197555542
24.587987899780273
28.545549392700195
29.38267707824707
41.38969802856445
9.769893646240234
31.44607925415039
34.61510467529297
16.92147445678711
22.643836975097656
23.139902114868164
13.791894912719727
23.339099884033203
16.284542083740234
22.882530212402344
34.86466598510742
27.841636657714844
29.336383819580078
12.293298721313477
19.03582000732422
15.384109497070312
19.457408905029297
26.278926849365234
26.613393783569336
21.06855010986328
16.844648361206055
23.060367584228516
34.17603302001953
17.146045684814453
23.555313110351562
13.23100757598877
27.798370361328125
10.347101211547852
22.457483291625977
17.655221939086914
24.701557159423828
19.631284713745117
22.835552215576172
42.07939910888672
33.25690460205078
24.667184829711914
24.373136520385742
23.33311653137207
8.950967788696289
31.778446197509766
45.21269607543945
40.223079681396484
20.373332977294922
21.119487762451172
14.606830596923828
23.290815353393555
28.754478454589844
16.29670524597168
39.29864501953125
33.15116500854492
19.05350112915039
29.258506774902344
32.74654769897461
24.0578556060791
41.02955627441406
20.774497985839844
17.101192474365234
31.540390014648438
29.554231643676758
13.81594467163086
25.82929039001465
12.932339668273926
8.626656532287598
24.148944854736328
23.589984893798828
18.43464469909668
17.71723747253418
41.53134536743164
14.062410354614258
15.928050994873047
29.16622543334961
50.098995208740234
21.72934913635254
34.32613754272461
14.831042289733887
26.346303939819336
29.22530746459961
22.22897720336914
22.967741012573242
13.34140396118164
22.78966522216797
18.815122604370117
