11.284428596496582
23.798673629760742
9.334491729736328
30.5256290435791
20.25228500366211
25.6370792388916
31.740793228149414
19.29608154296875
36.479400634765625
24.135784149169922
10.19851016998291
21.63466453552246
26.09010887145996
36.11078643798828
16.786130905151367
4.842321872711182
21.91260528564453
28.887256622314453
22.18132209777832
17.67003631591797
32.217220306396484
34.36162185668945
38.039886474609375
20.6312313079834
10.1115140914917
27.15883445739746
35.97169494628906
5.672797203063965
28.34541130065918
33.15776824951172
9.031946182250977
33.507354736328125
22.708602905273438
24.614011764526367
10.34469223022461
32.578250885009766
34.738372802734375
35.66026306152344
21.296762466430664
21.720245361328125
43.92887496948242
25.12274932861328
21.233226776123047
19.676715850830078
30.992246627807617
20.829648971557617
22.415964126586914
15.356120109558105
36.527591705322266
18.608154296875
32.91162872314453
18.973276138305664
41.19032669067383
37.92366027832031
32.191917419433594
26.391429901123047
21.054000854492188
21.043968200683594
20.346601486206055
14.185009002685547
1.282480239868164
17.48299789428711
35.8129997253418
34.24268341064453
9.03116512298584
13.418861389160156
30.775144577026367
10.070963859558105
32.94557189941406
38.024803161621094
15.183053970336914
33.79460906982422
13.036406517028809
10.333026885986328
15.630615234375
15.695523262023926
20.461204528808594
27.42567253112793
7.258785247802734
1.1772243976593018
11.783624649047852
15.379966735839844
26.038747787475586
28.965679168701172
9.12617301940918
32.297428131103516
27.815876007080078
22.50226593017578
22.691450119018555
8.374212265014648
13.097352981567383
23.724693298339844
10.259592056274414
32.053890228271484
30.578805923461914
27.54393768310547
10.83984375
31.9927978515625
30.49993133544922
19.617568969726562
20.56402587890625
14.870550155639648
25.409339904785156
40.97062683105469
13.018658638000488
25.267732620239258
27.986038208007812
20.757335662841797
23.90424919128418
8.24782657623291
14.735298156738281
30.064895629882812
19.00871467590332
9.89694595336914
13.89627456665039
32.74982452392578
28.58747673034668
16.48562240600586
43.657344818115234
9.809226989746094
11.193305969238281
12.317071914672852
37.707149505615234
29.872892379760742
23.21531105041504
28.973430633544922
26.413291931152344
27.832365036010742
23.80739974975586
15.2328462600708
37.044185638427734
17.67348861694336
14.652971267700195
30.918128967285156
28.4809513092041
15.022639274597168
15.319766998291016
15.997570991516113
23.80025291442871
32.081321716308594
22.093202590942383
17.16578483581543
32.36907196044922
19.143295288085938
23.62289047241211
34.35099411010742
42.760337829589844
20.331714630126953
25.902833938598633
24.384801864624023
29.604045867919922
30.665266036987305
35.044029235839844
26.218671798706055
15.204134941101074
23.788583755493164
18.793373107910156
29.990928649902344
24.340007781982422
16.90241050720215
10.056071281433105
35.8889045715332
32.25042724609375
28.531742095947266
17.576324462890625
25.28762435913086
18.784788131713867
23.962976455688477
37.142032623291016
34.27083969116211
5.346571445465088
24.718399047851562
21.555198669433594
26.71010971069336
27.42146110534668
23.180341720581055
17.105504989624023
13.128660202026367
8.712059020996094
8.325528144836426
33.26541519165039
14.373019218444824
20.820758819580078
24.62528419494629
14.923246383666992
22.865711212158203
31.51533317565918
29.654184341430664
14.409120559692383
12.790226936340332
11.734711647033691
12.93724250793457
41.48710632324219
22.340436935424805
26.595571517944336
15.303130149841309
10.21652603149414
17.962865829467773
28.73556137084961
13.391927719116211
23.114879608154297
14.657063484191895
10.708017349243164
21.776866912841797
29.741626739501953
14.277149200439453
26.408859252929688
29.391454696655273
32.09925842285156
20.262298583984375
8.062559127807617
8.985565185546875
19.34182357788086
45.769073486328125
0.5317627787590027
34.17630386352539
31.930315017700195
21.080280303955078
28.341440200805664
22.438587188720703
16.192026138305664
20.859743118286133
16.10334587097168
32.839752197265625
4.455794811248779
29.250368118286133
14.168512344360352
23.14529037475586
32.401023864746094
20.581146240234375
16.431032180786133
25.23160743713379
15.625998497009277
29.504135131835938
17.399639129638672
9.280445098876953
34.08201217651367
30.24446678161621
4.211897850036621
22.7182559967041
13.986237525939941
29.735979080200195
19.80591583251953
12.338998794555664
13.147186279296875
48.363853454589844
20.47456169128418
17.989168167114258
39.22309112548828
36.151275634765625
39.93313217163086
17.759733200073242
36.15863800048828
24.724828720092773
11.17003345489502
25.22101402282715
44.67976760864258
22.98948860168457
37.166595458984375
16.33509063720703
4.794361591339111
9.076417922973633
16.647226333618164
9.7529878616333
38.07075119018555
4.162806510925293
35.302589416503906
13.915077209472656
17.181791305541992
28.685401916503906
21.400602340698242
9.090603828430176
30.332956314086914
11.869254112243652
18.48641014099121
18.64259910583496
11.72054386138916
18.94126319885254
8.413432121276855
16.16991424560547
14.565322875976562
29.938800811767578
33.43319320678711
18.729055404663086
21.58418846130371
23.716684341430664
26.56322479248047
36.90055465698242
15.279998779296875
11.562088012695312
13.946646690368652
25.057016372680664
34.36021423339844
33.38710021972656
24.11865997314453
11.683595657348633
15.477824211120605
33.102561950683594
17.324451446533203
14.551663398742676
14.142864227294922
26.72825813293457
9.948445320129395
23.909461975097656
17.60028076171875
17.54496955871582
30.5849609375
15.1558256149292
12.149479866027832
18.28375244140625
28.152299880981445
26.56545639038086
15.590338706970215
31.637243270874023
18.797428131103516
25.345666885375977
39.7797737121582
33.61744689941406
28.501855850219727
11.172664642333984
14.06640625
25.61052703857422
20.845754623413086
26.240520477294922
8.89875316619873
17.65005874633789
12.889004707336426
13.119182586669922
17.41158676147461
21.157642364501953
18.665531158447266
22.36236000061035
21.469482421875
22.31447982788086
24.339519500732422
19.21219253540039
29.90092658996582
37.87917709350586
4.955474853515625
20.293888092041016
22.89021873474121
20.920774459838867
16.26327133178711
19.877826690673828
21.684213638305664
34.427833557128906
23.634069442749023
12.816603660583496
8.570685386657715
27.52274513244629
21.650188446044922
26.37139129638672
33.81447982788086
33.9577522277832
25.72403335571289
32.95199966430664
5.683192729949951
9.57809829711914
9.837479591369629
21.0844669342041
22.174131393432617
29.15138816833496
15.600127220153809
29.05307388305664
7.0472564697265625
26.425935745239258
22.59627914428711
41.69868850708008
15.811142921447754
25.903894424438477
16.34715461730957
21.49213981628418
30.425918579101562
27.232255935668945
20.063968658447266
15.626500129699707
20.17003631591797
31.468978881835938
21.435609817504883
15.106139183044434
12.575163841247559
20.78982925415039
18.327913284301758
8.343223571777344
14.17638111114502
26.47642707824707
26.08466148376465
23.257186889648438
3.483053207397461
8.324857711791992
24.636985778808594
13.72668170928955
32.09701919555664
21.074800491333008
49.12657165527344
19.62776756286621
23.068147659301758
27.697154998779297
14.9722318649292
22.5681209564209
28.569438934326172
25.12792205810547
30.096494674682617
23.85434913635254
26.96736717224121
20.57198143005371
23.63471031188965
17.585010528564453
19.922077178955078
17.965530395507812
33.68129348754883
23.996667861938477
21.661977767944336
9.887042999267578
21.569093704223633
34.95314407348633
17.0761661529541
25.952381134033203
14.914612770080566
29.750398635864258
18.394182205200195
22.740453720092773
16.96674156188965
10.277020454406738
9.576821327209473
28.563800811767578
22.311975479125977
19.271392822265625
27.150041580200195
23.347108840942383
31.35014533996582
13.86499309539795
27.68313980102539
29.359766006469727
15.680831909179688
25.90353775024414
24.956806182861328
14.598991394042969
22.07461166381836
25.303068161010742
27.293540954589844
29.152179718017578
2.3647751808166504
8.947396278381348
15.491741180419922
20.07884407043457
11.195513725280762
28.410123825073242
14.49422836303711
8.653491020202637
20.88929557800293
19.389362335205078
37.17494583129883
27.562313079833984
7.225294589996338
20.755338668823242
41.34211349487305
26.87418556213379
33.06011962890625
26.043474197387695
24.493696212768555
16.828222274780273
7.456146717071533
60.24623489379883
35.23518371582031
26.143953323364258
23.89459800720215
10.924877166748047
22.96022605895996
26.03621482849121
22.152877807617188
23.81425666809082
45.40078353881836
21.961727142333984
28.64170265197754
10.659377098083496
25.410402297973633
15.822875022888184
17.604736328125
24.020200729370117
15.308476448059082
30.1927547454834
30.865236282348633
23.65468406677246
32.931949615478516
25.781452178955078
16.957639694213867
28.59849739074707
15.625627517700195
29.691970825195312
32.64425277709961
26.786170959472656
24.969829559326172
13.679117202758789
38.07939529418945
7.590594291687012
42.573089599609375
14.379284858703613
38.289459228515625
17.279932022094727
10.59768295288086
24.831571578979492
18.985858917236328
31.396930694580078
32.36283493041992
35.94676971435547
14.901468276977539
3.4101626873016357
14.568825721740723
19.203968048095703
28.223543167114258
16.199565887451172
13.535419464111328
36.25983810424805
40.12554931640625
18.739622116088867
2.2060835361480713
45.7050666809082
25.965301513671875
10.365653991699219
34.927310943603516
47.576171875
22.383670806884766
25.6865234375
26.56635093688965
11.014106750488281
21.620643615722656
19.7274169921875
25.444700241088867
21.314350128173828
12.804226875305176
25.835933685302734
13.232492446899414
24.5609130859375
12.268386840820312
23.660354614257812
24.54547119140625
5.206894874572754
21.876150131225586
32.539039611816406
18.38246726989746
22.73925018310547
20.702369689941406
22.370542526245117
18.22471046447754
16.562252044677734
14.842414855957031
49.689598083496094
17.270902633666992
21.763093948364258
30.140653610229492
35.91873550415039
15.499037742614746
13.689534187316895
26.346420288085938
21.59696388244629
27.437036514282227
35.439701080322266
9.380904197692871
18.368467330932617
24.0399169921875
29.939956665039062
18.343534469604492
18.781208038330078
7.057775020599365
28.870908737182617
18.004518508911133
13.357497215270996
19.295639038085938
16.757232666015625
32.66200637817383
20.120647430419922
34.26026916503906
7.139742851257324
18.16979217529297
7.257941722869873
34.70767593383789
21.597925186157227
9.543547630310059
32.23759460449219
12.994303703308105
24.264575958251953
27.20339584350586
13.105585098266602
7.214282512664795
25.252052307128906
19.831947326660156
8.968863487243652
10.6917085647583
18.538846969604492
24.478496551513672
4.727821350097656
31.15283203125
27.069425582885742
25.749086380004883
16.613737106323242
30.288515090942383
30.780410766601562
25.07558250427246
34.84758377075195
16.58418083190918
19.899293899536133
23.375659942626953
20.497718811035156
5.650873184204102
22.990236282348633
25.055015563964844
18.345901489257812
23.478822708129883
33.40190124511719
14.740793228149414
44.17656326293945
40.088584899902344
23.35539436340332
16.906091690063477
22.761938095092773
19.064739227294922
17.96975326538086
39.220882415771484
45.4051628112793
6.5834059715271
15.966315269470215
44.25017166137695
20.775970458984375
15.679685592651367
25.16584014892578
45.70930862426758
15.244545936584473
20.820127487182617
20.957921981811523
19.898218154907227
21.683156967163086
17.591054916381836
29.278642654418945
22.53167724609375
21.626604080200195
31.806278228759766
26.54082679748535
29.16115379333496
17.983844757080078
31.152631759643555
18.254520416259766
25.121736526489258
11.09011173248291
28.88713264465332
12.230987548828125
7.391047477722168
21.8869686126709
33.928951263427734
25.868650436401367
27.144641876220703
8.576547622680664
13.380765914916992
22.82685661315918
20.434009552001953
19.519603729248047
39.426292419433594
19.881792068481445
31.36144256591797
15.792071342468262
14.705275535583496
29.40140724182129
41.79072570800781
20.6389102935791
43.44828414916992
23.732572555541992
15.59970474243164
28.559192657470703
24.55413055419922
24.337081909179688
18.09977912902832
28.204614639282227
26.994943618774414
9.278444290161133
20.266237258911133
9.001290321350098
16.735200881958008
20.664493560791016
10.272488594055176
30.62188148498535
19.849712371826172
40.11444854736328
18.338890075683594
28.028562545776367
23.123029708862305
25.800718307495117
39.044639587402344
10.621976852416992
8.12414264678955
14.734038352966309
1.5282670259475708
24.360864639282227
20.781232833862305
39.0528678894043
10.51729679107666
14.325108528137207
12.183552742004395
12.287128448486328
20.989856719970703
14.681797981262207
12.63926887512207
21.981332778930664
16.60257339477539
33.01036834716797
18.24156379699707
20.461124420166016
17.64714241027832
18.69083023071289
18.38508415222168
20.640655517578125
23.773225784301758
22.20318031311035
20.984830856323242
37.804996490478516
18.457868576049805
15.241382598876953
28.568172454833984
33.99761199951172
18.63054084777832
13.234818458557129
23.576942443847656
9.206952095031738
20.95424461364746
41.489131927490234
58.300716400146484
20.935226440429688
15.796271324157715
13.473550796508789
18.051597595214844
10.016633987426758
20.496355056762695
3.8968794345855713
20.605262756347656
29.17056655883789
26.355592727661133
28.793010711669922
6.363497257232666
27.578508377075195
22.551288604736328
32.98379898071289
3.2485034465789795
21.53697395324707
14.545581817626953
25.652023315429688
22.70409393310547
12.308842658996582
7.434391498565674
13.757603645324707
22.2282657623291
20.08500099182129
5.2412919998168945
26.682964324951172
27.917430877685547
22.52284812927246
24.728626251220703
19.577457427978516
27.229820251464844
38.47562026977539
42.737159729003906
19.38138198852539
41.5550537109375
17.245807647705078
23.466543197631836
39.00027847290039
30.9462947845459
26.43682861328125
32.9275016784668
21.006391525268555
20.0345401763916
23.12613868713379
24.244935989379883
63.65801239013672
23.310279846191406
29.306364059448242
21.338359832763672
12.69596004486084
20.23858642578125
16.135393142700195
34.9320182800293
11.30074691772461
22.97836685180664
23.393238067626953
27.30779266357422
8.83203125
31.168073654174805
23.658565521240234
25.17030143737793
29.09368133544922
26.911758422851562
6.556020736694336
15.175073623657227
20.0122127532959
32.114498138427734
30.236530303955078
21.38058090209961
29.751506805419922
18.952774047851562
20.386653900146484
16.702308654785156
27.696382522583008
20.207536697387695
8.772305488586426
31.25050926208496
12.491984367370605
9.563570022583008
29.47654914855957
16.47781753540039
26.425172805786133
36.01266860961914
22.07026481628418
33.98383712768555
34.029178619384766
31.586408615112305
38.13468551635742
31.65965461730957
31.506284713745117
24.686973571777344
31.63543128967285
31.417482376098633
34.316585540771484
47.6419677734375
12.547853469848633
13.850008964538574
22.426118850708008
33.55033874511719
14.943412780761719
31.99009132385254
13.653074264526367
17.06086540222168
11.260059356689453
33.147003173828125
33.67393493652344
28.05295753479004
6.961472988128662
11.809771537780762
19.644229888916016
21.67046546936035
42.53904724121094
17.555957794189453
18.24751853942871
30.039762496948242
17.267677307128906
20.126928329467773
23.8418025970459
19.06134796142578
18.743425369262695
17.86648178100586
26.48131561279297
29.21164894104004
15.571161270141602
20.231698989868164
35.32078552246094
32.70640182495117
5.823240280151367
33.45677185058594
27.733949661254883
4.470180511474609
16.03224754333496
41.157989501953125
20.061325073242188
14.513517379760742
13.172321319580078
33.82636260986328
45.75410842895508
24.979686737060547
40.201873779296875
14.534524917602539
41.28853988647461
18.080184936523438
19.608617782592773
31.65941047668457
16.151187896728516
34.56113052368164
10.912997245788574
20.680356979370117
5.6913957595825195
14.531769752502441
24.194019317626953
32.13315200805664
24.042743682861328
19.40293312072754
31.21524429321289
50.107032775878906
14.776360511779785
27.158205032348633
20.399879455566406
37.15740966796875
31.811676025390625
22.487058639526367
16.589548110961914
16.60977554321289
24.05802345275879
20.896318435668945
30.43229866027832
20.904590606689453
17.689722061157227
29.31658172607422
23.021961212158203
34.520179748535156
19.553075790405273
33.219818115234375
16.687740325927734
24.855878829956055
11.911410331726074
10.002676963806152
42.09721755981445
40.67295837402344
20.034902572631836
19.52771759033203
17.50003433227539
10.934601783752441
31.067813873291016
20.450960159301758
16.725940704345703
28.42010498046875
35.62461853027344
23.570159912109375
25.519798278808594
6.887262344360352
21.151973724365234
39.599365234375
27.305423736572266
8.875345230102539
20.240694046020508
23.244449615478516
21.655996322631836
9.96950626373291
16.8177547454834
26.031675338745117
24.034374237060547
17.745906829833984
30.492229461669922
22.9090518951416
21.229488372802734
29.42278289794922
25.61859893798828
3.977773904800415
16.85917854309082
46.34267807006836
24.810531616210938
13.368699073791504
21.364965438842773
9.093610763549805
29.978761672973633
5.224216461181641
25.494056701660156
31.9389591217041
23.156362533569336
27.1859130859375
19.536741256713867
18.713336944580078
11.508915901184082
24.94598388671875
13.290462493896484
19.147228240966797
4.092698574066162
20.411836624145508
11.990312576293945
17.027320861816406
46.162105560302734
28.279529571533203
16.37651252746582
18.82707405090332
23.07074546813965
25.756866455078125
34.09077072143555
5.736636638641357
33.16970443725586
12.744451522827148
26.96519660949707
14.15435791015625
22.011133193969727
17.183046340942383
8.053913116455078
13.196432113647461
25.324329376220703
22.841175079345703
14.111417770385742
11.925518989562988
17.978857040405273
23.7115421295166
31.83584213256836
11.242562294006348
31.04372787475586
31.353300094604492
14.647672653198242
12.624714851379395
16.70556640625
25.177743911743164
14.26977825164795
22.3020076751709
10.556519508361816
38.551815032958984
7.9924163818359375
7.095727920532227
20.433868408203125
8.92747974395752
22.105945587158203
41.699806213378906
15.044061660766602
27.332683563232422
13.881499290466309
14.807412147521973
26.18649673461914
25.915611267089844
36.375999450683594
30.23839569091797
19.33131217956543
14.7882080078125
16.11273956298828
21.718425750732422
36.00959014892578
32.57343292236328
37.564727783203125
11.628181457519531
31.810537338256836
6.338426113128662
27.146503448486328
31.158828735351562
9.0246000289917
31.924705505371094
15.510748863220215
18.274185180664062
19.836633682250977
25.22450828552246
34.20574188232422
4.225709915161133
21.68809700012207
15.149497032165527
17.48911476135254
12.99424934387207
27.779373168945312
14.975595474243164
18.83675193786621
8.77995491027832
20.747549057006836
27.400863647460938
17.639019012451172
32.11650848388672
17.27100944519043
16.24771499633789
27.31930923461914
12.22635555267334
26.310283660888672
29.88480567932129
20.734622955322266
34.6309928894043
28.868858337402344
19.269969940185547
9.820982933044434
22.31447982788086
21.213237762451172
28.528255462646484
7.193691253662109
19.021759033203125
12.011892318725586
27.652379989624023
20.948888778686523
34.88671112060547
24.287324905395508
23.39354705810547
7.100461483001709
15.636737823486328
36.8806266784668
36.56224822998047
36.790771484375
22.936622619628906
19.23600196838379
18.564456939697266
23.153642654418945
21.122371673583984
36.90273666381836
25.177120208740234
21.23944091796875
17.136932373046875
10.635805130004883
20.211889266967773
28.665382385253906
15.50088882446289
31.815088272094727
15.806102752685547
26.506147384643555
18.03261947631836
28.86052131652832
22.846088409423828
22.382619857788086
20.42530059814453
26.399017333984375
35.93986892700195
17.10242462158203
11.823820114135742
23.869430541992188
12.577383995056152
33.11489486694336
19.8559513092041
10.23414134979248
63.27801513671875
20.28069496154785
29.175811767578125
10.929777145385742
30.226215362548828
21.086610794067383
14.580826759338379
23.433229446411133
18.987201690673828
15.039013862609863
29.993154525756836
15.97612476348877
20.897663116455078
24.88055992126465
14.629058837890625
6.778570175170898
29.576074600219727
33.37755584716797
8.470576286315918
11.366966247558594
27.227636337280273
11.279119491577148
14.803871154785156
31.131738662719727
12.145236015319824
25.30323600769043
22.413198471069336
25.630273818969727
26.199512481689453
28.08598518371582
16.411569595336914
15.886056900024414
32.106475830078125
25.835481643676758
33.58149719238281
10.971373558044434
12.786184310913086
32.48335647583008
33.123443603515625
11.747029304504395
21.216554641723633
10.741374015808105
26.637420654296875
18.594167709350586
15.598514556884766
21.78740119934082
26.404541015625
37.11737060546875
36.42364501953125
30.94473648071289
24.639606475830078
22.230464935302734
15.914925575256348
25.766002655029297
22.16281509399414
18.032495498657227
4.177924633026123
33.16999435424805
11.95859146118164
19.92250633239746
16.261003494262695
21.049158096313477
12.01850414276123
25.127700805664062
18.79899787902832
13.240582466125488
28.721166610717773
24.906206130981445
24.983482360839844
31.720251083374023
32.67466735839844
25.422889709472656
32.090538024902344
19.957895278930664
23.467756271362305
22.944089889526367
9.440385818481445
16.910404205322266
24.441268920898438
21.030027389526367
28.902088165283203
18.123186111450195
20.714662551879883
38.41517639160156
28.02359962463379
13.385921478271484
24.936267852783203
35.263492584228516
27.245344161987305
36.44768142700195
17.311683654785156
12.413947105407715
14.89436149597168
19.679006576538086
25.118642807006836
20.458541870117188
7.049383163452148
28.620447158813477
15.707633018493652
20.37717056274414
27.516925811767578
31.38995361328125
6.635946750640869
39.53196334838867
28.867145538330078
22.753360748291016
16.66779136657715
18.313920974731445
27.826705932617188
9.878586769104004
13.93630599975586
9.66808795928955
38.468231201171875
25.17903709411621
29.54747200012207
18.88582420349121
5.251692771911621
29.490461349487305
43.990692138671875
11.692652702331543
20.910573959350586
22.847190856933594
15.644132614135742
16.619478225708008
18.381620407104492
21.934907913208008
3.226177930831909
7.452447891235352
22.33433723449707
23.166580200195312
27.518342971801758
38.4661750793457
21.24281120300293
16.335853576660156
7.04277229309082
16.742488861083984
14.660639762878418
30.299171447753906
36.21185302734375
57.2852897644043
10.75645637512207
11.258580207824707
32.7979736328125
13.060965538024902
18.80381965637207
27.226356506347656
20.505346298217773
29.674306869506836
45.84543991088867
31.00169563293457
35.34184265136719
13.351767539978027
15.537383079528809
15.214219093322754
10.840681076049805
36.485225677490234
9.028876304626465
20.020517349243164
30.79084587097168
18.41387367248535
3.3216552734375
26.198551177978516
16.84191131591797
23.972793579101562
15.801066398620605
12.568260192871094
22.026920318603516
24.909421920776367
26.889636993408203
19.730552673339844
13.825995445251465
14.6868314743042
11.520902633666992
32.05458450317383
16.968358993530273
28.751819610595703
16.913827896118164
8.172269821166992
10.013198852539062
14.689750671386719
16.75139808654785
21.820680618286133
28.929000854492188
13.615138053894043
19.775190353393555
28.082002639770508
30.683435440063477
20.2564697265625
22.92428970336914
8.947158813476562
18.620452880859375
16.12607192993164
8.098824501037598
48.83164978027344
17.438005447387695
18.416650772094727
19.822799682617188
35.356903076171875
24.067928314208984
41.06706619262695
23.6154842376709
29.95978546142578
48.30682373046875
25.476890563964844
41.98065948486328
17.929685592651367
24.061626434326172
32.84375
32.624507904052734
24.67814826965332
18.987140655517578
34.71003723144531
30.95522117614746
15.842780113220215
6.509248733520508
23.001508712768555
30.173603057861328
19.292619705200195
30.078773498535156
22.220645904541016
19.476404190063477
10.900934219360352
36.38414001464844
24.832290649414062
43.07555389404297
12.318086624145508
29.89188575744629
24.05465316772461
12.869741439819336
27.25914192199707
23.28912925720215
25.44045639038086
23.712312698364258
31.47542953491211
9.562047958374023
39.243499755859375
26.317859649658203
14.922691345214844
13.347511291503906
25.693151473999023
9.057008743286133
22.521696090698242
15.212570190429688
36.758609771728516
36.456912994384766
17.688631057739258
45.90366744995117
23.831876754760742
15.832048416137695
41.663291931152344
42.75873947143555
44.5949592590332
16.909889221191406
29.338436126708984
8.363585472106934
19.721599578857422
25.26331329345703
24.76447105407715
32.953243255615234
33.24617385864258
24.86652946472168
25.58729362487793
28.972881317138672
10.532154083251953
18.49544906616211
21.74753189086914
19.046979904174805
25.670019149780273
20.752517700195312
21.951650619506836
27.899816513061523
13.574261665344238
36.1937370300293
36.147216796875
17.676998138427734
20.650848388671875
32.409061431884766
31.07662582397461
22.42460823059082
20.860055923461914
18.386581420898438
15.825868606567383
21.227678298950195
15.431940078735352
18.86279296875
9.47042179107666
33.43896484375
29.542268753051758
15.604321479797363
20.120166778564453
19.520118713378906
48.033851623535156
28.401235580444336
26.13129234313965
20.245201110839844
23.465747833251953
7.12026834487915
29.027095794677734
32.20181655883789
15.194388389587402
22.470102310180664
25.95370864868164
23.00821876525879
12.373878479003906
26.994583129882812
15.932523727416992
12.009928703308105
30.69171142578125
35.23354721069336
35.143165588378906
40.93281555175781
18.200328826904297
23.105024337768555
22.08028221130371
29.545772552490234
13.667865753173828
26.282066345214844
19.49237060546875
11.780671119689941
27.240184783935547
32.22541046142578
44.21037292480469
17.54907989501953
27.778955459594727
27.292165756225586
29.130821228027344
12.851337432861328
23.4921932220459
24.976055145263672
14.413844108581543
12.172675132751465
10.321074485778809
16.557872772216797
19.1019287109375
25.298288345336914
18.01905059814453
36.68931579589844
12.707602500915527
45.50861358642578
13.354851722717285
37.710968017578125
18.267730712890625
15.113574028015137
29.538597106933594
15.700512886047363
25.13201141357422
25.09966468811035
15.784085273742676
18.097883224487305
24.960498809814453
40.32688903808594
25.420177459716797
14.418220520019531
21.55014991760254
30.220611572265625
12.063371658325195
27.494464874267578
13.66573429107666
26.990846633911133
20.419330596923828
35.84003448486328
31.131389617919922
11.744932174682617
24.591106414794922
0.4868484139442444
21.928050994873047
23.171627044677734
24.219499588012695
23.646142959594727
26.599538803100586
9.188610076904297
31.70466423034668
17.8809757232666
17.218271255493164
22.864784240722656
30.353933334350586
16.991836547851562
35.75239944458008
24.191247940063477
17.7977237701416
11.198331832885742
43.342472076416016
13.069015502929688
53.147491455078125
17.817087173461914
25.425247192382812
26.206064224243164
28.94490623474121
21.454256057739258
15.249788284301758
28.289575576782227
26.52399444580078
43.067813873291016
12.835299491882324
31.485719680786133
23.145519256591797
13.293046951293945
37.421356201171875
22.890974044799805
19.616493225097656
18.57617950439453
12.861781120300293
19.612516403198242
20.889907836914062
9.350626945495605
14.441424369812012
31.369966506958008
13.377237319946289
8.440492630004883
18.290372848510742
44.24244689941406
17.66456413269043
7.330451965332031
19.540761947631836
31.962430953979492
34.467681884765625
37.881160736083984
15.800431251525879
16.34319496154785
7.305462837219238
30.243072509765625
4.971917152404785
11.087143898010254
16.246347427368164
11.452404975891113
20.8265438079834
25.32790184020996
63.003414154052734
32.30977249145508
21.693763732910156
25.75303077697754
32.28339385986328
12.530438423156738
7.925333499908447
23.32271957397461
13.220108985900879
19.61899185180664
24.18291664123535
19.132165908813477
35.334327697753906
10.727375030517578
29.561704635620117
14.67757511138916
21.079696655273438
11.125357627868652
21.781068801879883
21.392253875732422
37.94551086425781
18.934171676635742
15.043782234191895
28.74374771118164
14.098873138427734
24.407501220703125
22.303380966186523
27.64251708984375
23.225147247314453
18.202253341674805
26.833898544311523
36.84765625
14.39100456237793
33.86951446533203
41.58538818359375
26.87420654296875
18.48974609375
23.772714614868164
7.592285633087158
15.508913040161133
11.666951179504395
19.611085891723633
41.597415924072266
12.621625900268555
18.05616569519043
19.409120559692383
27.877748489379883
10.78168773651123
28.04806137084961
20.698108673095703
23.74714469909668
15.340622901916504
46.40239334106445
28.014013290405273
14.628311157226562
23.996095657348633
12.426460266113281
29.459434509277344
10.191391944885254
10.300918579101562
37.250179290771484
27.344133377075195
31.276823043823242
55.82938766479492
21.877349853515625
33.17204284667969
11.904232025146484
16.117311477661133
11.356976509094238
31.063932418823242
39.78885269165039
20.743331909179688
29.820775985717773
8.959467887878418
16.468830108642578
17.164079666137695
24.853357315063477
17.31598663330078
21.40201759338379
32.03915023803711
26.237323760986328
20.633007049560547
5.116918087005615
23.253860473632812
12.084315299987793
47.348785400390625
10.598711013793945
51.19353485107422
12.082118034362793
17.418773651123047
42.963382720947266
12.302639961242676
19.70553970336914
20.380271911621094
32.84577941894531
35.67731857299805
37.85165786743164
36.97278594970703
27.39558219909668
19.100788116455078
18.83359146118164
15.624923706054688
25.49465560913086
20.912508010864258
12.993280410766602
18.52253532409668
28.52143096923828
28.443500518798828
8.451236724853516
19.662748336791992
14.511069297790527
22.554901123046875
16.33327293395996
27.333290100097656
23.395095825195312
19.910888671875
7.972294807434082
15.31588363647461
28.130578994750977
28.650836944580078
21.027143478393555
10.005708694458008
31.22327423095703
23.448904037475586
22.814857482910156
33.480674743652344
17.35001564025879
38.46898651123047
23.16629981994629
5.611863613128662
22.191570281982422
26.970613479614258
29.39766502380371
38.82865905761719
30.051746368408203
12.513285636901855
38.57898712158203
19.58553695678711
46.715415954589844
30.73900032043457
39.29423522949219
47.35365676879883
23.34218406677246
12.607674598693848
20.528106689453125
26.703472137451172
28.071197509765625
18.241025924682617
25.21326446533203
22.87920570373535
31.32912254333496
23.988798141479492
12.9749174118042
14.950854301452637
39.16712188720703
23.258623123168945
23.610023498535156
11.899151802062988
6.193188190460205
28.0550594329834
25.395959854125977
33.71867370605469
10.14130973815918
11.526233673095703
25.67510223388672
30.309846878051758
20.144298553466797
22.63890266418457
8.290502548217773
16.25318145751953
20.990100860595703
16.49344253540039
21.4296875
21.735185623168945
19.758697509765625
15.820911407470703
17.837509155273438
28.762603759765625
21.51881217956543
21.96796989440918
21.35951805114746
53.250892639160156
20.071487426757812
25.51827621459961
14.640661239624023
21.85690689086914
28.52243995666504
19.610021591186523
11.23396110534668
19.45352554321289
6.0970234870910645
20.10541343688965
13.208571434020996
18.901653289794922
21.274730682373047
36.5997428894043
21.127347946166992
33.95082092285156
15.293410301208496
6.730476379394531
13.916077613830566
28.444686889648438
36.66000747680664
35.10737991333008
26.226238250732422
50.784976959228516
24.670835494995117
27.560598373413086
25.621543884277344
14.173027038574219
39.79098129272461
26.70773696899414
25.496234893798828
24.478055953979492
15.766738891601562
31.734773635864258
15.181402206420898
4.894268035888672
28.654502868652344
12.093860626220703
13.6324462890625
27.915124893188477
16.12005615234375
20.228357315063477
26.29546546936035
15.316407203674316
32.695152282714844
21.44281578063965
22.379512786865234
16.042030334472656
21.50346565246582
38.22773361206055
18.96453857421875
19.137353897094727
18.69364356994629
13.602821350097656
33.606449127197266
13.50291919708252
10.987160682678223
18.80553436279297
8.298169136047363
13.964925765991211
22.32220458984375
25.934688568115234
19.703981399536133
28.381057739257812
18.217802047729492
23.30980110168457
21.002429962158203
51.255889892578125
42.44206237792969
41.56321716308594
17.003740310668945
42.48740768432617
29.443004608154297
38.545372009277344
16.856603622436523
21.883602142333984
40.46834945678711
16.221067428588867
30.853788375854492
22.172077178955078
17.55515480041504
14.42736530303955
26.04250144958496
13.245160102844238
36.08466720581055
27.990528106689453
10.849815368652344
33.59903335571289
24.754024505615234
12.548515319824219
20.35076141357422
19.342609405517578
31.03122901916504
13.670581817626953
15.995388984680176
21.31795883178711
9.988261222839355
10.966256141662598
21.284257888793945
23.078655242919922
38.75836181640625
14.80865478515625
10.515393257141113
19.6622371673584
20.082490921020508
24.98926544189453
14.854918479919434
32.33623123168945
28.597148895263672
7.223226070404053
16.841266632080078
18.476459503173828
17.144214630126953
28.531831741333008
22.818269729614258
24.530969619750977
15.151777267456055
8.17950439453125
23.50995635986328
21.848581314086914
30.812149047851562
17.98330307006836
22.104433059692383
38.58556365966797
19.302492141723633
30.105531692504883
21.10479736328125
19.68691635131836
32.54184341430664
29.193784713745117
36.6523323059082
3.2767748832702637
26.52513885498047
36.09370422363281
17.845083236694336
26.94898223876953
24.699058532714844
11.797636985778809
13.005584716796875
53.971500396728516
27.39938735961914
23.452518463134766
25.368921279907227
13.232647895812988
42.6609992980957
27.455270767211914
14.632990837097168
18.883020401000977
36.05140686035156
15.113506317138672
22.806203842163086
15.033857345581055
7.770691871643066
27.898086547851562
27.536495208740234
26.320920944213867
19.57280158996582
15.916144371032715
24.11783790588379
29.52564239501953
13.7640962600708
11.263748168945312
7.761996746063232
18.782804489135742
39.96195602416992
12.613910675048828
26.342010498046875
27.41448974609375
20.554161071777344
29.008399963378906
25.971158981323242
31.934423446655273
17.181249618530273
8.56413459777832
26.3518123626709
5.350402355194092
19.532421112060547
18.623390197753906
40.388771057128906
29.221906661987305
33.006675720214844
11.662982940673828
45.890953063964844
22.731082916259766
22.810787200927734
27.82958221435547
7.900866508483887
14.359044075012207
19.552629470825195
24.084392547607422
7.164306640625
24.16236114501953
15.575033187866211
47.99333953857422
33.41773223876953
37.38998031616211
23.599084854125977
20.341703414916992
19.325206756591797
31.445430755615234
18.058534622192383
22.07013702392578
12.024374008178711
28.332658767700195
18.164670944213867
21.38801383972168
24.41649627685547
16.35960578918457
26.905973434448242
1.6173231601715088
11.977060317993164
32.150325775146484
36.91400909423828
15.891674995422363
13.676738739013672
8.703716278076172
41.46210861206055
19.079416275024414
16.069196701049805
33.64345932006836
26.67829704284668
38.81740188598633
9.606632232666016
29.658987045288086
9.228211402893066
20.179637908935547
22.01137351989746
44.85300064086914
11.45934772491455
26.4538631439209
14.16254997253418
14.193074226379395
13.818866729736328
15.259831428527832
24.91295623779297
31.121532440185547
25.014141082763672
21.243032455444336
26.284238815307617
20.608177185058594
14.298362731933594
34.1265983581543
11.257011413574219
29.52950096130371
24.93706703186035
19.584327697753906
24.48226547241211
18.620025634765625
23.524946212768555
22.871292114257812
24.650175094604492
30.208412170410156
7.283019542694092
37.49913024902344
26.3332576751709
12.78656005859375
32.01454544067383
5.889578819274902
26.79332733154297
32.853172302246094
11.109442710876465
6.939864158630371
15.861461639404297
20.40248680114746
23.915834426879883
23.83637046813965
8.035950660705566
25.89970588684082
10.99892807006836
42.285701751708984
15.23904800415039
15.889629364013672
21.977460861206055
28.62775230407715
23.155691146850586
28.67275047302246
34.917423248291016
21.302396774291992
28.2760009765625
12.34765911102295
20.779865264892578
30.48488426208496
31.97313690185547
21.937963485717773
39.58817672729492
19.868139266967773
24.701162338256836
23.182207107543945
7.664306163787842
27.176267623901367
8.644122123718262
23.444665908813477
13.466537475585938
9.406790733337402
27.86146354675293
13.705509185791016
6.3144636154174805
18.231674194335938
32.84860610961914
40.702247619628906
12.417140007019043
15.573225021362305
25.221813201904297
19.59037208557129
26.272865295410156
10.954890251159668
9.215123176574707
34.20404815673828
42.22540283203125
21.9837646484375
18.924468994140625
21.465688705444336
24.375553131103516
8.151389122009277
17.255325317382812
57.71021270751953
16.20362091064453
28.50836753845215
21.594480514526367
39.61195755004883
28.883516311645508
37.14616394042969
28.977622985839844
39.17949295043945
27.18776512145996
19.322086334228516
21.784576416015625
26.78351593017578
11.020191192626953
22.247188568115234
28.117021560668945
44.875762939453125
33.06138229370117
17.838741302490234
10.062694549560547
31.17870330810547
11.74197769165039
27.237215042114258
14.128897666931152
20.87737274169922
16.794532775878906
24.41033363342285
19.19632339477539
39.90816879272461
16.36480140686035
34.15514373779297
11.39559268951416
19.76270294189453
6.371377944946289
26.968935012817383
26.865657806396484
17.329784393310547
6.099630832672119
3.8343329429626465
24.2158203125
38.618019104003906
12.782014846801758
22.131723403930664
31.660375595092773
34.709869384765625
20.028417587280273
29.147972106933594
48.72126388549805
40.01982116699219
19.04083824157715
24.424942016601562
24.1462459564209
8.347591400146484
16.092933654785156
21.776594161987305
20.55112075805664
14.937577247619629
20.246299743652344
9.179497718811035
30.57200813293457
27.549543380737305
25.22583770751953
41.872501373291016
16.26151466369629
11.548884391784668
37.678470611572266
22.524791717529297
33.93319320678711
40.6174430847168
43.257728576660156
27.41753387451172
12.80111026763916
13.813631057739258
23.996177673339844
37.467445373535156
21.60799789428711
35.188716888427734
22.40396499633789
14.062817573547363
22.109617233276367
29.98441505432129
28.014375686645508
22.660486221313477
49.7569465637207
5.149932861328125
40.476722717285156
26.76447868347168
18.707042694091797
23.281522750854492
22.84039878845215
33.801204681396484
14.37834644317627
22.707279205322266
21.22300910949707
37.900840759277344
19.669729232788086
25.69995880126953
21.29584503173828
19.030628204345703
27.38285255432129
25.725378036499023
28.05481719970703
33.35546112060547
17.598939895629883
21.964397430419922
39.58517837524414
22.049074172973633
18.22954559326172
21.209369659423828
24.157779693603516
25.224905014038086
14.681732177734375
24.994789123535156
32.99873733520508
11.028756141662598
9.184868812561035
20.516496658325195
38.177120208740234
15.47285270690918
21.372861862182617
31.394508361816406
23.96731185913086
20.84065818786621
17.124710083007812
17.090696334838867
16.962862014770508
22.635103225708008
19.82577896118164
24.08072280883789
32.899898529052734
26.963436126708984
23.520444869995117
23.3809871673584
14.521746635437012
15.196491241455078
38.81403350830078
27.003475189208984
11.908140182495117
16.8941707611084
25.061614990234375
13.32746696472168
11.257168769836426
26.859487533569336
24.006694793701172
15.367372512817383
21.034954071044922
11.029857635498047
37.59718322753906
8.487408638000488
9.25499439239502
12.953636169433594
20.317934036254883
27.766721725463867
12.43613338470459
20.61985206604004
16.183818817138672
41.174049377441406
18.384767532348633
18.03772735595703
18.080991744995117
14.757844924926758
39.373741149902344
16.815488815307617
25.38138771057129
30.068782806396484
7.761007308959961
16.04669761657715
1.3735158443450928
7.140944957733154
14.991510391235352
29.517667770385742
32.74483108520508
29.235729217529297
10.718485832214355
10.623863220214844
17.81145668029785
33.582374572753906
13.959410667419434
21.93110466003418
21.928544998168945
20.96356773376465
17.770788192749023
20.799030303955078
38.70240783691406
26.610525131225586
12.844707489013672
37.085147857666016
14.223995208740234
26.674680709838867
21.596336364746094
11.50052261352539
45.45640182495117
19.1720027923584
27.24306869506836
26.08853530883789
34.09238052368164
27.564620971679688
33.770660400390625
21.60709571838379
29.373249053955078
25.196075439453125
13.320690155029297
23.903377532958984
29.201618194580078
25.069580078125
26.04673957824707
18.852806091308594
30.385013580322266
29.916671752929688
14.061359405517578
34.518489837646484
8.602606773376465
18.055206298828125
27.265138626098633
14.535283088684082
28.75581169128418
41.78559112548828
42.522335052490234
25.9793701171875
30.342756271362305
19.947296142578125
25.21046257019043
30.627601623535156
38.501953125
14.980273246765137
26.108844757080078
40.11862564086914
11.590638160705566
14.86279010772705
34.70074462890625
19.984128952026367
7.2619171142578125
17.213409423828125
13.556180000305176
19.340944290161133
46.563419342041016
22.6009521484375
26.25107192993164
34.35027313232422
25.211023330688477
11.16382884979248
31.328815460205078
35.33840560913086
16.849214553833008
4.999568939208984
28.245849609375
22.25753402709961
13.973550796508789
27.10129165649414
31.87380599975586
37.674041748046875
15.197221755981445
25.886751174926758
23.245540618896484
31.7069149017334
29.05779266357422
18.009023666381836
21.41449737548828
21.135820388793945
6.169637680053711
29.452383041381836
30.862003326416016
30.043886184692383
25.308881759643555
25.465303421020508
10.804763793945312
23.367977142333984
18.266536712646484
21.075519561767578
40.97776794433594
30.420787811279297
24.27778434753418
26.503929138183594
16.933408737182617
44.56516647338867
14.794957160949707
31.40829849243164
31.291080474853516
7.132327556610107
30.580324172973633
49.19613265991211
35.504459381103516
11.143052101135254
8.480189323425293
1.3878854513168335
18.68867301940918
30.015056610107422
14.819990158081055
24.004121780395508
23.927928924560547
31.87904930114746
25.88176155090332
15.307371139526367
21.252714157104492
26.502172470092773
16.629596710205078
17.41342544555664
14.163480758666992
24.416385650634766
76.11112976074219
29.025711059570312
24.14304542541504
10.284099578857422
31.936365127563477
37.641395568847656
27.83049964904785
11.374295234680176
35.38817596435547
5.55863094329834
12.044788360595703
22.690753936767578
15.233802795410156
24.00328826904297
39.93577575683594
29.214187622070312
26.1981258392334
18.674406051635742
34.054832458496094
6.85401725769043
3.3507845401763916
22.784194946289062
19.140026092529297
17.261371612548828
25.243471145629883
21.6267147064209
16.223215103149414
36.38874435424805
15.600692749023438
23.150232315063477
28.185283660888672
35.96469497680664
26.846893310546875
23.372236251831055
33.12333679199219
11.074172019958496
37.97140121459961
20.192707061767578
34.005374908447266
28.934432983398438
17.971250534057617
26.544572830200195
26.929983139038086
14.375581741333008
29.272066116333008
21.182737350463867
21.85377311706543
25.389738082885742
24.401884078979492
9.621644973754883
34.2247428894043
26.103269577026367
18.944997787475586
27.12824821472168
36.777156829833984
9.952485084533691
16.753446578979492
19.428199768066406
15.018506050109863
29.010967254638672
17.462955474853516
12.580078125
34.00743103027344
21.944631576538086
23.363027572631836
17.228914260864258
14.542794227600098
18.773212432861328
7.01362943649292
10.936982154846191
17.509286880493164
12.226058959960938
12.842371940612793
12.547578811645508
27.426298141479492
27.945608139038086
15.729086875915527
30.949874877929688
41.643333435058594
13.457907676696777
8.977157592773438
11.888812065124512
27.764907836914062
18.689790725708008
20.460805892944336
13.09702205657959
34.0491943359375
54.293983459472656
17.038244247436523
25.781049728393555
22.026487350463867
35.004188537597656
13.402466773986816
10.422637939453125
25.534955978393555
33.90176773071289
16.68170166015625
14.43619441986084
19.036090850830078
22.750396728515625
18.28669548034668
30.380189895629883
10.331292152404785
16.848674774169922
48.248905181884766
26.959707260131836
32.64055252075195
3.2691962718963623
15.390968322753906
13.041776657104492
19.857879638671875
37.506534576416016
25.15016746520996
29.075468063354492
20.018474578857422
30.83747100830078
19.301698684692383
25.80413055419922
22.317913055419922
32.87696838378906
9.307912826538086
32.038475036621094
21.650991439819336
18.73392105102539
31.663671493530273
31.506031036376953
16.097152709960938
8.892572402954102
34.25349044799805
34.545143127441406
36.954559326171875
29.50748634338379
28.501235961914062
13.321146011352539
19.24410057067871
24.293930053710938
24.12616539001465
26.35234260559082
36.210750579833984
15.471651077270508
27.364044189453125
23.120840072631836
7.828327178955078
9.809785842895508
18.040279388427734
28.675931930541992
10.9426851272583
24.205629348754883
22.62548065185547
24.032390594482422
6.288743495941162
17.79471206665039
39.8415412902832
23.49437141418457
25.063507080078125
22.674715042114258
16.076152801513672
19.42153549194336
29.0457706451416
22.31320571899414
12.978592872619629
31.313161849975586
14.558201789855957
38.04591751098633
27.723878860473633
36.70217514038086
23.593801498413086
20.43965721130371
24.57461166381836
10.203025817871094
29.99046516418457
23.83817481994629
23.488040924072266
16.85719108581543
28.544675827026367
7.067204475402832
19.08877944946289
15.653436660766602
24.037851333618164
13.163626670837402
39.411930084228516
31.238283157348633
24.95468521118164
14.307130813598633
11.181558609008789
22.740999221801758
16.808156967163086
30.047327041625977
18.87679100036621
24.241546630859375
29.699748992919922
14.531956672668457
13.659704208374023
11.070639610290527
22.064348220825195
19.882240295410156
25.250099182128906
8.862539291381836
34.30656814575195
16.829294204711914
28.018476486206055
39.6818962097168
47.427764892578125
23.23176383972168
49.36254119873047
26.803730010986328
14.358010292053223
27.46262550354004
29.34221076965332
19.76496696472168
17.979278564453125
13.761524200439453
33.119850158691406
10.70719051361084
17.308870315551758
19.269567489624023
22.22121238708496
9.068990707397461
12.023200988769531
12.830561637878418
24.881914138793945
14.741199493408203
29.098581314086914
12.085062026977539
11.007465362548828
20.158905029296875
9.434707641601562
16.59882354736328
17.885313034057617
30.358400344848633
41.2418098449707
13.540775299072266
36.87759017944336
8.625978469848633
20.324241638183594
20.748043060302734
23.18056297302246
31.748008728027344
41.00357437133789
31.154436111450195
12.060916900634766
23.88176918029785
26.382831573486328
19.41942596435547
38.092716217041016
28.459707260131836
15.379359245300293
47.411598205566406
15.056840896606445
29.607864379882812
16.75974464416504
26.378372192382812
26.136493682861328
9.242161750793457
36.30100631713867
16.042497634887695
15.768348693847656
26.481422424316406
19.606895446777344
29.05670166015625
30.18742561340332
27.105255126953125
34.22209930419922
31.821191787719727
39.226593017578125
30.673282623291016
27.725793838500977
23.21233558654785
19.284250259399414
28.189409255981445
15.653398513793945
23.684389114379883
19.077043533325195
12.799433708190918
15.463995933532715
33.73185348510742
25.0607852935791
30.06297492980957
23.415374755859375
23.099193572998047
30.458358764648438
35.37979507446289
30.458003997802734
24.608356475830078
11.875301361083984
24.601837158203125
35.98794174194336
40.46152114868164
24.671354293823242
15.085501670837402
30.623065948486328
9.639799118041992
26.00499153137207
29.534107208251953
20.287246704101562
25.44610595703125
24.074289321899414
18.770627975463867
16.938840866088867
19.606216430664062
18.97844696044922
19.10952377319336
32.726051330566406
28.371383666992188
12.378454208374023
27.338529586791992
19.60892105102539
29.193679809570312
21.2386417388916
59.13844299316406
24.380651473999023
14.634583473205566
18.791275024414062
31.296710968017578
8.350203514099121
19.371543884277344
25.298198699951172
36.53837585449219
19.109100341796875
19.131996154785156
4.781027793884277
30.701820373535156
18.095212936401367
22.883432388305664
19.439950942993164
19.90509605407715
8.994806289672852
18.389236450195312
6.151352405548096
18.019481658935547
38.38794708251953
16.148834228515625
16.110122680664062
36.623008728027344
22.78858757019043
25.516504287719727
30.92799949645996
42.93632507324219
9.980256080627441
22.85298728942871
33.855628967285156
26.427398681640625
25.774660110473633
26.710805892944336
38.126956939697266
18.160432815551758
25.054466247558594
20.565288543701172
15.82559871673584
11.507123947143555
33.956756591796875
25.953405380249023
17.424951553344727
9.140410423278809
23.353654861450195
27.40477752685547
20.35456085205078
34.23442077636719
14.373299598693848
26.560697555541992
21.00617790222168
9.768047332763672
35.58249282836914
7.301959037780762
25.659164428710938
25.560426712036133
8.32568645477295
26.025554656982422
3.171050548553467
15.113371849060059
48.970420837402344
16.836944580078125
27.051061630249023
21.982810974121094
27.389970779418945
25.426982879638672
25.73164176940918
25.87548065185547
28.2899227142334
17.25861358642578
17.69377326965332
17.778287887573242
26.182308197021484
36.71774673461914
23.330995559692383
6.936434745788574
28.863330841064453
35.73554992675781
22.72537612915039
21.572057723999023
31.462688446044922
26.4814395904541
37.03804397583008
26.57396697998047
14.653433799743652
13.532201766967773
30.491382598876953
22.225507736206055
11.074816703796387
34.2583122253418
18.32111930847168
23.628782272338867
15.594609260559082
23.89134979248047
27.049489974975586
19.64838218688965
12.661612510681152
35.916770935058594
19.018428802490234
27.251623153686523
16.06072998046875
22.78597640991211
19.537919998168945
33.783355712890625
21.291011810302734
15.269196510314941
24.526748657226562
45.54944610595703
29.590904235839844
18.666234970092773
17.994892120361328
13.005233764648438
39.759986877441406
15.590784072875977
16.522357940673828
43.61921691894531
17.983522415161133
26.535289764404297
18.635129928588867
13.132710456848145
33.994380950927734
33.903778076171875
16.103450775146484
32.32870864868164
27.02088737487793
27.267967224121094
17.213346481323242
21.16419219970703
24.09146499633789
31.178598403930664
20.18820571899414
14.962929725646973
15.250064849853516
34.83900451660156
26.354707717895508
46.84642791748047
24.48320960998535
20.977502822875977
43.68386459350586
24.081850051879883
20.209857940673828
23.423301696777344
18.55272674560547
6.789244174957275
21.590408325195312
16.417236328125
26.664531707763672
22.811237335205078
30.61595344543457
27.47748374938965
23.18398094177246
29.801368713378906
21.021543502807617
46.087554931640625
11.597023010253906
18.61803436279297
50.30210876464844
17.728647232055664
19.665813446044922
34.95109176635742
19.937070846557617
31.350730895996094
21.370765686035156
23.777284622192383
15.892837524414062
30.624691009521484
34.29380798339844
22.899309158325195
11.402207374572754
24.372873306274414
26.7276554107666
25.450952529907227
7.118587493896484
24.71541976928711
27.045751571655273
31.352916717529297
30.382862091064453
8.419717788696289
18.36850357055664
36.45647048950195
34.00926971435547
27.310434341430664
18.613361358642578
31.10020637512207
14.425047874450684
22.498432159423828
31.088151931762695
26.750154495239258
25.114147186279297
30.088665008544922
36.171024322509766
35.868377685546875
2.1598305702209473
29.19440460205078
15.670470237731934
10.654525756835938
34.19294738769531
45.96266555786133
35.03250503540039
29.914695739746094
20.235733032226562
18.44862937927246
26.53972816467285
8.884398460388184
14.698863983154297
14.268755912780762
17.970422744750977
34.579429626464844
13.401674270629883
22.665437698364258
34.3391227722168
7.191807270050049
20.615358352661133
14.332987785339355
23.447914123535156
33.498531341552734
31.37164306640625
25.505006790161133
28.28144073486328
42.69544982910156
20.500394821166992
17.152421951293945
4.553112030029297
22.758487701416016
27.284765243530273
25.902217864990234
19.139631271362305
9.336441040039062
13.800383567810059
48.10293197631836
32.57341384887695
9.267409324645996
21.714324951171875
56.32225036621094
42.37012481689453
19.80699348449707
21.987449645996094
30.885543823242188
41.57587814331055
20.90196990966797
21.13328742980957
16.39023208618164
18.556150436401367
21.903308868408203
14.186882972717285
37.358062744140625
26.428068161010742
8.549443244934082
38.004337310791016
33.24961853027344
10.466410636901855
4.133947849273682
32.329471588134766
32.20515823364258
20.544437408447266
31.718761444091797
28.514780044555664
32.177730560302734
29.879056930541992
9.802594184875488
32.29328918457031
34.599727630615234
19.62748146057129
22.090679168701172
24.68777084350586
15.337422370910645
23.878190994262695
30.391996383666992
52.218048095703125
16.095706939697266
