42.104774475097656
43.43906021118164
35.84471130371094
55.253814697265625
29.19519805908203
38.55492401123047
29.44620704650879
24.453805923461914
35.10710144042969
27.156911849975586
36.336795806884766
28.526517868041992
38.37648391723633
32.690189361572266
36.76336669921875
23.985671997070312
33.54600143432617
51.03413772583008
31.68317985534668
30.745746612548828
26.338092803955078
30.664649963378906
24.108997344970703
45.668190002441406
27.24864387512207
24.903339385986328
20.70932960510254
11.75985336303711
17.007001876831055
54.71320724487305
41.04536056518555
48.48301696777344
22.98668670654297
18.19525718688965
72.75333404541016
38.53824996948242
39.389156341552734
17.688411712646484
17.222091674804688
22.156606674194336
33.49170684814453
37.969451904296875
45.09434509277344
38.43965148925781
35.70191192626953
67.61631774902344
23.448917388916016
47.52516555786133
40.87834548950195
30.104707717895508
45.11775207519531
35.9269905090332
38.94801712036133
35.7529296875
59.395530700683594
30.042194366455078
49.445316314697266
34.082881927490234
43.688446044921875
58.12651062011719
40.23808670043945
36.69660568237305
79.74480438232422
42.191978454589844
22.03378677368164
48.15604019165039
31.176984786987305
41.501224517822266
19.430269241333008
21.952741622924805
38.00211715698242
41.051185607910156
36.26576232910156
52.21229553222656
22.0210018157959
50.89175796508789
14.226682662963867
54.34852600097656
37.98236083984375
61.759727478027344
22.66451072692871
27.194934844970703
39.51143264770508
25.20476531982422
33.42339324951172
20.81011390686035
19.366708755493164
19.131460189819336
6.746994972229004
41.83102798461914
32.432071685791016
30.109216690063477
15.42017936706543
44.35987091064453
29.68762969970703
33.817501068115234
45.96160888671875
34.89444351196289
56.36768341064453
26.75271987915039
39.702823638916016
23.213380813598633
45.86532211303711
45.703853607177734
16.210159301757812
17.92979621887207
31.591379165649414
14.498234748840332
20.73980712890625
17.22825050354004
38.0475959777832
19.8989200592041
25.40866470336914
55.44625473022461
18.239681243896484
17.785261154174805
47.64271926879883
25.593704223632812
23.737852096557617
23.281879425048828
46.07258224487305
41.76377868652344
27.366365432739258
55.83717727661133
17.155176162719727
41.76137161254883
37.76380157470703
33.11763000488281
30.48743438720703
20.940168380737305
47.54709243774414
35.61803436279297
18.205129623413086
45.222103118896484
47.77481460571289
21.11021614074707
27.019710540771484
40.46061706542969
42.0134162902832
34.27438735961914
66.51231384277344
35.01948165893555
59.50372314453125
53.233455657958984
41.85831832885742
33.11256790161133
27.013736724853516
57.119808197021484
45.34056854248047
46.13529586791992
49.4661750793457
50.3958854675293
34.984989166259766
25.236778259277344
16.308948516845703
45.102657318115234
46.05635452270508
28.342178344726562
39.74641799926758
38.031131744384766
26.31014633178711
46.003055572509766
35.367000579833984
34.024227142333984
47.67178726196289
33.524513244628906
58.1724739074707
28.916271209716797
26.844106674194336
41.244449615478516
13.830846786499023
23.135482788085938
56.989234924316406
32.53950881958008
50.75614929199219
25.166223526000977
51.34587860107422
34.06184768676758
32.55473327636719
48.35186767578125
53.20431137084961
26.845224380493164
26.487564086914062
44.73165512084961
40.95277404785156
38.900550842285156
44.9047966003418
39.384639739990234
48.78358459472656
66.28189086914062
59.307891845703125
36.97241973876953
39.911537170410156
44.647064208984375
27.805227279663086
30.71307945251465
63.66200256347656
33.21131896972656
33.48750686645508
26.680999755859375
37.596458435058594
26.94223976135254
14.809109687805176
44.977317810058594
47.442848205566406
33.445068359375
25.16770362854004
36.1701774597168
39.984867095947266
44.889732360839844
47.883846282958984
26.13878631591797
41.875728607177734
34.260990142822266
29.861801147460938
20.975051879882812
26.3078556060791
39.96656036376953
42.824310302734375
52.55669021606445
49.413143157958984
24.70478630065918
37.96354675292969
38.358924865722656
46.136043548583984
23.345184326171875
39.276187896728516
52.08544921875
51.141448974609375
45.8730583190918
17.266565322875977
48.2516975402832
39.23350143432617
31.511112213134766
24.730680465698242
40.907772064208984
18.48368263244629
21.048192977905273
65.91046142578125
30.281715393066406
45.689735412597656
41.40619659423828
47.8607292175293
46.905338287353516
48.28410720825195
36.06021499633789
40.724517822265625
32.662353515625
39.53147506713867
66.58358764648438
29.88057518005371
17.331995010375977
20.12871742248535
29.35680389404297
13.965811729431152
50.27585983276367
21.65479850769043
13.270914077758789
21.664043426513672
72.87083435058594
39.74948501586914
14.156405448913574
40.908504486083984
49.61253356933594
14.529547691345215
42.25397872924805
39.21781921386719
31.792057037353516
34.731781005859375
39.043060302734375
59.362159729003906
57.90005111694336
32.64901351928711
17.98678207397461
2.276840925216675
47.03818130493164
42.14533233642578
47.609676361083984
34.102725982666016
44.18170166015625
35.391109466552734
26.687397003173828
44.083839416503906
37.979854583740234
44.53282165527344
15.338006019592285
22.944971084594727
24.794599533081055
30.03788185119629
40.60585021972656
31.53291893005371
18.876087188720703
43.00442123413086
44.885040283203125
42.708248138427734
31.586715698242188
42.22713088989258
25.569290161132812
45.21713638305664
42.1456184387207
53.060909271240234
48.37942123413086
26.177915573120117
42.33306121826172
38.97903060913086
21.370838165283203
34.8922119140625
56.35475540161133
23.925647735595703
37.86686706542969
58.83674240112305
25.31109619140625
40.53431701660156
33.06910705566406
28.33229637145996
52.15276336669922
30.867259979248047
12.66998291015625
35.01241683959961
57.021480560302734
46.541114807128906
28.625017166137695
61.749778747558594
21.247957229614258
49.38689041137695
13.661490440368652
6.665797710418701
45.38722229003906
37.31824493408203
60.89996337890625
33.56841278076172
19.02580451965332
17.985679626464844
40.62081527709961
33.60502624511719
58.04698944091797
32.19132614135742
28.970905303955078
41.6720085144043
46.37269973754883
40.84815979003906
45.47996520996094
50.41561508178711
30.975488662719727
25.597454071044922
30.196544647216797
45.43947219848633
16.27347183227539
54.571189880371094
58.61117935180664
47.877498626708984
41.765262603759766
27.784318923950195
43.54030990600586
35.9505500793457
46.81416320800781
46.830039978027344
28.255891799926758
26.691131591796875
29.019412994384766
51.00487518310547
23.957414627075195
44.98223114013672
12.908903121948242
20.362001419067383
50.24772262573242
65.94364166259766
29.29533576965332
58.27828598022461
30.21925926208496
32.13680648803711
42.1650276184082
39.74405288696289
36.186180114746094
20.386215209960938
15.07223129272461
34.05675506591797
42.31431579589844
52.24049377441406
53.41380310058594
48.558135986328125
13.341814041137695
39.75732421875
32.266334533691406
28.794891357421875
42.19207000732422
51.55845642089844
9.981491088867188
31.414155960083008
23.86776351928711
44.03775405883789
38.46356201171875
22.620677947998047
21.469404220581055
28.174884796142578
37.259071350097656
54.404029846191406
47.78896713256836
45.34629440307617
53.42301559448242
39.36827850341797
43.85886001586914
62.894126892089844
29.957080841064453
29.920307159423828
23.992589950561523
28.738191604614258
33.842857360839844
49.16013717651367
44.984405517578125
30.418607711791992
34.77354431152344
40.621952056884766
33.00548553466797
28.811660766601562
41.38612365722656
58.72036361694336
55.295169830322266
23.190061569213867
63.20623016357422
28.183944702148438
20.388633728027344
28.48563575744629
25.352182388305664
36.186927795410156
60.74127960205078
28.230497360229492
34.612548828125
59.101783752441406
37.900672912597656
30.430360794067383
51.0775146484375
40.68430709838867
29.50383758544922
28.710725784301758
48.170589447021484
34.53891372680664
50.16748809814453
65.58014678955078
47.96787643432617
32.85730743408203
17.601764678955078
49.61231994628906
32.04729461669922
29.571741104125977
40.84297180175781
32.63172149658203
34.38338851928711
38.06387710571289
31.115888595581055
21.133813858032227
34.76796340942383
33.646854400634766
22.310348510742188
69.01274871826172
36.316795349121094
49.22687530517578
35.798667907714844
46.969276428222656
39.42881393432617
38.1116828918457
29.3173885345459
41.63189697265625
21.17824935913086
39.92082595825195
45.774070739746094
47.51616668701172
36.85325622558594
53.10538101196289
38.495574951171875
57.00489044189453
33.02764129638672
38.93947219848633
37.917205810546875
54.363929748535156
38.27444076538086
18.59534454345703
21.244068145751953
58.811180114746094
18.216590881347656
48.82798767089844
37.99625015258789
53.272071838378906
49.63912582397461
13.038580894470215
40.862213134765625
32.22589874267578
52.679359436035156
32.578163146972656
60.91120529174805
20.2386531829834
39.42163848876953
40.515384674072266
30.76486587524414
55.53181457519531
35.70772171020508
33.71571350097656
46.179054260253906
37.929351806640625
48.527774810791016
32.90201187133789
41.467838287353516
30.49091339111328
20.226064682006836
23.04082679748535
48.2272834777832
40.89719772338867
33.608741760253906
28.23090934753418
34.442161560058594
22.783315658569336
47.78267288208008
52.88566589355469
34.989192962646484
34.925010681152344
35.40762710571289
66.5813980102539
76.26637268066406
35.497947692871094
36.05330276489258
35.507328033447266
27.66339874267578
41.79759216308594
42.82024002075195
58.02816390991211
27.155641555786133
45.190643310546875
25.06562614440918
28.59677505493164
44.877418518066406
20.943174362182617
23.1257381439209
20.821508407592773
48.71689987182617
27.264692306518555
43.31821060180664
47.61992263793945
23.206966400146484
37.994789123535156
25.473737716674805
32.54237747192383
32.348812103271484
16.136520385742188
27.32143211364746
56.299110412597656
22.24378776550293
34.399898529052734
52.17824172973633
17.987628936767578
43.04713439941406
40.732479095458984
23.57086753845215
46.31800079345703
36.445980072021484
15.299777030944824
33.46171569824219
23.020225524902344
14.819482803344727
26.39661407470703
39.622764587402344
45.044517517089844
57.72014236450195
43.300113677978516
39.28888702392578
24.87795066833496
30.157611846923828
34.097721099853516
16.898983001708984
20.740694046020508
31.08694839477539
22.680009841918945
42.54863739013672
14.055487632751465
61.45478057861328
47.0534782409668
26.960922241210938
59.81282424926758
29.097314834594727
39.549068450927734
35.07040023803711
49.28205108642578
61.57658767700195
12.701751708984375
30.013301849365234
45.14929962158203
39.39500427246094
25.839977264404297
21.452829360961914
36.09249496459961
31.74325180053711
44.4979133605957
17.733684539794922
37.447242736816406
46.25499725341797
51.105865478515625
41.34857177734375
33.47121047973633
29.466581344604492
15.166069984436035
41.06653594970703
63.53245162963867
35.54226303100586
10.411637306213379
48.679054260253906
30.049638748168945
29.17751121520996
62.453857421875
24.165987014770508
24.030338287353516
32.922332763671875
58.08968734741211
20.193822860717773
43.87041473388672
21.22977638244629
31.251691818237305
47.65952682495117
27.609006881713867
63.54664993286133
22.331457138061523
54.88154220581055
32.837371826171875
47.444854736328125
34.10844039916992
25.7491397857666
42.112056732177734
28.14345359802246
17.944705963134766
26.11417007446289
19.53118896484375
33.99781036376953
56.17958068847656
39.40671157836914
16.776742935180664
44.71053695678711
26.400144577026367
47.9309196472168
38.030792236328125
35.993839263916016
44.32090759277344
49.189308166503906
18.888776779174805
46.406646728515625
28.30776023864746
26.6265926361084
39.64412307739258
34.50804138183594
37.91845703125
54.555702209472656
35.86518096923828
34.29975891113281
36.823577880859375
35.15693664550781
44.41413497924805
30.069608688354492
67.42196655273438
31.802492141723633
50.64936828613281
27.918502807617188
40.60260772705078
33.35468673706055
34.9091911315918
37.68693161010742
27.39681053161621
32.522438049316406
38.09414291381836
60.72671127319336
20.998733520507812
56.71592330932617
42.28711700439453
28.32752227783203
27.16611671447754
24.2614803314209
45.13346481323242
43.44584274291992
52.160640716552734
35.01903533935547
35.522830963134766
61.18661117553711
49.52897644042969
37.614192962646484
49.22056198120117
16.823835372924805
29.904836654663086
29.243440628051758
33.125118255615234
32.197025299072266
23.55923843383789
27.36362075805664
37.85805892944336
43.637306213378906
53.17111587524414
49.401737213134766
52.746002197265625
23.203052520751953
38.32606887817383
31.235464096069336
35.36149215698242
26.10460090637207
31.338321685791016
27.946683883666992
35.7629280090332
57.83837127685547
48.773624420166016
43.272605895996094
10.61089038848877
20.896930694580078
48.12208938598633
20.713897705078125
56.312599182128906
31.756515502929688
7.18096399307251
47.58085250854492
41.66075897216797
19.428295135498047
13.682790756225586
33.439781188964844
41.57972717285156
36.99964141845703
48.56060791015625
19.38689613342285
37.828033447265625
31.40224838256836
44.282772064208984
31.828760147094727
65.27105712890625
8.065227508544922
49.24592590332031
38.56147384643555
35.09648513793945
22.322843551635742
17.358196258544922
33.51982116699219
46.16804504394531
19.95537567138672
53.86250305175781
40.626983642578125
61.62114334106445
40.85531234741211
31.594961166381836
12.407368659973145
42.86201858520508
57.23439025878906
47.252262115478516
14.490326881408691
32.14529800415039
46.58696746826172
47.460487365722656
49.60390090942383
32.86463928222656
38.82474899291992
9.907383918762207
24.847145080566406
25.67281150817871
67.44799041748047
27.742321014404297
24.936161041259766
20.75897789001465
20.646631240844727
41.69746780395508
25.532230377197266
32.68935012817383
38.246742248535156
48.00421905517578
37.0009765625
37.88119888305664
49.891902923583984
44.309539794921875
62.787933349609375
29.890796661376953
57.89219665527344
23.78400421142578
41.65855407714844
31.576595306396484
43.351837158203125
26.293386459350586
44.613216400146484
54.87358474731445
35.559478759765625
30.87920379638672
16.047178268432617
38.457523345947266
42.70665740966797
44.961116790771484
22.03515625
27.56828498840332
18.280927658081055
37.42385482788086
39.83999252319336
51.807193756103516
54.94097900390625
40.84518814086914
43.33095169067383
39.0222282409668
17.435163497924805
42.46242141723633
24.490991592407227
29.420637130737305
61.165794372558594
17.735759735107422
50.32715606689453
53.115623474121094
25.298803329467773
31.51411247253418
38.532352447509766
37.01909637451172
41.89706802368164
51.256343841552734
45.745784759521484
46.735965728759766
39.47158432006836
14.322178840637207
53.31173324584961
41.14229965209961
22.982620239257812
30.473159790039062
50.609981536865234
46.997371673583984
28.391529083251953
65.45304870605469
26.89360809326172
41.5330810546875
20.019634246826172
16.067354202270508
40.87504196166992
24.570781707763672
17.581661224365234
47.137447357177734
26.050426483154297
34.29941940307617
37.281654357910156
54.62267303466797
21.907434463500977
31.472776412963867
30.086946487426758
36.71009826660156
79.91341400146484
33.758949279785156
22.100830078125
40.81167221069336
29.344511032104492
22.157976150512695
19.220787048339844
45.8122444152832
46.66694641113281
59.9749870300293
19.961679458618164
24.884002685546875
23.12645149230957
22.256427764892578
31.57963752746582
62.395565032958984
33.8727912902832
25.53887939453125
36.75801086425781
66.64683532714844
27.51230239868164
34.05763626098633
24.84010124206543
54.304588317871094
16.256620407104492
52.34132385253906
31.46649742126465
24.605335235595703
32.69034957885742
30.621469497680664
34.43035125732422
51.583621978759766
39.919395446777344
33.86513137817383
38.16059494018555
48.34247970581055
32.549171447753906
13.468053817749023
50.5936393737793
49.47135925292969
25.56612205505371
36.77992248535156
43.86894607543945
34.75558853149414
24.207441329956055
44.655452728271484
38.23625564575195
29.544048309326172
48.59914779663086
49.09752655029297
13.711739540100098
44.45745086669922
52.998329162597656
27.682788848876953
28.557449340820312
49.35515213012695
44.415740966796875
53.6558952331543
37.57353973388672
26.728811264038086
47.14936447143555
41.134212493896484
23.148757934570312
35.65316390991211
34.887142181396484
33.39300537109375
13.020254135131836
47.636627197265625
29.81910514831543
18.784870147705078
24.68126678466797
28.424663543701172
43.89237594604492
29.377653121948242
54.92799377441406
19.435070037841797
70.3676986694336
21.963823318481445
18.633838653564453
32.78634262084961
50.46339416503906
35.4664192199707
35.46485137939453
20.256555557250977
27.86400604248047
48.196754455566406
17.079797744750977
55.42074203491211
28.9936580657959
30.178476333618164
35.657047271728516
40.162132263183594
39.9848747253418
45.711952209472656
23.097206115722656
49.11127471923828
34.300167083740234
46.37229537963867
38.11121368408203
18.132137298583984
18.919260025024414
12.86902141571045
22.08009910583496
40.278419494628906
14.876331329345703
39.22007369995117
41.8642578125
9.305160522460938
35.0660514831543
29.773313522338867
10.934924125671387
60.73186492919922
36.8436279296875
26.767742156982422
51.15787124633789
19.80604362487793
37.38810348510742
28.492761611938477
24.07065773010254
21.132198333740234
37.26156997680664
56.39603805541992
25.75946044921875
51.26990509033203
52.621158599853516
36.339359283447266
69.22349548339844
18.702381134033203
42.31608200073242
40.33489227294922
38.55788803100586
40.28399658203125
33.435760498046875
34.03913116455078
37.513492584228516
12.127695083618164
13.90838623046875
49.90711975097656
20.31586456298828
51.71377182006836
25.290363311767578
25.82723617553711
48.34274673461914
48.765663146972656
39.920265197753906
33.66116714477539
43.74107360839844
13.207009315490723
22.138336181640625
28.74647331237793
24.004085540771484
51.5614128112793
33.785743713378906
32.251930236816406
17.76982307434082
47.23017883300781
29.643224716186523
41.521156311035156
37.343074798583984
49.4400749206543
45.15166091918945
7.622890949249268
30.436899185180664
36.0634880065918
27.97097396850586
50.60844802856445
39.67106246948242
22.813987731933594
33.64440155029297
20.866077423095703
40.57061767578125
26.93946647644043
47.50396728515625
45.412052154541016
36.628604888916016
42.81412887573242
41.40236282348633
40.31721878051758
32.42304229736328
39.591529846191406
31.760700225830078
7.45320987701416
46.370208740234375
28.732154846191406
48.33223342895508
38.665496826171875
34.829345703125
35.43203353881836
43.08311462402344
44.38203048706055
38.81895065307617
71.83048248291016
16.144657135009766
31.272138595581055
60.35007095336914
39.34905242919922
9.18429946899414
36.95425033569336
17.156641006469727
43.38425064086914
52.868892669677734
39.65780258178711
52.89490509033203
23.00029754638672
13.027240753173828
25.63658332824707
48.02005386352539
15.62624740600586
59.11257553100586
6.757099151611328
54.50110626220703
16.21234893798828
51.600711822509766
56.00320053100586
31.859956741333008
27.65511131286621
46.5514030456543
48.40122985839844
43.249263763427734
36.471031188964844
18.428237915039062
22.22205924987793
12.20366382598877
48.83277130126953
31.709739685058594
17.276798248291016
38.363868713378906
46.635215759277344
13.711847305297852
36.714332580566406
36.90663146972656
34.63252639770508
44.50981521606445
46.9453239440918
19.94069480895996
41.961368560791016
41.61932373046875
28.480247497558594
31.724700927734375
25.92620277404785
30.13470458984375
29.838930130004883
43.26048278808594
51.682315826416016
33.91642379760742
32.20225143432617
55.0977897644043
49.71424865722656
47.90837478637695
34.131290435791016
26.95372200012207
14.391631126403809
41.845699310302734
38.82103729248047
23.440834045410156
18.944856643676758
48.80897903442383
47.07612609863281
38.59294891357422
47.53120422363281
56.11158752441406
26.914554595947266
43.93673324584961
44.99390411376953
33.43770980834961
28.58100128173828
58.81113052368164
38.780128479003906
43.2515983581543
56.257015228271484
9.817338943481445
36.045082092285156
51.45817184448242
54.59247970581055
54.49666976928711
32.815738677978516
50.98838806152344
42.02324295043945
27.646835327148438
43.19215774536133
22.396381378173828
33.240806579589844
43.28308868408203
21.549352645874023
25.16522216796875
20.332988739013672
37.29658126831055
38.802207946777344
40.785606384277344
27.299510955810547
38.37797164916992
25.78497886657715
39.59083938598633
29.246126174926758
27.13207244873047
52.544578552246094
19.34659767150879
21.928415298461914
34.881103515625
78.46003723144531
31.908918380737305
33.64204788208008
12.223115921020508
20.054716110229492
46.796504974365234
42.869415283203125
38.049800872802734
11.424476623535156
48.84960174560547
34.117008209228516
25.609224319458008
48.76924133300781
61.68046569824219
20.918479919433594
17.350297927856445
42.71904754638672
21.39350128173828
34.36730194091797
35.81340026855469
22.81927490234375
34.72446823120117
47.72968292236328
47.68309783935547
36.19703674316406
28.61652374267578
42.026023864746094
49.24274826049805
42.403079986572266
23.186203002929688
29.26190185546875
49.763023376464844
26.630891799926758
31.568435668945312
24.324621200561523
31.658464431762695
31.2100830078125
21.117366790771484
38.17279815673828
43.22099304199219
53.751827239990234
20.356651306152344
44.23255157470703
32.738555908203125
13.504968643188477
28.67796516418457
27.09675407409668
43.98356628417969
34.40359878540039
41.11248779296875
57.41901397705078
49.32931900024414
38.55241394042969
32.910186767578125
43.1618537902832
45.74962615966797
26.853803634643555
23.920766830444336
68.5029067993164
32.51375198364258
32.00822448730469
65.47000885009766
44.23505401611328
45.96323013305664
14.917579650878906
58.810977935791016
13.995408058166504
33.58664321899414
22.495323181152344
32.121826171875
27.863428115844727
38.54977035522461
29.308778762817383
26.691110610961914
28.001678466796875
35.868289947509766
26.5986328125
42.8853759765625
48.47950744628906
19.627437591552734
40.33773422241211
33.604278564453125
54.82400894165039
46.19573211669922
18.21796417236328
12.7760009765625
34.587120056152344
23.8267822265625
51.43401336669922
31.562257766723633
21.29851722717285
42.19462203979492
35.28978729248047
39.88551712036133
29.649551391601562
18.593629837036133
24.486783981323242
33.58107376098633
37.408512115478516
53.385658264160156
54.31971740722656
18.733171463012695
43.561649322509766
45.22390365600586
34.569190979003906
44.03188705444336
53.28741455078125
31.047582626342773
11.24138355255127
19.718809127807617
32.80289077758789
34.14259719848633
33.95427322387695
34.87532043457031
21.48422622680664
74.2420883178711
32.5120964050293
31.569299697875977
40.47411346435547
19.75263786315918
43.096736907958984
38.08380889892578
38.194679260253906
18.915782928466797
45.33349609375
41.96599197387695
22.491243362426758
32.12627029418945
49.03923797607422
44.21357345581055
25.737436294555664
24.490306854248047
35.76658248901367
22.559223175048828
36.69147872924805
32.38982009887695
54.37464141845703
37.249366760253906
56.345062255859375
24.12360191345215
53.279300689697266
35.000732421875
47.047672271728516
22.91685676574707
32.93466567993164
30.233295440673828
23.613224029541016
50.46442413330078
31.039033889770508
37.272518157958984
33.524391174316406
48.501319885253906
31.618215560913086
21.634765625
22.502058029174805
41.787017822265625
20.25767707824707
47.554931640625
45.58859634399414
28.379444122314453
40.957096099853516
30.830320358276367
48.270931243896484
22.451114654541016
36.64793395996094
51.3291130065918
68.93124389648438
22.128698348999023
29.19639778137207
33.821407318115234
29.942806243896484
47.931793212890625
39.6595344543457
29.755008697509766
31.10276222229004
36.956146240234375
18.94790267944336
48.78310012817383
40.42930221557617
56.019386291503906
42.694053649902344
45.30980682373047
61.87268829345703
31.624164581298828
38.22056579589844
27.701108932495117
37.02583694458008
29.106597900390625
23.199081420898438
16.770709991455078
18.375045776367188
53.18986511230469
45.0425910949707
33.70268249511719
29.536651611328125
35.78477478027344
30.8349609375
49.67333221435547
32.14862823486328
28.071863174438477
26.099292755126953
53.7215461730957
13.473089218139648
14.67180061340332
14.357029914855957
29.950044631958008
29.35602569580078
41.84634780883789
30.37773323059082
31.36165428161621
54.1248664855957
44.71357345581055
26.479114532470703
50.00822830200195
36.04547119140625
42.67021179199219
27.387413024902344
12.761340141296387
15.332880973815918
60.689701080322266
30.0660400390625
42.8902473449707
40.937156677246094
20.11368179321289
49.8128547668457
56.636592864990234
29.67266273498535
35.92652893066406
25.250324249267578
48.14698791503906
22.890483856201172
22.32085609436035
35.57261657714844
28.74394989013672
19.604900360107422
40.110206604003906
52.74005126953125
39.64683151245117
41.1259765625
37.33396911621094
55.852046966552734
24.249069213867188
40.06235122680664
23.079736709594727
18.427270889282227
46.014434814453125
6.233520984649658
57.97582244873047
20.425079345703125
56.72526931762695
28.05331802368164
13.686341285705566
46.03386688232422
37.236854553222656
34.43080139160156
42.88734817504883
19.459362030029297
16.222366333007812
17.5350399017334
47.65608596801758
31.386348724365234
35.10028076171875
18.202972412109375
20.74590492248535
23.31749153137207
29.340381622314453
39.77033996582031
28.77855110168457
26.413597106933594
34.03593063354492
57.46287536621094
26.23906135559082
28.563825607299805
23.475549697875977
5.734648704528809
32.60652542114258
57.166282653808594
34.120113372802734
32.85204315185547
30.826446533203125
21.837289810180664
37.72663879394531
37.598690032958984
31.18695640563965
29.040124893188477
32.486236572265625
50.83027267456055
40.57412338256836
22.56488800048828
24.41164207458496
34.011573791503906
27.555349349975586
50.0649528503418
19.24734878540039
18.278966903686523
29.367834091186523
29.18153190612793
74.09349822998047
28.3267879486084
18.85123062133789
70.09547424316406
40.56932830810547
16.767475128173828
38.45119857788086
48.697086334228516
69.84439849853516
19.2242374420166
38.041622161865234
45.87044143676758
50.87315368652344
24.78933334350586
25.683387756347656
36.92913818359375
33.621402740478516
27.390745162963867
21.57535171508789
35.04683303833008
41.44036865234375
37.68467712402344
18.394407272338867
27.083736419677734
50.55009841918945
21.21459197998047
26.090442657470703
29.70432472229004
21.900527954101562
15.897034645080566
46.641624450683594
58.62820053100586
29.74751091003418
45.02322769165039
24.4931583404541
62.40036392211914
39.81080627441406
53.54395294189453
42.805030822753906
31.010482788085938
36.08622741699219
40.96913146972656
53.31418228149414
42.56922149658203
54.06119918823242
30.242897033691406
26.406723022460938
29.949190139770508
39.83149719238281
33.65491485595703
27.25271224975586
28.957408905029297
34.26129150390625
36.63260269165039
30.809057235717773
42.08485412597656
54.392940521240234
49.98506164550781
29.21865463256836
41.58307647705078
32.52960205078125
51.954830169677734
37.416542053222656
24.327184677124023
28.444122314453125
50.002906799316406
27.29121208190918
37.078163146972656
46.46613693237305
6.186583042144775
28.304533004760742
47.86366653442383
47.43059539794922
25.041091918945312
38.90462875366211
13.32174301147461
53.42638397216797
14.98485279083252
61.668235778808594
29.233901977539062
35.108116149902344
48.633182525634766
39.660945892333984
28.226797103881836
53.671260833740234
32.02714538574219
34.31053924560547
56.62457275390625
31.94965171813965
35.39263916015625
33.22613525390625
42.13019561767578
21.60959815979004
28.593276977539062
43.43367385864258
29.00217628479004
70.10673522949219
28.95969009399414
31.81681251525879
22.453737258911133
34.63921356201172
33.54216766357422
32.850040435791016
47.854881286621094
7.468042373657227
47.08476257324219
39.41584396362305
35.454349517822266
16.65616798400879
24.83190155029297
47.88794708251953
37.404029846191406
65.4426498413086
23.13944435119629
24.429697036743164
42.28132247924805
39.42938232421875
48.96518325805664
12.546526908874512
25.823516845703125
43.58900451660156
25.101783752441406
24.546573638916016
36.35533142089844
26.317211151123047
53.088844299316406
27.730226516723633
59.67097854614258
9.127242088317871
17.223724365234375
31.8215274810791
46.75920486450195
38.799720764160156
48.097312927246094
47.35994338989258
46.694393157958984
20.77094078063965
42.31403732299805
46.40873718261719
25.26848602294922
17.466890335083008
31.591670989990234
37.38882064819336
34.19676971435547
22.24291229248047
24.771190643310547
51.64398193359375
43.05085372924805
24.471948623657227
44.288997650146484
28.82383918762207
36.58995056152344
48.54904556274414
22.878759384155273
43.422489166259766
17.272544860839844
43.204002380371094
37.96137237548828
32.335601806640625
43.03271484375
40.027183532714844
41.64573669433594
36.976707458496094
33.67574691772461
39.278724670410156
32.82551193237305
40.35733413696289
31.333486557006836
48.91130065917969
64.49658203125
13.613615989685059
49.5362434387207
22.274675369262695
33.21084213256836
26.867345809936523
34.916786193847656
35.305274963378906
36.196983337402344
13.939888000488281
47.72925567626953
39.616085052490234
32.561492919921875
36.02920150756836
33.364959716796875
30.97504997253418
64.00782775878906
13.238179206848145
51.716773986816406
21.021804809570312
46.985774993896484
26.351144790649414
33.15083312988281
40.02387619018555
41.289791107177734
34.16561508178711
53.842185974121094
57.34012985229492
49.74555206298828
17.43014144897461
25.5682315826416
47.244503021240234
64.68944549560547
48.70520782470703
40.45314407348633
46.628700256347656
27.216676712036133
37.2919807434082
62.624839782714844
40.46395492553711
42.258026123046875
27.76978874206543
62.79771423339844
46.19990921020508
34.834381103515625
23.155658721923828
53.10383224487305
38.405555725097656
27.941543579101562
31.18777084350586
38.58052444458008
21.801000595092773
33.14060974121094
37.03553771972656
42.552146911621094
40.57908248901367
34.192928314208984
33.11833190917969
37.27980041503906
41.372276306152344
34.91978454589844
57.023155212402344
24.374963760375977
32.94832992553711
29.193552017211914
26.437946319580078
15.430949211120605
18.988840103149414
20.60297203063965
54.39592742919922
27.515968322753906
23.551454544067383
15.880882263183594
12.307284355163574
49.91864776611328
39.82975769042969
13.702814102172852
21.646364212036133
18.134286880493164
39.055511474609375
59.45758056640625
21.750476837158203
29.70711898803711
16.576847076416016
17.091291427612305
38.22439193725586
31.241565704345703
52.93462371826172
30.968544006347656
23.883617401123047
39.9646110534668
58.14889144897461
37.086814880371094
33.42628479003906
33.25798797607422
73.17710876464844
24.869495391845703
45.32820510864258
65.5260009765625
62.00931167602539
49.85800552368164
48.03924560546875
28.790428161621094
35.06886291503906
31.919912338256836
56.93579864501953
16.452919006347656
43.85694122314453
19.295700073242188
37.12717819213867
59.10398864746094
48.715152740478516
28.13336944580078
56.39823532104492
38.58546447753906
14.591131210327148
30.08560562133789
37.190452575683594
38.628841400146484
21.714014053344727
17.802690505981445
64.86445617675781
47.085845947265625
41.22454071044922
46.59474563598633
26.791696548461914
22.19984245300293
20.732379913330078
32.590187072753906
36.4295768737793
42.6191291809082
57.709068298339844
21.32402801513672
37.69803237915039
21.184579849243164
57.16023254394531
52.21785354614258
33.369171142578125
41.33855438232422
48.13076400756836
31.466432571411133
21.550094604492188
45.0845947265625
34.757659912109375
37.46773910522461
44.63969039916992
29.987560272216797
47.1118049621582
38.9731559753418
10.614847183227539
38.028114318847656
64.30496978759766
17.69037437438965
59.70569610595703
38.035099029541016
15.694294929504395
38.6158561706543
41.77745056152344
36.99042892456055
47.77619934082031
38.605220794677734
25.593297958374023
33.96998977661133
26.848356246948242
19.777219772338867
42.046119689941406
23.99527931213379
64.69017028808594
35.39102554321289
24.44624137878418
45.78612518310547
34.47520065307617
36.12861251831055
30.578144073486328
25.933130264282227
31.7825927734375
35.79194259643555
28.28809356689453
53.41993713378906
32.50788497924805
42.18136215209961
32.51656723022461
32.49053955078125
52.00122833251953
40.543434143066406
35.599632263183594
21.588726043701172
39.96638870239258
19.095897674560547
31.753326416015625
24.25665855407715
41.70988845825195
34.517879486083984
21.747283935546875
28.533538818359375
42.50299072265625
51.46932601928711
27.371994018554688
43.08631896972656
33.62620544433594
21.90779685974121
60.91397476196289
70.55792999267578
26.828655242919922
22.053329467773438
21.939680099487305
20.266555786132812
50.18013381958008
31.845378875732422
33.778316497802734
31.287078857421875
25.62364959716797
38.54274368286133
48.12644958496094
53.82808303833008
25.64080238342285
22.132301330566406
36.556495666503906
41.2785530090332
24.437936782836914
22.126602172851562
29.44179916381836
42.525856018066406
24.270347595214844
30.183151245117188
33.1971549987793
59.84540557861328
20.81694221496582
35.53425216674805
24.692359924316406
31.357892990112305
51.008819580078125
32.54253005981445
21.00659942626953
44.21266174316406
28.49882698059082
40.6251335144043
37.97279357910156
59.117530822753906
20.258159637451172
45.53195571899414
34.76808547973633
26.002315521240234
28.261381149291992
30.646081924438477
53.280738830566406
23.151195526123047
58.086063385009766
50.07344436645508
57.5577392578125
40.858802795410156
55.08861541748047
26.252328872680664
45.71316909790039
47.58896255493164
75.95203399658203
40.21274948120117
48.923614501953125
44.53400421142578
41.265777587890625
45.935401916503906
34.244537353515625
30.992568969726562
10.45704174041748
36.55564498901367
25.818330764770508
22.535415649414062
22.079837799072266
31.444509506225586
18.171527862548828
56.29439163208008
24.335344314575195
70.32654571533203
24.080825805664062
25.057579040527344
15.627928733825684
27.744400024414062
22.746662139892578
45.700862884521484
40.80066680908203
43.45024490356445
34.256935119628906
20.178529739379883
18.654312133789062
36.6658935546875
49.27251434326172
42.331275939941406
48.26178741455078
49.74283981323242
54.276214599609375
25.04937171936035
32.85648727416992
23.88088607788086
19.517154693603516
50.43314743041992
15.584232330322266
40.218387603759766
35.5882453918457
43.62311553955078
33.431556701660156
19.666364669799805
26.685142517089844
20.592350006103516
30.286457061767578
25.013376235961914
28.32225799560547
38.987518310546875
33.52204132080078
43.388404846191406
13.329350471496582
42.25064468383789
42.66375732421875
9.419938087463379
30.49949073791504
34.440608978271484
34.74672317504883
68.51800537109375
16.089378356933594
52.08013153076172
60.809417724609375
43.99138641357422
17.61266326904297
24.12945556640625
45.574676513671875
44.38257598876953
24.610931396484375
27.426353454589844
27.118154525756836
17.98005485534668
37.260379791259766
15.600793838500977
32.0584602355957
33.634796142578125
76.64141845703125
39.232669830322266
31.683996200561523
71.50973510742188
43.102901458740234
40.12750244140625
23.005762100219727
43.92154312133789
27.98418617248535
45.555335998535156
22.340253829956055
35.71739959716797
42.96772003173828
36.06098556518555
54.723812103271484
44.19136428833008
59.751407623291016
21.686073303222656
22.859249114990234
48.72605895996094
32.87205505371094
41.1702766418457
22.353187561035156
37.145294189453125
24.025514602661133
28.67781639099121
29.261150360107422
29.31014633178711
36.00800323486328
24.43273162841797
22.714868545532227
18.239376068115234
52.02312469482422
24.60032081604004
49.989776611328125
29.08881378173828
39.85389709472656
33.71445083618164
28.052959442138672
40.660308837890625
32.619384765625
15.029424667358398
40.31965637207031
35.06442642211914
45.62705612182617
56.47921371459961
28.475852966308594
38.49802780151367
19.570999145507812
55.353416442871094
30.69123077392578
18.256458282470703
40.669281005859375
25.89824867248535
47.03770065307617
42.379844665527344
45.76152420043945
63.959476470947266
28.277587890625
26.052448272705078
45.94822692871094
35.85177993774414
29.7979736328125
28.086761474609375
26.363569259643555
47.25278854370117
26.626558303833008
39.25897979736328
29.732948303222656
42.77487564086914
58.6097526550293
16.046842575073242
32.60810470581055
24.978300094604492
57.97618103027344
42.70075225830078
29.18503189086914
33.64909744262695
45.4241828918457
37.58431625366211
28.273681640625
39.044578552246094
22.17396354675293
65.1035385131836
46.20271301269531
32.633304595947266
27.373323440551758
48.1982536315918
26.862834930419922
31.372356414794922
33.227577209472656
40.041297912597656
45.363285064697266
28.811962127685547
29.963808059692383
43.400840759277344
36.62630844116211
35.89588928222656
28.133453369140625
22.396785736083984
23.8226318359375
30.61061668395996
35.45579528808594
58.46259689331055
34.13147735595703
30.098649978637695
29.993061065673828
32.11976623535156
27.99901008605957
42.460758209228516
26.7070369720459
51.61457061767578
28.095836639404297
29.180011749267578
39.1943359375
31.538249969482422
18.896177291870117
42.06333923339844
18.589221954345703
19.674753189086914
36.82269287109375
53.455501556396484
29.621192932128906
46.425392150878906
75.45336151123047
27.583791732788086
34.887760162353516
32.93762969970703
18.994604110717773
27.257213592529297
49.34867858886719
21.13033103942871
15.888850212097168
21.194564819335938
34.13734817504883
31.906597137451172
34.26021957397461
60.572513580322266
33.46306228637695
31.03642463684082
37.469417572021484
53.96907043457031
39.907352447509766
49.765716552734375
40.60697937011719
35.07826232910156
49.299564361572266
34.773841857910156
45.37289810180664
38.946449279785156
10.583483695983887
47.33528518676758
53.13750457763672
27.512834548950195
43.530879974365234
26.466388702392578
44.959171295166016
33.696773529052734
31.42473602294922
41.405487060546875
46.71361541748047
34.82524108886719
65.00542449951172
35.59256362915039
36.703086853027344
35.787681579589844
59.24604415893555
58.89750289916992
30.897315979003906
34.66501235961914
68.06494140625
28.927885055541992
33.92265319824219
19.433181762695312
49.620140075683594
53.41459655761719
61.88157272338867
43.056453704833984
45.310726165771484
46.2182731628418
66.48306274414062
36.19498825073242
45.27294921875
56.6025505065918
28.68376922607422
41.78522872924805
44.585472106933594
28.773826599121094
25.8441162109375
51.00444412231445
26.5504093170166
31.32771873474121
54.78221130371094
37.30072021484375
29.5191593170166
28.48260498046875
57.198265075683594
41.502071380615234
49.14756774902344
30.071889877319336
36.21546936035156
15.610527038574219
31.317232131958008
41.12664794921875
43.255435943603516
30.939687728881836
25.144256591796875
42.054832458496094
46.99155044555664
58.0079345703125
40.76274108886719
25.040599822998047
42.20968246459961
38.49433135986328
36.06315612792969
51.384525299072266
43.19868469238281
42.59901809692383
47.995140075683594
43.186561584472656
33.673126220703125
35.86662292480469
34.76142120361328
66.32730102539062
15.823519706726074
32.865196228027344
58.04477310180664
61.384151458740234
20.062179565429688
46.9666862487793
44.63032150268555
44.49138641357422
34.21848678588867
36.108943939208984
29.583721160888672
45.68869400024414
36.75503158569336
33.134185791015625
23.507179260253906
15.771391868591309
52.21009063720703
6.902154922485352
60.81886291503906
33.6478271484375
45.93755340576172
47.35409927368164
31.038467407226562
37.94978332519531
60.50241470336914
38.41961669921875
36.342044830322266
12.178462982177734
28.176740646362305
42.91209030151367
40.78771209716797
11.864619255065918
54.145721435546875
60.753990173339844
40.123138427734375
29.01544189453125
28.93903160095215
39.45735549926758
38.5025634765625
36.46689224243164
41.05331802368164
39.375118255615234
51.35366439819336
39.44868469238281
34.870697021484375
45.010440826416016
39.3974723815918
51.06940841674805
9.059088706970215
22.589862823486328
30.78134536743164
65.4406967163086
32.92313003540039
37.798152923583984
25.78575897216797
59.659523010253906
37.036476135253906
22.677284240722656
44.973289489746094
18.119487762451172
29.76334571838379
21.84180450439453
35.06171417236328
44.93851089477539
51.95105743408203
40.5058479309082
31.118228912353516
20.302419662475586
35.00585174560547
37.67350387573242
32.66364669799805
29.78946304321289
36.31959533691406
13.334378242492676
49.77314758300781
37.25355529785156
41.30827713012695
56.479854583740234
32.06019592285156
28.451108932495117
45.69898986816406
43.97403335571289
31.18404769897461
40.456539154052734
43.342899322509766
53.81065368652344
38.2142333984375
55.56206512451172
12.059399604797363
19.709640502929688
45.4923210144043
36.905513763427734
21.5779972076416
13.649131774902344
41.3553352355957
38.69662857055664
44.42901611328125
39.19361877441406
20.08993911743164
48.907981872558594
28.39291000366211
37.22174072265625
17.881301879882812
25.905641555786133
32.88572692871094
33.286949157714844
42.176090240478516
32.81464385986328
42.76616287231445
35.786155700683594
36.37120819091797
25.449390411376953
16.129167556762695
65.03178405761719
34.89739990234375
24.463764190673828
37.62833023071289
22.896154403686523
39.737213134765625
43.637657165527344
30.315332412719727
23.283893585205078
44.31026077270508
37.56171417236328
38.89039993286133
44.32612609863281
34.6688346862793
39.457984924316406
19.272462844848633
64.76287841796875
47.71828079223633
20.91687774658203
56.869937896728516
23.859466552734375
40.34105682373047
32.05868148803711
45.71873092651367
33.328121185302734
40.5968017578125
41.75144958496094
26.955448150634766
48.789825439453125
44.870216369628906
35.415985107421875
20.97357177734375
50.2835578918457
57.52770233154297
40.26848602294922
33.134239196777344
28.884037017822266
30.01074981689453
37.67512130737305
53.3233528137207
68.8191146850586
18.421144485473633
20.78367042541504
25.651708602905273
46.03463363647461
49.28055953979492
73.61433410644531
33.368228912353516
30.157041549682617
28.377147674560547
37.80556869506836
15.475953102111816
29.621652603149414
36.2415657043457
53.34754180908203
59.11461639404297
24.17864227294922
22.400829315185547
33.97216796875
37.008567810058594
38.68211364746094
44.79232406616211
27.70365333557129
42.89594268798828
21.26372528076172
30.465360641479492
47.72877502441406
43.081356048583984
33.14968490600586
19.80463409423828
43.582427978515625
46.4212646484375
57.218223571777344
36.77314376831055
30.487377166748047
28.9090633392334
25.279817581176758
29.632061004638672
22.907880783081055
69.0075454711914
25.358182907104492
43.99179458618164
45.549434661865234
48.390438079833984
61.20415496826172
32.35850143432617
22.603290557861328
32.377960205078125
45.41951370239258
51.547733306884766
20.7763671875
29.48959732055664
23.580041885375977
20.96932029724121
32.74015426635742
50.05817794799805
24.948871612548828
39.14471435546875
60.51543426513672
26.5610294342041
26.824670791625977
78.82701110839844
56.655033111572266
42.39130783081055
27.79131317138672
39.730709075927734
16.138845443725586
38.846839904785156
41.594886779785156
19.974525451660156
39.36195373535156
38.79886245727539
31.50771141052246
50.33855438232422
47.9405632019043
35.443634033203125
43.124351501464844
22.192684173583984
45.777870178222656
35.80070495605469
23.206701278686523
28.887197494506836
38.410709381103516
63.75932693481445
52.06135559082031
42.20191955566406
36.66684341430664
21.861116409301758
49.169525146484375
28.682064056396484
28.293113708496094
41.77069854736328
56.45914077758789
49.232215881347656
49.75020217895508
42.17449188232422
27.201236724853516
19.757627487182617
45.99628829956055
10.216060638427734
55.45867919921875
31.890968322753906
18.187196731567383
27.142019271850586
40.927913665771484
36.96609115600586
50.630672454833984
18.014144897460938
35.86500930786133
29.487564086914062
78.09529876708984
36.11098098754883
26.54761505126953
35.3915901184082
50.90985870361328
53.363922119140625
19.748214721679688
38.98493576049805
18.583581924438477
35.114952087402344
41.354305267333984
41.75225067138672
43.54181671142578
41.88402557373047
36.43012619018555
46.708526611328125
44.33071517944336
26.881799697875977
34.3837890625
61.75609588623047
55.165992736816406
59.25673294067383
36.16043472290039
33.444000244140625
13.262332916259766
42.41425704956055
23.38141632080078
33.73847198486328
32.53702926635742
37.60539245605469
37.60337448120117
38.79759216308594
44.05398941040039
55.03308868408203
41.23801040649414
34.22239685058594
76.18566131591797
32.94061279296875
45.00453186035156
72.60905456542969
48.085533142089844
32.8447151184082
21.818218231201172
32.427978515625
29.819028854370117
37.54643249511719
49.147682189941406
37.85345458984375
36.8477783203125
66.44902801513672
18.30410385131836
37.52484893798828
26.5078067779541
12.619344711303711
32.428287506103516
19.793601989746094
24.125873565673828
43.24220657348633
35.070919036865234
34.79652404785156
37.237632751464844
44.75399398803711
76.16044616699219
60.85441970825195
37.84076690673828
24.962879180908203
23.453962326049805
34.90227508544922
19.709062576293945
39.57318878173828
49.681949615478516
9.77476692199707
34.70009231567383
42.33038330078125
56.884429931640625
30.652145385742188
21.65409278869629
22.802600860595703
38.32892990112305
36.27326202392578
23.33370590209961
23.304718017578125
30.442415237426758
13.265375137329102
47.7005615234375
64.5677719116211
68.30999755859375
26.931745529174805
9.163930892944336
17.661434173583984
74.91732788085938
19.150400161743164
37.47311782836914
47.45978546142578
21.580259323120117
41.26750946044922
38.75515365600586
50.390602111816406
25.761077880859375
27.898548126220703
31.175100326538086
44.552337646484375
43.7299690246582
33.87565231323242
39.414127349853516
45.5921516418457
14.242148399353027
39.94947052001953
63.018951416015625
30.261886596679688
31.322021484375
10.13965129852295
29.417085647583008
39.09968185424805
59.505271911621094
45.547054290771484
23.658920288085938
55.036041259765625
35.57022476196289
54.0322380065918
62.009830474853516
42.62123107910156
21.814233779907227
42.35296630859375
23.699047088623047
46.993064880371094
38.89853286743164
26.243759155273438
48.65037536621094
19.319063186645508
27.428550720214844
28.076072692871094
49.56659698486328
24.43153190612793
35.34774398803711
35.145530700683594
49.805049896240234
23.350656509399414
31.003719329833984
53.53805160522461
58.53692626953125
22.14376449584961
15.561957359313965
42.950862884521484
35.645076751708984
57.89751434326172
32.177391052246094
49.889015197753906
29.081350326538086
18.3310489654541
21.042076110839844
12.131806373596191
43.91057586669922
25.267169952392578
35.69443893432617
45.114566802978516
59.24578094482422
62.35851287841797
34.26082992553711
30.768835067749023
54.29542541503906
49.521060943603516
31.69392204284668
34.36374282836914
57.27101516723633
27.22722816467285
29.840652465820312
33.45762252807617
41.091251373291016
34.38648986816406
37.8145637512207
40.0451545715332
31.399852752685547
36.10898208618164
50.59809112548828
41.30328369140625
32.05219650268555
27.242624282836914
45.425655364990234
35.954219818115234
58.890323638916016
36.8404655456543
44.14264678955078
32.89078903198242
28.305116653442383
48.04224395751953
37.121543884277344
32.611793518066406
42.72676467895508
40.4024772644043
48.07644271850586
17.48416519165039
35.51854705810547
50.555545806884766
28.870473861694336
16.629371643066406
30.52065658569336
23.566144943237305
38.83485794067383
51.64426803588867
40.14773941040039
36.19879150390625
28.055957794189453
15.53097915649414
37.87339782714844
50.6473388671875
34.111183166503906
33.953304290771484
46.77388381958008
48.14564514160156
27.310710906982422
32.41706466674805
38.66852569580078
16.175268173217773
39.09931182861328
19.045085906982422
17.093910217285156
45.52728271484375
36.313594818115234
65.50166320800781
39.89525604248047
11.533856391906738
58.50690460205078
21.64484977722168
39.8493766784668
23.646141052246094
34.689781188964844
37.390689849853516
35.58501052856445
19.458797454833984
52.4172248840332
34.472469329833984
47.993289947509766
48.01164245605469
28.855224609375
38.64851379394531
25.414627075195312
71.88661193847656
32.40656661987305
33.51778030395508
47.84139633178711
39.28103256225586
44.85343551635742
34.76490783691406
41.11243438720703
33.460323333740234
44.746971130371094
67.6510238647461
10.930489540100098
37.80215835571289
19.31374740600586
26.65964698791504
42.84735107421875
44.00554275512695
37.357994079589844
55.63650894165039
21.577655792236328
18.981060028076172
23.750314712524414
41.99386978149414
32.379356384277344
28.033231735229492
39.69953918457031
38.973167419433594
40.46028137207031
30.298646926879883
38.31675720214844
63.94105911254883
47.795433044433594
44.230674743652344
22.148340225219727
40.6997184753418
39.5885124206543
63.80048370361328
51.1236686706543
77.76109313964844
24.252077102661133
49.13381576538086
44.395057678222656
39.94081497192383
30.53295135498047
45.84733581542969
28.7145938873291
28.112438201904297
27.811283111572266
46.11453628540039
23.108434677124023
60.40442657470703
31.075103759765625
23.129058837890625
47.60456466674805
26.756885528564453
64.16453552246094
52.73041534423828
41.46992492675781
39.77524948120117
19.556812286376953
38.59128189086914
28.675561904907227
47.86838912963867
50.571414947509766
30.861289978027344
19.97658348083496
27.814424514770508
47.700103759765625
21.677873611450195
39.95734405517578
43.826454162597656
48.68052291870117
36.69825744628906
43.96240997314453
35.06496047973633
53.85579299926758
48.06428146362305
41.73777389526367
44.27663040161133
43.021568298339844
53.86239242553711
51.6699333190918
21.536174774169922
33.16191482543945
27.067689895629883
20.001543045043945
25.75078010559082
28.063989639282227
41.64519500732422
33.559959411621094
32.016807556152344
47.300662994384766
37.317726135253906
33.14085006713867
39.76668930053711
32.40736770629883
28.70470428466797
47.271820068359375
38.23918914794922
30.72142791748047
45.52640914916992
43.848201751708984
28.135622024536133
43.287147521972656
29.76276969909668
38.104671478271484
27.686893463134766
19.367576599121094
37.0855598449707
38.80819320678711
29.321949005126953
21.742664337158203
28.388328552246094
31.103179931640625
44.399837493896484
54.48728942871094
12.13353443145752
38.36726379394531
44.255615234375
28.811725616455078
35.44346237182617
31.569454193115234
35.73590087890625
21.19228172302246
24.328527450561523
27.952579498291016
43.09579849243164
27.31340789794922
49.72166442871094
22.872783660888672
36.878421783447266
31.916358947753906
9.271288871765137
48.885799407958984
28.492826461791992
17.3488826751709
14.171757698059082
29.526771545410156
48.007774353027344
38.137481689453125
31.548282623291016
58.22381591796875
42.19690704345703
34.623233795166016
20.233158111572266
18.090845108032227
10.240166664123535
30.18636703491211
31.57573699951172
42.50091552734375
33.14350891113281
54.25758361816406
10.006863594055176
74.46278381347656
36.55838394165039
48.508907318115234
58.44757843017578
40.54640197753906
43.156558990478516
25.21436882019043
41.057861328125
45.78529739379883
43.411556243896484
36.559173583984375
59.856468200683594
23.250499725341797
47.21040344238281
32.79902267456055
20.359764099121094
36.367156982421875
15.288263320922852
39.56376647949219
39.58660888671875
47.49518966674805
49.993408203125
32.050392150878906
19.483386993408203
36.08970642089844
33.29447937011719
26.02690887451172
57.24797058105469
49.951663970947266
78.04779052734375
44.97775650024414
44.71220016479492
28.32900619506836
49.40810012817383
12.757442474365234
87.5400390625
26.085617065429688
26.00507164001465
38.38172912597656
12.674333572387695
61.93043899536133
29.07308578491211
37.377498626708984
33.53751754760742
50.890384674072266
37.46944046020508
29.123090744018555
45.36835861206055
51.77191162109375
43.42270278930664
19.57900619506836
37.63677978515625
64.2271728515625
37.01364517211914
52.89485549926758
36.48210906982422
42.128562927246094
33.75102615356445
34.170509338378906
57.53712844848633
25.644588470458984
16.34916114807129
23.08961296081543
31.1339054107666
26.00325584411621
26.577842712402344
30.381919860839844
29.284582138061523
43.50526809692383
17.478885650634766
20.844982147216797
35.568702697753906
41.02040481567383
26.32121467590332
41.940399169921875
43.825870513916016
46.24264144897461
38.48858642578125
46.365501403808594
12.406850814819336
15.298797607421875
48.72037124633789
38.52463912963867
23.90756607055664
62.348724365234375
26.497756958007812
23.768911361694336
38.782100677490234
30.756736755371094
