41.94597625732422
10.925857543945312
17.80082130432129
15.573864936828613
30.154014587402344
15.627382278442383
17.532289505004883
13.636171340942383
15.90573501586914
17.112022399902344
16.260910034179688
16.1119441986084
29.94649887084961
15.187519073486328
27.562793731689453
24.274333953857422
24.303607940673828
16.449735641479492
19.92005157470703
23.319795608520508
26.785232543945312
13.366427421569824
33.216644287109375
24.971216201782227
10.097681045532227
13.814987182617188
21.862863540649414
36.35786819458008
17.773395538330078
31.418943405151367
19.20472526550293
38.75778579711914
22.98516273498535
33.47483825683594
21.338825225830078
27.83424949645996
37.831214904785156
12.716552734375
26.405134201049805
17.38690757751465
20.743253707885742
13.000951766967773
34.30531311035156
23.02837562561035
20.516494750976562
7.962708473205566
37.17436599731445
17.84023094177246
18.13431167602539
26.89790153503418
13.057066917419434
24.336210250854492
19.943035125732422
18.043643951416016
14.100172996520996
30.161819458007812
27.706085205078125
26.731403350830078
20.729310989379883
33.05509567260742
26.58071517944336
31.610918045043945
23.185077667236328
11.995553016662598
30.87482452392578
25.88513946533203
25.633502960205078
31.047290802001953
23.848121643066406
35.84724426269531
28.678363800048828
16.92989730834961
13.429489135742188
16.4515380859375
27.015474319458008
28.052295684814453
24.031539916992188
7.977530002593994
16.28952407836914
14.604411125183105
18.765901565551758
37.14471435546875
18.128742218017578
11.091302871704102
12.22989273071289
29.428409576416016
9.772995948791504
38.016197204589844
24.053354263305664
20.313724517822266
27.832651138305664
20.345088958740234
18.360729217529297
27.48455238342285
26.587345123291016
24.255393981933594
14.842288970947266
16.673664093017578
31.267410278320312
23.71879005432129
21.716022491455078
33.59091567993164
7.694522857666016
1.5458332300186157
37.42131423950195
12.952398300170898
17.713417053222656
20.74532127380371
36.11553955078125
37.311885833740234
12.92357063293457
31.8397216796875
27.426498413085938
6.762019634246826
28.66379165649414
23.824392318725586
23.284622192382812
8.140273094177246
34.04271697998047
12.353303909301758
8.675323486328125
18.944704055786133
7.953287601470947
19.47391128540039
17.954599380493164
27.213729858398438
5.2109479904174805
35.783775329589844
13.073573112487793
29.933147430419922
25.133602142333984
25.597797393798828
17.55328941345215
20.64928436279297
10.482324600219727
17.822465896606445
50.6512565612793
24.66373062133789
16.54207992553711
21.456480026245117
24.00457191467285
25.20839500427246
27.5950870513916
22.3177433013916
23.653255462646484
8.748303413391113
25.88418960571289
37.94322967529297
24.63504409790039
33.749881744384766
7.863101959228516
12.02500057220459
31.880538940429688
18.939802169799805
19.682512283325195
29.31236457824707
13.191120147705078
10.751907348632812
26.44454574584961
16.02520751953125
10.674222946166992
15.609164237976074
7.433197021484375
8.562307357788086
27.201217651367188
2.11580491065979
11.498053550720215
28.698951721191406
12.90970230102539
21.895177841186523
14.241127967834473
14.626603126525879
17.757450103759766
13.58314323425293
35.195743560791016
29.247482299804688
29.173412322998047
10.835969924926758
13.375215530395508
18.094205856323242
24.431156158447266
24.871980667114258
6.9310712814331055
18.550914764404297
39.11674118041992
25.492923736572266
29.885292053222656
15.668838500976562
8.532550811767578
33.92436218261719
9.426725387573242
36.15803909301758
18.249755859375
25.705541610717773
28.924850463867188
16.832141876220703
11.310833930969238
27.266773223876953
35.35623550415039
9.436600685119629
18.481040954589844
12.268808364868164
38.913429260253906
41.812747955322266
28.842994689941406
3.750363826751709
26.66483497619629
29.68230628967285
8.753365516662598
19.55929183959961
31.298370361328125
27.562223434448242
34.47870635986328
20.06629180908203
13.314306259155273
21.895875930786133
17.609643936157227
15.876822471618652
25.298751831054688
6.952815055847168
15.238426208496094
7.585220813751221
13.890227317810059
20.973628997802734
24.11580467224121
20.840984344482422
16.483642578125
18.49829864501953
22.916215896606445
4.558609962463379
4.5982136726379395
30.114046096801758
24.696767807006836
22.510421752929688
29.72156524658203
12.466553688049316
15.423144340515137
27.119979858398438
15.761858940124512
26.61298370361328
13.962091445922852
24.872838973999023
3.801884651184082
16.188209533691406
16.58620262145996
20.805463790893555
14.115388870239258
16.154905319213867
20.890005111694336
26.872251510620117
12.981063842773438
6.946858882904053
12.410676002502441
20.95266342163086
16.27393913269043
14.847013473510742
8.663641929626465
27.133028030395508
17.393766403198242
12.046566009521484
15.57169246673584
20.823673248291016
18.630687713623047
32.4102668762207
21.48945426940918
35.9820442199707
25.907777786254883
18.8547306060791
20.32814598083496
19.810382843017578
22.40896987915039
27.415428161621094
23.521272659301758
17.13858985900879
4.893786430358887
11.656866073608398
14.14826774597168
17.483440399169922
27.74446678161621
13.134096145629883
22.692651748657227
18.023895263671875
20.57674217224121
23.461679458618164
19.76374626159668
43.844688415527344
27.129180908203125
15.508424758911133
24.637990951538086
26.796823501586914
19.6910457611084
13.267776489257812
29.655019760131836
20.376527786254883
38.73895263671875
27.264942169189453
16.375097274780273
14.90038776397705
16.611173629760742
9.260029792785645
16.720069885253906
14.329718589782715
18.490476608276367
26.644617080688477
33.263648986816406
21.54683494567871
32.87348175048828
11.265039443969727
18.656753540039062
10.465683937072754
11.133986473083496
18.177213668823242
18.902799606323242
5.539745330810547
17.111217498779297
32.663204193115234
24.670541763305664
29.76983070373535
20.735977172851562
32.18743133544922
9.967750549316406
31.113388061523438
15.437771797180176
25.785886764526367
7.546507835388184
29.686832427978516
35.54701232910156
10.472159385681152
17.228958129882812
15.034893035888672
6.445315361022949
19.569305419921875
35.024349212646484
22.6451473236084
20.08900260925293
18.3260555267334
9.325071334838867
30.40296173095703
14.932389259338379
12.131930351257324
16.40767478942871
28.757062911987305
21.220808029174805
18.465988159179688
16.230613708496094
23.68293571472168
16.126270294189453
3.6936683654785156
11.987649917602539
13.650389671325684
24.883018493652344
10.880090713500977
40.55194854736328
14.318022727966309
11.924993515014648
22.10136604309082
5.589434623718262
39.24187088012695
31.263553619384766
15.778650283813477
11.982080459594727
34.010841369628906
20.05629539489746
25.942703247070312
25.03557777404785
12.981788635253906
22.431961059570312
17.335906982421875
25.47962760925293
41.384788513183594
32.51237869262695
26.310829162597656
17.77943229675293
20.525257110595703
31.289472579956055
17.767650604248047
19.12870216369629
10.795748710632324
10.986945152282715
51.67059326171875
26.59581756591797
15.952201843261719
12.572305679321289
13.026298522949219
27.487411499023438
30.129718780517578
43.456844329833984
28.535125732421875
29.262178421020508
36.0118293762207
12.958497047424316
19.34508514404297
22.454927444458008
38.91101837158203
8.882774353027344
18.096099853515625
18.69911766052246
14.753763198852539
22.845745086669922
8.098974227905273
13.630637168884277
31.21088981628418
16.177627563476562
21.9242000579834
35.06413650512695
15.504338264465332
18.188289642333984
12.572562217712402
18.24245262145996
16.836660385131836
15.117168426513672
13.875105857849121
29.152050018310547
7.038946151733398
23.63104820251465
18.34783363342285
10.923798561096191
15.096766471862793
7.9228644371032715
19.26431655883789
21.15776824951172
34.68570327758789
30.21685028076172
18.80219078063965
28.23177146911621
28.95775032043457
19.759193420410156
24.134546279907227
13.8523588180542
25.815778732299805
27.37006378173828
33.64485549926758
19.98523712158203
6.115056991577148
28.699382781982422
23.944656372070312
13.762187004089355
21.018800735473633
11.684718132019043
13.793811798095703
12.665287017822266
19.184978485107422
19.529979705810547
14.47883415222168
34.05110549926758
15.79773235321045
7.954010963439941
35.766536712646484
12.367907524108887
8.190190315246582
17.735309600830078
12.407844543457031
25.572246551513672
16.030780792236328
31.51756477355957
17.975019454956055
39.42373275756836
23.996686935424805
19.928468704223633
30.834583282470703
13.910958290100098
33.068241119384766
16.583900451660156
20.925647735595703
20.82616424560547
17.17755699157715
18.25812339782715
22.803272247314453
23.597599029541016
24.973379135131836
27.992843627929688
14.039926528930664
12.582530975341797
21.30670928955078
23.983299255371094
16.592456817626953
19.531084060668945
29.420259475708008
10.259178161621094
13.7969388961792
31.84756088256836
22.55360221862793
16.052772521972656
29.323440551757812
11.770137786865234
16.588586807250977
22.104164123535156
24.482202529907227
15.954486846923828
20.055837631225586
16.741823196411133
13.141200065612793
10.499178886413574
24.928375244140625
11.82861328125
24.29491424560547
32.55314254760742
34.37093734741211
36.84031677246094
16.376550674438477
16.960674285888672
23.331087112426758
28.015605926513672
23.82332992553711
14.513031005859375
21.629364013671875
21.341896057128906
18.179580688476562
10.219927787780762
11.06740665435791
11.85839557647705
14.572491645812988
17.138099670410156
13.659002304077148
17.20376968383789
16.193952560424805
20.530353546142578
10.72104549407959
19.714872360229492
35.966766357421875
18.58112907409668
14.183175086975098
23.777271270751953
25.928455352783203
9.953826904296875
14.787995338439941
30.9392147064209
7.967903137207031
47.874881744384766
34.298194885253906
5.792492389678955
17.88356590270996
19.1783504486084
35.256927490234375
21.526512145996094
38.928932189941406
12.536276817321777
19.768489837646484
28.985877990722656
6.08320951461792
11.763957977294922
28.43361473083496
35.32131576538086
13.391449928283691
20.26999282836914
59.45218276977539
12.157602310180664
21.19196891784668
14.95301342010498
32.393150329589844
21.244535446166992
31.06252670288086
18.411245346069336
23.750913619995117
35.858978271484375
11.21851634979248
19.762130737304688
38.918296813964844
15.83585262298584
23.976289749145508
13.0291748046875
17.454879760742188
19.246490478515625
23.891040802001953
15.437865257263184
21.873661041259766
17.977458953857422
14.260913848876953
20.99718475341797
16.266571044921875
22.64117431640625
10.38239574432373
19.3355712890625
14.361056327819824
22.011886596679688
18.55063819885254
25.706832885742188
18.74547004699707
21.25425910949707
28.196128845214844
54.74214553833008
28.360044479370117
16.112844467163086
24.605180740356445
19.721725463867188
24.5427303314209
25.063074111938477
20.641305923461914
4.03524923324585
19.747360229492188
39.856910705566406
29.43198013305664
14.791611671447754
16.986608505249023
37.65111541748047
15.274881362915039
21.462005615234375
10.879104614257812
10.231168746948242
26.61807632446289
20.205596923828125
25.2180118560791
19.556562423706055
10.724358558654785
25.318771362304688
12.095161437988281
32.87322998046875
21.724000930786133
19.233304977416992
17.78125762939453
12.242891311645508
21.08473777770996
14.564315795898438
16.476198196411133
22.378559112548828
19.820463180541992
24.282609939575195
28.19585609436035
18.209806442260742
12.234737396240234
10.244793891906738
28.20905303955078
11.915671348571777
16.458240509033203
26.404891967773438
22.734947204589844
18.169891357421875
27.61855125427246
33.715911865234375
7.782078266143799
18.669614791870117
20.898357391357422
46.29789352416992
8.335063934326172
15.347270965576172
18.793357849121094
29.26053810119629
23.55081558227539
9.613608360290527
18.647525787353516
11.828280448913574
23.287036895751953
30.333698272705078
13.56564712524414
20.47518539428711
23.594873428344727
25.061695098876953
21.06239891052246
35.47482681274414
24.017005920410156
23.797462463378906
34.286651611328125
23.372800827026367
34.28529739379883
5.798051834106445
15.093175888061523
26.679096221923828
10.9092378616333
10.07763957977295
4.817110538482666
17.93710708618164
23.724790573120117
24.328168869018555
33.36659240722656
19.90320587158203
21.68524169921875
24.858469009399414
21.234859466552734
28.592363357543945
23.560226440429688
19.77996253967285
19.485301971435547
28.497556686401367
11.098567962646484
20.630048751831055
30.795883178710938
23.764009475708008
27.81462287902832
13.986384391784668
19.164979934692383
4.848486423492432
31.779048919677734
16.23859214782715
9.023999214172363
14.51234245300293
19.301916122436523
16.14556884765625
27.57767105102539
15.385744094848633
18.07720947265625
3.2457387447357178
45.81682586669922
21.82071304321289
28.41132926940918
26.75154685974121
9.900470733642578
28.42441749572754
24.83452606201172
26.164913177490234
20.14495086669922
38.32881546020508
30.360939025878906
23.986474990844727
20.295318603515625
27.238725662231445
14.108993530273438
12.626360893249512
24.763032913208008
19.505990982055664
27.31703758239746
13.71755599975586
23.079002380371094
26.496435165405273
14.65351676940918
17.105852127075195
23.654451370239258
3.199805736541748
47.57435989379883
26.255281448364258
24.125102996826172
22.370513916015625
11.140681266784668
19.664690017700195
11.720431327819824
24.517200469970703
43.549659729003906
41.59552001953125
26.247760772705078
18.141517639160156
27.39154624938965
11.076276779174805
23.01309585571289
13.729610443115234
16.50846290588379
11.494026184082031
20.21995735168457
31.935665130615234
14.116584777832031
34.913814544677734
2.755472421646118
12.855997085571289
17.24671745300293
19.47154998779297
13.837915420532227
16.119182586669922
29.340864181518555
8.762557983398438
8.3824462890625
13.645791053771973
29.51789093017578
15.924378395080566
23.4034366607666
20.622467041015625
17.65180015563965
31.745662689208984
22.607728958129883
26.556615829467773
32.84999084472656
20.532516479492188
13.71577262878418
13.53250503540039
10.546156883239746
19.89266586303711
28.737415313720703
15.01213264465332
22.09955406188965
37.35828399658203
24.231109619140625
18.84221649169922
25.533367156982422
19.261703491210938
16.54483985900879
12.040295600891113
21.859432220458984
23.540782928466797
32.84454345703125
12.18252944946289
40.45417022705078
31.64114761352539
46.450950622558594
12.668794631958008
14.300758361816406
28.977561950683594
22.67483139038086
11.276229858398438
9.140560150146484
25.846914291381836
15.88869571685791
20.322277069091797
12.844175338745117
7.618875503540039
34.43230438232422
30.919397354125977
11.94604206085205
39.16169357299805
15.078042030334473
18.564496994018555
25.632719039916992
17.632896423339844
31.87786293029785
23.437637329101562
12.570767402648926
36.4448356628418
30.24624252319336
19.9647274017334
14.264983177185059
22.32560920715332
24.230684280395508
18.41858673095703
31.639856338500977
26.47646141052246
22.571483612060547
28.955463409423828
29.12738609313965
16.835092544555664
26.526893615722656
14.627180099487305
27.587566375732422
16.92170524597168
11.981233596801758
14.615708351135254
33.703304290771484
16.097902297973633
17.523799896240234
30.618907928466797
16.346168518066406
17.896514892578125
16.958375930786133
25.645566940307617
20.453224182128906
23.301902770996094
28.468429565429688
32.009586334228516
12.827924728393555
33.78591537475586
7.384242057800293
32.08853530883789
20.414033889770508
32.280303955078125
25.692161560058594
11.751189231872559
12.339227676391602
15.793737411499023
24.464981079101562
13.438326835632324
11.718055725097656
18.762845993041992
22.215795516967773
19.595714569091797
25.25157356262207
21.864057540893555
19.757936477661133
10.493795394897461
5.200394153594971
13.98569107055664
17.1710262298584
31.816030502319336
14.337801933288574
24.297849655151367
5.158481597900391
21.89850616455078
4.636012077331543
28.103952407836914
9.421259880065918
14.225726127624512
27.4508056640625
39.833560943603516
33.23597717285156
29.59267807006836
39.32952117919922
25.277128219604492
38.72964859008789
23.583454132080078
28.327564239501953
5.388635635375977
14.927600860595703
25.86666488647461
11.542632102966309
17.77236557006836
22.42581558227539
28.273502349853516
38.50482177734375
11.933869361877441
23.90616226196289
11.436620712280273
25.413558959960938
21.39328384399414
30.67144203186035
20.09987449645996
16.31867218017578
32.685428619384766
24.000776290893555
12.76803207397461
33.873146057128906
21.826824188232422
14.581876754760742
27.586210250854492
40.04039764404297
28.357471466064453
29.652448654174805
27.91962242126465
27.145307540893555
11.45620059967041
12.352237701416016
18.01323127746582
31.014989852905273
17.156423568725586
6.006995677947998
13.994373321533203
30.141353607177734
16.92774200439453
22.033039093017578
27.685850143432617
11.803797721862793
7.431203365325928
44.957420349121094
36.33319091796875
44.48668670654297
23.14198112487793
7.529573440551758
21.853668212890625
13.529214859008789
35.587894439697266
27.59488296508789
16.57307243347168
27.490184783935547
31.05525016784668
12.404138565063477
21.01338005065918
28.364124298095703
12.735708236694336
31.923721313476562
43.15302276611328
19.52638816833496
22.343931198120117
21.283309936523438
24.314525604248047
15.603955268859863
9.439824104309082
18.93221664428711
21.28662872314453
36.84275817871094
16.231494903564453
30.14257049560547
14.495522499084473
17.1693115234375
14.412423133850098
27.942848205566406
27.616058349609375
26.74370002746582
25.39463996887207
32.28655242919922
11.743247985839844
17.26659393310547
32.53860855102539
27.654090881347656
33.27544403076172
12.793501853942871
17.47172737121582
21.894615173339844
36.52437973022461
13.141581535339355
10.872543334960938
19.647993087768555
29.964054107666016
18.94655990600586
27.851173400878906
31.622690200805664
31.141807556152344
6.7461419105529785
39.827613830566406
11.60495662689209
24.196367263793945
47.71316909790039
18.352476119995117
35.8031120300293
26.02178192138672
17.207609176635742
29.913320541381836
20.261276245117188
20.04190444946289
13.090230941772461
15.671648979187012
22.7811336517334
17.185989379882812
24.492040634155273
12.554818153381348
11.518448829650879
28.181507110595703
27.702627182006836
21.708585739135742
35.15275192260742
24.265003204345703
13.241600036621094
21.450641632080078
20.635181427001953
20.49464988708496
15.43589973449707
22.206417083740234
24.14447593688965
14.643697738647461
40.34471130371094
30.792049407958984
23.629053115844727
25.452421188354492
32.88378143310547
36.310943603515625
14.936319351196289
17.836597442626953
36.927391052246094
16.378910064697266
36.1213264465332
23.171281814575195
22.28061866760254
8.46292781829834
21.148059844970703
16.07966423034668
26.599754333496094
34.212646484375
7.6150054931640625
24.081546783447266
20.63493537902832
21.198925018310547
32.047550201416016
19.37242317199707
33.352996826171875
17.603757858276367
11.719894409179688
19.18231201171875
21.919057846069336
25.854570388793945
29.121490478515625
24.30750846862793
18.61587142944336
14.399402618408203
19.226036071777344
21.583837509155273
20.824323654174805
21.51823616027832
17.617555618286133
22.288700103759766
4.650805950164795
25.877796173095703
22.70431900024414
19.076648712158203
24.85346031188965
46.01907730102539
21.58729362487793
11.57974624633789
35.91975784301758
16.185962677001953
23.199443817138672
7.608755111694336
12.305920600891113
15.177108764648438
14.363016128540039
23.356342315673828
32.32227325439453
22.58367919921875
25.15570640563965
18.559911727905273
15.727337837219238
28.311140060424805
38.34286880493164
46.783653259277344
27.56882095336914
31.564558029174805
31.194061279296875
19.568153381347656
21.563831329345703
20.991212844848633
22.134843826293945
26.35109519958496
18.04472541809082
12.516334533691406
22.01040267944336
11.203049659729004
15.525104522705078
27.97211456298828
20.192996978759766
18.890472412109375
28.038692474365234
20.88623046875
32.92049026489258
27.992103576660156
30.542997360229492
32.93391418457031
5.33553409576416
22.479097366333008
34.69655990600586
31.73948860168457
12.06563949584961
10.163421630859375
18.564579010009766
43.4563102722168
25.82744026184082
13.355096817016602
16.537582397460938
35.90441131591797
28.234909057617188
22.31831169128418
12.033928871154785
24.54387092590332
24.48392105102539
20.016023635864258
31.32349395751953
18.653024673461914
12.67211627960205
9.672416687011719
11.946434020996094
26.58854866027832
22.555843353271484
9.138879776000977
10.187858581542969
28.02482032775879
23.90212631225586
24.232263565063477
18.396564483642578
27.3831787109375
9.873416900634766
29.9240665435791
21.906421661376953
26.51132583618164
13.529317855834961
28.445999145507812
14.879755973815918
36.1010856628418
18.92970085144043
26.943838119506836
38.35013198852539
8.17323112487793
28.60375213623047
14.532827377319336
10.510730743408203
14.188590049743652
14.078450202941895
8.093973159790039
18.94270133972168
10.259559631347656
27.550010681152344
24.00929832458496
32.608924865722656
28.280820846557617
33.29951477050781
31.55136489868164
26.748693466186523
23.310270309448242
25.604225158691406
12.057499885559082
34.869964599609375
11.849123001098633
39.859580993652344
31.50641632080078
23.021928787231445
18.265647888183594
23.037981033325195
14.706384658813477
23.105756759643555
30.550758361816406
26.4953670501709
12.812116622924805
31.378768920898438
23.450204849243164
24.301929473876953
26.669286727905273
41.360260009765625
14.173095703125
13.217789649963379
34.23269271850586
29.05515480041504
20.472209930419922
27.768972396850586
13.130851745605469
26.153013229370117
35.22931671142578
7.279587745666504
20.349401473999023
27.85563850402832
17.66411590576172
21.889663696289062
18.394290924072266
32.55692672729492
10.078121185302734
16.83652687072754
7.662094593048096
11.342546463012695
9.228009223937988
19.121801376342773
16.032733917236328
13.182525634765625
20.411561965942383
41.402984619140625
19.022436141967773
30.203123092651367
15.579453468322754
6.058154106140137
46.376670837402344
9.4988431930542
26.217559814453125
15.507293701171875
18.38410186767578
18.966217041015625
19.890554428100586
14.518270492553711
17.936243057250977
25.2930908203125
9.833891868591309
35.28407287597656
23.649301528930664
17.401065826416016
21.685327529907227
25.713695526123047
17.17010498046875
7.969359397888184
18.201786041259766
17.099353790283203
28.73870849609375
26.297531127929688
7.841822147369385
16.738664627075195
17.61210060119629
36.90279769897461
20.63679313659668
11.79890251159668
26.957204818725586
17.90003776550293
35.747318267822266
8.16858196258545
17.513168334960938
29.204030990600586
19.486543655395508
30.285144805908203
18.22588348388672
17.418325424194336
11.707880973815918
18.36642837524414
24.13364601135254
21.832965850830078
27.764480590820312
14.044976234436035
5.039805889129639
13.489940643310547
5.111143589019775
26.361581802368164
21.524459838867188
10.687005996704102
36.54774856567383
27.955677032470703
26.687023162841797
23.396324157714844
47.70276641845703
19.180587768554688
14.850625038146973
14.334214210510254
15.259063720703125
24.938894271850586
26.08843231201172
13.46674633026123
24.603097915649414
15.19701862335205
18.102083206176758
22.010543823242188
14.106395721435547
10.891012191772461
20.324195861816406
15.135760307312012
20.0594539642334
19.238656997680664
27.234663009643555
29.936735153198242
20.226715087890625
22.283897399902344
4.213595390319824
15.104972839355469
23.753271102905273
26.51765251159668
13.483948707580566
17.716176986694336
23.09946632385254
42.59111404418945
33.426673889160156
14.902740478515625
27.316043853759766
24.50469207763672
20.806377410888672
7.413106441497803
27.95884895324707
18.42420768737793
33.17919921875
24.084104537963867
14.915624618530273
10.474931716918945
23.331134796142578
16.51336097717285
11.90683650970459
30.58641242980957
28.457088470458984
28.18618392944336
45.31117630004883
19.087234497070312
24.473405838012695
9.96932315826416
19.888790130615234
13.02617073059082
17.199100494384766
18.722320556640625
9.798932075500488
17.839340209960938
15.24698543548584
20.43874740600586
14.86244010925293
26.18499183654785
20.586233139038086
30.94422149658203
16.21685218811035
12.563076972961426
24.142967224121094
22.842403411865234
40.04795837402344
10.057626724243164
35.86640548706055
14.970715522766113
0.6600079536437988
22.528348922729492
22.66812515258789
21.835819244384766
12.274639129638672
11.953557014465332
14.077543258666992
27.063955307006836
19.10785484313965
24.588640213012695
25.84234619140625
15.604637145996094
26.06118392944336
6.646035671234131
36.770137786865234
20.2001895904541
16.41701889038086
17.93775177001953
26.521564483642578
6.0289106369018555
13.366693496704102
22.419944763183594
1.7991359233856201
1.207793951034546
18.565486907958984
23.880109786987305
15.581704139709473
13.982662200927734
22.87877655029297
15.745880126953125
5.029951572418213
40.56253433227539
14.61860179901123
14.714674949645996
28.195613861083984
29.496360778808594
39.40071105957031
20.376129150390625
18.368392944335938
23.462867736816406
23.16657066345215
15.398978233337402
21.898168563842773
42.85035705566406
33.63005828857422
20.580968856811523
35.90521240234375
21.31297492980957
14.32394790649414
14.913795471191406
12.622939109802246
28.88814926147461
19.507118225097656
13.49923038482666
11.331523895263672
15.81318187713623
30.18681526184082
24.22364044189453
32.74191665649414
23.49609375
22.593460083007812
39.61537170410156
14.148831367492676
15.244301795959473
24.944467544555664
20.964874267578125
24.15655517578125
29.484294891357422
24.524866104125977
19.777944564819336
20.27700424194336
27.185630798339844
25.1535587310791
10.203727722167969
16.54340934753418
31.597904205322266
25.955337524414062
36.62992858886719
10.194533348083496
21.52460479736328
35.63475799560547
19.454204559326172
17.797935485839844
18.1448974609375
25.980308532714844
26.88006591796875
35.40599060058594
21.343647003173828
26.320100784301758
14.432926177978516
32.46700668334961
24.076698303222656
14.087889671325684
32.3482780456543
30.216333389282227
26.39812660217285
49.7734489440918
11.546422958374023
32.95029067993164
12.152689933776855
5.91485071182251
11.096602439880371
21.367748260498047
27.61093521118164
11.409122467041016
17.252490997314453
34.83625793457031
17.3305606842041
22.32737922668457
7.136965274810791
11.481671333312988
18.553810119628906
24.110336303710938
28.661479949951172
25.577096939086914
20.072019577026367
24.26259994506836
31.773061752319336
23.721879959106445
13.400710105895996
13.141586303710938
25.63420295715332
33.57978439331055
25.365554809570312
16.041582107543945
6.804922103881836
32.99251174926758
35.92219924926758
45.273231506347656
21.74895668029785
42.06928253173828
32.056785583496094
26.11977767944336
19.196792602539062
44.18559646606445
10.575879096984863
30.24983024597168
34.12372970581055
29.788406372070312
30.41545295715332
32.73158264160156
23.533491134643555
14.553099632263184
16.77021026611328
33.9671745300293
29.645263671875
11.044748306274414
26.114171981811523
22.238771438598633
17.554609298706055
33.43999481201172
23.324138641357422
13.841461181640625
35.44539260864258
18.812355041503906
23.649538040161133
33.199806213378906
18.375890731811523
22.935258865356445
36.6313591003418
17.781543731689453
28.73953628540039
36.073219299316406
19.330312728881836
1.8396519422531128
24.270122528076172
32.49220275878906
17.764314651489258
13.878395080566406
20.847013473510742
28.34474754333496
48.89545440673828
26.94498062133789
24.74669075012207
27.7207088470459
14.401601791381836
24.269472122192383
29.745729446411133
20.096332550048828
16.150218963623047
25.089954376220703
13.099478721618652
17.935649871826172
37.792091369628906
19.889890670776367
8.966754913330078
34.212738037109375
26.114830017089844
16.42696189880371
17.556467056274414
12.004109382629395
25.014583587646484
22.5733642578125
24.11662483215332
23.151222229003906
18.558135986328125
14.323860168457031
9.105062484741211
13.362321853637695
43.52061080932617
22.36618995666504
8.162281036376953
30.62406349182129
35.82143783569336
25.091651916503906
19.7490291595459
52.18276596069336
20.77584457397461
26.973726272583008
22.242616653442383
24.924985885620117
30.089256286621094
30.292219161987305
14.107706069946289
24.730079650878906
30.317737579345703
15.322516441345215
13.875033378601074
20.53929901123047
15.648345947265625
25.644794464111328
27.242063522338867
22.84007453918457
11.681671142578125
33.95632553100586
25.841060638427734
22.97538948059082
16.929275512695312
4.157862663269043
15.161272048950195
27.607500076293945
23.828943252563477
34.246612548828125
28.423662185668945
19.216697692871094
10.997369766235352
43.88408660888672
24.083229064941406
16.834728240966797
14.368460655212402
5.377908229827881
41.31800079345703
29.039270401000977
10.867342948913574
22.793521881103516
21.980833053588867
20.439041137695312
15.394060134887695
21.633882522583008
21.928712844848633
8.997391700744629
20.67110252380371
24.021936416625977
41.630008697509766
26.226604461669922
7.644748687744141
6.237977981567383
24.988067626953125
34.23869705200195
14.575651168823242
21.63872528076172
35.0962028503418
30.644323348999023
20.43822479248047
35.51142883300781
18.510175704956055
37.68732452392578
14.521721839904785
28.129728317260742
11.198732376098633
23.639217376708984
15.856118202209473
32.83922576904297
4.959142208099365
7.23722505569458
31.435321807861328
33.60991668701172
19.833913803100586
31.35931968688965
19.842830657958984
17.461925506591797
15.759249687194824
18.033668518066406
38.789772033691406
13.39787483215332
3.4868249893188477
25.575883865356445
32.57609939575195
43.76502990722656
39.670753479003906
22.34945297241211
20.51776695251465
37.38980484008789
40.85622024536133
31.718189239501953
18.685447692871094
29.389991760253906
39.0890007019043
7.246155738830566
16.418819427490234
19.97607421875
16.489089965820312
16.143695831298828
11.202024459838867
21.89229393005371
35.138946533203125
42.083438873291016
24.95179557800293
25.68745994567871
12.798913955688477
14.4881010055542
12.692367553710938
6.068575859069824
18.241802215576172
8.561388969421387
11.280702590942383
29.451379776000977
20.312210083007812
28.68328094482422
19.54850959777832
23.47507667541504
25.54911231994629
13.462997436523438
31.379831314086914
35.22906494140625
19.522661209106445
17.037260055541992
28.12433624267578
18.345857620239258
20.24083709716797
21.40229606628418
29.311996459960938
36.034305572509766
12.257149696350098
28.776094436645508
15.388677597045898
15.8626127243042
24.56259536743164
21.174320220947266
27.445985794067383
16.498506546020508
21.99235725402832
21.83115005493164
5.5380754470825195
16.134052276611328
32.3011474609375
8.961246490478516
12.031036376953125
22.570938110351562
28.89328384399414
31.40320587158203
2.3565852642059326
33.732723236083984
35.54542922973633
27.88290023803711
30.107471466064453
27.064821243286133
27.253910064697266
18.56151580810547
17.579633712768555
2.6511991024017334
21.506511688232422
16.752294540405273
13.380001068115234
21.92058753967285
18.849666595458984
10.06563663482666
28.003063201904297
17.61177635192871
33.98981857299805
21.520244598388672
29.319557189941406
20.031299591064453
31.70570182800293
18.69918441772461
18.46973991394043
31.06597137451172
12.349796295166016
28.50035858154297
30.814136505126953
21.700624465942383
17.01616096496582
15.609084129333496
17.96091079711914
12.189607620239258
34.95996856689453
13.82370376586914
17.523454666137695
17.043378829956055
27.720844268798828
31.774372100830078
17.710739135742188
39.887325286865234
25.702547073364258
8.225772857666016
28.53550910949707
14.00241470336914
13.106125831604004
28.759782791137695
23.966964721679688
22.92237091064453
15.234369277954102
10.230342864990234
27.49030113220215
19.350671768188477
8.679821968078613
48.39125442504883
19.95909881591797
30.39202308654785
19.58282470703125
16.138744354248047
15.223899841308594
30.29543685913086
23.60504722595215
23.0001163482666
33.09990692138672
13.64930534362793
29.31340217590332
20.7601318359375
47.55501937866211
33.14876174926758
23.138029098510742
21.652976989746094
28.49733543395996
7.713973522186279
15.436090469360352
14.293803215026855
14.598515510559082
34.176231384277344
26.324026107788086
27.025556564331055
32.5433235168457
30.09705352783203
21.271949768066406
32.3993034362793
24.663156509399414
18.509241104125977
27.2147159576416
33.09817886352539
10.691916465759277
10.9395170211792
26.106016159057617
43.54839324951172
13.19444465637207
18.818065643310547
23.570655822753906
15.550727844238281
14.654623985290527
16.500713348388672
40.63892364501953
27.228715896606445
9.815750122070312
34.22893524169922
24.348129272460938
16.593914031982422
13.429262161254883
29.707443237304688
11.07795238494873
7.675972938537598
30.481578826904297
27.147594451904297
21.13105010986328
40.24842834472656
12.60533332824707
24.655107498168945
34.52041244506836
11.031732559204102
14.80429458618164
23.151235580444336
29.32266616821289
24.183452606201172
24.18775177001953
13.0394868850708
27.498397827148438
2.265151023864746
8.11925983428955
11.559932708740234
26.232948303222656
7.416258811950684
12.894637107849121
8.764265060424805
22.575786590576172
18.164243698120117
45.607460021972656
31.951929092407227
41.020042419433594
25.766645431518555
11.720016479492188
16.200048446655273
12.070849418640137
28.467758178710938
17.872713088989258
16.439815521240234
28.49745750427246
30.872024536132812
12.001090049743652
12.509536743164062
30.000324249267578
14.079156875610352
19.4722900390625
23.86935043334961
42.76329803466797
13.851078033447266
27.46064567565918
19.076679229736328
21.518436431884766
28.093408584594727
9.126958847045898
29.379920959472656
27.382564544677734
5.1040358543396
47.004554748535156
10.842791557312012
12.605273246765137
26.935688018798828
24.317651748657227
3.495908737182617
13.36667537689209
7.425295829772949
23.696142196655273
18.262794494628906
21.395883560180664
25.800771713256836
28.211105346679688
19.716751098632812
19.530033111572266
18.969093322753906
20.555273056030273
20.098033905029297
33.075538635253906
16.817237854003906
4.643141746520996
13.630800247192383
19.69533348083496
16.493446350097656
12.866923332214355
21.05217933654785
5.233505725860596
14.094364166259766
37.873626708984375
27.823104858398438
17.438825607299805
25.749406814575195
25.457111358642578
18.633441925048828
28.82953643798828
20.814903259277344
38.1945915222168
32.73710250854492
8.710530281066895
32.95813751220703
35.35955810546875
12.89236831665039
20.02132797241211
19.80012321472168
46.14550018310547
26.37580680847168
21.93599510192871
6.16827392578125
20.62458038330078
28.086837768554688
24.517471313476562
13.958695411682129
23.446762084960938
27.058639526367188
50.635311126708984
32.4502067565918
14.243313789367676
16.273155212402344
17.124479293823242
19.680219650268555
26.523826599121094
22.437034606933594
20.68859100341797
6.07753849029541
6.782776355743408
35.9862060546875
23.2626953125
21.68283462524414
24.936437606811523
10.728076934814453
29.00874137878418
23.996355056762695
23.14143180847168
9.451362609863281
26.849592208862305
36.92536926269531
29.548460006713867
34.138885498046875
10.585747718811035
15.75878620147705
27.78289031982422
19.720237731933594
44.3924560546875
25.23967742919922
22.27780532836914
16.17690658569336
36.13268280029297
38.24594497680664
29.77152442932129
20.039884567260742
33.562984466552734
33.5989875793457
43.734519958496094
36.62528991699219
24.653505325317383
16.28142738342285
23.864551544189453
18.813495635986328
20.61037826538086
23.754871368408203
10.31076431274414
36.37958908081055
26.90829849243164
34.65433883666992
18.803876876831055
11.077535629272461
17.43757438659668
22.913686752319336
18.252056121826172
27.505821228027344
23.289974212646484
13.548128128051758
22.259456634521484
7.386860370635986
17.178264617919922
26.434110641479492
28.312210083007812
39.531524658203125
22.382261276245117
20.684452056884766
17.85289764404297
14.197548866271973
23.897653579711914
17.67443084716797
19.14020347595215
36.68989181518555
30.44635581970215
24.09058952331543
34.47063064575195
21.78125762939453
18.53814125061035
18.505157470703125
18.621749877929688
22.98106575012207
28.494611740112305
22.210054397583008
17.474763870239258
22.801971435546875
31.477827072143555
13.801753044128418
13.8839111328125
29.968914031982422
19.18513298034668
17.552888870239258
17.071372985839844
29.8192138671875
29.200902938842773
40.534645080566406
43.86812210083008
15.003896713256836
16.653799057006836
12.471324920654297
26.997514724731445
18.290912628173828
20.074844360351562
22.22852325439453
9.580724716186523
21.287199020385742
7.451121807098389
12.726554870605469
29.904266357421875
27.932453155517578
17.4531307220459
13.79277515411377
26.99627113342285
23.561119079589844
25.064739227294922
13.218103408813477
10.726459503173828
17.37369728088379
19.071760177612305
29.827999114990234
23.75218963623047
40.49494171142578
34.75851058959961
27.092479705810547
41.14131546020508
33.03839874267578
2.443143844604492
32.11832046508789
20.5018310546875
21.26603889465332
19.287385940551758
42.49251937866211
37.41703796386719
17.58718490600586
28.125463485717773
29.513208389282227
23.275531768798828
25.625877380371094
21.737472534179688
10.833451271057129
8.075958251953125
42.481693267822266
14.46446418762207
29.38901710510254
26.34621810913086
10.11341667175293
20.001853942871094
19.85532569885254
45.14823532104492
17.04616928100586
23.99908447265625
17.702098846435547
17.889127731323242
21.828548431396484
26.373884201049805
25.688825607299805
33.7464485168457
27.903026580810547
21.43001937866211
35.87628173828125
22.912254333496094
15.795907020568848
10.21745777130127
18.789213180541992
11.436662673950195
12.027824401855469
37.09904098510742
17.008058547973633
18.93172264099121
26.918447494506836
11.039151191711426
24.231733322143555
28.239295959472656
22.504980087280273
25.580751419067383
11.02237606048584
10.929300308227539
9.635841369628906
27.690160751342773
31.611127853393555
35.98237228393555
38.53760528564453
17.834123611450195
29.46943473815918
45.57767868041992
45.96583557128906
18.697418212890625
28.71980857849121
33.14736557006836
12.321554183959961
23.502216339111328
19.762615203857422
24.631542205810547
12.126293182373047
15.028077125549316
9.521330833435059
25.310199737548828
18.76390266418457
38.466514587402344
12.85949420928955
19.402036666870117
24.69040298461914
8.921893119812012
24.858110427856445
18.716236114501953
30.212963104248047
20.89531135559082
27.847158432006836
27.596038818359375
17.455976486206055
11.051041603088379
15.38198471069336
31.695837020874023
15.703879356384277
24.3175106048584
19.25844955444336
35.33469009399414
23.271371841430664
23.87806510925293
20.181827545166016
7.914178848266602
41.12737274169922
14.746964454650879
24.455974578857422
23.91514778137207
29.966461181640625
9.246601104736328
19.683927536010742
5.936284065246582
15.341400146484375
31.291587829589844
4.34724235534668
22.601625442504883
37.15839385986328
38.82341003417969
15.500879287719727
14.912522315979004
21.353919982910156
26.373886108398438
34.13434982299805
12.877184867858887
4.3747172355651855
32.51390838623047
21.799869537353516
23.206485748291016
56.368736267089844
33.0010871887207
34.65058135986328
26.57339096069336
9.468043327331543
33.51781463623047
11.076794624328613
24.610904693603516
22.459453582763672
26.371763229370117
25.918420791625977
11.513038635253906
15.960935592651367
19.462507247924805
26.7330265045166
23.377216339111328
32.566505432128906
26.744701385498047
36.645912170410156
27.359283447265625
17.922130584716797
8.173524856567383
16.974170684814453
23.058130264282227
28.83453369140625
23.666236877441406
7.0286455154418945
31.051267623901367
19.038551330566406
15.926587104797363
10.262350082397461
31.179698944091797
29.446659088134766
18.02835464477539
27.43903160095215
13.838541030883789
24.71415901184082
30.601064682006836
26.791858673095703
19.606191635131836
17.461116790771484
16.353229522705078
46.22049331665039
34.948150634765625
23.32682228088379
17.17200469970703
13.278318405151367
35.99373245239258
24.979707717895508
8.355915069580078
64.91877746582031
26.67752456665039
30.569480895996094
26.05142593383789
17.74017906188965
20.45013999938965
36.69230651855469
25.864334106445312
18.028621673583984
22.482074737548828
24.51311492919922
15.701822280883789
26.59568214416504
11.150373458862305
26.310152053833008
20.21653175354004
25.349933624267578
20.776639938354492
17.366825103759766
18.968690872192383
20.855440139770508
16.975467681884766
37.76184844970703
35.77864074707031
35.06887435913086
17.09148406982422
14.689611434936523
34.519874572753906
19.698366165161133
9.589150428771973
30.47699737548828
31.984949111938477
11.89634895324707
18.745832443237305
36.26235580444336
18.331104278564453
29.452978134155273
29.342418670654297
14.543067932128906
11.18172550201416
25.82442283630371
25.54890251159668
14.413326263427734
25.897415161132812
23.48504638671875
28.85698890686035
21.55652618408203
23.19678497314453
23.445796966552734
26.75736427307129
12.476499557495117
19.183507919311523
10.312790870666504
19.201431274414062
24.60396957397461
21.17995262145996
15.625543594360352
36.11817169189453
26.094924926757812
42.930599212646484
22.419925689697266
8.50030517578125
8.253358840942383
33.98153305053711
17.011144638061523
32.3864631652832
15.06120777130127
40.42289733886719
22.17708396911621
12.109258651733398
11.251323699951172
5.1001200675964355
17.69005584716797
19.631322860717773
6.017811298370361
25.7872257232666
26.94219398498535
23.345853805541992
24.766307830810547
14.780941009521484
34.58960723876953
23.764780044555664
31.150924682617188
23.1652774810791
13.761679649353027
16.347248077392578
20.82051658630371
23.515724182128906
20.117910385131836
21.132938385009766
26.348831176757812
25.360029220581055
19.83399200439453
30.585826873779297
39.56052017211914
27.635879516601562
19.1635684967041
12.977602005004883
31.10163116455078
22.518518447875977
25.080575942993164
24.748422622680664
25.744531631469727
26.167970657348633
19.29256248474121
22.530990600585938
36.53099822998047
15.350825309753418
39.30764389038086
27.583044052124023
20.594480514526367
38.59373474121094
10.44952392578125
29.502201080322266
28.610368728637695
19.65695571899414
23.711769104003906
31.3686466217041
29.89472007751465
16.96436309814453
26.78549575805664
15.543622016906738
3.8959593772888184
15.898758888244629
34.283447265625
14.772632598876953
21.89704704284668
22.084192276000977
29.958934783935547
11.824508666992188
26.021303176879883
17.642576217651367
27.22055435180664
13.304308891296387
10.262941360473633
35.73458480834961
7.307338714599609
19.2896728515625
21.524885177612305
27.042802810668945
25.099626541137695
9.42119312286377
23.18248748779297
23.5402889251709
13.547406196594238
27.02675437927246
25.40572738647461
34.80582809448242
33.37084197998047
28.851890563964844
28.670475006103516
27.6412410736084
24.50609016418457
32.887664794921875
3.715482234954834
12.478675842285156
17.860042572021484
24.76540756225586
18.51622772216797
20.639389038085938
14.16733455657959
16.83445930480957
11.229253768920898
19.68376922607422
27.756811141967773
28.69744110107422
44.39076614379883
25.539087295532227
25.534503936767578
10.838019371032715
10.131494522094727
24.045085906982422
13.866643905639648
18.21570587158203
36.937984466552734
18.73564338684082
14.319931030273438
33.523189544677734
26.7014217376709
13.151434898376465
20.745731353759766
23.47727394104004
10.241012573242188
24.613136291503906
22.20559310913086
13.802777290344238
26.171375274658203
29.110097885131836
25.247636795043945
17.707477569580078
27.276411056518555
20.99738311767578
13.554790496826172
19.32231903076172
33.01860046386719
17.46575927734375
19.962785720825195
18.41390037536621
15.758671760559082
30.533472061157227
17.286407470703125
19.068002700805664
18.093698501586914
10.005674362182617
24.93182945251465
18.579174041748047
5.733657360076904
12.680177688598633
20.130460739135742
43.623104095458984
8.094969749450684
13.896696090698242
14.439237594604492
14.8187837600708
10.442606925964355
25.697444915771484
31.19832992553711
26.72538185119629
11.095087051391602
28.05166244506836
25.14259910583496
34.86461639404297
10.540613174438477
18.5722599029541
20.515043258666992
36.45844268798828
25.28839683532715
21.549962997436523
21.893606185913086
24.162517547607422
13.72964859008789
16.72186279296875
26.50234031677246
18.141382217407227
17.551637649536133
30.685205459594727
11.779199600219727
21.322914123535156
20.378267288208008
15.157388687133789
17.371984481811523
15.856825828552246
17.383277893066406
25.611398696899414
42.6076545715332
10.634085655212402
16.09051513671875
12.147088050842285
20.295135498046875
31.225311279296875
11.115147590637207
22.131589889526367
32.15913772583008
34.99272918701172
11.43635368347168
12.558935165405273
29.500539779663086
14.652898788452148
37.37322998046875
14.656131744384766
25.76287269592285
16.227853775024414
13.972990036010742
6.01963472366333
25.755727767944336
11.177441596984863
20.818429946899414
23.607038497924805
24.438600540161133
18.799190521240234
19.18636703491211
20.138349533081055
16.509855270385742
45.0615234375
13.106114387512207
26.12325096130371
24.93792152404785
17.370113372802734
10.71699047088623
22.34965705871582
12.072242736816406
17.09656524658203
12.6991605758667
35.461181640625
11.721335411071777
17.85067367553711
24.597009658813477
18.724225997924805
11.253387451171875
25.57330322265625
11.637579917907715
35.63993835449219
14.782880783081055
32.49098587036133
15.6737642288208
9.317710876464844
27.75748634338379
21.046737670898438
19.028188705444336
24.712560653686523
36.12710952758789
55.77967071533203
19.419328689575195
15.711189270019531
33.666622161865234
35.18024444580078
13.611629486083984
33.4865608215332
15.965272903442383
5.318160533905029
31.53302001953125
35.45713424682617
16.305126190185547
20.75960350036621
21.220216751098633
35.101287841796875
45.38679504394531
21.75221061706543
16.23106575012207
22.0976619720459
22.68773078918457
21.433876037597656
20.444704055786133
29.67035484313965
31.193302154541016
48.86456298828125
23.524147033691406
14.94717788696289
20.383453369140625
13.094511985778809
23.896984100341797
15.321364402770996
22.55582046508789
26.580373764038086
26.383934020996094
41.038082122802734
26.815664291381836
16.37401580810547
25.043209075927734
6.39939546585083
31.33587646484375
19.306133270263672
18.162757873535156
12.9884672164917
10.20071029663086
18.567182540893555
20.434911727905273
35.446685791015625
28.81869888305664
34.25826644897461
8.722692489624023
13.72889518737793
17.71599769592285
33.06805419921875
19.276893615722656
33.95860290527344
15.50374698638916
21.436506271362305
21.270973205566406
20.698923110961914
31.350631713867188
30.416860580444336
14.488905906677246
10.675542831420898
21.873201370239258
35.33640670776367
11.18696117401123
31.465173721313477
32.826473236083984
27.498249053955078
34.2410774230957
38.54283142089844
29.417560577392578
28.786130905151367
20.480379104614258
23.572006225585938
28.04683494567871
31.573909759521484
18.102190017700195
13.373167037963867
16.59903335571289
27.33772850036621
34.437801361083984
24.320072174072266
14.915789604187012
17.42452049255371
27.946792602539062
40.05390548706055
7.231446266174316
5.420787334442139
41.64277267456055
29.719839096069336
58.76872634887695
14.51068115234375
10.880956649780273
11.020527839660645
19.643369674682617
16.83861541748047
32.12118148803711
27.211814880371094
13.891531944274902
12.618188858032227
40.804569244384766
36.92324447631836
8.756382942199707
36.55986022949219
16.644710540771484
34.217594146728516
30.96776580810547
29.8497314453125
39.40240478515625
13.915833473205566
24.828609466552734
36.665409088134766
29.720579147338867
25.485990524291992
28.20844078063965
12.163527488708496
7.833817005157471
3.501591920852661
9.227646827697754
17.368629455566406
15.747010231018066
31.662973403930664
6.89017391204834
13.096933364868164
22.15424919128418
16.423316955566406
5.295511722564697
24.15642738342285
8.512535095214844
13.834549903869629
29.175003051757812
23.1180362701416
21.167648315429688
34.35458755493164
14.34433650970459
18.694141387939453
39.16331100463867
30.99509048461914
16.58405876159668
32.656044006347656
25.75031280517578
14.504695892333984
16.117618560791016
8.98272705078125
16.5764217376709
30.873592376708984
24.040958404541016
17.720277786254883
18.061521530151367
26.47921371459961
19.088624954223633
14.626233100891113
17.175594329833984
8.352962493896484
25.316665649414062
14.693819046020508
32.18395233154297
20.93328285217285
16.785242080688477
54.46271514892578
44.18714904785156
25.949377059936523
31.383468627929688
15.867683410644531
20.482837677001953
23.504701614379883
16.8592472076416
22.91916275024414
16.40138053894043
32.2384033203125
40.33063507080078
16.051105499267578
2.9426560401916504
28.798566818237305
13.024725914001465
12.743640899658203
23.90734100341797
10.503667831420898
18.981203079223633
21.352319717407227
35.01383972167969
38.416770935058594
30.853479385375977
18.993562698364258
18.0251522064209
23.513669967651367
30.82194709777832
23.1750545501709
38.88430404663086
10.974715232849121
24.18886947631836
18.413082122802734
26.245765686035156
28.03069496154785
13.662534713745117
24.907011032104492
24.75887107849121
18.287214279174805
13.098539352416992
46.60138702392578
9.160632133483887
17.386415481567383
5.5123395919799805
33.2005615234375
18.997169494628906
21.861600875854492
25.53414535522461
18.326040267944336
17.371126174926758
20.009763717651367
20.389873504638672
26.877126693725586
12.066513061523438
39.86497116088867
27.544645309448242
27.307647705078125
13.63006591796875
18.089641571044922
14.897913932800293
16.74730110168457
34.44121551513672
37.740413665771484
25.45528221130371
33.950660705566406
19.662750244140625
12.242859840393066
20.509620666503906
17.838396072387695
23.775047302246094
30.557369232177734
35.24433135986328
20.936664581298828
14.125072479248047
38.53543472290039
44.86729049682617
35.31399917602539
18.377880096435547
16.078784942626953
19.67009735107422
14.210281372070312
10.936652183532715
32.50289535522461
16.814132690429688
25.10225486755371
12.169038772583008
11.24040412902832
17.92735481262207
16.152629852294922
31.61153221130371
10.187544822692871
23.45983123779297
19.152618408203125
26.60206413269043
35.317604064941406
11.507988929748535
21.44624900817871
24.66672706604004
20.029563903808594
30.886463165283203
33.802852630615234
24.779550552368164
16.3057861328125
23.309585571289062
35.482704162597656
17.137245178222656
22.700214385986328
22.032732009887695
31.713031768798828
6.128454208374023
18.290912628173828
45.724090576171875
28.32521629333496
30.49563217163086
17.6715145111084
18.809402465820312
23.5331974029541
6.203779220581055
13.218243598937988
45.122314453125
12.308272361755371
34.573734283447266
10.28633975982666
23.16768455505371
12.195724487304688
11.494717597961426
21.151958465576172
26.604747772216797
33.51633071899414
25.137882232666016
26.82174301147461
34.097721099853516
16.398632049560547
22.739858627319336
13.52053451538086
16.011497497558594
14.742266654968262
32.270931243896484
13.954765319824219
14.079202651977539
8.428860664367676
15.808780670166016
5.091137409210205
6.704433441162109
18.0380802154541
10.718767166137695
18.9033145904541
16.915956497192383
19.57406997680664
19.35919189453125
29.87044334411621
30.075254440307617
27.073062896728516
22.4648380279541
18.08831024169922
41.10407257080078
37.68864440917969
21.881240844726562
40.610740661621094
18.429243087768555
11.840314865112305
18.790430068969727
22.652097702026367
32.30765914916992
22.289051055908203
15.946761131286621
44.19212341308594
26.925203323364258
26.53944206237793
38.92875289916992
16.791255950927734
21.610567092895508
33.75727081298828
37.851932525634766
28.991554260253906
17.20289421081543
12.936001777648926
18.813940048217773
27.78504180908203
25.675718307495117
43.088809967041016
12.422689437866211
40.9899787902832
12.234940528869629
12.319158554077148
6.330544948577881
21.53199577331543
12.93454360961914
15.50497055053711
13.822887420654297
12.006296157836914
14.123682975769043
22.791501998901367
9.1630277633667
18.465045928955078
34.49844741821289
19.72945213317871
11.246855735778809
36.95810317993164
14.207228660583496
18.281614303588867
19.20397186279297
40.67557144165039
5.678839206695557
36.45637893676758
20.120113372802734
26.329702377319336
27.166934967041016
34.23111343383789
23.450340270996094
22.77082633972168
17.991558074951172
25.024723052978516
28.636981964111328
19.561683654785156
16.98237419128418
27.61592674255371
38.6125602722168
19.84395408630371
21.888181686401367
20.628019332885742
10.734306335449219
17.679048538208008
29.661537170410156
26.585681915283203
13.991304397583008
15.873103141784668
24.722198486328125
18.256460189819336
17.494680404663086
28.827754974365234
28.342905044555664
12.376429557800293
35.21437454223633
22.42465591430664
30.650041580200195
33.41798782348633
34.00957489013672
11.308562278747559
27.477947235107422
16.022830963134766
32.8032112121582
18.806779861450195
46.369590759277344
3.3454036712646484
43.462703704833984
16.522430419921875
36.26591491699219
14.074551582336426
33.89537811279297
11.261958122253418
32.60806655883789
18.399003982543945
41.022953033447266
15.063814163208008
31.402645111083984
7.848095893859863
18.83355140686035
