14.031980514526367
27.072784423828125
8.222455978393555
40.11402893066406
49.20636749267578
22.411026000976562
15.281988143920898
35.85926055908203
9.617785453796387
27.2569637298584
27.417083740234375
35.90693664550781
44.278114318847656
46.495269775390625
46.67411422729492
43.01427459716797
23.560514450073242
18.881576538085938
42.11444091796875
43.10057067871094
11.43083667755127
12.281420707702637
41.181156158447266
35.774749755859375
40.45793914794922
4.061379432678223
30.463315963745117
33.6295051574707
30.92403793334961
28.767230987548828
28.77113151550293
21.949663162231445
34.301143646240234
11.480664253234863
39.40419387817383
18.102956771850586
23.908367156982422
26.72005271911621
24.603694915771484
21.868228912353516
24.79928970336914
37.3111686706543
37.95840835571289
35.288795471191406
15.963957786560059
42.21300506591797
25.476211547851562
39.545169830322266
13.548842430114746
28.264238357543945
26.888113021850586
25.546096801757812
30.438457489013672
24.7098388671875
30.842679977416992
28.53116226196289
37.722190856933594
20.91239356994629
21.60540771484375
47.30657196044922
25.021982192993164
36.55011749267578
24.398649215698242
50.533592224121094
9.910872459411621
30.86482048034668
39.34562301635742
49.21581268310547
16.43813133239746
19.253293991088867
25.452316284179688
22.650711059570312
44.175254821777344
49.15657424926758
43.7419319152832
30.386646270751953
43.40155792236328
25.960554122924805
15.479612350463867
23.07302474975586
28.44025230407715
23.809526443481445
32.86225891113281
38.490596771240234
10.218681335449219
18.192338943481445
9.436206817626953
22.510038375854492
24.859661102294922
23.54064178466797
29.140207290649414
19.547773361206055
29.417604446411133
52.18740463256836
9.388484954833984
26.33209800720215
32.58121109008789
30.21382713317871
24.234066009521484
26.130565643310547
25.495952606201172
24.819990158081055
44.175323486328125
30.55909538269043
30.24056053161621
28.369182586669922
22.94231414794922
36.33329772949219
22.233875274658203
22.193439483642578
36.782962799072266
35.70073318481445
21.709514617919922
28.596927642822266
24.28790283203125
31.825618743896484
45.989707946777344
50.85127639770508
46.50520324707031
21.23575782775879
34.906917572021484
36.212039947509766
27.79339599609375
18.321680068969727
44.386924743652344
12.404695510864258
35.14305877685547
49.62664794921875
16.208974838256836
17.647558212280273
28.472583770751953
14.885009765625
40.0960807800293
35.5080451965332
42.79246139526367
31.77152442932129
32.18599319458008
29.261972427368164
23.267902374267578
20.67763328552246
31.977272033691406
25.556442260742188
16.185495376586914
34.10557556152344
32.39201736450195
18.38224220275879
22.186809539794922
42.72694396972656
25.792543411254883
30.466215133666992
62.70368576049805
35.25387954711914
48.84001541137695
25.18944549560547
54.51524353027344
33.5258903503418
32.37696075439453
35.164573669433594
24.648950576782227
28.12816619873047
10.224093437194824
32.60671615600586
29.756139755249023
41.25632858276367
31.372241973876953
30.303110122680664
28.08513069152832
40.534156799316406
23.300832748413086
22.798585891723633
34.722198486328125
35.49102783203125
45.173561096191406
28.516494750976562
14.614418983459473
41.571250915527344
52.948909759521484
21.49711036682129
24.630027770996094
29.521604537963867
42.50795364379883
41.06013107299805
14.503377914428711
16.29905891418457
30.409992218017578
49.95425033569336
31.44594955444336
38.23827362060547
50.23881912231445
12.408944129943848
20.79649543762207
20.533723831176758
30.112903594970703
20.1889705657959
29.764137268066406
14.283029556274414
48.165096282958984
42.90133285522461
22.463397979736328
24.055130004882812
12.340266227722168
15.169851303100586
17.87051010131836
9.92917537689209
26.757734298706055
17.450708389282227
21.132665634155273
23.151050567626953
22.44584083557129
38.820030212402344
29.838733673095703
20.4613094329834
22.587011337280273
18.29281234741211
25.232091903686523
17.1384334564209
39.20989990234375
27.11115264892578
43.88019943237305
17.314495086669922
40.42692184448242
29.959001541137695
18.752389907836914
31.28822135925293
26.137348175048828
14.443949699401855
15.534383773803711
29.77423858642578
41.697349548339844
39.032936096191406
23.21297836303711
23.44817352294922
35.54899597167969
23.63157844543457
29.84974479675293
27.0593204498291
33.243534088134766
37.373477935791016
24.144794464111328
19.023561477661133
39.8477783203125
26.469654083251953
45.47243881225586
31.296035766601562
46.061492919921875
17.340551376342773
34.10364532470703
29.725210189819336
23.82647132873535
36.69532775878906
37.314823150634766
11.137714385986328
33.57642364501953
39.61396789550781
17.963659286499023
55.191650390625
20.163333892822266
14.851524353027344
31.951990127563477
53.60246658325195
40.575042724609375
44.7431755065918
42.75795364379883
34.07032012939453
13.790271759033203
48.9123649597168
12.840473175048828
34.19011688232422
38.714412689208984
26.808238983154297
48.02515411376953
43.512794494628906
51.04712677001953
19.638404846191406
10.029275894165039
13.705073356628418
31.986297607421875
30.82779312133789
25.349048614501953
12.349932670593262
30.783994674682617
20.76173210144043
30.4397029876709
13.014644622802734
24.124231338500977
17.535120010375977
27.944868087768555
23.67279052734375
26.800399780273438
52.047584533691406
27.50870704650879
28.246803283691406
36.90033721923828
17.51861000061035
46.45029830932617
30.025962829589844
27.402976989746094
14.328558921813965
16.357498168945312
34.01702880859375
33.17012023925781
46.830894470214844
18.723825454711914
20.700149536132812
22.826980590820312
23.80327033996582
36.5355339050293
28.94672393798828
29.800804138183594
21.58522605895996
26.818769454956055
35.59614562988281
26.272939682006836
56.634700775146484
18.11089324951172
42.90395736694336
45.69423294067383
23.689292907714844
25.60626983642578
29.4232120513916
9.481518745422363
32.814056396484375
24.77189064025879
25.43899154663086
17.72114372253418
35.74329376220703
23.305526733398438
36.225250244140625
28.092741012573242
16.954431533813477
21.028533935546875
11.153836250305176
21.77450180053711
42.50505065917969
46.76026916503906
43.067928314208984
49.616363525390625
27.459688186645508
48.67338943481445
54.7089729309082
30.78894805908203
35.75188446044922
10.812334060668945
30.10013771057129
17.019235610961914
34.99030303955078
22.12842559814453
40.67812728881836
6.519068241119385
8.06801700592041
51.51786804199219
24.203676223754883
24.667123794555664
31.897062301635742
35.71950912475586
29.674230575561523
18.722389221191406
20.148225784301758
22.403825759887695
6.9597625732421875
8.403482437133789
10.698599815368652
16.62673568725586
21.92665672302246
37.58263397216797
11.250885009765625
11.52163314819336
27.91986656188965
13.454050064086914
46.242191314697266
26.379785537719727
24.885509490966797
6.504812240600586
36.763912200927734
35.7013053894043
18.45004653930664
43.440155029296875
51.0111083984375
22.010122299194336
20.325193405151367
33.885581970214844
21.9443359375
15.229853630065918
38.78162384033203
30.92684555053711
28.262413024902344
4.627775192260742
12.6087007522583
10.718466758728027
23.94469451904297
33.135250091552734
26.104646682739258
45.55350112915039
34.4246826171875
56.33835220336914
23.27373695373535
34.458065032958984
32.81391525268555
40.21868896484375
41.42677307128906
33.76332473754883
47.630882263183594
11.179262161254883
42.330753326416016
29.500972747802734
19.726247787475586
25.829862594604492
15.359601020812988
11.807536125183105
20.468032836914062
26.94043731689453
33.70553207397461
12.221806526184082
10.865513801574707
34.449546813964844
23.656585693359375
19.696826934814453
21.196195602416992
22.075803756713867
23.05487823486328
19.402456283569336
14.624479293823242
38.81702423095703
44.4981803894043
10.725914001464844
20.96140480041504
11.56838321685791
18.907861709594727
58.23445510864258
31.454633712768555
24.142107009887695
25.421977996826172
15.546355247497559
24.206787109375
29.32838249206543
32.912139892578125
38.427093505859375
37.26607131958008
22.877382278442383
31.859121322631836
23.830358505249023
49.922603607177734
15.434443473815918
23.790435791015625
50.91131591796875
30.11923599243164
23.528547286987305
42.927345275878906
14.362361907958984
10.420621871948242
18.0732364654541
41.3023796081543
10.956869125366211
36.18537902832031
24.350914001464844
49.75906753540039
15.695182800292969
30.730417251586914
27.96944808959961
17.695798873901367
19.485572814941406
17.138675689697266
17.002403259277344
36.98680877685547
35.889163970947266
22.379806518554688
16.975351333618164
31.45720863342285
30.89026641845703
41.69318389892578
35.04001235961914
8.462263107299805
40.62417984008789
26.36280632019043
35.850196838378906
42.68864059448242
29.49416160583496
30.797746658325195
38.631160736083984
34.51939010620117
13.197957992553711
36.1341552734375
34.97256851196289
45.0528564453125
30.583984375
29.956924438476562
28.707439422607422
38.70561599731445
28.351274490356445
8.74483585357666
44.33647537231445
46.03370666503906
21.318761825561523
36.643733978271484
22.538101196289062
15.81303882598877
36.029541015625
18.016830444335938
26.5836181640625
28.14449691772461
3.929791212081909
20.84869956970215
43.61465072631836
15.20608901977539
20.554214477539062
27.988588333129883
20.99502182006836
21.672988891601562
38.01506423950195
32.856788635253906
39.05973434448242
31.517581939697266
27.54580307006836
15.029541969299316
26.352277755737305
25.523481369018555
9.896677017211914
11.588776588439941
20.278182983398438
23.147151947021484
20.269187927246094
22.733076095581055
45.32912063598633
28.051891326904297
29.42957305908203
8.331693649291992
21.01209259033203
21.259662628173828
42.39957046508789
22.75693130493164
24.11112403869629
30.703044891357422
47.6492805480957
22.676265716552734
27.48040771484375
19.155071258544922
47.22591781616211
41.443389892578125
29.936420440673828
27.51318359375
29.38869285583496
23.371753692626953
25.72500991821289
39.9876594543457
14.14254093170166
38.8671760559082
25.396421432495117
23.765018463134766
24.65424156188965
11.505188941955566
14.152962684631348
43.79228973388672
11.922300338745117
18.982023239135742
45.55044174194336
38.38608169555664
32.93319320678711
21.130077362060547
21.89642906188965
20.890125274658203
46.15876770019531
29.217849731445312
40.16436767578125
31.95459747314453
45.59231185913086
12.49580192565918
36.533714294433594
40.408973693847656
24.959903717041016
29.113235473632812
29.231847763061523
29.892724990844727
18.852813720703125
46.04320526123047
45.54627990722656
46.195343017578125
33.406558990478516
27.540929794311523
42.00461196899414
28.314170837402344
24.156885147094727
26.148502349853516
21.86951446533203
44.73488998413086
20.876222610473633
36.257713317871094
44.69752883911133
7.249729633331299
31.590585708618164
14.092948913574219
49.68566131591797
25.79886817932129
34.643856048583984
19.85004997253418
14.941259384155273
41.71148681640625
67.76444244384766
48.514381408691406
23.30380630493164
26.858898162841797
37.36520767211914
25.6330623626709
26.3676700592041
32.190521240234375
27.964994430541992
31.516149520874023
19.69186019897461
26.952882766723633
18.822574615478516
33.881439208984375
31.94134521484375
15.411161422729492
45.70830154418945
40.107173919677734
38.946495056152344
28.806726455688477
20.653032302856445
25.030845642089844
12.79660415649414
61.40143585205078
41.02116012573242
14.867818832397461
18.059144973754883
34.420169830322266
28.738750457763672
18.244234085083008
30.402568817138672
14.960540771484375
21.797969818115234
32.442481994628906
31.373836517333984
17.36322021484375
26.46439552307129
22.493371963500977
19.974056243896484
21.842002868652344
48.28589630126953
28.917213439941406
28.404447555541992
20.260868072509766
42.04894256591797
22.3350830078125
14.452642440795898
12.80131721496582
41.39492416381836
41.2239875793457
24.728267669677734
20.607263565063477
22.437335968017578
39.24762725830078
10.120946884155273
35.124359130859375
55.75086975097656
50.871429443359375
31.66706085205078
33.673404693603516
33.630977630615234
26.024024963378906
18.47174072265625
32.249080657958984
32.45262145996094
41.576908111572266
28.26068878173828
19.206525802612305
26.422849655151367
35.98004913330078
15.238389015197754
51.59867477416992
18.849512100219727
16.286222457885742
19.133989334106445
44.389156341552734
23.517454147338867
57.549346923828125
33.905967712402344
35.41090774536133
20.733028411865234
25.351512908935547
33.7038459777832
26.20522689819336
20.589216232299805
19.200990676879883
23.39107322692871
25.803417205810547
24.30437660217285
24.932016372680664
34.6802978515625
24.543058395385742
19.9386043548584
36.06529998779297
30.268747329711914
29.079254150390625
18.227691650390625
30.251781463623047
19.617576599121094
23.240081787109375
56.3475341796875
19.595640182495117
27.149892807006836
32.92533493041992
26.602188110351562
34.23054885864258
13.792180061340332
29.753490447998047
20.916881561279297
38.1043701171875
26.229780197143555
26.22170066833496
25.76152992248535
30.61561393737793
20.73518943786621
13.557380676269531
22.51506233215332
57.04568099975586
40.69466018676758
31.77712059020996
12.251614570617676
36.638221740722656
38.8294563293457
23.05956268310547
16.05906867980957
30.647520065307617
23.485912322998047
59.872684478759766
8.142136573791504
50.411441802978516
28.233516693115234
39.60246276855469
29.341299057006836
29.766733169555664
28.690059661865234
30.651538848876953
14.049907684326172
17.967628479003906
27.58417510986328
28.445194244384766
11.124414443969727
32.78535079956055
44.82642364501953
50.205810546875
22.524642944335938
14.626008987426758
28.254009246826172
18.322481155395508
44.114131927490234
30.991371154785156
7.908672332763672
20.99142074584961
36.444881439208984
37.07948303222656
1.2878679037094116
13.131181716918945
21.566492080688477
39.766448974609375
33.99827575683594
34.294071197509766
39.7369384765625
23.890644073486328
22.06183433532715
19.923540115356445
20.501386642456055
42.40974807739258
31.97547149658203
15.547221183776855
34.451358795166016
33.69917297363281
59.88885498046875
18.417285919189453
19.117321014404297
30.37404441833496
23.164928436279297
12.778136253356934
8.107524871826172
44.814903259277344
33.54874801635742
48.63345718383789
26.9515438079834
32.211917877197266
30.71989631652832
51.70725631713867
34.935142517089844
36.70817565917969
44.33361053466797
37.62523651123047
31.24749755859375
18.86501121520996
40.21642303466797
21.71382713317871
13.729368209838867
10.858235359191895
9.379084587097168
28.105693817138672
24.756328582763672
31.458894729614258
25.41724967956543
30.916582107543945
23.445140838623047
21.416006088256836
41.12739944458008
25.54865264892578
36.726173400878906
23.96883773803711
5.564687728881836
45.43889236450195
12.118733406066895
45.709571838378906
19.07159996032715
30.78913688659668
30.51630210876465
52.94893264770508
26.681116104125977
25.532970428466797
31.22064971923828
21.433895111083984
34.65644073486328
24.967342376708984
16.96153450012207
42.52276611328125
41.19710159301758
29.84754180908203
20.350849151611328
40.26353073120117
24.370906829833984
40.13779067993164
34.695945739746094
27.69586181640625
22.239124298095703
21.461519241333008
26.790748596191406
63.80546188354492
39.60014343261719
28.860193252563477
15.437214851379395
29.75978660583496
33.412353515625
43.446407318115234
18.760854721069336
22.145830154418945
22.799701690673828
21.294357299804688
26.739334106445312
32.92497253417969
28.867511749267578
33.5072021484375
30.120529174804688
19.57923698425293
47.1703987121582
30.77949333190918
35.59211349487305
15.493635177612305
37.35696029663086
44.42173767089844
13.736416816711426
41.37335205078125
15.35079574584961
26.986268997192383
36.86046600341797
14.428980827331543
38.62670135498047
45.86272048950195
26.096250534057617
18.410747528076172
50.602210998535156
24.275659561157227
38.51100540161133
29.01726722717285
14.725736618041992
25.761281967163086
13.760259628295898
19.338953018188477
22.47695541381836
50.276527404785156
23.264585494995117
45.40299987792969
27.53745460510254
32.24079895019531
29.85097885131836
17.803024291992188
23.313907623291016
34.35435485839844
35.149742126464844
12.427767753601074
22.377695083618164
27.267637252807617
16.52581214904785
27.86971664428711
17.787633895874023
31.948280334472656
52.586631774902344
9.759418487548828
40.32990264892578
45.69662857055664
27.877769470214844
34.49686050415039
29.701169967651367
37.97799301147461
34.01274871826172
22.822938919067383
19.070087432861328
20.716697692871094
23.011028289794922
30.324237823486328
27.226118087768555
10.516375541687012
23.74504852294922
32.68724060058594
11.75534439086914
58.11022186279297
25.4893741607666
29.759029388427734
26.91441535949707
44.72727966308594
35.08837890625
23.953393936157227
26.07846450805664
49.60430908203125
11.799732208251953
24.913082122802734
34.973392486572266
56.81461715698242
36.33323669433594
27.984596252441406
11.212465286254883
35.43620681762695
20.45037269592285
29.838245391845703
8.06673526763916
46.06001663208008
36.147151947021484
21.17154884338379
21.806724548339844
32.98820114135742
17.301273345947266
35.62076950073242
26.404621124267578
36.469669342041016
36.788970947265625
31.965835571289062
24.38416862487793
40.92833709716797
29.55797576904297
23.17900276184082
33.720672607421875
51.92033767700195
28.490798950195312
47.93089294433594
22.401573181152344
40.97370910644531
26.260568618774414
17.76988983154297
49.271514892578125
47.034080505371094
41.01390075683594
15.696916580200195
33.304832458496094
27.416915893554688
38.199546813964844
21.462785720825195
20.918420791625977
28.748455047607422
22.73897361755371
33.41867446899414
28.64539337158203
47.28236770629883
27.479110717773438
8.717637062072754
19.145313262939453
27.85017204284668
10.012045860290527
18.445999145507812
29.439083099365234
20.66351318359375
36.328369140625
31.58807373046875
21.623559951782227
18.08070182800293
17.688711166381836
23.729690551757812
33.60447692871094
24.459449768066406
7.679281711578369
30.035741806030273
16.401525497436523
20.366926193237305
40.129798889160156
33.269222259521484
22.409000396728516
44.246150970458984
14.360907554626465
22.0648250579834
27.398752212524414
25.17234230041504
40.131099700927734
40.828468322753906
13.302973747253418
25.585893630981445
21.438854217529297
52.94327163696289
44.190799713134766
26.092283248901367
53.333587646484375
13.097476959228516
12.144598960876465
66.75337219238281
25.339374542236328
32.63164520263672
17.719240188598633
15.155031204223633
49.61067581176758
26.755338668823242
34.94445037841797
26.72247314453125
23.623794555664062
35.98275375366211
39.441490173339844
30.931568145751953
34.23048782348633
35.08092498779297
22.69217300415039
38.68058395385742
58.616397857666016
30.74794578552246
29.854598999023438
28.096223831176758
17.5695858001709
29.814952850341797
34.131492614746094
37.1576042175293
13.17158031463623
25.304521560668945
48.37672424316406
31.268587112426758
23.914087295532227
16.568700790405273
37.02889633178711
43.0657844543457
24.054658889770508
15.211742401123047
18.71927833557129
27.038169860839844
48.28553009033203
43.779380798339844
37.285186767578125
31.458311080932617
23.87223243713379
39.387298583984375
30.776079177856445
11.681023597717285
42.7834358215332
29.629268646240234
31.75779151916504
17.616016387939453
35.481842041015625
27.12989044189453
18.261571884155273
41.47381591796875
45.4254150390625
26.636463165283203
54.226409912109375
30.112133026123047
42.6376838684082
45.5105094909668
26.126876831054688
16.427770614624023
52.998111724853516
54.70659637451172
14.37354850769043
47.39200210571289
28.637603759765625
22.465618133544922
47.94717025756836
36.634300231933594
11.324736595153809
17.037368774414062
26.272409439086914
21.62439727783203
50.63258743286133
26.93834114074707
17.28042221069336
28.89837074279785
20.341758728027344
29.591157913208008
24.04165267944336
28.176929473876953
33.20711898803711
19.066619873046875
30.567468643188477
37.52178192138672
30.72002601623535
12.496984481811523
13.136411666870117
16.644798278808594
13.782257080078125
30.216495513916016
21.669984817504883
33.59755325317383
25.960052490234375
32.784427642822266
9.055121421813965
18.576841354370117
50.707000732421875
37.595760345458984
34.0141487121582
22.768766403198242
41.927284240722656
31.504079818725586
36.31494140625
11.224955558776855
44.343833923339844
17.69118881225586
18.472148895263672
40.405757904052734
31.010515213012695
24.52652359008789
45.73948287963867
29.858556747436523
17.532882690429688
34.0106315612793
25.87399673461914
21.791284561157227
19.48463249206543
31.1514835357666
47.628475189208984
21.92287254333496
26.83369255065918
32.82468032836914
59.18293380737305
44.77345657348633
11.486918449401855
31.730758666992188
42.14619445800781
13.085256576538086
45.280094146728516
29.397676467895508
35.642024993896484
30.941022872924805
42.01115798950195
24.44420051574707
41.709999084472656
33.423927307128906
26.415767669677734
27.843965530395508
39.857826232910156
27.986799240112305
21.05422019958496
42.376258850097656
30.45565414428711
38.746437072753906
13.350101470947266
29.495328903198242
24.256805419921875
25.01810073852539
29.535884857177734
43.30469512939453
29.702777862548828
45.459373474121094
17.415008544921875
19.137889862060547
44.13566207885742
35.69721603393555
24.337615966796875
46.35348129272461
26.956558227539062
37.5420036315918
27.285585403442383
22.542686462402344
27.876047134399414
54.53256607055664
40.96980667114258
28.49488639831543
14.133485794067383
38.15652847290039
40.1029167175293
36.129310607910156
27.50130271911621
32.07314682006836
29.82500648498535
44.24681091308594
14.85021686553955
28.42012596130371
36.26278305053711
27.613922119140625
52.18134689331055
15.220270156860352
24.55785369873047
35.75339126586914
32.07939529418945
63.920921325683594
32.65597915649414
31.613969802856445
25.87785530090332
24.746015548706055
37.24486541748047
20.271339416503906
37.79433059692383
61.322235107421875
6.844213485717773
40.50362014770508
32.916744232177734
28.468931198120117
37.97444534301758
6.642403602600098
27.55948257446289
40.05244827270508
9.443647384643555
23.73368263244629
25.00299072265625
15.940008163452148
17.543031692504883
14.23825454711914
12.471436500549316
33.110069274902344
23.13191032409668
39.685359954833984
53.25934982299805
38.08693313598633
18.609739303588867
33.06678009033203
32.203433990478516
27.393043518066406
41.59992980957031
26.76818084716797
30.201812744140625
11.889520645141602
27.1466007232666
23.99894142150879
36.19331741333008
13.732568740844727
27.09145164489746
15.845166206359863
55.05812454223633
9.991129875183105
35.75659942626953
35.500553131103516
20.655309677124023
12.978861808776855
50.97016906738281
25.706684112548828
23.305580139160156
23.19365692138672
27.110754013061523
47.59834289550781
33.91962814331055
37.31574630737305
29.949438095092773
21.086776733398438
20.70745086669922
15.338908195495605
40.454898834228516
53.25343704223633
12.165380477905273
28.875591278076172
23.066360473632812
38.78511047363281
19.317773818969727
37.784812927246094
23.374412536621094
18.194854736328125
34.56970977783203
28.659040451049805
45.55095291137695
41.36838150024414
10.824196815490723
52.667259216308594
16.91261863708496
35.02851104736328
39.4739875793457
33.073280334472656
32.08817672729492
29.167043685913086
31.92094612121582
22.27515411376953
24.253292083740234
26.280242919921875
28.33629608154297
26.663185119628906
33.562660217285156
26.053239822387695
22.892866134643555
48.1956672668457
41.02838134765625
43.94993591308594
19.94074249267578
14.624467849731445
44.24943542480469
36.26031494140625
41.32685089111328
22.007341384887695
2.663213014602661
36.17311477661133
39.893043518066406
15.927836418151855
27.00022315979004
33.454524993896484
21.18852424621582
31.860958099365234
41.97433853149414
10.710707664489746
21.810007095336914
28.372007369995117
19.890914916992188
31.314498901367188
41.50720977783203
24.179677963256836
16.69186019897461
34.90638732910156
41.78139877319336
30.61769676208496
23.022886276245117
28.610992431640625
22.840158462524414
31.272842407226562
22.3016414642334
15.58689022064209
17.248857498168945
28.409902572631836
38.14678192138672
14.281473159790039
12.86085033416748
14.736990928649902
42.6407470703125
34.09394454956055
27.22462272644043
34.15626907348633
55.582942962646484
19.096858978271484
15.38507080078125
16.901769638061523
30.27739906311035
27.069175720214844
41.611907958984375
30.225772857666016
38.895347595214844
31.58072853088379
17.837928771972656
10.619450569152832
21.717853546142578
39.36606979370117
27.80111312866211
8.657940864562988
21.633541107177734
43.81980514526367
26.235620498657227
16.39820098876953
57.37442398071289
22.610706329345703
6.709713935852051
41.4523811340332
12.562444686889648
26.3424072265625
39.849205017089844
20.639787673950195
28.518970489501953
46.408077239990234
19.356199264526367
44.900604248046875
19.896060943603516
20.439424514770508
40.067420959472656
6.9657745361328125
64.2022705078125
17.36813735961914
18.36811065673828
35.780025482177734
31.661745071411133
36.57529830932617
41.2938346862793
35.353424072265625
23.458160400390625
27.00876808166504
25.438554763793945
14.472753524780273
34.6287841796875
25.55577278137207
42.04410171508789
22.099775314331055
11.521105766296387
35.551334381103516
34.015968322753906
13.952404022216797
30.81898307800293
41.179840087890625
23.94392204284668
50.601871490478516
19.420150756835938
32.52256393432617
28.481815338134766
48.50465774536133
22.937654495239258
39.43347930908203
22.949203491210938
37.002532958984375
32.270416259765625
17.3477783203125
12.638496398925781
14.167396545410156
43.28028869628906
38.24663543701172
25.635244369506836
28.932615280151367
9.692931175231934
34.77770233154297
40.398502349853516
27.422107696533203
35.43148422241211
19.15742301940918
36.04851531982422
26.012910842895508
20.587305068969727
36.759952545166016
25.505027770996094
47.532798767089844
20.96661949157715
21.51553726196289
32.49062728881836
37.9223747253418
19.525938034057617
39.540489196777344
28.28907585144043
17.613248825073242
42.017581939697266
18.754533767700195
18.13007164001465
37.129398345947266
24.81001091003418
13.523357391357422
22.98981285095215
39.82773208618164
28.532161712646484
36.992733001708984
32.8223762512207
17.520414352416992
40.67584991455078
22.99160385131836
39.934417724609375
19.9490966796875
33.57188415527344
27.576833724975586
30.462589263916016
29.992877960205078
36.339054107666016
19.89805030822754
41.449222564697266
44.11289596557617
32.46025466918945
28.81307029724121
27.759305953979492
50.0446662902832
19.647743225097656
41.404457092285156
42.00326919555664
29.97665023803711
22.803518295288086
39.057430267333984
19.058929443359375
24.26083755493164
28.21231460571289
35.516761779785156
33.37638854980469
52.68632888793945
41.72880554199219
24.5704402923584
45.943321228027344
22.069156646728516
36.207149505615234
24.612613677978516
2.123587131500244
34.05526351928711
46.28862762451172
47.2977294921875
28.493314743041992
24.07276725769043
13.872066497802734
21.369644165039062
32.6633415222168
27.392475128173828
47.8287353515625
50.3010139465332
11.79844856262207
12.315149307250977
19.260618209838867
24.165266036987305
20.485422134399414
54.033939361572266
18.69617462158203
30.266752243041992
39.160621643066406
39.4586181640625
40.40196228027344
24.343120574951172
25.951637268066406
24.62053680419922
41.876678466796875
23.884693145751953
13.759991645812988
39.387325286865234
28.72844696044922
41.146759033203125
17.176807403564453
48.35175323486328
21.51067352294922
30.176483154296875
26.07756996154785
21.672080993652344
23.322568893432617
32.57534408569336
38.02904510498047
33.01762008666992
17.841154098510742
38.63532638549805
20.292213439941406
29.50597381591797
39.5911865234375
28.62184715270996
11.360210418701172
27.878707885742188
42.77066421508789
39.564388275146484
46.62541580200195
30.67267417907715
32.44263458251953
46.756134033203125
22.431541442871094
36.4972038269043
64.04813385009766
41.60481262207031
22.7292537689209
26.43245506286621
43.92955780029297
38.29628372192383
41.376461029052734
28.648677825927734
17.34064483642578
28.896163940429688
33.987247467041016
23.467573165893555
23.44280433654785
22.608137130737305
17.828176498413086
18.76926612854004
47.370243072509766
19.26412582397461
18.501379013061523
42.55156326293945
24.453243255615234
27.760835647583008
23.05622673034668
35.152122497558594
29.75699234008789
35.163795471191406
40.943458557128906
27.679594039916992
27.734376907348633
33.123016357421875
30.08039093017578
23.262187957763672
22.431564331054688
28.00993537902832
26.604026794433594
32.81764602661133
21.131710052490234
43.957698822021484
19.112321853637695
34.335784912109375
24.052509307861328
44.323978424072266
24.45428466796875
45.40520477294922
35.97290802001953
10.675729751586914
25.487232208251953
19.448543548583984
11.311781883239746
52.978492736816406
12.821308135986328
42.03813934326172
18.701480865478516
19.38423728942871
37.3591194152832
24.09038543701172
29.502452850341797
18.58066749572754
28.584880828857422
32.91866683959961
27.073856353759766
23.496002197265625
24.146610260009766
49.62303161621094
41.740814208984375
31.812755584716797
27.27627944946289
25.794368743896484
12.234070777893066
24.694639205932617
33.791900634765625
11.59532642364502
50.931819915771484
26.36484146118164
17.251924514770508
26.556243896484375
37.432838439941406
15.119354248046875
40.65966033935547
43.65062713623047
16.943349838256836
23.37850570678711
30.17268943786621
29.462966918945312
26.475040435791016
17.265356063842773
13.883027076721191
42.228519439697266
40.209617614746094
27.755802154541016
27.060152053833008
44.71254348754883
52.08774948120117
11.426613807678223
25.998943328857422
10.788861274719238
17.60350799560547
53.0221061706543
21.320711135864258
25.017559051513672
40.318214416503906
23.867753982543945
37.4698486328125
44.86808776855469
52.1008186340332
10.86280632019043
31.461021423339844
26.09267234802246
25.752357482910156
24.722177505493164
46.62947463989258
44.95285415649414
21.999040603637695
8.384506225585938
47.03947830200195
36.43109893798828
23.730159759521484
21.517210006713867
40.24237823486328
46.775421142578125
14.974876403808594
17.936290740966797
17.43410301208496
23.691144943237305
37.131568908691406
53.39372634887695
38.353431701660156
36.37744140625
30.667133331298828
16.34278106689453
28.02107048034668
28.09532928466797
27.380748748779297
38.72657775878906
41.04634475708008
41.94839859008789
16.635936737060547
33.920021057128906
34.32230758666992
15.591198921203613
31.822860717773438
15.870710372924805
20.743892669677734
34.78480911254883
29.27311134338379
61.330604553222656
13.881418228149414
35.5579719543457
20.208322525024414
20.630558013916016
27.39893913269043
27.742475509643555
28.08207893371582
36.754947662353516
33.40185546875
40.16767120361328
41.12247848510742
32.739994049072266
31.322595596313477
26.285655975341797
22.32656478881836
25.96097755432129
19.47194480895996
43.42081832885742
17.601062774658203
40.737552642822266
33.111228942871094
35.339637756347656
39.36174011230469
12.559961318969727
54.42117691040039
29.787914276123047
49.05224609375
19.15035057067871
26.627485275268555
20.916027069091797
32.81619644165039
24.08631134033203
42.21612548828125
38.73705291748047
47.1815185546875
28.93671989440918
16.690765380859375
29.65920066833496
29.739641189575195
22.88732147216797
29.22248077392578
9.611821174621582
34.35353469848633
27.333364486694336
24.06077766418457
38.10531234741211
25.632543563842773
26.463075637817383
14.565190315246582
30.16320037841797
48.0761604309082
30.5816650390625
20.773393630981445
50.340763092041016
46.302947998046875
49.370235443115234
25.342954635620117
24.22785758972168
17.3507022857666
38.118003845214844
24.826400756835938
27.23270606994629
21.701507568359375
26.915964126586914
50.6883544921875
24.4150447845459
41.5384407043457
26.856367111206055
22.6262149810791
42.0044059753418
34.53627395629883
28.02066993713379
30.17115020751953
28.79124641418457
17.65140724182129
24.201520919799805
29.223220825195312
29.225309371948242
24.868022918701172
38.10390090942383
45.61993408203125
43.272674560546875
42.10342788696289
35.39786148071289
51.166526794433594
20.653051376342773
16.088552474975586
33.2811393737793
50.10507583618164
29.901756286621094
27.270017623901367
31.20277214050293
36.645626068115234
34.41325759887695
9.054099082946777
38.55683135986328
46.820457458496094
34.130226135253906
12.58829402923584
39.01472091674805
29.74822235107422
27.75558853149414
41.994972229003906
34.85118103027344
43.02320861816406
23.714580535888672
27.284042358398438
40.47755813598633
42.69563293457031
22.644264221191406
27.619306564331055
51.15962600708008
11.236985206604004
38.51129150390625
32.12744903564453
28.103601455688477
20.86553955078125
20.64834213256836
14.180005073547363
52.12125015258789
42.48574447631836
30.443279266357422
11.691001892089844
27.070587158203125
35.37383270263672
22.053115844726562
47.343055725097656
44.27149963378906
39.14680480957031
42.79218673706055
29.580656051635742
18.78152084350586
28.168039321899414
31.6143798828125
30.416685104370117
37.732276916503906
28.472444534301758
31.306734085083008
43.60511016845703
10.25284194946289
30.894489288330078
41.606536865234375
40.69211959838867
32.51527786254883
10.211783409118652
35.189334869384766
20.06222915649414
35.79121780395508
29.266090393066406
16.15990447998047
39.70197677612305
44.76792526245117
36.571861267089844
33.07746124267578
42.92493438720703
32.202659606933594
29.75212860107422
36.45976257324219
22.320993423461914
46.98984909057617
32.46486282348633
49.361480712890625
25.079179763793945
21.425556182861328
28.587890625
15.57568645477295
33.10196304321289
28.011693954467773
46.29158020019531
11.840400695800781
12.27971363067627
34.230960845947266
18.590532302856445
29.158761978149414
14.514914512634277
27.142366409301758
24.14620590209961
22.18392562866211
28.366046905517578
30.598512649536133
50.8637809753418
32.34870910644531
38.98825454711914
22.56922149658203
22.35569953918457
34.749759674072266
34.69065856933594
24.80045509338379
28.166133880615234
37.892295837402344
20.710613250732422
31.038896560668945
17.588634490966797
45.30780792236328
20.313674926757812
42.916194915771484
21.749088287353516
56.73080062866211
15.51027774810791
46.80916213989258
28.987707138061523
19.201644897460938
52.272464752197266
6.015657901763916
45.20672607421875
21.409709930419922
26.801559448242188
40.84125900268555
37.59199523925781
32.73442459106445
19.22983741760254
34.150516510009766
10.318225860595703
21.433467864990234
36.49728775024414
38.55210494995117
23.872114181518555
28.58156967163086
34.43857192993164
35.80622863769531
27.27781867980957
36.15129470825195
28.476390838623047
30.9755916595459
10.873442649841309
36.96967697143555
30.803564071655273
25.599977493286133
32.93366622924805
17.846851348876953
52.1562614440918
30.108142852783203
30.952451705932617
30.981414794921875
30.066082000732422
10.640335083007812
18.615148544311523
32.98600769042969
25.63481330871582
36.47242736816406
30.405181884765625
29.5507755279541
31.585445404052734
25.991003036499023
46.661434173583984
36.97484588623047
17.92316246032715
24.67877197265625
51.15312957763672
30.986600875854492
14.436569213867188
31.206953048706055
37.190086364746094
17.16402244567871
38.78160858154297
26.458993911743164
39.95694351196289
40.230567932128906
35.36643981933594
50.79001998901367
37.95100402832031
15.544977188110352
43.381805419921875
18.352737426757812
10.939401626586914
19.394372940063477
62.97010040283203
30.342376708984375
10.678988456726074
36.83723068237305
29.771791458129883
28.062156677246094
33.015625
33.30529022216797
35.182430267333984
35.74077224731445
33.67601013183594
29.026594161987305
16.54145050048828
14.86424446105957
10.93874454498291
24.23438262939453
31.4254150390625
28.221769332885742
26.077438354492188
26.030189514160156
21.467571258544922
41.16746520996094
30.665205001831055
22.702999114990234
31.66769790649414
30.050254821777344
17.68727684020996
26.232099533081055
46.20306396484375
39.45615005493164
26.68863296508789
19.60533332824707
43.642887115478516
31.46641731262207
42.49839401245117
35.473968505859375
32.311405181884766
25.333385467529297
28.315292358398438
42.4771614074707
26.487337112426758
36.73178482055664
40.75285339355469
34.20402526855469
18.94114875793457
35.355621337890625
10.075739860534668
60.21540832519531
35.029197692871094
19.174352645874023
35.183677673339844
40.2678108215332
40.25851821899414
24.191516876220703
54.326900482177734
17.758644104003906
39.347721099853516
36.10934829711914
29.42535400390625
38.294586181640625
51.30766296386719
23.238300323486328
39.134517669677734
13.934194564819336
34.353309631347656
17.785388946533203
41.011253356933594
29.95455551147461
23.257600784301758
39.03167724609375
35.465087890625
31.632705688476562
29.036237716674805
28.935832977294922
41.21751022338867
19.046815872192383
13.71771240234375
44.45606231689453
37.047489166259766
20.904399871826172
21.67253875732422
15.662649154663086
30.848520278930664
29.73128890991211
27.63229751586914
16.120450973510742
37.303184509277344
18.12388801574707
17.954742431640625
28.05865478515625
23.977174758911133
27.025583267211914
34.889076232910156
32.80952835083008
42.24177932739258
26.393756866455078
36.862510681152344
37.59471130371094
47.23714828491211
13.016372680664062
41.78760528564453
13.883343696594238
49.542789459228516
27.434860229492188
20.96826934814453
28.44536018371582
38.895687103271484
23.09744644165039
50.62565612792969
40.85633850097656
42.22416687011719
25.72725486755371
18.60987091064453
30.688365936279297
57.89641189575195
44.66653823852539
26.467273712158203
19.966609954833984
15.764754295349121
28.4803409576416
52.34922409057617
10.954706192016602
29.6722354888916
23.543376922607422
62.050926208496094
32.8316650390625
33.680015563964844
37.220909118652344
29.3336124420166
35.530513763427734
41.20086669921875
7.365804195404053
16.214998245239258
34.09334945678711
30.147878646850586
61.26762771606445
29.52928924560547
16.36102867126465
33.69145965576172
26.017202377319336
36.09952926635742
8.351003646850586
40.16294479370117
26.11833381652832
21.165813446044922
38.47257995605469
71.89291381835938
26.86602020263672
17.324844360351562
18.392372131347656
27.167531967163086
27.280319213867188
41.052764892578125
44.887725830078125
34.54420852661133
51.386268615722656
27.32021141052246
27.09916877746582
31.27294158935547
37.765987396240234
21.003591537475586
23.466901779174805
40.170528411865234
37.5498046875
18.042287826538086
33.943206787109375
29.2681827545166
33.78317642211914
31.715158462524414
30.112348556518555
20.982892990112305
31.944908142089844
23.077362060546875
34.48039627075195
42.952613830566406
20.093114852905273
32.57794952392578
15.856155395507812
8.047614097595215
34.887447357177734
33.978336334228516
33.28902053833008
24.881179809570312
66.54273223876953
44.24859619140625
25.393882751464844
27.3107852935791
35.79503631591797
22.102798461914062
17.925779342651367
47.45599365234375
20.171422958374023
29.79391860961914
47.187522888183594
20.012556076049805
5.456073760986328
10.069877624511719
27.902833938598633
26.05047035217285
42.16240310668945
37.19926071166992
16.799468994140625
32.14588165283203
28.073719024658203
27.690662384033203
42.78944396972656
37.1693229675293
11.18331527709961
49.36616134643555
27.19944953918457
18.542583465576172
35.77598190307617
26.1767520904541
25.95336151123047
41.89036560058594
27.349763870239258
19.647085189819336
20.118518829345703
25.500476837158203
17.73172378540039
37.245967864990234
38.134666442871094
19.43423080444336
6.274819374084473
24.69766616821289
11.969916343688965
41.92671203613281
19.987319946289062
28.84099578857422
28.012676239013672
49.50736999511719
25.357450485229492
27.644943237304688
19.06070327758789
41.581939697265625
40.957454681396484
26.82242202758789
21.349536895751953
43.32320022583008
22.131488800048828
41.60196304321289
21.73281478881836
41.35704040527344
36.67150115966797
19.55091667175293
10.101948738098145
25.48093605041504
42.26930618286133
39.130043029785156
13.3099365234375
42.22456741333008
37.96097946166992
43.9234619140625
40.084590911865234
29.560375213623047
47.13394546508789
25.092138290405273
31.61589813232422
29.873985290527344
15.109306335449219
22.908382415771484
20.735116958618164
45.33110809326172
20.56298828125
26.53700065612793
25.382965087890625
40.30811309814453
40.76430892944336
33.372745513916016
57.05644226074219
24.528610229492188
32.280582427978516
50.45476531982422
23.557357788085938
49.64664840698242
16.65604591369629
32.97309494018555
42.877777099609375
20.520774841308594
50.2306022644043
33.15104293823242
28.351978302001953
25.407108306884766
39.66537094116211
35.911712646484375
30.228769302368164
22.226823806762695
39.61809158325195
38.00143814086914
36.415863037109375
43.789451599121094
17.676349639892578
42.88027572631836
26.77945899963379
29.28265380859375
22.524940490722656
59.49612045288086
52.74501037597656
43.03750991821289
22.386737823486328
16.36199378967285
25.847612380981445
24.622140884399414
24.107086181640625
35.45759582519531
50.836830139160156
39.943302154541016
62.02771759033203
23.007061004638672
23.184371948242188
31.23932456970215
44.475704193115234
14.140856742858887
22.547082901000977
40.22258377075195
30.920255661010742
19.96156120300293
22.651443481445312
29.611398696899414
42.79806137084961
38.30870056152344
30.63819694519043
29.10279655456543
26.72536277770996
35.05729293823242
33.176918029785156
45.50945281982422
20.51069450378418
28.126588821411133
36.41078186035156
16.922658920288086
35.84328842163086
27.142131805419922
17.472105026245117
49.19584655761719
26.363624572753906
43.43536376953125
23.423051834106445
43.814414978027344
27.93561553955078
34.892601013183594
37.11748504638672
32.69071960449219
25.39605712890625
38.96240234375
8.541038513183594
26.461666107177734
26.934926986694336
28.051036834716797
35.2888069152832
35.36661148071289
33.981056213378906
33.80891036987305
49.41082763671875
32.96014404296875
30.644149780273438
28.105592727661133
32.21577072143555
26.94623374938965
24.27452278137207
36.07780456542969
33.20511245727539
38.56184768676758
43.43875503540039
34.53627014160156
21.134078979492188
15.752881050109863
34.45227813720703
34.787567138671875
30.663925170898438
15.86948013305664
27.002540588378906
62.73189163208008
36.959510803222656
28.693450927734375
36.727298736572266
31.81246566772461
22.10702133178711
35.15726852416992
15.0782470703125
40.466346740722656
36.322994232177734
29.19812774658203
20.64955711364746
26.2622127532959
10.653748512268066
33.11402130126953
32.72324752807617
27.391685485839844
26.01970100402832
41.59558868408203
28.72562599182129
31.102752685546875
32.949771881103516
39.97562789916992
20.05512237548828
32.561519622802734
24.178565979003906
21.118562698364258
27.62363052368164
36.249977111816406
23.819467544555664
27.92696762084961
20.310441970825195
34.937522888183594
46.315147399902344
38.408546447753906
31.71659278869629
18.03204345703125
21.844146728515625
22.408733367919922
25.14346694946289
34.97671127319336
25.02213478088379
31.87502098083496
37.906349182128906
20.681203842163086
29.445594787597656
6.1546244621276855
28.0211238861084
28.397615432739258
40.24221420288086
21.317981719970703
16.803417205810547
29.317279815673828
35.033382415771484
34.625675201416016
35.30103302001953
38.32943344116211
40.203330993652344
13.669660568237305
55.006412506103516
42.88003921508789
41.21480178833008
34.046966552734375
43.44572830200195
41.523014068603516
36.86003875732422
44.00407791137695
48.155784606933594
41.02021408081055
42.81842803955078
32.28236389160156
8.447461128234863
24.294736862182617
33.48667526245117
15.876904487609863
41.153564453125
35.68881607055664
12.314035415649414
27.02094841003418
25.597431182861328
44.235931396484375
20.293920516967773
24.895824432373047
8.59721565246582
39.64472579956055
21.545541763305664
20.323410034179688
12.720948219299316
35.63014602661133
36.26527786254883
38.17394256591797
46.00236511230469
41.430091857910156
17.64954376220703
27.415817260742188
22.71271324157715
66.87310028076172
33.523033142089844
31.869247436523438
23.969158172607422
23.300588607788086
18.716543197631836
53.0249137878418
45.430747985839844
35.7971305847168
13.766311645507812
40.857051849365234
25.948753356933594
20.366838455200195
30.6307373046875
44.329708099365234
10.040955543518066
16.924562454223633
38.19431686401367
11.482779502868652
35.049617767333984
33.35197067260742
7.331472396850586
25.744211196899414
28.312631607055664
39.22906494140625
32.02946853637695
48.46481704711914
40.74504470825195
53.9613037109375
15.040240287780762
50.77601623535156
21.517053604125977
46.40411376953125
19.172067642211914
35.13999557495117
37.0020751953125
41.98267364501953
27.502805709838867
26.087364196777344
46.64560317993164
19.380882263183594
24.89516258239746
36.122406005859375
46.81785583496094
20.72875213623047
41.077598571777344
45.37825393676758
21.99187660217285
38.43796157836914
30.922632217407227
27.34003257751465
31.637359619140625
33.046630859375
26.2611141204834
55.417415618896484
48.125221252441406
13.043807029724121
19.008947372436523
36.24599075317383
6.685042858123779
23.44086456298828
50.87165069580078
19.451887130737305
45.30159378051758
34.278690338134766
23.15078353881836
31.464649200439453
17.832178115844727
45.40028381347656
21.623090744018555
47.74781036376953
10.351192474365234
16.44100570678711
30.37436866760254
39.185028076171875
37.14057159423828
34.17543029785156
45.06414031982422
31.897083282470703
17.73200798034668
30.10968017578125
62.612117767333984
27.63565444946289
31.86872673034668
39.7274284362793
39.294677734375
22.57362937927246
29.094879150390625
31.450843811035156
33.382728576660156
27.122562408447266
27.168434143066406
31.387100219726562
11.637405395507812
23.9694881439209
26.53369140625
6.484781742095947
27.289642333984375
39.310386657714844
17.61639976501465
36.093074798583984
19.176780700683594
17.19623374938965
34.500614166259766
36.324256896972656
30.520357131958008
20.043466567993164
46.01652908325195
53.57795333862305
19.584915161132812
27.735441207885742
47.28860092163086
36.06890106201172
42.11791229248047
26.019882202148438
43.51082992553711
36.458885192871094
32.93030548095703
47.73475646972656
30.09382438659668
35.62042999267578
36.169822692871094
34.98453140258789
47.1665153503418
37.267486572265625
24.809659957885742
28.276565551757812
35.335899353027344
10.353779792785645
64.68604278564453
45.136207580566406
24.278963088989258
29.65533447265625
43.88433074951172
31.964458465576172
26.066625595092773
35.64544677734375
41.331764221191406
25.413686752319336
3.941683530807495
29.156192779541016
21.544723510742188
32.343502044677734
17.41805648803711
39.44736099243164
27.115299224853516
28.82059669494629
39.663780212402344
34.1083984375
50.541500091552734
40.1150016784668
25.650836944580078
47.891910552978516
22.723962783813477
33.75196838378906
42.05332946777344
44.1142463684082
14.144120216369629
26.68799591064453
44.6114501953125
27.266138076782227
27.52637481689453
31.691654205322266
16.009756088256836
30.83626365661621
54.469512939453125
37.03019332885742
49.159908294677734
25.453542709350586
64.74492645263672
38.710060119628906
16.34589195251465
35.92983627319336
33.97610092163086
22.697006225585938
33.56282424926758
18.827123641967773
39.301639556884766
18.488086700439453
15.270584106445312
36.554481506347656
29.23106575012207
37.50045394897461
21.85057258605957
21.491962432861328
34.210838317871094
40.78974533081055
29.81252670288086
23.488094329833984
42.4591064453125
31.832584381103516
33.999000549316406
18.65316390991211
26.381929397583008
51.34716796875
23.5949764251709
24.44895362854004
24.169761657714844
39.085418701171875
57.930294036865234
19.597780227661133
28.40965461730957
25.052270889282227
25.25899887084961
23.464096069335938
22.99217987060547
33.03773880004883
15.706460952758789
19.793010711669922
33.019630432128906
38.19485855102539
36.36544418334961
25.956844329833984
31.28180503845215
26.12228012084961
16.026935577392578
24.39491081237793
32.38075256347656
35.63334274291992
43.854583740234375
48.57718276977539
34.53297805786133
33.455039978027344
2.3875441551208496
25.139604568481445
25.064184188842773
48.301143646240234
22.20275115966797
17.663402557373047
11.226548194885254
28.845081329345703
47.845611572265625
22.70654296875
41.112403869628906
28.298799514770508
26.24992561340332
16.961334228515625
14.868494033813477
15.614604949951172
15.727846145629883
25.373607635498047
30.76851463317871
39.77077102661133
49.86310958862305
24.778066635131836
37.826568603515625
19.71770477294922
29.275728225708008
29.66774559020996
39.441654205322266
22.866127014160156
15.954907417297363
43.35969924926758
48.88765335083008
23.0301513671875
28.44623565673828
20.43745231628418
54.17867660522461
26.44671630859375
9.100127220153809
47.657840728759766
26.60873794555664
23.493066787719727
31.354766845703125
49.7852668762207
50.89802932739258
11.294087409973145
40.0315055847168
37.29362106323242
33.415496826171875
24.454822540283203
43.097740173339844
38.695823669433594
22.715023040771484
63.16078567504883
18.68389892578125
16.16820526123047
22.779170989990234
32.478599548339844
21.933494567871094
24.22992515563965
22.94719886779785
37.003231048583984
24.98833465576172
8.527331352233887
55.62670135498047
38.43818283081055
29.198463439941406
23.420269012451172
21.2375431060791
26.037572860717773
19.128557205200195
39.62799835205078
35.93971633911133
21.627614974975586
28.629074096679688
38.174102783203125
43.22464370727539
65.22441864013672
18.614151000976562
24.365999221801758
53.339698791503906
26.498180389404297
26.14057159423828
44.07896423339844
36.90863800048828
26.92729377746582
23.97167205810547
39.12375259399414
47.050254821777344
14.971423149108887
36.52664566040039
14.121349334716797
28.54302978515625
31.57024574279785
26.642635345458984
19.16939926147461
47.5262565612793
42.53364944458008
53.75248718261719
30.586606979370117
59.45402145385742
35.29026794433594
29.88935089111328
15.743486404418945
36.45816421508789
26.164636611938477
25.354150772094727
37.46754837036133
35.53797149658203
28.476451873779297
35.81377029418945
27.32185935974121
22.193565368652344
36.12312316894531
23.583026885986328
20.8980655670166
19.926876068115234
22.18885612487793
34.07640075683594
21.600740432739258
36.595977783203125
18.41656494140625
33.38978576660156
21.097890853881836
39.085540771484375
15.152644157409668
28.317081451416016
42.176761627197266
22.143020629882812
21.661521911621094
17.35086441040039
14.311896324157715
54.85140609741211
30.507431030273438
7.069024562835693
19.943279266357422
49.50228500366211
57.21180725097656
13.658469200134277
31.88130760192871
24.051776885986328
28.2099666595459
17.068288803100586
2.7343783378601074
20.20610237121582
13.344416618347168
39.46188735961914
18.469932556152344
49.22911071777344
22.666423797607422
32.673397064208984
52.50754165649414
23.737272262573242
21.74503517150879
67.10317993164062
34.32001876831055
10.117490768432617
27.057788848876953
9.808317184448242
36.90837860107422
26.93456268310547
45.4589958190918
16.68667984008789
49.42951583862305
36.6601676940918
17.080188751220703
33.544803619384766
33.69409942626953
50.53357696533203
24.18659210205078
30.66361427307129
17.477115631103516
36.62449645996094
39.785987854003906
27.720293045043945
24.338245391845703
28.084375381469727
39.801025390625
31.787715911865234
23.462678909301758
45.17523956298828
37.41856384277344
29.044076919555664
37.227901458740234
43.11873245239258
13.99285888671875
33.06240463256836
27.52419662475586
40.84046936035156
37.30632400512695
35.50472640991211
23.346323013305664
51.887420654296875
8.332111358642578
24.307926177978516
17.1472225189209
31.726947784423828
30.813304901123047
34.33951950073242
8.528036117553711
35.25768280029297
23.568876266479492
34.476158142089844
36.56638717651367
22.484861373901367
27.06437873840332
19.389049530029297
47.12024688720703
67.79210662841797
12.927091598510742
39.182472229003906
18.200519561767578
48.025604248046875
22.367019653320312
23.012676239013672
42.451080322265625
54.33909225463867
66.25006866455078
47.908634185791016
31.580774307250977
25.963552474975586
31.90031623840332
37.71794891357422
25.892547607421875
15.672551155090332
21.638113021850586
17.203777313232422
10.542338371276855
18.010751724243164
23.24457550048828
21.209707260131836
34.50975799560547
41.43455505371094
16.011796951293945
8.988495826721191
16.1043758392334
25.52554702758789
23.985301971435547
28.711685180664062
63.09834671020508
0.9487853050231934
30.21552848815918
19.09211540222168
20.513166427612305
20.395227432250977
16.131431579589844
35.34288787841797
46.64398956298828
39.660255432128906
40.247718811035156
38.0501823425293
9.019649505615234
26.78350830078125
28.306121826171875
47.85411071777344
25.67353630065918
24.6269588470459
22.40869903564453
17.585981369018555
45.278038024902344
41.71957778930664
34.73112869262695
51.71125793457031
19.665002822875977
30.986587524414062
39.17649459838867
69.4916000366211
10.026222229003906
43.402061462402344
35.410030364990234
29.173860549926758
20.21221160888672
32.594573974609375
9.83617115020752
