38.463340759277344
34.79182815551758
21.964900970458984
31.85016632080078
24.072525024414062
49.63726043701172
57.50218963623047
23.75008201599121
44.91482925415039
77.968017578125
47.77904510498047
43.92152786254883
41.38814163208008
65.06012725830078
43.452919006347656
52.988704681396484
45.16383743286133
28.172460556030273
70.4818115234375
31.448671340942383
53.157440185546875
68.75302124023438
21.721433639526367
51.41646194458008
69.32598114013672
75.91046142578125
48.23432922363281
43.3524284362793
38.677833557128906
51.49120330810547
41.549644470214844
64.17861938476562
20.71887969970703
53.71605682373047
55.186031341552734
80.37250518798828
40.93602752685547
54.02458953857422
65.07442474365234
52.05440139770508
35.69344711303711
51.54401779174805
35.85934829711914
46.358314514160156
45.138153076171875
39.538082122802734
36.2622184753418
69.9521713256836
41.8861083984375
43.67229080200195
67.4314956665039
50.01931381225586
41.44112777709961
40.759952545166016
37.987464904785156
65.57953643798828
34.6480598449707
68.10416412353516
50.653564453125
17.734619140625
65.52513885498047
37.41642379760742
71.68920135498047
44.292999267578125
41.479515075683594
23.518709182739258
56.524078369140625
68.59986877441406
56.377193450927734
53.70460510253906
40.92008972167969
32.2201042175293
75.0850601196289
20.026840209960938
30.9981746673584
34.83401870727539
67.65776824951172
34.154808044433594
63.24113464355469
46.13420104980469
27.206769943237305
72.6226577758789
52.306400299072266
36.50262451171875
42.67231369018555
73.15121459960938
40.33750534057617
56.808937072753906
46.0627555847168
27.073862075805664
20.719945907592773
56.16839599609375
47.15489959716797
51.230873107910156
31.445751190185547
51.45778274536133
57.219669342041016
39.69452667236328
45.32516860961914
46.92823028564453
57.72074508666992
50.634521484375
68.9305191040039
28.96136474609375
43.47107696533203
42.18208312988281
57.2464714050293
61.526527404785156
49.230316162109375
57.940635681152344
38.26752471923828
71.94328308105469
32.027854919433594
40.988929748535156
16.35682487487793
17.951236724853516
55.939430236816406
52.832969665527344
34.5231819152832
24.840723037719727
55.75029373168945
45.124778747558594
11.362793922424316
49.03689956665039
64.1471176147461
41.25360107421875
44.93763732910156
49.55606460571289
49.20893859863281
46.182456970214844
65.58238983154297
31.292049407958984
31.15081214904785
62.597904205322266
35.46546936035156
13.089082717895508
60.45790100097656
53.9412727355957
49.174339294433594
30.782732009887695
52.11403274536133
29.262420654296875
28.46615219116211
44.04251480102539
37.14267349243164
46.60089874267578
48.08815002441406
25.217777252197266
49.9569091796875
34.269168853759766
43.45042037963867
62.883419036865234
35.41936111450195
53.4732551574707
20.832300186157227
33.28385543823242
73.3313217163086
74.51085662841797
45.91585159301758
42.589515686035156
33.423702239990234
60.697261810302734
38.65459060668945
60.01341247558594
20.807090759277344
53.67433166503906
80.6085205078125
42.758331298828125
42.68095016479492
23.945240020751953
46.78562545776367
60.09553146362305
37.91667175292969
33.104915618896484
40.522705078125
24.56869888305664
66.78951263427734
42.088165283203125
39.30158996582031
45.34307861328125
54.52175521850586
42.80795669555664
40.03486633300781
40.702392578125
48.69218826293945
57.42267608642578
60.59450912475586
22.46072006225586
41.77699661254883
52.233158111572266
82.8970718383789
17.14630699157715
30.961254119873047
43.01640701293945
52.38074493408203
43.88629150390625
41.09484100341797
45.99437713623047
34.58858108520508
54.645267486572266
72.39173126220703
55.61936950683594
40.068077087402344
29.830915451049805
35.675682067871094
54.569847106933594
46.54026794433594
57.07892608642578
41.76955032348633
43.34639358520508
34.530982971191406
28.644641876220703
68.68741607666016
52.86738586425781
30.445274353027344
26.45454978942871
47.71106719970703
46.25950241088867
64.95394897460938
56.84495544433594
43.17392349243164
54.70668411254883
28.254165649414062
21.386348724365234
30.109859466552734
71.72665405273438
25.127925872802734
84.5657958984375
81.7977523803711
62.86394500732422
45.22361755371094
40.80813217163086
64.32947540283203
48.77275466918945
44.065269470214844
64.74053955078125
36.92452621459961
48.80008316040039
49.225830078125
32.2738151550293
43.43899154663086
47.60016632080078
56.57583236694336
37.89242935180664
44.28955841064453
40.793670654296875
43.15690612792969
19.861963272094727
47.036556243896484
33.471466064453125
29.345457077026367
58.32394790649414
60.364593505859375
45.10409927368164
51.61216735839844
18.865673065185547
24.582685470581055
56.22744369506836
51.4217529296875
80.0617904663086
52.27554702758789
48.59230422973633
44.76856231689453
28.015302658081055
43.97666549682617
41.19402313232422
54.390689849853516
27.952173233032227
27.29766845703125
77.19435119628906
45.28848648071289
48.002159118652344
55.33053207397461
54.9451789855957
72.92696380615234
88.97283935546875
51.82412338256836
36.04451370239258
56.78252410888672
62.579620361328125
37.336830139160156
50.05121612548828
33.807762145996094
65.05232238769531
55.28042221069336
50.80876922607422
36.55943298339844
61.10155487060547
34.645668029785156
47.3119010925293
12.859490394592285
31.66281509399414
54.23684310913086
57.77506637573242
63.41691207885742
33.591007232666016
33.99250793457031
40.31324768066406
41.498321533203125
44.887447357177734
47.69135284423828
64.79003143310547
44.201141357421875
39.34925079345703
40.0969123840332
73.6122817993164
61.881473541259766
61.77030563354492
27.805143356323242
56.88346862792969
47.44540786743164
78.60304260253906
39.79008865356445
73.99727630615234
67.1436767578125
40.171974182128906
40.848758697509766
43.314857482910156
33.49699020385742
45.208274841308594
17.150426864624023
48.08373260498047
19.69392967224121
53.20211410522461
48.98429870605469
30.109363555908203
34.23091125488281
30.641752243041992
36.044986724853516
65.6563491821289
60.51848220825195
25.5999813079834
37.249908447265625
62.695072174072266
41.34458541870117
39.35239791870117
41.63022994995117
29.993515014648438
57.092247009277344
46.708351135253906
21.809829711914062
61.059268951416016
39.530059814453125
46.06420135498047
42.13214874267578
57.525569915771484
44.199913024902344
43.37209701538086
45.67374801635742
59.08384323120117
66.1446304321289
30.46533203125
62.934349060058594
81.63330078125
39.488616943359375
46.77354431152344
33.99863815307617
38.5922966003418
30.499279022216797
30.886032104492188
42.2832145690918
53.716182708740234
51.98562240600586
73.51150512695312
38.880577087402344
68.18497467041016
38.100059509277344
66.97339630126953
73.61278533935547
76.04512786865234
36.27153015136719
61.65455627441406
43.34421157836914
54.7765998840332
39.84804153442383
73.89742279052734
39.08142852783203
34.19040298461914
60.09235763549805
11.640684127807617
50.8787727355957
38.74763107299805
32.76173782348633
28.622709274291992
51.47816848754883
34.442283630371094
34.82481002807617
60.09691619873047
39.85662078857422
57.691261291503906
58.62648391723633
45.599342346191406
44.415279388427734
59.70177459716797
54.85067367553711
88.26448822021484
40.01171875
71.83477020263672
45.10919189453125
63.45493698120117
54.06757736206055
52.534889221191406
28.628087997436523
37.30315017700195
57.8537483215332
33.3391227722168
29.058944702148438
66.93929290771484
34.81383514404297
80.01994323730469
77.24891662597656
47.11793899536133
51.07106399536133
66.58092498779297
40.93172073364258
36.745548248291016
27.746456146240234
64.61307525634766
47.13221740722656
39.832820892333984
50.42390441894531
45.386497497558594
46.4922981262207
33.60685729980469
41.303096771240234
30.61354637145996
36.62510299682617
52.943511962890625
54.75033950805664
43.60725784301758
51.1165657043457
59.115478515625
44.552242279052734
59.01723861694336
46.954219818115234
54.783164978027344
49.785640716552734
49.9420280456543
66.2530746459961
37.30901336669922
51.87342071533203
23.057010650634766
28.30851936340332
55.13641357421875
28.277986526489258
52.66423797607422
53.485374450683594
34.17266082763672
45.34443664550781
40.86635971069336
30.210050582885742
39.00825500488281
67.62039947509766
41.8088493347168
34.46763610839844
61.12622833251953
58.070133209228516
36.72744369506836
35.67625045776367
51.606502532958984
61.29399108886719
35.69899368286133
35.4808349609375
52.586910247802734
60.07126998901367
55.54408645629883
35.51162338256836
68.45864868164062
59.133358001708984
22.538835525512695
76.5285415649414
78.99723052978516
47.62278747558594
57.30792236328125
28.137245178222656
85.59900665283203
65.58230590820312
73.77532196044922
42.28569030761719
48.630897521972656
66.51657104492188
41.00428771972656
41.073429107666016
60.69584274291992
20.541589736938477
44.396060943603516
38.844478607177734
49.04343795776367
37.918235778808594
29.256772994995117
34.02814483642578
75.57865905761719
61.55257797241211
72.59033203125
55.606510162353516
39.357357025146484
42.69556427001953
62.5654411315918
36.158634185791016
71.54405975341797
72.43358612060547
46.99759292602539
13.120316505432129
26.26503562927246
58.110862731933594
53.78635025024414
48.359046936035156
51.3490104675293
54.98103713989258
34.55881118774414
45.46284866333008
80.60610961914062
51.44306945800781
49.04184341430664
45.52688217163086
65.80236053466797
30.165489196777344
36.115272521972656
40.73265075683594
52.20162582397461
66.1217041015625
48.447113037109375
36.49721145629883
70.01932525634766
60.27171325683594
44.14585494995117
64.06661224365234
36.858848571777344
32.53044509887695
86.89596557617188
33.527713775634766
74.24502563476562
40.52560806274414
68.54081726074219
32.08611297607422
45.423282623291016
55.12786102294922
23.49150848388672
23.446613311767578
39.37199020385742
47.65282440185547
40.25143814086914
41.95542526245117
38.34189224243164
37.567073822021484
55.18551254272461
37.72260665893555
36.823001861572266
70.55813598632812
54.5416145324707
34.38297653198242
50.42079544067383
79.40997314453125
37.904273986816406
47.12458419799805
51.2311897277832
57.039642333984375
42.12907791137695
37.3006591796875
72.52649688720703
36.56678009033203
46.68326950073242
55.0844841003418
50.63362121582031
56.74838638305664
49.74136734008789
13.030448913574219
55.91246032714844
65.81217193603516
57.13015365600586
33.86425018310547
50.48375701904297
25.557861328125
21.300533294677734
64.74797058105469
44.036930084228516
35.111595153808594
49.05660629272461
68.20954132080078
55.355403900146484
80.19752502441406
33.14777374267578
62.991756439208984
22.616058349609375
38.89469909667969
43.532562255859375
38.416053771972656
38.72348403930664
44.5590934753418
53.094844818115234
38.870201110839844
54.6182975769043
46.09471130371094
44.37886047363281
74.00184631347656
42.71419143676758
31.263906478881836
59.006195068359375
24.541162490844727
33.60575485229492
84.3138656616211
37.01296615600586
82.86604309082031
44.422489166259766
60.305908203125
44.953826904296875
39.687801361083984
48.49137496948242
39.21329116821289
23.803071975708008
42.851661682128906
51.822357177734375
15.158543586730957
47.30171203613281
33.712799072265625
34.57448196411133
61.4959831237793
27.855634689331055
38.1923828125
41.19007873535156
20.524024963378906
56.61884689331055
77.83631134033203
52.29781723022461
83.38823699951172
16.094329833984375
60.544429779052734
56.23421859741211
37.05434799194336
33.219608306884766
60.005455017089844
46.13713836669922
75.31229400634766
36.9449577331543
43.620182037353516
15.26025676727295
52.04743576049805
56.45008850097656
57.04827880859375
49.6220817565918
70.56974029541016
59.16426467895508
29.255081176757812
53.7193603515625
28.596275329589844
16.64532470703125
35.1772575378418
55.53095626831055
12.844876289367676
70.26868438720703
60.24976348876953
57.593650817871094
72.82223510742188
51.379940032958984
51.235599517822266
75.12422943115234
70.91291809082031
91.08190155029297
67.0531234741211
29.383159637451172
53.86628723144531
42.36770248413086
72.4134750366211
31.959293365478516
58.79179000854492
64.11061096191406
51.562007904052734
33.50870895385742
49.42022705078125
83.63909149169922
41.926841735839844
41.319862365722656
53.37666320800781
52.6256217956543
43.65108108520508
37.16532897949219
44.532535552978516
56.37552261352539
30.311174392700195
48.824302673339844
35.679100036621094
72.60731506347656
70.43314361572266
38.49699783325195
36.10063934326172
52.96067428588867
68.33177185058594
98.77177429199219
35.81963348388672
36.13677978515625
67.86211395263672
42.120548248291016
66.08221435546875
22.959087371826172
40.894439697265625
41.183780670166016
43.97411346435547
62.21454620361328
69.24491882324219
63.147743225097656
35.2579345703125
66.6579818725586
61.36844253540039
33.208641052246094
50.45835876464844
82.96705627441406
55.13054275512695
20.173603057861328
40.83294677734375
28.33068084716797
43.05227279663086
30.717533111572266
32.45500183105469
59.4839973449707
39.31658935546875
27.72081756591797
26.785686492919922
45.62355422973633
48.21084213256836
35.536705017089844
60.44810104370117
21.52454376220703
38.00971603393555
51.80623245239258
56.15842819213867
45.81175994873047
58.27309036254883
35.948158264160156
39.412513732910156
24.419185638427734
45.96381759643555
36.161827087402344
24.52028465270996
63.254146575927734
49.67963790893555
64.66423797607422
27.739221572875977
74.22321319580078
54.57282257080078
23.43890380859375
54.78985595703125
65.74758911132812
16.172372817993164
74.681884765625
62.790714263916016
78.41841125488281
33.95341110229492
47.43116760253906
47.86410140991211
95.27388763427734
57.02560043334961
46.4111442565918
53.94358444213867
50.328086853027344
58.56414794921875
20.413944244384766
59.32377243041992
82.27804565429688
57.84046173095703
60.12006759643555
63.13227081298828
26.10357093811035
52.56929397583008
53.710227966308594
32.09650421142578
42.319889068603516
35.25905227661133
32.2681770324707
46.61066818237305
51.9219856262207
55.34260940551758
59.05611801147461
42.94306564331055
49.5765266418457
53.96440124511719
59.325225830078125
59.27208709716797
54.61705780029297
15.190176963806152
56.216796875
74.77173614501953
75.21435546875
49.35804748535156
73.19734191894531
36.09348678588867
59.257747650146484
36.96530532836914
41.012977600097656
50.23701858520508
28.508312225341797
45.841251373291016
50.94618606567383
42.22731399536133
36.61731719970703
51.68882369995117
36.14041519165039
32.60859680175781
46.182464599609375
59.58369064331055
44.54473876953125
21.296552658081055
41.397796630859375
82.04047393798828
57.932373046875
45.37142562866211
49.79248809814453
54.00743865966797
63.070491790771484
80.86664581298828
41.306861877441406
38.746944427490234
35.41242218017578
45.13520812988281
44.25956726074219
66.78421020507812
39.17171859741211
53.724063873291016
38.730186462402344
82.06946563720703
41.74837112426758
37.83958435058594
38.41836166381836
66.30626678466797
25.560712814331055
53.995216369628906
26.014175415039062
80.5110855102539
28.536956787109375
49.433387756347656
52.562286376953125
70.05974578857422
54.77855682373047
38.469486236572266
53.88803482055664
57.19173049926758
53.42820358276367
46.52265930175781
32.50109100341797
71.9693603515625
48.940284729003906
45.375675201416016
19.665178298950195
36.987979888916016
58.808265686035156
59.674530029296875
40.90809631347656
42.7288932800293
39.43335723876953
45.10416030883789
50.4015998840332
17.637165069580078
45.1424446105957
63.84177017211914
51.09952926635742
29.63651466369629
41.69220733642578
59.286617279052734
46.013729095458984
28.238073348999023
27.59581756591797
62.55776596069336
35.68021774291992
49.473182678222656
26.194839477539062
67.1343994140625
22.705520629882812
60.874961853027344
45.090213775634766
38.24911117553711
44.19417953491211
43.81503677368164
36.8914909362793
35.8138313293457
38.30130386352539
40.374088287353516
31.335359573364258
53.803016662597656
27.95535659790039
44.32988739013672
52.809715270996094
45.46098327636719
70.005615234375
37.384925842285156
45.360137939453125
43.37168884277344
36.41543960571289
56.33272933959961
49.308250427246094
52.806907653808594
32.962528228759766
40.15731430053711
39.11429214477539
50.73044204711914
55.0787353515625
53.88071823120117
60.479225158691406
31.40765380859375
31.499666213989258
36.7000846862793
27.98484992980957
50.02048873901367
55.359535217285156
28.008710861206055
38.347694396972656
71.41790008544922
59.76102066040039
55.69095230102539
73.49913024902344
33.02006912231445
45.1554069519043
71.7716064453125
52.915401458740234
103.48689270019531
55.54817581176758
56.31775665283203
46.47529602050781
33.09832763671875
50.73666763305664
40.9182014465332
34.438777923583984
50.35821533203125
59.79886245727539
58.23979187011719
38.70469284057617
61.16361999511719
47.830223083496094
49.71311569213867
57.977012634277344
43.79056167602539
56.7479362487793
81.69873809814453
20.722740173339844
80.49005889892578
76.61354064941406
24.16339874267578
23.34425163269043
18.745906829833984
34.0663948059082
53.84822082519531
46.67797088623047
53.05684280395508
52.22052001953125
73.57215118408203
60.78111267089844
37.56572723388672
36.877506256103516
60.64873504638672
30.715242385864258
77.40707397460938
71.17867279052734
61.09235763549805
72.06033325195312
66.36529541015625
23.33503532409668
59.49210739135742
23.241064071655273
49.85576248168945
49.78272247314453
33.105262756347656
43.41472244262695
35.708770751953125
41.64805221557617
47.63093566894531
34.32596969604492
48.400760650634766
55.66032791137695
68.41217041015625
39.882720947265625
73.53511047363281
44.66033935546875
28.827865600585938
72.04283905029297
66.46003723144531
23.820178985595703
55.18653106689453
44.31641387939453
28.490734100341797
52.67802810668945
55.945068359375
52.90424728393555
51.29936599731445
45.924407958984375
34.637451171875
61.93712615966797
50.82200622558594
42.797733306884766
71.99156951904297
41.80659866333008
90.42366027832031
70.87323760986328
38.70368957519531
50.838016510009766
54.93631362915039
26.8254451751709
64.58380889892578
54.08478546142578
40.89430236816406
34.55689239501953
59.68803024291992
35.11610412597656
47.59221649169922
69.63263702392578
61.201080322265625
53.943992614746094
58.896785736083984
37.77605056762695
86.33621215820312
29.192869186401367
50.671451568603516
51.848388671875
45.03547286987305
39.9645881652832
22.98772621154785
52.68821334838867
58.8873291015625
49.928653717041016
51.70926284790039
38.1854248046875
62.989864349365234
41.35215759277344
44.263893127441406
44.9505615234375
30.600112915039062
36.62858963012695
36.134342193603516
80.97563934326172
47.77875518798828
37.13755416870117
57.51958084106445
33.265899658203125
62.23183822631836
40.587677001953125
39.55638885498047
63.92402648925781
30.094758987426758
85.0586929321289
20.805383682250977
55.61520004272461
28.388629913330078
15.806654930114746
53.24647903442383
34.46443557739258
38.09883117675781
49.96335220336914
49.35802459716797
72.56260681152344
65.6424560546875
33.042240142822266
65.45033264160156
31.74400520324707
30.550569534301758
66.39874267578125
65.39228057861328
24.969715118408203
30.491172790527344
34.24995422363281
23.794239044189453
28.446311950683594
61.93812942504883
36.46332550048828
59.15578079223633
59.724037170410156
61.51258087158203
18.80072784423828
34.89167404174805
54.493534088134766
38.43564224243164
51.15927505493164
46.5474739074707
59.778465270996094
28.93346405029297
53.1143684387207
30.104656219482422
62.0675048828125
63.24543762207031
45.391658782958984
41.62672805786133
38.226295471191406
55.191429138183594
42.12187957763672
27.893692016601562
19.27381134033203
45.0865478515625
72.5480728149414
51.001426696777344
55.19297409057617
58.3510856628418
49.132083892822266
36.572261810302734
29.936485290527344
79.03532409667969
25.357725143432617
63.80574035644531
47.59783935546875
46.916847229003906
58.824951171875
55.20170211791992
35.22122573852539
52.43338394165039
38.04835891723633
28.430957794189453
36.650146484375
40.77647399902344
27.535812377929688
37.31291580200195
42.99343490600586
50.007911682128906
45.80239486694336
60.620819091796875
40.17255783081055
43.81394958496094
44.002098083496094
37.69158172607422
23.57166862487793
72.70716857910156
28.03115463256836
51.98881149291992
50.54459762573242
46.86470031738281
36.24553680419922
55.14944839477539
62.85569381713867
53.55929183959961
38.600433349609375
58.618927001953125
35.26625442504883
47.55030059814453
34.563629150390625
37.065086364746094
72.00526428222656
67.70767974853516
44.76396179199219
75.24845886230469
35.6483268737793
49.04863739013672
27.74939727783203
74.85494232177734
29.766338348388672
84.1542739868164
85.66816711425781
33.405670166015625
55.82259750366211
52.90620422363281
49.84986114501953
82.44609069824219
58.43402862548828
27.29482078552246
44.0966911315918
75.60679626464844
29.400985717773438
35.12912368774414
51.306983947753906
83.7783432006836
49.24630355834961
39.51276397705078
51.72114562988281
33.614715576171875
78.39432525634766
72.05535125732422
39.734619140625
28.289804458618164
64.90375518798828
38.8491325378418
47.2082405090332
53.344886779785156
73.82952117919922
31.011751174926758
68.50174713134766
15.892346382141113
43.655521392822266
71.79034423828125
36.423240661621094
46.6933708190918
72.72589111328125
33.24995422363281
27.98077392578125
43.229740142822266
74.95674896240234
46.29285430908203
73.08673095703125
56.851470947265625
88.72578430175781
69.02762603759766
36.42812728881836
51.12247848510742
36.78715896606445
52.80967712402344
47.58564758300781
31.863323211669922
54.991458892822266
89.75404357910156
71.73072052001953
56.91765594482422
20.998098373413086
21.92011260986328
33.842918395996094
58.49325942993164
43.75168228149414
58.672359466552734
35.73969268798828
38.92487716674805
54.90595245361328
36.298553466796875
38.56393051147461
69.56983947753906
36.36387252807617
31.202619552612305
32.71033477783203
57.83580017089844
77.9639663696289
30.10139274597168
33.54060363769531
54.984073638916016
64.85294342041016
35.83989334106445
20.017704010009766
30.417062759399414
52.87333297729492
49.06345748901367
70.35874938964844
37.5721549987793
53.10032272338867
64.52267456054688
49.49478530883789
42.08247375488281
28.75979995727539
40.52590560913086
34.607643127441406
40.24700164794922
32.507755279541016
70.48794555664062
49.72045135498047
49.07889175415039
38.78045654296875
19.73575782775879
74.86124420166016
44.00960922241211
36.25244140625
57.4052734375
76.95868682861328
44.361324310302734
39.49092483520508
39.21865463256836
54.026676177978516
46.238311767578125
33.379241943359375
24.342069625854492
46.90456771850586
22.391637802124023
37.67787551879883
32.81977844238281
39.92096710205078
31.024349212646484
69.56979370117188
75.18871307373047
46.24452590942383
45.27915573120117
39.79811096191406
38.50771713256836
75.95196533203125
17.078311920166016
69.14738464355469
26.5089111328125
38.860252380371094
66.70409393310547
68.61357116699219
32.757301330566406
65.00555419921875
36.437747955322266
33.54775619506836
55.07582092285156
47.1110725402832
67.5033187866211
51.03132247924805
87.91313171386719
49.48004913330078
55.5181884765625
72.22183227539062
51.8880500793457
69.15509033203125
48.905555725097656
34.26604080200195
39.55294418334961
87.90348815917969
56.80809783935547
63.585060119628906
63.16832733154297
19.185651779174805
57.86481475830078
64.89685821533203
38.5086555480957
34.2543830871582
68.71308898925781
59.94536209106445
54.89004898071289
58.385948181152344
61.650691986083984
54.40999221801758
44.41167449951172
16.357393264770508
57.12249755859375
45.7984733581543
24.138044357299805
83.64064025878906
36.92988586425781
21.05592155456543
46.39796447753906
30.40669059753418
56.55975341796875
69.26795959472656
37.664608001708984
42.091278076171875
25.477182388305664
60.35153579711914
40.63874053955078
17.750253677368164
63.61124038696289
56.34248733520508
50.29021072387695
61.477596282958984
62.23814392089844
55.86543273925781
47.64613342285156
43.930076599121094
32.31373596191406
64.43860626220703
39.82013702392578
46.7663688659668
48.185482025146484
58.703678131103516
62.86238098144531
61.17639923095703
58.584434509277344
66.85094451904297
42.300453186035156
24.301237106323242
28.20634651184082
45.842185974121094
45.44832229614258
31.12981414794922
53.79163360595703
39.92283630371094
38.391807556152344
17.99051284790039
43.10574722290039
23.123085021972656
9.685615539550781
51.48347091674805
63.809776306152344
66.34689331054688
64.63504791259766
36.29576873779297
44.39753723144531
34.564353942871094
87.01835632324219
46.61269760131836
35.79369354248047
38.80897903442383
60.09979248046875
39.84214782714844
67.8877944946289
65.96819305419922
45.97348403930664
47.707000732421875
54.308433532714844
48.11296081542969
47.615211486816406
22.362350463867188
56.57577133178711
52.899444580078125
52.73399353027344
30.19314956665039
72.60653686523438
67.49447631835938
50.67531967163086
54.49431228637695
38.37321853637695
47.40675735473633
53.88048553466797
47.76069259643555
60.845272064208984
41.20675277709961
29.431997299194336
57.787437438964844
63.3143196105957
29.621498107910156
43.1395378112793
59.56903839111328
45.39246368408203
19.51369857788086
60.75362014770508
38.873046875
33.875244140625
72.41556549072266
21.377912521362305
33.61412811279297
40.013736724853516
70.3598861694336
32.43784713745117
51.763572692871094
47.954322814941406
51.32975769042969
44.138729095458984
74.7818374633789
53.112613677978516
52.811920166015625
37.577545166015625
23.83013153076172
64.2287368774414
55.71015548706055
48.92864227294922
89.97198486328125
25.929473876953125
45.96678924560547
38.27367401123047
76.05999755859375
33.4837760925293
63.65602493286133
43.100303649902344
44.990413665771484
52.06676483154297
56.22462844848633
54.80531692504883
44.65134048461914
33.499759674072266
29.566267013549805
45.997371673583984
49.30778503417969
22.95419692993164
30.195951461791992
44.64154052734375
49.17392349243164
53.65108108520508
72.18509674072266
63.29924011230469
77.70816040039062
36.01370620727539
49.140499114990234
60.725982666015625
31.172039031982422
24.89277458190918
45.65641403198242
20.02508544921875
42.19719314575195
46.99417495727539
63.35298538208008
63.36144256591797
70.84172821044922
49.5625114440918
35.41777420043945
45.840885162353516
42.658077239990234
63.61552429199219
58.137779235839844
41.31284713745117
40.60855484008789
15.015996932983398
38.514469146728516
41.189056396484375
31.633663177490234
29.382299423217773
63.62572479248047
56.561729431152344
44.401241302490234
58.484622955322266
29.008440017700195
37.583709716796875
71.01023864746094
43.13862991333008
41.063575744628906
59.57686233520508
69.96855163574219
56.464420318603516
52.32972717285156
39.45862579345703
44.013458251953125
85.54410552978516
66.72219848632812
70.495849609375
67.47113800048828
60.24852752685547
35.58884811401367
37.02165222167969
47.82025909423828
45.91341781616211
45.718685150146484
26.493303298950195
88.04458618164062
60.729557037353516
70.19049072265625
57.64208984375
51.04925537109375
46.6363639831543
24.678808212280273
42.620079040527344
49.283363342285156
40.322174072265625
74.34978485107422
37.09067153930664
60.00341796875
50.6717643737793
32.4547119140625
44.48786163330078
77.7755355834961
46.94366455078125
59.894161224365234
79.27381896972656
40.855262756347656
32.369850158691406
23.5823974609375
77.23428344726562
45.25048065185547
67.07612609863281
50.01456069946289
27.7696475982666
55.783607482910156
50.49130630493164
61.850379943847656
68.84835052490234
50.968502044677734
42.65735626220703
73.07769012451172
45.5180549621582
68.1361083984375
32.610328674316406
74.91767883300781
33.51530456542969
74.56047058105469
50.125553131103516
50.593414306640625
65.75543212890625
66.09104919433594
62.68504333496094
52.992576599121094
26.391456604003906
21.044816970825195
33.1405143737793
22.98154640197754
37.29448699951172
29.451189041137695
48.1353874206543
49.18281173706055
77.97209930419922
56.32723617553711
35.47409439086914
30.697734832763672
40.56541061401367
63.64849090576172
45.06771469116211
51.721595764160156
42.095462799072266
91.45550537109375
35.73001480102539
43.778194427490234
50.6767692565918
43.704219818115234
57.74848556518555
37.31926345825195
65.29640197753906
48.86947250366211
42.67307662963867
49.33819580078125
50.49834442138672
38.86398696899414
58.18646240234375
55.709625244140625
47.07381820678711
47.2000846862793
21.385784149169922
22.890026092529297
45.93341064453125
23.02498435974121
36.13174819946289
75.90992736816406
55.78476333618164
44.54092788696289
61.175819396972656
78.74909973144531
55.52054977416992
51.322547912597656
66.90000915527344
46.6749153137207
58.180233001708984
46.39619827270508
34.42729949951172
43.57509994506836
52.3531379699707
51.6539421081543
58.048831939697266
34.326759338378906
40.865116119384766
44.11321258544922
76.06979370117188
40.903228759765625
71.40371704101562
38.10210037231445
58.88877868652344
44.16200256347656
66.96543884277344
92.19014739990234
27.994792938232422
22.149269104003906
55.20600128173828
39.562103271484375
39.33906555175781
38.67699432373047
29.418193817138672
47.821502685546875
59.636695861816406
88.22184753417969
43.74483871459961
40.43423080444336
26.48181915283203
44.64213562011719
45.154850006103516
41.599327087402344
52.92863845825195
33.99495315551758
87.2203598022461
22.25333023071289
62.09703063964844
55.80683135986328
65.04581451416016
67.6102523803711
34.494903564453125
48.813941955566406
65.07992553710938
14.658296585083008
52.37157440185547
67.9986572265625
23.211790084838867
40.59423065185547
62.6450309753418
35.739261627197266
41.895233154296875
48.55593490600586
47.89363098144531
28.384923934936523
38.31863021850586
42.871280670166016
86.7838134765625
52.759185791015625
42.44892501831055
71.14656829833984
54.48914337158203
50.458213806152344
59.134090423583984
24.187185287475586
62.637367248535156
32.446231842041016
61.24658203125
48.90665054321289
41.15111541748047
45.44870376586914
40.686031341552734
41.63570785522461
57.0764045715332
52.207515716552734
63.712223052978516
65.31431579589844
52.7413444519043
32.33360290527344
43.23655700683594
49.018585205078125
49.98725128173828
75.66873931884766
70.6084213256836
72.88289642333984
46.535797119140625
44.76182174682617
46.13789367675781
50.348350524902344
16.912425994873047
64.08061218261719
67.09687042236328
43.89656448364258
29.013065338134766
45.25765609741211
60.77050018310547
53.5507698059082
28.528942108154297
78.26705932617188
78.0732192993164
42.32429504394531
42.0659294128418
60.423362731933594
28.447479248046875
34.78423309326172
40.90216827392578
47.052581787109375
44.2072868347168
40.72092819213867
66.88072204589844
57.337425231933594
36.0551643371582
24.786624908447266
37.27950668334961
55.346744537353516
68.43916320800781
66.52499389648438
51.77948760986328
55.53841781616211
39.31743240356445
52.723724365234375
64.08795928955078
54.91599655151367
54.48591232299805
33.6118278503418
52.25843811035156
37.70030975341797
58.296993255615234
59.86223220825195
54.209693908691406
46.6585693359375
53.23701095581055
39.56497573852539
41.943424224853516
40.644134521484375
23.58283805847168
27.531763076782227
46.970577239990234
54.32147216796875
40.470359802246094
33.400177001953125
32.45391845703125
51.13850402832031
48.42397689819336
23.07145118713379
56.35554122924805
57.749168395996094
19.742446899414062
48.05589294433594
78.09581756591797
72.71234893798828
43.93598175048828
44.2834358215332
56.68794250488281
25.076435089111328
36.06292724609375
31.350282669067383
47.691837310791016
50.52419662475586
36.18476104736328
46.41714859008789
49.23564529418945
65.13507080078125
63.315582275390625
25.20724868774414
45.181827545166016
53.80126953125
57.6584587097168
30.071998596191406
71.45714569091797
49.825706481933594
72.40480041503906
44.061153411865234
61.34455871582031
47.086971282958984
40.16752243041992
22.29031753540039
36.249385833740234
60.7235221862793
33.18075180053711
77.93611907958984
37.575889587402344
75.77753448486328
49.2783317565918
59.75898742675781
51.7727165222168
40.85870361328125
44.911434173583984
74.08941650390625
53.7867546081543
32.44822692871094
28.093158721923828
49.12819290161133
56.499755859375
45.373268127441406
28.448976516723633
47.88446044921875
30.511384963989258
46.28804397583008
61.72755813598633
49.218605041503906
58.34115219116211
33.09528732299805
39.87138748168945
61.48698425292969
31.914501190185547
20.926467895507812
24.49742889404297
32.299808502197266
35.65012741088867
42.40843200683594
44.958961486816406
62.01639175415039
48.01683044433594
21.78120994567871
61.559120178222656
36.91011047363281
50.66745376586914
47.01525115966797
63.54463577270508
49.557281494140625
38.925933837890625
72.90741729736328
33.99571990966797
40.63873291015625
39.53823471069336
46.6044921875
48.40876770019531
32.823116302490234
48.92421340942383
55.2097282409668
28.202497482299805
28.165374755859375
56.12657928466797
38.52465057373047
65.76805877685547
59.20404815673828
63.686832427978516
24.520681381225586
44.904212951660156
32.47925567626953
40.843711853027344
51.28087615966797
45.90019226074219
7.614790916442871
33.691890716552734
37.41328811645508
28.777658462524414
64.9033432006836
26.454397201538086
33.07477951049805
49.335365295410156
42.922279357910156
60.17757034301758
62.603973388671875
45.86093521118164
57.77730178833008
60.09691619873047
59.402339935302734
36.095741271972656
47.08068084716797
42.38544464111328
51.3421516418457
75.73745727539062
35.11980438232422
71.80030822753906
33.42261505126953
43.04057312011719
46.44810485839844
45.63056564331055
61.37746810913086
77.42919158935547
25.80600357055664
72.96562194824219
63.291954040527344
35.73968505859375
59.215431213378906
59.28684997558594
34.543724060058594
56.199859619140625
49.25601577758789
37.82664489746094
50.755455017089844
19.547880172729492
67.30355834960938
63.691566467285156
75.65534973144531
50.890785217285156
75.99104309082031
57.10301208496094
39.0535888671875
41.05840301513672
65.59992980957031
28.78411293029785
63.35953140258789
56.47237777709961
61.56789016723633
87.36260223388672
20.052858352661133
60.51279067993164
42.896297454833984
60.52080154418945
82.9390640258789
60.233299255371094
54.04926300048828
50.78644943237305
56.653568267822266
69.23710632324219
51.02793502807617
69.75961303710938
43.529266357421875
29.51573944091797
32.497135162353516
32.64706039428711
26.577470779418945
61.21933364868164
57.09366226196289
42.256446838378906
75.6703109741211
38.5927619934082
69.38634490966797
67.76622772216797
45.771976470947266
56.53890609741211
78.05828094482422
59.55107116699219
35.1334228515625
66.03474426269531
46.54690170288086
66.61845397949219
52.4146728515625
39.51311111450195
49.2010612487793
50.75627517700195
79.89749908447266
23.185691833496094
41.7322883605957
32.17951965332031
15.085407257080078
52.075382232666016
48.08746337890625
50.371315002441406
23.951269149780273
65.2699966430664
34.98638916015625
64.2991943359375
44.73036575317383
33.6341667175293
24.902421951293945
59.450443267822266
71.23471069335938
35.485111236572266
58.891204833984375
39.726985931396484
57.829376220703125
63.70972442626953
32.534576416015625
50.34510803222656
38.671817779541016
77.16477966308594
40.72978973388672
33.77940368652344
53.43380355834961
40.64775848388672
47.870548248291016
39.665157318115234
71.14035034179688
71.04137420654297
51.75773620605469
47.34169387817383
37.10017013549805
30.63688087463379
70.7766342163086
47.42585754394531
72.55158233642578
27.01954460144043
36.04508590698242
57.863216400146484
30.55006217956543
32.902740478515625
64.57368469238281
63.40193557739258
33.725982666015625
58.11896896362305
30.535179138183594
53.206016540527344
40.27375411987305
64.68433380126953
62.934478759765625
42.640228271484375
45.517311096191406
55.851707458496094
57.95276641845703
33.49580383300781
23.486963272094727
41.01814651489258
57.21393966674805
51.97539138793945
26.534395217895508
30.621410369873047
43.384979248046875
73.03246307373047
65.92049407958984
42.098270416259766
49.48809814453125
49.157859802246094
47.756980895996094
45.80756378173828
39.449039459228516
52.850887298583984
38.73973846435547
56.09391403198242
30.157289505004883
65.25605010986328
19.60741424560547
55.115394592285156
24.161582946777344
51.70867156982422
64.53341674804688
46.18407440185547
41.240318298339844
75.13175201416016
56.95068359375
68.18061828613281
40.20895004272461
51.64176559448242
42.55835723876953
23.05536651611328
17.658443450927734
36.32173538208008
39.475341796875
29.946664810180664
45.585845947265625
42.88755798339844
36.95363235473633
59.46182632446289
65.39031219482422
71.71401977539062
37.57508850097656
37.05198287963867
19.25892448425293
30.803993225097656
37.25609588623047
78.1687240600586
62.00058364868164
31.2450008392334
57.264957427978516
23.47325325012207
25.728118896484375
68.46856689453125
41.224143981933594
37.51942825317383
42.9106559753418
45.11344528198242
55.929054260253906
11.519826889038086
79.2734375
88.19513702392578
44.01636505126953
70.52896118164062
45.54018783569336
59.2204475402832
56.998016357421875
62.549888610839844
40.229400634765625
71.91990661621094
49.0089225769043
57.75173568725586
73.95706939697266
33.57170867919922
42.71974182128906
33.631980895996094
31.60865592956543
61.91958236694336
76.53376770019531
52.04624557495117
65.02613830566406
28.140369415283203
39.782958984375
82.60865020751953
45.22515869140625
57.233787536621094
70.82315063476562
55.03382873535156
40.392242431640625
71.67971801757812
41.75122833251953
55.983421325683594
58.731136322021484
40.01329803466797
73.86544036865234
58.570228576660156
61.997196197509766
23.735872268676758
43.24205780029297
57.63176345825195
36.968624114990234
45.56077575683594
45.17205810546875
45.85507583618164
61.948917388916016
35.5660400390625
42.39818572998047
53.941307067871094
40.60447311401367
11.19351577758789
27.257951736450195
57.61488723754883
60.619529724121094
20.545568466186523
75.83940887451172
31.6752872467041
47.22217559814453
27.7696590423584
29.53604507446289
36.91707229614258
63.82131576538086
40.10005187988281
35.57886505126953
71.42882537841797
36.81779479980469
24.257261276245117
24.331886291503906
43.90692901611328
45.01773452758789
53.12586212158203
41.44316864013672
32.119598388671875
29.036531448364258
52.86519241333008
71.71923065185547
71.81465911865234
31.766965866088867
41.30967330932617
63.63466262817383
82.35614013671875
62.36844253540039
43.16225051879883
66.0456314086914
30.30143165588379
57.37249755859375
27.48367691040039
44.92179489135742
54.79716491699219
40.850799560546875
37.090877532958984
48.97555923461914
25.26842498779297
55.03057098388672
82.04146575927734
51.54395294189453
53.270294189453125
18.555774688720703
79.79293823242188
52.8544807434082
37.90318298339844
45.9437255859375
57.47500991821289
20.434545516967773
54.57817077636719
26.42141342163086
30.871702194213867
62.41057586669922
58.64816665649414
28.73365592956543
58.24308395385742
52.43061828613281
78.27438354492188
35.54979705810547
13.143208503723145
19.09705352783203
34.31049728393555
61.45375442504883
36.28517532348633
64.39801788330078
51.47712707519531
41.58202362060547
40.71356201171875
36.134700775146484
53.222896575927734
39.83740234375
43.23454666137695
30.423620223999023
49.42966079711914
52.950408935546875
58.36557388305664
58.81346130371094
59.46067428588867
15.932329177856445
7.154159069061279
38.35722351074219
59.075260162353516
36.47102737426758
44.253360748291016
62.944541931152344
37.85891342163086
58.016151428222656
26.831188201904297
63.530242919921875
33.658775329589844
33.49516677856445
30.264209747314453
39.80183410644531
50.9605827331543
65.64952850341797
62.65991973876953
33.42808532714844
27.675525665283203
18.81295394897461
19.62366485595703
40.208961486816406
54.29090118408203
69.48018646240234
31.653873443603516
80.4823226928711
78.00871276855469
54.32790756225586
56.248634338378906
46.87355422973633
32.18163299560547
41.622501373291016
67.98210906982422
49.07179260253906
60.4054069519043
43.84724807739258
40.56489562988281
28.786235809326172
62.58002471923828
72.78880310058594
32.705448150634766
54.007904052734375
73.78091430664062
81.38472747802734
54.188507080078125
48.62651443481445
66.03277587890625
25.050067901611328
35.52322006225586
73.2542724609375
55.70415496826172
56.770137786865234
24.51239776611328
26.898242950439453
61.03685760498047
38.189903259277344
72.32388305664062
63.84181594848633
40.82282257080078
36.55860900878906
32.27973937988281
45.935909271240234
48.603580474853516
58.57032775878906
58.279747009277344
41.74992370605469
60.7486686706543
64.28842163085938
34.49155807495117
42.09544372558594
23.299707412719727
31.050251007080078
30.32811164855957
33.86692428588867
95.297607421875
36.53026580810547
55.62467575073242
53.58189392089844
8.379305839538574
57.704994201660156
43.86222457885742
63.415557861328125
44.77177429199219
21.105493545532227
52.461761474609375
44.7324333190918
66.67391204833984
43.82181167602539
30.34323501586914
46.776710510253906
35.84452438354492
42.55304718017578
45.21416091918945
55.45817184448242
59.339630126953125
49.2891960144043
52.188228607177734
46.44277572631836
40.95729064941406
24.847721099853516
55.62013626098633
33.122215270996094
22.016876220703125
64.01799011230469
35.296180725097656
46.804439544677734
79.03862762451172
33.84495162963867
57.8100700378418
43.09709548950195
72.57008361816406
48.13081359863281
47.96553421020508
39.77796173095703
36.85308837890625
66.26436614990234
51.40397644042969
35.04731369018555
67.41619873046875
56.12217712402344
27.684415817260742
70.74138641357422
66.66578674316406
48.950111389160156
50.32836151123047
35.444862365722656
61.5993537902832
62.26359558105469
34.89488220214844
65.7863998413086
43.55811309814453
76.44891357421875
33.57975769042969
51.16741943359375
34.321510314941406
12.607121467590332
24.568748474121094
60.54251480102539
27.227638244628906
57.360774993896484
32.19872283935547
21.89091682434082
53.338111877441406
62.759864807128906
54.195640563964844
37.82590866088867
40.98521041870117
46.79804992675781
33.487735748291016
45.057586669921875
53.483192443847656
42.876014709472656
72.66937255859375
70.6872329711914
35.74546813964844
63.8071403503418
53.058509826660156
59.86507797241211
48.05073928833008
52.77138137817383
40.62688064575195
47.11769485473633
43.34425354003906
46.79389953613281
47.133304595947266
44.13227844238281
60.28581237792969
37.214508056640625
48.088077545166016
67.44758605957031
46.93560791015625
45.94477844238281
74.6346664428711
49.7166633605957
66.57981872558594
55.78559112548828
36.23884963989258
42.201961517333984
31.04622459411621
46.21521759033203
23.976802825927734
76.35907745361328
30.67450714111328
36.288936614990234
20.36901092529297
47.07548522949219
49.7265510559082
55.46254348754883
28.22090721130371
42.96644592285156
55.142303466796875
18.388498306274414
45.995357513427734
31.280048370361328
55.349281311035156
43.0800666809082
46.16791534423828
26.467679977416992
44.35762405395508
31.942689895629883
39.5267333984375
43.0825080871582
43.79356384277344
47.705406188964844
36.92066192626953
41.76343536376953
30.025846481323242
32.44367980957031
44.592227935791016
43.928802490234375
40.93635559082031
33.9475212097168
56.3400993347168
56.78561019897461
35.50132751464844
37.51813507080078
51.31595230102539
51.57794189453125
21.107513427734375
59.673641204833984
36.91051483154297
58.9102783203125
47.93293762207031
13.212455749511719
27.144758224487305
52.14218521118164
30.84222984313965
43.72514724731445
22.679954528808594
73.08390808105469
42.227664947509766
61.64484405517578
46.37076187133789
40.291568756103516
71.03412628173828
46.587032318115234
66.3927993774414
72.00526428222656
43.81846618652344
36.83549880981445
37.74694061279297
65.47339630126953
35.566688537597656
46.83946228027344
65.1362075805664
85.81884765625
24.42281150817871
62.29602813720703
62.52224349975586
31.193653106689453
47.49508285522461
78.82124328613281
59.3536491394043
46.565731048583984
49.86478042602539
54.53425216674805
65.05547332763672
28.585918426513672
59.571258544921875
52.195037841796875
49.44831085205078
53.87624740600586
47.667816162109375
46.20948028564453
58.72256851196289
46.41571044921875
40.030853271484375
46.51765823364258
63.977577209472656
46.69011306762695
86.77277374267578
73.96393585205078
75.59822082519531
5.398676872253418
65.50135040283203
54.616180419921875
54.77425003051758
29.00040626525879
51.60704803466797
75.58580017089844
38.76607131958008
61.949554443359375
50.240474700927734
99.61363983154297
63.59613800048828
58.72075653076172
57.00386047363281
81.06172943115234
65.51239013671875
39.78025817871094
16.79900550842285
59.45061492919922
45.53788375854492
72.81269073486328
64.19071197509766
63.81455993652344
66.09912109375
40.10588836669922
43.10594940185547
75.18329620361328
10.7239990234375
76.57086944580078
33.488529205322266
20.772600173950195
33.863365173339844
39.56865692138672
46.549705505371094
30.12225914001465
36.4539794921875
56.362632751464844
54.06627655029297
54.7640380859375
61.297847747802734
52.08354949951172
33.37191390991211
44.447227478027344
59.21893310546875
62.13798904418945
47.862892150878906
47.44303512573242
34.46176528930664
26.830291748046875
65.42190551757812
52.28179168701172
48.11900329589844
28.552799224853516
50.60002899169922
56.89988327026367
46.928470611572266
70.73716735839844
62.52134323120117
63.18129348754883
53.023399353027344
42.26304626464844
58.355430603027344
33.76081085205078
46.192359924316406
42.61957931518555
52.88774490356445
66.40540313720703
59.880374908447266
63.81459045410156
40.4498291015625
51.885772705078125
41.096031188964844
41.6905632019043
32.12479782104492
32.637638092041016
24.953048706054688
62.94771194458008
40.88513946533203
38.445674896240234
70.58708953857422
59.08884048461914
50.79896545410156
55.353267669677734
60.533966064453125
59.7735710144043
43.675323486328125
41.9668083190918
42.44099044799805
37.88114547729492
34.62332534790039
50.28223419189453
82.44092559814453
73.18866729736328
33.77613830566406
55.06411361694336
41.4468879699707
50.013458251953125
33.00732421875
31.04097557067871
44.6170654296875
27.38581085205078
33.33897018432617
67.23775482177734
53.82931137084961
67.25679779052734
37.39421463012695
64.13652038574219
36.9700813293457
47.89373016357422
53.609275817871094
44.77301025390625
47.864837646484375
87.7782974243164
63.73600387573242
35.069339752197266
45.03730773925781
12.343852996826172
57.962158203125
47.426780700683594
33.66291809082031
58.85520553588867
75.94621276855469
45.72089385986328
70.33094787597656
48.2957878112793
58.1305046081543
28.9271240234375
39.54292297363281
51.277496337890625
64.47531127929688
39.78752517700195
43.737937927246094
19.34773826599121
44.72439956665039
26.304533004760742
61.198516845703125
37.50972366333008
37.34025192260742
20.97821044921875
56.51115798950195
45.17338562011719
48.403404235839844
57.07495880126953
54.655582427978516
54.26942825317383
57.06568145751953
59.99134063720703
34.16905975341797
54.64799118041992
51.18976974487305
40.86695098876953
69.9511947631836
28.751066207885742
42.23465347290039
32.088802337646484
59.68458557128906
72.47175598144531
22.753019332885742
53.66548538208008
41.98291778564453
58.10002136230469
65.90034484863281
36.90021896362305
61.30371856689453
46.24277877807617
52.94840621948242
53.063533782958984
72.4528579711914
66.48155212402344
50.34702682495117
53.79197311401367
27.141342163085938
53.75617980957031
59.23967361450195
49.6465950012207
11.443059921264648
66.32173156738281
31.61904525756836
32.01662063598633
36.21091079711914
32.903038024902344
13.621026992797852
38.012447357177734
63.240116119384766
51.016117095947266
38.02541732788086
51.76927185058594
49.4407958984375
33.48169708251953
30.100522994995117
21.189556121826172
22.68866729736328
30.51059341430664
39.230445861816406
38.99771499633789
76.42103576660156
14.657398223876953
28.31534767150879
49.05242156982422
34.53668212890625
52.374691009521484
46.65262985229492
44.22784423828125
52.331031799316406
48.05634307861328
55.72818374633789
39.55927658081055
24.2495174407959
39.15683364868164
47.38285827636719
53.036231994628906
34.07688903808594
68.10354614257812
27.08331298828125
52.763797760009766
65.27114868164062
38.394378662109375
63.20206832885742
66.3795166015625
13.970183372497559
36.52094650268555
52.08409118652344
33.66105651855469
42.80815505981445
61.78144836425781
48.139347076416016
44.1284065246582
54.971126556396484
67.48690795898438
22.190439224243164
39.919124603271484
61.801414489746094
44.12350845336914
21.787107467651367
52.314937591552734
60.416725158691406
52.225154876708984
91.24005126953125
41.54692459106445
35.257450103759766
71.02490234375
50.323421478271484
35.31643295288086
36.875267028808594
33.37411880493164
51.20272445678711
54.468231201171875
50.00355911254883
28.242094039916992
37.521400451660156
48.40626907348633
41.215370178222656
53.836917877197266
37.34962844848633
58.527427673339844
48.81072235107422
63.11144256591797
50.09873962402344
56.44242477416992
56.175514221191406
39.362159729003906
46.75981140136719
72.96338653564453
20.597335815429688
26.487369537353516
96.20779418945312
89.84772491455078
49.124267578125
43.185333251953125
61.69520950317383
42.411643981933594
35.081417083740234
55.3322868347168
14.083538055419922
42.532840728759766
35.88233184814453
58.31955337524414
38.50082778930664
44.042518615722656
67.11817169189453
77.14811706542969
50.82794189453125
42.49620056152344
50.61811828613281
31.279170989990234
41.27692794799805
39.861114501953125
39.18918991088867
39.597023010253906
36.58068084716797
68.05767059326172
47.98332214355469
44.40427017211914
48.005393981933594
22.663908004760742
46.38964080810547
61.936031341552734
64.2816390991211
36.80057144165039
62.64773941040039
44.784847259521484
57.67290115356445
51.91613006591797
43.579097747802734
47.216983795166016
43.90171432495117
57.099830627441406
64.42909240722656
20.36079978942871
25.21869468688965
45.28815460205078
29.69317054748535
26.925823211669922
49.846954345703125
30.831348419189453
54.81879425048828
41.450767517089844
33.923213958740234
64.96925354003906
47.57344436645508
55.35232162475586
54.352256774902344
40.476497650146484
56.11803436279297
79.49185180664062
41.173439025878906
50.35293960571289
24.887300491333008
53.705841064453125
57.700523376464844
40.59053039550781
26.552358627319336
75.02284240722656
62.50419616699219
23.583778381347656
67.81080627441406
55.51972198486328
32.30557632446289
66.37916564941406
20.790321350097656
46.82426834106445
37.990516662597656
58.48036575317383
79.91688537597656
66.23484802246094
34.2305908203125
81.70246124267578
16.888408660888672
35.28438949584961
67.95603942871094
35.28154754638672
61.495208740234375
57.33554458618164
54.491539001464844
46.37760543823242
14.743722915649414
36.05348587036133
32.77289962768555
77.13976287841797
85.03892517089844
34.31892013549805
53.54841613769531
67.05960083007812
73.4895248413086
60.802433013916016
48.82412338256836
75.73934173583984
47.95446014404297
50.58486557006836
55.32931137084961
56.61504364013672
47.014198303222656
40.67850875854492
47.15227508544922
60.62472152709961
52.99275588989258
53.75831604003906
31.140283584594727
38.454429626464844
23.164907455444336
41.22347640991211
39.317970275878906
47.964107513427734
52.84490203857422
36.99352264404297
54.62959671020508
42.26801300048828
38.19606018066406
37.9400634765625
71.86825561523438
39.065303802490234
35.61288070678711
23.928709030151367
37.86332321166992
27.602649688720703
69.75106048583984
41.86063766479492
35.504913330078125
68.04497528076172
38.21908950805664
49.2158088684082
69.17891693115234
19.726093292236328
53.87893295288086
43.318084716796875
30.36568260192871
53.385704040527344
47.14714431762695
49.076148986816406
25.860504150390625
34.51836395263672
26.760629653930664
40.960777282714844
81.00802612304688
37.5132942199707
60.672340393066406
52.03214645385742
30.87761116027832
29.836807250976562
52.92302703857422
59.27607727050781
54.404762268066406
49.55162048339844
42.945457458496094
61.13270568847656
43.92673873901367
53.76582717895508
44.268306732177734
33.77760314941406
41.80526351928711
42.785125732421875
32.749549865722656
58.71787643432617
45.17251968383789
50.332054138183594
47.07643508911133
17.634010314941406
49.68614196777344
32.72596740722656
32.99885559082031
54.3931884765625
35.232025146484375
53.51498031616211
35.56492614746094
58.04108810424805
65.52941131591797
59.0759391784668
29.261119842529297
18.818483352661133
24.91909408569336
61.2333984375
44.19279098510742
37.562164306640625
66.0605697631836
