9.554939270019531
32.304168701171875
45.60433578491211
35.67567443847656
29.363588333129883
39.06350326538086
37.76043701171875
30.52263069152832
38.1087532043457
47.71586608886719
29.64909553527832
11.38526439666748
34.86849594116211
23.75577735900879
24.256362915039062
19.11621856689453
36.852718353271484
29.823123931884766
49.84665298461914
12.5034761428833
36.572792053222656
16.426862716674805
41.854270935058594
28.944734573364258
14.67629337310791
16.588808059692383
32.829925537109375
34.999298095703125
21.008041381835938
51.8156623840332
30.173303604125977
50.79341125488281
22.49369239807129
28.64055824279785
5.431375026702881
34.53483963012695
27.318357467651367
28.118906021118164
41.295841217041016
41.7794189453125
26.108280181884766
13.752756118774414
25.0396671295166
27.041868209838867
49.88140869140625
33.39311218261719
51.24958801269531
49.31758117675781
30.870895385742188
29.908653259277344
32.3907356262207
34.53990173339844
28.643421173095703
44.569541931152344
23.61021614074707
38.34141159057617
45.0539665222168
39.423133850097656
30.865758895874023
12.726733207702637
30.568586349487305
37.47311782836914
39.721588134765625
41.65568923950195
33.612876892089844
77.81757354736328
15.854680061340332
46.179466247558594
19.636295318603516
24.0367488861084
18.087196350097656
28.854480743408203
33.33229064941406
17.661975860595703
20.622468948364258
32.25077438354492
17.883705139160156
33.808197021484375
22.18197250366211
37.76230239868164
59.655399322509766
19.572193145751953
40.5439453125
16.340866088867188
33.27239227294922
26.579408645629883
44.93209457397461
17.182435989379883
18.913509368896484
27.827695846557617
13.985608100891113
21.76818084716797
17.91825294494629
41.98906707763672
20.010822296142578
15.544689178466797
33.41802215576172
32.77736282348633
56.49220657348633
17.558460235595703
41.828365325927734
6.35452127456665
20.556350708007812
37.18883514404297
29.54994010925293
19.947961807250977
22.32294273376465
48.576820373535156
11.543736457824707
38.34611511230469
22.31760597229004
21.448200225830078
30.499853134155273
44.2515869140625
28.24356460571289
33.547847747802734
20.231754302978516
27.566299438476562
26.866790771484375
50.6661491394043
16.624614715576172
29.53664207458496
20.398941040039062
44.22141647338867
38.812625885009766
38.935340881347656
32.636146545410156
25.32328987121582
25.870826721191406
32.31595230102539
31.466951370239258
29.663068771362305
19.93682289123535
32.8917236328125
18.67535400390625
36.53688049316406
36.15482711791992
38.62299728393555
22.0817928314209
58.846256256103516
15.618492126464844
38.728939056396484
43.33496856689453
42.48321533203125
26.855751037597656
25.602577209472656
22.746200561523438
11.276651382446289
26.97576141357422
61.23241424560547
14.139352798461914
25.99614143371582
38.48704528808594
52.52819061279297
33.093204498291016
30.945606231689453
27.423677444458008
46.9472541809082
42.36846923828125
30.366912841796875
34.50223922729492
25.240705490112305
21.552101135253906
20.207012176513672
24.869234085083008
25.82425880432129
32.92232131958008
47.12601852416992
9.902599334716797
29.302013397216797
46.0452995300293
19.219234466552734
21.203960418701172
23.227975845336914
15.653573036193848
39.0187873840332
45.51982879638672
33.23103713989258
25.90772247314453
26.23444175720215
19.639808654785156
23.524980545043945
49.2393684387207
19.991994857788086
36.7129020690918
25.306798934936523
46.95536422729492
27.386859893798828
21.778141021728516
55.04132843017578
19.614519119262695
31.519779205322266
22.253068923950195
40.68696594238281
24.498376846313477
37.926387786865234
18.08899688720703
8.256211280822754
43.11574172973633
47.37800598144531
47.09187316894531
15.840082168579102
43.066802978515625
42.73898696899414
34.43699645996094
18.093568801879883
13.16628646850586
42.27733612060547
20.501129150390625
28.022815704345703
19.07123374938965
26.047346115112305
24.705129623413086
25.606605529785156
26.907228469848633
15.990265846252441
28.572723388671875
38.16513442993164
28.53101348876953
22.4968204498291
19.719148635864258
44.93037033081055
40.35851287841797
30.05445671081543
15.275297164916992
26.096221923828125
22.62999153137207
32.828060150146484
42.106746673583984
25.6667537689209
36.924720764160156
12.046980857849121
25.25136375427246
21.314056396484375
24.56925392150879
27.48964500427246
12.399016380310059
26.18134880065918
49.153114318847656
39.75136947631836
25.56629180908203
22.7189998626709
9.725342750549316
17.729595184326172
42.25819778442383
13.281610488891602
14.646817207336426
54.154457092285156
33.10398483276367
20.113431930541992
15.457963943481445
19.721843719482422
35.895931243896484
30.9997501373291
18.521081924438477
20.884828567504883
38.585933685302734
35.747344970703125
42.6091423034668
41.48716354370117
24.272682189941406
41.39692306518555
28.580652236938477
20.84237289428711
44.5313835144043
18.380571365356445
26.00970458984375
16.468196868896484
32.21428298950195
21.441265106201172
31.649200439453125
27.329025268554688
26.20732879638672
16.74366569519043
21.30190086364746
29.49167251586914
26.00754737854004
30.609169006347656
21.82282257080078
47.93031311035156
38.85303497314453
47.11389923095703
17.624784469604492
22.00206184387207
28.097572326660156
21.16131019592285
31.40172576904297
43.06972885131836
46.95092010498047
31.044857025146484
13.177414894104004
30.09661293029785
27.882326126098633
41.479949951171875
11.57813835144043
24.52618980407715
21.439435958862305
43.6724967956543
50.971160888671875
46.54948043823242
12.369513511657715
17.889678955078125
30.17003059387207
25.119937896728516
39.14457702636719
21.304651260375977
45.61762237548828
37.61947250366211
41.56731033325195
16.3094539642334
28.087255477905273
18.141542434692383
20.945886611938477
25.374263763427734
15.358880043029785
13.37824821472168
29.708545684814453
16.609214782714844
30.938879013061523
17.733985900878906
20.366655349731445
18.336463928222656
28.20765495300293
68.49949645996094
21.848554611206055
33.70961380004883
32.28490447998047
19.468074798583984
35.17329406738281
41.40605163574219
44.73574447631836
37.76896286010742
11.254572868347168
16.422460556030273
23.222505569458008
49.82644271850586
32.55455017089844
34.82387924194336
31.72930145263672
31.018890380859375
17.44783592224121
37.56663513183594
53.1367073059082
21.68383026123047
27.900718688964844
19.91995620727539
29.381019592285156
55.888587951660156
7.547664642333984
23.706985473632812
23.572965621948242
31.42241859436035
42.63739776611328
17.318334579467773
35.3331413269043
32.73692321777344
41.49876403808594
16.88062286376953
34.04690933227539
25.214553833007812
36.93239974975586
30.206478118896484
15.184588432312012
20.62087631225586
25.586502075195312
29.7867374420166
25.007600784301758
19.93773078918457
35.75574493408203
19.482620239257812
31.998964309692383
35.406742095947266
36.95817565917969
16.560697555541992
22.059165954589844
44.89732360839844
57.35844039916992
31.61470603942871
32.22120666503906
27.39044761657715
52.42274475097656
38.90916061401367
32.09176254272461
36.48869705200195
20.73834228515625
18.726543426513672
29.258224487304688
47.02206039428711
27.397676467895508
45.530452728271484
22.991052627563477
27.420244216918945
33.0699348449707
24.317665100097656
22.896554946899414
49.6720085144043
16.770769119262695
19.8864688873291
22.65639305114746
41.90211486816406
37.920562744140625
61.215431213378906
35.70225524902344
38.44367980957031
40.88080596923828
9.04782772064209
17.96316146850586
23.741939544677734
35.3028564453125
20.35230255126953
36.43244552612305
30.759395599365234
35.52423858642578
42.37181091308594
59.55940628051758
5.617785453796387
42.708011627197266
29.69900131225586
15.677835464477539
24.770732879638672
31.1503963470459
32.76626205444336
25.542388916015625
19.698177337646484
20.073890686035156
47.21508026123047
22.24150276184082
24.378164291381836
22.64987564086914
12.015975952148438
27.233366012573242
42.59529113769531
28.430818557739258
23.440601348876953
28.27117347717285
36.17393112182617
23.527198791503906
19.86135482788086
46.09241485595703
59.2823371887207
16.133298873901367
32.23448181152344
47.66869354248047
52.35555648803711
11.891067504882812
32.02897262573242
38.45087814331055
28.089664459228516
17.849044799804688
25.0134220123291
18.50308609008789
30.81243133544922
14.54287338256836
48.23136520385742
18.646366119384766
35.527164459228516
24.922685623168945
50.68901062011719
49.711856842041016
22.61841583251953
47.489749908447266
33.59809494018555
48.20099639892578
33.84638977050781
35.12303924560547
32.449440002441406
35.17195510864258
16.901758193969727
41.898441314697266
26.35123634338379
37.603721618652344
27.92388153076172
39.41645431518555
30.89986801147461
33.44218444824219
24.217411041259766
33.04311752319336
19.763233184814453
17.3723201751709
57.22452926635742
32.64210510253906
32.22197723388672
30.82798194885254
27.858539581298828
20.050416946411133
28.06964874267578
22.566436767578125
26.379547119140625
49.674007415771484
36.6966552734375
38.75338363647461
26.71670913696289
26.871549606323242
25.95538330078125
28.94027328491211
7.544720649719238
30.546377182006836
4.915032863616943
27.00377082824707
40.2545166015625
29.119665145874023
22.115896224975586
22.853364944458008
30.10913848876953
34.41025161743164
22.285972595214844
48.076171875
32.55950164794922
31.767730712890625
44.74775314331055
27.248916625976562
24.287858963012695
21.990463256835938
40.311363220214844
20.04844856262207
18.4118595123291
37.81318283081055
7.648495674133301
26.77897834777832
47.19649887084961
20.77366828918457
23.572174072265625
50.40347671508789
30.891353607177734
32.52751922607422
28.37421226501465
41.507568359375
26.49850082397461
23.761112213134766
42.14338302612305
40.76026153564453
15.258930206298828
22.929452896118164
25.715456008911133
29.30043601989746
28.90001678466797
20.796173095703125
28.365694046020508
28.449047088623047
18.244016647338867
27.657978057861328
34.42017364501953
27.850452423095703
26.80364227294922
23.029258728027344
33.372955322265625
7.93907356262207
45.40671157836914
8.629794120788574
11.291796684265137
27.30447769165039
25.00177001953125
28.873825073242188
9.618813514709473
22.405834197998047
27.908607482910156
31.353946685791016
15.505212783813477
27.806808471679688
40.16755294799805
10.480630874633789
30.885408401489258
25.24185562133789
24.024097442626953
21.941261291503906
28.97700309753418
33.44612121582031
31.931785583496094
7.160881996154785
29.11803436279297
24.50159454345703
28.282255172729492
35.778297424316406
35.175479888916016
48.13566589355469
29.99820327758789
45.69901657104492
30.622705459594727
7.530768871307373
42.26398849487305
35.85585403442383
20.472719192504883
33.19252395629883
31.167932510375977
28.65846061706543
42.46845245361328
46.53093338012695
16.585416793823242
14.733457565307617
20.634267807006836
27.0497989654541
43.63856506347656
17.902647018432617
27.210163116455078
32.29303741455078
39.63561248779297
30.053970336914062
28.8833065032959
34.552024841308594
41.85483932495117
19.835201263427734
43.03763961791992
32.0800666809082
26.251623153686523
11.764281272888184
25.84097671508789
2.258704900741577
44.38246154785156
41.58641052246094
28.41790199279785
35.189613342285156
35.50883865356445
50.74152755737305
42.95880126953125
33.96385955810547
20.372905731201172
26.652498245239258
26.94794464111328
59.09040451049805
31.617860794067383
62.80376434326172
25.541440963745117
39.96194839477539
23.847522735595703
41.542083740234375
32.7371826171875
51.148860931396484
21.52947235107422
26.87039566040039
20.68651008605957
41.72492218017578
50.0656623840332
51.29501724243164
40.48457717895508
33.828826904296875
49.521175384521484
23.705425262451172
16.5797061920166
28.05968475341797
47.17006301879883
26.370840072631836
27.82150650024414
27.088499069213867
17.354312896728516
22.19428825378418
10.458441734313965
27.341602325439453
40.210845947265625
21.752044677734375
21.081836700439453
12.703460693359375
33.566226959228516
32.856468200683594
22.27894401550293
19.29920196533203
18.623291015625
23.94239044189453
22.390605926513672
32.29039001464844
28.032310485839844
35.6154899597168
16.9315242767334
28.912046432495117
10.63676929473877
46.56012725830078
36.87067794799805
40.40187454223633
43.145626068115234
8.750566482543945
27.78272819519043
33.168174743652344
26.880308151245117
28.764907836914062
29.470895767211914
28.380929946899414
36.594764709472656
38.63946533203125
28.143957138061523
32.90781784057617
25.551788330078125
31.071821212768555
41.9889030456543
16.483028411865234
16.08257484436035
25.944551467895508
37.54639434814453
26.420166015625
30.69960594177246
36.58692169189453
30.698593139648438
12.767833709716797
25.343669891357422
30.274709701538086
26.924692153930664
28.523401260375977
27.368139266967773
49.14830780029297
18.013267517089844
32.65682601928711
24.783451080322266
20.35499382019043
24.30536460876465
27.215007781982422
21.38883399963379
24.396442413330078
5.82876443862915
61.66409683227539
33.37281036376953
12.758755683898926
45.112735748291016
49.23514938354492
11.796127319335938
17.887592315673828
32.01716232299805
34.61903762817383
20.087966918945312
11.036758422851562
24.17705535888672
35.93346405029297
26.593059539794922
5.711495876312256
44.74552536010742
22.22687530517578
34.06494140625
7.847028732299805
46.12673568725586
33.82063293457031
26.0495662689209
42.37688064575195
49.795814514160156
19.407230377197266
35.95258331298828
22.61531639099121
22.69361114501953
16.320941925048828
19.119953155517578
26.995758056640625
29.81108856201172
21.750638961791992
19.77520179748535
26.429399490356445
38.97454071044922
36.390220642089844
29.117643356323242
25.848949432373047
27.435819625854492
67.71173858642578
31.61554718017578
31.425472259521484
20.953187942504883
32.92424011230469
42.875301361083984
28.563629150390625
21.571279525756836
24.818666458129883
27.303394317626953
34.3118896484375
31.670711517333984
45.14282989501953
28.22332000732422
43.9337043762207
21.314085006713867
21.758981704711914
36.57903289794922
48.150203704833984
34.131107330322266
23.899168014526367
51.22255325317383
47.33021545410156
6.686207294464111
32.66278076171875
33.301151275634766
52.15347671508789
36.03510284423828
14.275338172912598
18.12883758544922
26.98596954345703
12.70738410949707
25.2325382232666
40.59801483154297
40.57042694091797
21.626659393310547
25.77459144592285
40.108978271484375
26.023223876953125
54.83496856689453
35.81021499633789
24.46410369873047
40.208229064941406
59.39051055908203
28.462860107421875
42.677974700927734
29.09408950805664
15.232786178588867
36.83314514160156
49.10121536254883
24.01483917236328
25.2010555267334
37.52516174316406
30.232921600341797
22.247434616088867
40.084659576416016
5.113193511962891
43.94295120239258
22.69721794128418
16.09102439880371
41.638526916503906
21.237783432006836
37.903358459472656
14.497780799865723
18.752979278564453
19.195981979370117
29.6279239654541
21.483266830444336
41.564537048339844
30.353391647338867
33.763816833496094
28.55717658996582
24.126480102539062
24.85610580444336
27.85308837890625
40.75688934326172
24.488317489624023
30.725040435791016
20.33411979675293
39.05617904663086
26.74859619140625
19.225126266479492
23.654653549194336
27.308141708374023
30.748210906982422
48.085323333740234
46.23539352416992
20.004491806030273
28.898632049560547
26.537109375
17.13829231262207
15.912494659423828
24.974651336669922
25.58238410949707
17.064531326293945
64.55585479736328
28.585702896118164
20.503929138183594
34.48562240600586
46.30312728881836
10.487349510192871
43.310546875
24.71366310119629
37.33590316772461
15.059491157531738
7.924317836761475
34.32965850830078
48.055938720703125
25.37238121032715
35.58829879760742
14.45217227935791
29.396347045898438
34.69645690917969
28.02325439453125
38.83349609375
43.516204833984375
35.91920852661133
20.072511672973633
13.454073905944824
35.46772003173828
30.107807159423828
41.31792449951172
30.42670440673828
22.78170394897461
38.3665885925293
3.311898946762085
20.81915855407715
13.88896369934082
41.43679428100586
38.39970779418945
42.70420455932617
33.604427337646484
11.116509437561035
39.93049621582031
48.777061462402344
45.76927947998047
32.13676452636719
11.680551528930664
38.908409118652344
3.5685527324676514
21.96544075012207
46.99578857421875
41.07276916503906
11.082966804504395
24.335391998291016
17.236753463745117
32.141292572021484
24.55473518371582
37.1019172668457
29.329421997070312
12.072023391723633
33.207149505615234
27.220754623413086
26.082984924316406
14.909919738769531
24.710865020751953
17.94741439819336
34.503536224365234
19.976531982421875
19.16864013671875
39.178340911865234
42.56751251220703
37.46626663208008
33.25059509277344
22.714624404907227
39.34284973144531
12.399125099182129
6.20631742477417
9.562037467956543
19.666343688964844
13.925139427185059
27.936471939086914
5.8125319480896
32.984474182128906
33.743438720703125
40.98884201049805
12.103076934814453
15.30078411102295
34.322200775146484
22.328506469726562
43.06155014038086
12.470603942871094
22.28896713256836
34.89576721191406
9.042049407958984
20.434478759765625
59.23099136352539
45.15435791015625
33.58521270751953
5.180194854736328
27.380640029907227
26.052568435668945
19.399248123168945
35.69413757324219
23.126596450805664
16.342723846435547
18.09831428527832
38.34549331665039
30.817975997924805
8.478466033935547
34.863861083984375
38.79792785644531
12.362812042236328
33.58207321166992
28.41859245300293
23.592130661010742
15.708273887634277
35.682865142822266
24.707197189331055
31.982667922973633
22.515125274658203
46.79560852050781
25.506614685058594
34.54521179199219
34.78829574584961
20.58663558959961
8.159272193908691
27.237689971923828
30.45791244506836
41.260292053222656
17.714143753051758
24.878156661987305
25.83110809326172
25.996049880981445
26.962444305419922
20.616201400756836
30.657888412475586
23.361095428466797
33.67980194091797
11.266240119934082
40.160423278808594
25.457162857055664
29.3447208404541
30.43419075012207
26.455467224121094
22.91172218322754
22.521560668945312
34.75568389892578
11.144553184509277
31.304996490478516
44.579689025878906
35.81631088256836
18.901790618896484
21.556737899780273
23.526437759399414
26.358888626098633
19.491249084472656
27.03386878967285
20.029605865478516
37.04407501220703
23.062795639038086
28.876441955566406
23.87645721435547
21.131845474243164
30.340906143188477
37.094154357910156
21.867704391479492
26.4602108001709
21.282054901123047
39.30378341674805
15.59040355682373
27.40777587890625
25.119510650634766
18.334012985229492
28.987382888793945
16.778785705566406
43.725379943847656
17.793479919433594
15.10989761352539
27.513065338134766
52.91835403442383
37.52113723754883
25.85629653930664
13.483996391296387
31.243654251098633
50.22895050048828
66.92227935791016
22.085582733154297
38.705467224121094
42.64153289794922
33.29570007324219
34.05238723754883
33.426822662353516
43.661075592041016
57.800411224365234
42.61996078491211
19.640600204467773
26.67393684387207
33.74143981933594
44.523826599121094
37.96586990356445
44.69023132324219
31.4987735748291
10.909979820251465
44.33285140991211
34.989994049072266
13.41739559173584
27.135894775390625
11.438194274902344
53.59169006347656
15.301435470581055
54.77609634399414
39.20249557495117
10.186789512634277
33.21299362182617
41.93086624145508
32.45149230957031
49.138458251953125
33.788761138916016
40.481101989746094
46.86223220825195
35.87782287597656
43.4776496887207
19.27051544189453
33.115726470947266
24.86737632751465
35.88388442993164
40.747047424316406
20.459550857543945
37.83290481567383
26.184040069580078
31.364622116088867
46.246829986572266
25.934011459350586
31.643081665039062
28.816404342651367
26.1884822845459
34.92601776123047
33.540035247802734
27.221065521240234
26.68651008605957
12.63848876953125
39.92949295043945
28.038227081298828
23.438034057617188
12.439608573913574
25.05985450744629
20.328542709350586
21.210861206054688
37.95634460449219
27.24039077758789
19.968400955200195
35.534793853759766
29.373699188232422
11.6021728515625
9.228323936462402
53.536380767822266
49.855552673339844
39.7501220703125
22.917024612426758
25.877029418945312
22.18182945251465
20.044795989990234
32.717647552490234
40.32319259643555
12.174349784851074
45.947715759277344
16.319740295410156
30.195796966552734
45.71098327636719
37.895301818847656
17.092117309570312
68.8803482055664
37.13343811035156
9.086260795593262
27.744709014892578
17.679771423339844
34.43574142456055
21.204050064086914
50.72935485839844
32.84294128417969
25.576440811157227
23.904306411743164
15.829519271850586
60.07340621948242
45.14923095703125
41.98408508300781
25.647071838378906
53.753509521484375
32.36740493774414
31.37550926208496
48.91789627075195
20.455371856689453
47.01878356933594
39.286460876464844
17.328781127929688
14.094730377197266
6.402551651000977
29.361894607543945
34.591922760009766
44.42087173461914
24.891338348388672
42.1474609375
37.481407165527344
27.541013717651367
22.69642448425293
78.40652465820312
42.12335205078125
45.15940856933594
43.905269622802734
39.709983825683594
29.850093841552734
36.070838928222656
25.1396541595459
18.784088134765625
29.370922088623047
11.821884155273438
10.630906105041504
29.915616989135742
28.77271270751953
18.96002769470215
26.431461334228516
32.630577087402344
41.4354248046875
45.74378204345703
18.570138931274414
25.230323791503906
24.869861602783203
46.69395446777344
18.767925262451172
32.18233871459961
37.05213165283203
44.90742874145508
38.7070426940918
19.109210968017578
47.36313247680664
55.748382568359375
36.952816009521484
9.115262985229492
33.403995513916016
17.973737716674805
23.483232498168945
47.996437072753906
69.63336944580078
37.167266845703125
33.367286682128906
42.60312271118164
42.89673614501953
11.975187301635742
48.3885612487793
42.34672164916992
33.579200744628906
33.09064865112305
27.94196319580078
12.708641052246094
12.775796890258789
19.463457107543945
24.883359909057617
37.841793060302734
37.696861267089844
31.6314697265625
35.7014274597168
24.358104705810547
43.776039123535156
26.31059455871582
27.788246154785156
19.427927017211914
34.02395248413086
21.51226043701172
25.79810333251953
14.979860305786133
15.301153182983398
23.461688995361328
34.96772384643555
35.61540985107422
19.571945190429688
32.120262145996094
31.29231071472168
18.37752342224121
14.869364738464355
49.61197280883789
43.65618133544922
19.405990600585938
24.666418075561523
48.69281768798828
6.442410469055176
22.887147903442383
44.861366271972656
34.68073654174805
45.94553756713867
27.662256240844727
42.16031265258789
32.42023468017578
56.61174774169922
17.850858688354492
28.30963706970215
46.62934112548828
30.773439407348633
11.175066947937012
12.73638916015625
13.700947761535645
21.645193099975586
35.77289581298828
20.044681549072266
47.22835922241211
50.536895751953125
26.7985897064209
23.294858932495117
30.453052520751953
26.752843856811523
30.67443084716797
14.281856536865234
18.05927276611328
27.254520416259766
37.25983810424805
33.411991119384766
28.975740432739258
45.07006072998047
35.407325744628906
5.527509689331055
48.26956558227539
34.70537567138672
18.25877571105957
29.802724838256836
59.66498565673828
26.936729431152344
34.10511779785156
43.292388916015625
34.373966217041016
14.598307609558105
44.48921203613281
39.32024002075195
8.772839546203613
32.91459274291992
19.049266815185547
25.016088485717773
21.047607421875
18.521541595458984
38.3329963684082
12.095778465270996
20.672958374023438
32.15592575073242
22.919172286987305
49.5184326171875
48.194305419921875
23.718801498413086
18.45820426940918
26.76230812072754
27.348936080932617
30.712064743041992
20.375093460083008
51.04846954345703
48.32426071166992
27.855192184448242
32.69511032104492
21.0670223236084
35.8555793762207
29.203258514404297
25.986228942871094
39.796112060546875
32.50236129760742
26.30927085876465
26.561561584472656
31.760059356689453
39.095306396484375
14.47679328918457
29.91790008544922
17.066524505615234
16.56936264038086
38.051856994628906
57.40898513793945
30.119789123535156
17.42713737487793
37.03801345825195
39.75297546386719
24.672998428344727
34.548744201660156
52.15633010864258
38.634456634521484
45.880374908447266
27.44582748413086
48.94438934326172
34.35463333129883
28.990142822265625
38.95401382446289
26.974802017211914
21.35536766052246
11.95434284210205
24.360536575317383
35.884803771972656
23.06203269958496
13.620150566101074
17.905977249145508
13.728437423706055
43.64406204223633
50.06745529174805
32.63720703125
22.57405662536621
37.81427001953125
30.407411575317383
24.090044021606445
28.061586380004883
22.491788864135742
40.88471603393555
66.666748046875
17.80835723876953
36.3073616027832
34.98752975463867
30.58892059326172
25.00176239013672
38.50696563720703
12.976752281188965
31.424734115600586
24.276485443115234
19.12632942199707
29.190942764282227
14.514063835144043
10.919022560119629
24.6859130859375
34.73221206665039
32.40092468261719
15.710616111755371
31.479835510253906
42.15248107910156
25.538097381591797
15.460531234741211
25.07451629638672
34.614871978759766
28.798782348632812
41.90845489501953
57.37827682495117
23.676910400390625
43.55894470214844
30.11286735534668
46.581512451171875
31.09130096435547
57.75908279418945
23.901880264282227
29.948938369750977
26.672874450683594
14.575835227966309
35.96253204345703
27.17283058166504
34.7654914855957
32.92137145996094
10.791479110717773
29.878902435302734
23.55378532409668
39.33474349975586
12.484724998474121
37.7319221496582
28.425376892089844
34.10190963745117
32.59912109375
30.396743774414062
29.728496551513672
38.8942756652832
24.74736976623535
36.57591247558594
16.563241958618164
34.563270568847656
22.247594833374023
21.37961769104004
49.88166046142578
39.25643539428711
37.51810836791992
22.003108978271484
38.84187698364258
42.733917236328125
29.719228744506836
9.116077423095703
25.959491729736328
50.79694747924805
13.6365327835083
25.60993194580078
40.680015563964844
27.99810028076172
26.981000900268555
6.766011714935303
19.31890296936035
33.0759162902832
15.636165618896484
29.304424285888672
53.839202880859375
54.98560333251953
47.15037155151367
23.36324119567871
29.729000091552734
34.31404495239258
31.990901947021484
22.90574836730957
22.607383728027344
32.995025634765625
45.41802215576172
39.16485595703125
14.836958885192871
30.93553924560547
11.436965942382812
20.115962982177734
58.15149688720703
36.34428024291992
56.228363037109375
35.10820770263672
32.073184967041016
34.317840576171875
48.57191848754883
22.06777000427246
18.388444900512695
35.88608169555664
37.09111404418945
32.44294357299805
57.73080825805664
28.641006469726562
30.96644401550293
20.082691192626953
9.255651473999023
32.01145553588867
46.64008712768555
27.43799591064453
18.895601272583008
13.451021194458008
31.464778900146484
51.92314529418945
48.68413543701172
22.429121017456055
15.17677116394043
33.8172492980957
34.72688293457031
13.414924621582031
33.384010314941406
10.650568008422852
53.96638488769531
17.419906616210938
32.05349349975586
54.61773681640625
27.445987701416016
24.000303268432617
43.38083267211914
45.98448181152344
41.506343841552734
7.076503276824951
18.116111755371094
9.613197326660156
42.60803985595703
21.56863021850586
34.444549560546875
22.506759643554688
20.327388763427734
21.347850799560547
25.145719528198242
16.303316116333008
31.713783264160156
44.175228118896484
65.19683837890625
27.749130249023438
40.18082809448242
21.208343505859375
35.42741775512695
28.239795684814453
34.94411849975586
23.382875442504883
34.10471725463867
25.88806915283203
25.061681747436523
32.490875244140625
43.463462829589844
43.29664611816406
18.798152923583984
32.660404205322266
36.34831237792969
24.802400588989258
22.183984756469727
60.147064208984375
18.77920150756836
28.8234806060791
8.774096488952637
16.0324649810791
34.96147918701172
27.313447952270508
36.800567626953125
18.964933395385742
16.399051666259766
32.06059265136719
19.860904693603516
44.95467758178711
30.346715927124023
32.80447006225586
39.42713928222656
19.1337833404541
24.011323928833008
28.26088523864746
46.40412521362305
14.439677238464355
21.9200382232666
70.2124252319336
22.307605743408203
34.96009063720703
84.39305877685547
38.5260009765625
50.06122589111328
22.237747192382812
32.164512634277344
28.30488395690918
13.419800758361816
38.116031646728516
9.672600746154785
36.46887969970703
35.81523513793945
41.93036651611328
34.2866096496582
45.766902923583984
35.64729309082031
14.851869583129883
35.15631866455078
27.393564224243164
62.621368408203125
31.94957733154297
41.059139251708984
18.523738861083984
29.071104049682617
30.91154670715332
24.419147491455078
18.7547664642334
12.189257621765137
26.14476776123047
20.309785842895508
53.97945022583008
50.73861312866211
27.700258255004883
4.375067710876465
37.44785690307617
48.567283630371094
34.751834869384766
31.17382049560547
63.918067932128906
26.734777450561523
30.337432861328125
32.734169006347656
20.71663475036621
25.795881271362305
28.567102432250977
21.635683059692383
38.845577239990234
33.22097396850586
51.98261260986328
12.934414863586426
30.862024307250977
36.562923431396484
25.415679931640625
34.164981842041016
39.592185974121094
22.98147964477539
42.56009292602539
37.46228790283203
54.779808044433594
36.74650192260742
16.59909439086914
26.34885597229004
28.43259048461914
17.18803596496582
29.972383499145508
37.65709686279297
20.338008880615234
21.352737426757812
8.896697044372559
15.980169296264648
53.176021575927734
35.78767013549805
39.928131103515625
35.89873123168945
37.887786865234375
1.996835708618164
26.616844177246094
22.003807067871094
35.922298431396484
24.43761444091797
21.410839080810547
42.94808578491211
44.08578109741211
23.988794326782227
43.771427154541016
23.221757888793945
37.56426239013672
28.378572463989258
23.099153518676758
54.915550231933594
37.947200775146484
16.433204650878906
13.259893417358398
20.597564697265625
17.621387481689453
43.913814544677734
57.46708297729492
20.773069381713867
14.7731294631958
28.40072250366211
34.18893051147461
29.871774673461914
26.828720092773438
27.00023078918457
28.465002059936523
32.811439514160156
21.2962589263916
18.38934326171875
38.390811920166016
18.73043441772461
15.926721572875977
20.774269104003906
47.18684387207031
38.00098419189453
26.60733413696289
41.45619583129883
16.587614059448242
33.3895378112793
44.35696792602539
11.831616401672363
24.68436622619629
47.290164947509766
23.173561096191406
15.969979286193848
41.50499725341797
30.824230194091797
20.909116744995117
29.653268814086914
19.03101921081543
9.315840721130371
16.15878677368164
35.32433319091797
36.40259552001953
20.700931549072266
16.734128952026367
28.324222564697266
16.67629623413086
36.78125762939453
24.40557098388672
34.91240310668945
35.20786666870117
30.612966537475586
14.693244934082031
33.725215911865234
26.845306396484375
29.346221923828125
22.7248592376709
38.027015686035156
22.72454833984375
27.224071502685547
22.77036476135254
19.74155044555664
37.414451599121094
30.89385223388672
32.37138748168945
36.21149444580078
32.59372329711914
27.213092803955078
8.447016716003418
36.89394760131836
47.14918899536133
24.447309494018555
39.70205307006836
26.797624588012695
39.13960266113281
21.66419219970703
33.79438400268555
10.8728609085083
11.36961555480957
46.007286071777344
36.62150573730469
44.2663688659668
29.757678985595703
23.503955841064453
46.999839782714844
36.622764587402344
17.718280792236328
41.03789520263672
30.50450897216797
36.23139190673828
18.549264907836914
20.075937271118164
55.0388069152832
29.682165145874023
31.594654083251953
27.556936264038086
61.70691680908203
12.054418563842773
31.101089477539062
23.148914337158203
20.43116569519043
15.921815872192383
25.551908493041992
41.6550407409668
21.886978149414062
33.507286071777344
50.635009765625
24.701358795166016
23.210561752319336
19.046680450439453
21.643657684326172
28.487817764282227
15.974156379699707
22.449907302856445
37.55327606201172
23.889041900634766
32.242225646972656
27.731740951538086
20.770732879638672
37.77976989746094
22.163022994995117
25.01738929748535
31.987863540649414
21.849180221557617
35.35439682006836
15.345063209533691
43.31659698486328
14.73544692993164
16.57868003845215
27.2908935546875
31.38755989074707
30.630882263183594
29.45412826538086
29.842866897583008
18.54503631591797
18.03165626525879
38.234683990478516
30.029878616333008
47.42738342285156
25.35862922668457
11.27400016784668
23.148513793945312
40.44247817993164
79.16598510742188
47.794525146484375
35.860626220703125
19.560749053955078
46.4073371887207
19.256919860839844
24.54886245727539
31.7432918548584
15.163895606994629
46.41288757324219
33.41363525390625
24.811044692993164
24.13338851928711
14.91544246673584
38.91291809082031
39.942649841308594
22.78078842163086
8.958941459655762
20.638702392578125
39.50438690185547
25.22430992126465
36.534671783447266
18.34146499633789
16.75328254699707
22.57784080505371
31.78257179260254
46.8495979309082
20.456464767456055
26.276174545288086
13.808536529541016
23.701677322387695
19.721282958984375
34.53293228149414
20.339923858642578
32.65745162963867
25.08000373840332
15.794461250305176
41.63442611694336
39.14931869506836
23.191442489624023
23.65862464904785
30.27737808227539
41.26783752441406
32.10078430175781
50.95819091796875
7.081028461456299
19.192028045654297
33.181861877441406
16.764856338500977
26.017711639404297
22.0430908203125
20.921159744262695
47.722835540771484
33.662933349609375
5.278728485107422
28.44593620300293
19.13931655883789
20.742746353149414
6.9696125984191895
50.80263900756836
26.424577713012695
22.837100982666016
27.63763999938965
42.48480224609375
29.546018600463867
13.730022430419922
22.467975616455078
15.924724578857422
14.459527969360352
15.879581451416016
13.493698120117188
25.451583862304688
54.75498580932617
6.446584701538086
31.353330612182617
32.825565338134766
27.0273494720459
18.286998748779297
28.589351654052734
48.416439056396484
18.39396095275879
26.997655868530273
37.25984191894531
31.48176383972168
14.857586860656738
38.909297943115234
43.339599609375
35.18196105957031
31.164201736450195
21.852567672729492
44.78889465332031
43.042667388916016
31.556896209716797
48.94211196899414
37.67747116088867
23.385311126708984
56.60823440551758
16.016782760620117
33.38010787963867
33.571533203125
27.344331741333008
38.13196563720703
22.43609619140625
51.628089904785156
9.315659523010254
27.09143829345703
34.48628616333008
38.807559967041016
20.488670349121094
27.24347686767578
30.227643966674805
35.13539123535156
29.843610763549805
16.971717834472656
30.449161529541016
47.579288482666016
63.71659851074219
26.745532989501953
41.483726501464844
30.717763900756836
31.761798858642578
35.14637756347656
32.685550689697266
43.044158935546875
41.965824127197266
40.27699661254883
51.206207275390625
15.835505485534668
24.963130950927734
9.88772201538086
11.727008819580078
43.20280838012695
10.207146644592285
18.15468406677246
17.93056869506836
55.44331359863281
10.436776161193848
39.739322662353516
26.071483612060547
33.468406677246094
16.53801727294922
29.80607032775879
30.214540481567383
39.23290252685547
39.38429641723633
20.392168045043945
44.49759292602539
19.321653366088867
14.124994277954102
24.6468505859375
7.956506252288818
57.543216705322266
27.82569122314453
24.041118621826172
15.66973876953125
31.46244239807129
25.645639419555664
30.868440628051758
43.74242401123047
35.4929313659668
21.09501838684082
36.01451110839844
29.02414894104004
31.83810806274414
22.778844833374023
25.600921630859375
33.400230407714844
16.65386390686035
34.369022369384766
29.55199432373047
32.77131652832031
19.42671775817871
57.43385314941406
32.65839767456055
33.78131866455078
33.85048294067383
24.573102951049805
32.371429443359375
22.094518661499023
17.451622009277344
26.683305740356445
59.297672271728516
32.166290283203125
38.541072845458984
28.637550354003906
58.63303756713867
32.55255126953125
58.471282958984375
22.196928024291992
54.990478515625
18.310792922973633
42.39540481567383
32.3955192565918
20.5665340423584
31.917552947998047
39.79779052734375
36.44102478027344
27.85169792175293
23.82960319519043
31.084617614746094
24.415346145629883
26.457901000976562
34.531375885009766
34.86166763305664
40.75278854370117
32.89167022705078
34.634765625
30.68665313720703
35.17662811279297
14.353066444396973
25.052459716796875
20.400428771972656
22.50956916809082
15.790234565734863
57.21601486206055
26.024288177490234
27.883880615234375
19.58733367919922
19.90211296081543
27.85309600830078
35.30820846557617
46.198787689208984
20.870248794555664
28.5422306060791
37.81510925292969
29.74205207824707
34.1765251159668
26.591394424438477
45.02198028564453
23.47968864440918
29.478796005249023
27.209522247314453
31.937131881713867
36.85759353637695
21.149093627929688
34.49112319946289
48.893089294433594
16.621938705444336
35.932735443115234
18.08529281616211
32.940895080566406
4.933824062347412
52.881046295166016
15.552828788757324
2.2232470512390137
55.70238494873047
36.93416976928711
10.147581100463867
29.692729949951172
34.522705078125
32.700008392333984
25.566627502441406
40.16671371459961
65.0833969116211
48.42817306518555
26.740015029907227
34.57905197143555
48.532623291015625
20.22756004333496
43.57687759399414
62.69196701049805
23.46013832092285
27.96234130859375
52.57926940917969
23.58715057373047
39.465919494628906
38.865535736083984
21.50756072998047
38.922760009765625
26.618736267089844
40.21796798706055
25.65149688720703
32.85966110229492
38.13043212890625
48.71232986450195
33.1485481262207
31.27178955078125
31.638763427734375
40.303462982177734
37.0152702331543
21.416488647460938
20.021955490112305
40.05747604370117
23.209823608398438
20.401479721069336
27.01722526550293
34.87904357910156
21.437877655029297
14.42223072052002
31.20511817932129
31.964120864868164
36.62846374511719
13.190674781799316
31.94681167602539
38.88743591308594
15.343421936035156
28.049596786499023
21.264986038208008
23.62902069091797
24.33016586303711
16.988901138305664
22.884262084960938
45.90812683105469
38.782840728759766
43.808250427246094
3.1777827739715576
7.012275695800781
20.172529220581055
37.07684326171875
35.65890121459961
43.390323638916016
50.3547477722168
37.62277603149414
16.971050262451172
9.07520580291748
7.2649993896484375
33.93597412109375
21.606258392333984
28.213329315185547
22.858211517333984
25.83871078491211
43.64179229736328
37.35183334350586
13.71932315826416
27.770288467407227
37.02650833129883
33.18497848510742
33.625370025634766
12.20055103302002
34.24824523925781
61.257572174072266
29.08563995361328
22.15898895263672
18.324434280395508
12.341391563415527
22.373260498046875
24.065738677978516
22.293527603149414
20.783369064331055
30.56017303466797
25.962800979614258
25.90630531311035
18.129749298095703
23.56660270690918
26.94670867919922
31.0382022857666
20.97222328186035
10.733062744140625
30.862403869628906
24.519912719726562
26.61490249633789
28.0811767578125
23.20751953125
46.509639739990234
25.72901725769043
16.616376876831055
28.069849014282227
35.06471252441406
22.74582290649414
41.87968826293945
19.7822208404541
37.90908432006836
10.78621768951416
26.950780868530273
39.32662582397461
43.858436584472656
19.613170623779297
46.87398147583008
64.36675262451172
36.29939651489258
34.8466911315918
15.537376403808594
34.882572174072266
53.59212875366211
40.63563537597656
53.74272918701172
33.57768630981445
41.03367233276367
27.756969451904297
32.7828369140625
31.6812744140625
19.73541831970215
32.72610092163086
38.724788665771484
19.44084358215332
68.58228302001953
37.45354080200195
27.875232696533203
44.232643127441406
21.052202224731445
58.09905242919922
38.24372482299805
27.672653198242188
45.86589050292969
14.285734176635742
52.75865173339844
46.515869140625
16.662864685058594
19.624563217163086
58.57893371582031
51.61759567260742
49.22480392456055
17.91873550415039
30.966960906982422
34.331539154052734
39.48480987548828
24.47931480407715
38.15586853027344
35.600120544433594
22.88947105407715
19.194185256958008
45.90580749511719
27.591999053955078
32.969547271728516
43.233612060546875
18.6916446685791
45.45743179321289
36.840946197509766
29.533536911010742
46.61543655395508
41.55967712402344
28.796085357666016
21.2298641204834
33.649593353271484
27.695903778076172
20.12074851989746
28.417150497436523
41.17716598510742
12.723793029785156
18.384746551513672
55.34743881225586
25.307947158813477
10.59428596496582
25.105403900146484
34.042152404785156
27.7805233001709
32.00810241699219
34.42923355102539
41.36165237426758
28.104272842407227
30.11697006225586
32.335140228271484
42.92585754394531
23.228309631347656
31.299190521240234
10.056428909301758
24.49295997619629
39.79294204711914
41.01375198364258
28.89811897277832
20.800172805786133
28.556779861450195
62.19301986694336
26.56122589111328
49.3916015625
45.0974235534668
33.64345169067383
21.704973220825195
25.56621742248535
26.086355209350586
38.25517654418945
32.27949523925781
32.212059020996094
15.32968807220459
23.433349609375
45.846527099609375
40.20779037475586
24.704755783081055
22.068931579589844
29.21812629699707
35.63441467285156
38.82242202758789
33.975013732910156
25.085948944091797
17.219079971313477
24.342161178588867
33.367061614990234
36.147159576416016
40.53416442871094
43.97404479980469
28.395401000976562
8.069814682006836
49.3712272644043
22.77478790283203
24.93988800048828
47.06379699707031
38.05316162109375
20.443870544433594
6.574161052703857
43.818321228027344
27.449907302856445
19.553787231445312
32.64111328125
35.138572692871094
30.51231575012207
28.94710922241211
26.49137306213379
31.7513427734375
34.66236114501953
43.67333221435547
25.922813415527344
29.28087043762207
23.290555953979492
26.126094818115234
26.929649353027344
29.778345108032227
34.76597213745117
31.792842864990234
20.894710540771484
30.115171432495117
46.17494583129883
26.675525665283203
35.35923385620117
28.890323638916016
41.348628997802734
35.73335647583008
31.94550895690918
12.136061668395996
36.569847106933594
31.373126983642578
41.83464813232422
31.658550262451172
15.54196548461914
27.062091827392578
36.28458786010742
17.12263298034668
47.416175842285156
48.164493560791016
24.954883575439453
47.84980773925781
35.24081039428711
23.679033279418945
34.43769073486328
38.33897018432617
34.443450927734375
45.80076599121094
25.0201358795166
62.141361236572266
37.20555877685547
18.316612243652344
37.1334228515625
54.75728988647461
28.84831428527832
35.50918960571289
43.215980529785156
17.66724395751953
27.81892967224121
33.818687438964844
43.78233337402344
25.574724197387695
28.298233032226562
26.634599685668945
15.603226661682129
39.25239562988281
21.482389450073242
27.499643325805664
39.88325881958008
35.841915130615234
25.863008499145508
26.17619514465332
34.125675201416016
23.46305274963379
27.390649795532227
31.23182487487793
29.88744354248047
37.53478240966797
54.3271369934082
15.647085189819336
45.642578125
22.891864776611328
34.190086364746094
38.19196319580078
45.7017936706543
36.894065856933594
40.89432144165039
29.341175079345703
35.36994171142578
47.58537292480469
31.204801559448242
37.03058624267578
9.888821601867676
17.79677391052246
55.33761215209961
44.606971740722656
20.047508239746094
29.469886779785156
64.88056182861328
31.18596076965332
31.407760620117188
33.313331604003906
27.83078956604004
20.97643280029297
40.70541763305664
46.21247100830078
22.449129104614258
46.10641860961914
32.75556182861328
13.356589317321777
23.95909309387207
24.478179931640625
27.30522918701172
41.41752624511719
23.932327270507812
25.40549087524414
33.21450424194336
47.24959182739258
44.58750534057617
40.408329010009766
15.828666687011719
42.144168853759766
51.73824691772461
19.000152587890625
36.624717712402344
19.044876098632812
28.150815963745117
40.60379409790039
35.798828125
40.45338821411133
23.852916717529297
23.42003631591797
17.405481338500977
30.62386703491211
19.51325798034668
30.903200149536133
14.428621292114258
23.977413177490234
28.79596710205078
39.33297348022461
31.87754249572754
18.721797943115234
16.93381118774414
33.279850006103516
27.589282989501953
51.25435256958008
45.44447708129883
30.293622970581055
39.360015869140625
47.00333023071289
21.28255844116211
23.79448890686035
19.85543441772461
33.21309280395508
29.980804443359375
42.90584182739258
32.209251403808594
32.683963775634766
42.99271774291992
14.757534980773926
29.50632667541504
41.36830139160156
43.50685119628906
51.834877014160156
27.295730590820312
18.888532638549805
11.691239356994629
14.577733039855957
43.296165466308594
24.331697463989258
28.218984603881836
34.44796371459961
17.296838760375977
20.873363494873047
18.570213317871094
24.201173782348633
20.37655258178711
29.268518447875977
48.844139099121094
34.01416015625
37.975860595703125
28.385644912719727
29.756423950195312
51.3697395324707
24.042739868164062
28.270427703857422
21.214433670043945
41.68628692626953
21.787508010864258
23.440717697143555
32.696319580078125
43.00233459472656
55.09221267700195
27.767011642456055
16.158781051635742
21.937667846679688
26.155853271484375
36.24583053588867
14.789995193481445
17.200603485107422
25.427974700927734
35.09121322631836
48.91012954711914
17.97840118408203
30.561777114868164
35.680992126464844
21.431835174560547
21.006746292114258
38.16022491455078
22.086658477783203
29.681211471557617
22.046993255615234
19.6816463470459
24.974075317382812
47.363807678222656
36.6343994140625
45.750064849853516
15.866154670715332
47.799522399902344
24.49109649658203
26.91414451599121
31.043167114257812
36.948516845703125
20.810924530029297
44.42591094970703
28.856735229492188
33.709842681884766
44.95713424682617
34.308990478515625
35.76738357543945
36.560508728027344
27.231937408447266
38.822486877441406
31.543315887451172
19.183578491210938
1.7011595964431763
51.61543273925781
48.70918655395508
36.00997543334961
33.59211730957031
7.315566539764404
52.792877197265625
30.397090911865234
32.242496490478516
31.301183700561523
32.63264465332031
16.425947189331055
19.603734970092773
36.444862365722656
24.28069496154785
59.47151184082031
28.02364730834961
40.36524200439453
48.15190505981445
28.9598445892334
28.728076934814453
38.2678337097168
27.786685943603516
34.0656852722168
60.50663375854492
24.864038467407227
12.582588195800781
55.002479553222656
31.112714767456055
18.767162322998047
13.210342407226562
19.517332077026367
35.587459564208984
48.60271453857422
43.51997375488281
31.83331298828125
36.2638053894043
29.948442459106445
49.131690979003906
28.811939239501953
34.721923828125
25.451366424560547
35.35192108154297
38.526371002197266
25.868330001831055
29.912063598632812
13.409070014953613
20.739574432373047
48.77456283569336
14.606003761291504
53.23854446411133
33.61359786987305
25.295913696289062
29.11502456665039
32.02836990356445
17.818504333496094
21.365840911865234
18.66682243347168
21.715927124023438
34.271785736083984
28.36322593688965
45.08889389038086
43.386451721191406
23.503116607666016
14.843667030334473
44.39570236206055
30.66520881652832
43.27871322631836
49.49024200439453
26.697175979614258
13.081789016723633
20.984487533569336
50.74639892578125
19.224153518676758
18.064449310302734
26.183067321777344
23.413576126098633
36.24445343017578
41.81712341308594
27.080591201782227
43.3934211730957
20.4783992767334
43.583465576171875
50.944580078125
21.67875099182129
51.08938217163086
29.707937240600586
47.84687805175781
13.90473461151123
46.50162124633789
28.279146194458008
18.907434463500977
51.475032806396484
31.163654327392578
22.93379783630371
32.52727508544922
29.12049102783203
32.36262130737305
15.993154525756836
19.315597534179688
16.29658317565918
38.417354583740234
25.107118606567383
25.8822021484375
22.068790435791016
52.84666442871094
19.21942710876465
46.663673400878906
12.894902229309082
34.79068374633789
35.03335189819336
51.625606536865234
31.625394821166992
16.108457565307617
32.85359573364258
26.311996459960938
32.91889953613281
19.9228458404541
35.30640411376953
18.306270599365234
34.66665267944336
43.179161071777344
17.235563278198242
29.079578399658203
17.533851623535156
10.859091758728027
20.329805374145508
33.72695541381836
25.20063591003418
22.720882415771484
54.44233322143555
28.515853881835938
55.906005859375
6.953302383422852
19.200536727905273
44.54115295410156
49.921142578125
50.228023529052734
50.62234115600586
53.03034210205078
25.85603141784668
30.0539608001709
28.585750579833984
47.72064208984375
51.790428161621094
46.352867126464844
7.923346996307373
40.167030334472656
22.184738159179688
21.751262664794922
38.75080108642578
35.321937561035156
30.723976135253906
36.91387176513672
37.61906814575195
40.27286911010742
21.62961196899414
20.021554946899414
24.80832290649414
55.16958999633789
40.813865661621094
44.137840270996094
22.571718215942383
41.57802963256836
12.873000144958496
17.419286727905273
27.62484359741211
26.163259506225586
21.482295989990234
28.400779724121094
47.025787353515625
44.03347396850586
54.81331253051758
22.805042266845703
51.9938850402832
30.479110717773438
26.410415649414062
32.46107864379883
27.05747413635254
21.721126556396484
23.435815811157227
17.020050048828125
24.842235565185547
51.83028030395508
17.461151123046875
26.74788475036621
8.960577011108398
32.861976623535156
34.69721603393555
37.81435775756836
25.843915939331055
34.19129943847656
52.99728775024414
24.947242736816406
66.84691619873047
20.977609634399414
28.986204147338867
28.342792510986328
42.86520767211914
39.341880798339844
42.81791305541992
34.3250617980957
29.285537719726562
9.643135070800781
26.15045738220215
38.50770568847656
39.044105529785156
29.02300262451172
32.493404388427734
16.17283058166504
43.77790832519531
22.167877197265625
54.23947525024414
37.292327880859375
27.40911865234375
44.72270965576172
13.207228660583496
21.797330856323242
31.86367416381836
9.595054626464844
44.51719665527344
16.06694984436035
29.55755043029785
37.57965087890625
34.104984283447266
24.098108291625977
23.13705825805664
19.926233291625977
36.492401123046875
36.25043869018555
6.5710649490356445
17.830509185791016
27.74955177307129
31.476564407348633
44.645652770996094
19.210081100463867
44.97122573852539
34.20767593383789
21.911046981811523
41.83795166015625
43.84740447998047
36.33894729614258
23.990821838378906
26.843425750732422
13.91013240814209
26.863128662109375
37.22848129272461
28.783838272094727
26.970340728759766
44.75328826904297
16.289470672607422
23.269317626953125
20.443843841552734
36.49578857421875
31.22098159790039
30.781055450439453
40.695823669433594
34.826171875
28.21819305419922
26.73946189880371
33.52106857299805
17.36996841430664
6.343402862548828
39.28560256958008
23.275529861450195
22.482440948486328
16.56644630432129
15.216165542602539
19.534942626953125
30.686725616455078
31.99332618713379
14.882671356201172
15.143909454345703
39.114952087402344
41.87468338012695
21.522287368774414
30.913223266601562
40.98756408691406
40.07438278198242
7.485132217407227
29.03233528137207
38.65204620361328
34.5344123840332
34.66412353515625
52.00422286987305
47.41943359375
69.44132232666016
24.781003952026367
33.55177307128906
32.91364669799805
8.631821632385254
49.278968811035156
12.472885131835938
48.347469329833984
44.78630447387695
28.37204933166504
28.058401107788086
32.749332427978516
35.86522674560547
21.45247459411621
35.67184829711914
37.43804168701172
35.55683135986328
49.358558654785156
27.717426300048828
21.078401565551758
34.745914459228516
16.85409927368164
9.116934776306152
22.06910514831543
30.614015579223633
43.41154861450195
25.065086364746094
55.866722106933594
5.117163181304932
38.827144622802734
50.454185485839844
14.636428833007812
34.34046173095703
17.276987075805664
35.55050277709961
14.291709899902344
36.756988525390625
53.685054779052734
17.83858871459961
31.770248413085938
35.21543502807617
33.287208557128906
25.92868995666504
18.196075439453125
21.984477996826172
45.35984802246094
37.27025604248047
36.16445541381836
34.852962493896484
28.355731964111328
10.779583930969238
21.671180725097656
28.704397201538086
24.260234832763672
33.08873748779297
23.2108097076416
41.87870407104492
33.44746398925781
18.71940803527832
33.30410385131836
26.065845489501953
24.51999282836914
32.139129638671875
10.456432342529297
16.280418395996094
26.383861541748047
30.28463363647461
54.434608459472656
44.158447265625
38.425392150878906
22.106287002563477
31.410131454467773
24.460962295532227
12.369209289550781
28.030010223388672
42.231353759765625
28.721817016601562
17.27096176147461
45.24056625366211
34.68646240234375
25.977787017822266
19.62441062927246
34.88753128051758
32.02055358886719
41.19556427001953
61.81630325317383
17.021211624145508
25.006391525268555
12.837903022766113
40.0732421875
35.180137634277344
17.817270278930664
19.701181411743164
28.01251220703125
27.81557273864746
20.596641540527344
28.079971313476562
34.83108139038086
33.607765197753906
17.007518768310547
34.303680419921875
37.53609848022461
50.54921340942383
28.43891143798828
30.897974014282227
22.38667869567871
18.36821937561035
60.064125061035156
17.150968551635742
11.807046890258789
38.40800476074219
44.14500045776367
26.82636070251465
41.57715606689453
31.41126251220703
25.863100051879883
31.987443923950195
31.828304290771484
41.30615234375
32.13254928588867
46.708919525146484
27.269081115722656
7.007745265960693
31.233291625976562
23.44858169555664
