24.226661682128906
16.8946475982666
9.66250228881836
25.504287719726562
13.026175498962402
24.59897232055664
8.57854175567627
13.16533088684082
11.808740615844727
8.344005584716797
19.500564575195312
20.394392013549805
14.439319610595703
27.458541870117188
23.727787017822266
21.135643005371094
9.144569396972656
34.091060638427734
21.521102905273438
30.599994659423828
21.05677604675293
31.61684799194336
4.197693824768066
2.8023622035980225
10.00123405456543
6.646561622619629
18.18447494506836
8.778510093688965
9.330880165100098
15.01086139678955
17.299989700317383
16.766796112060547
21.89434051513672
4.145538330078125
12.403573989868164
19.208541870117188
24.618770599365234
19.482580184936523
42.35199737548828
20.09232521057129
6.267674922943115
35.089149475097656
21.551448822021484
2.7541286945343018
23.85666275024414
26.124828338623047
23.249956130981445
16.863849639892578
20.374435424804688
17.34242820739746
31.462974548339844
9.904450416564941
23.86246109008789
19.93233871459961
19.677331924438477
7.456414699554443
37.2762451171875
16.901887893676758
19.81751251220703
21.975608825683594
9.64947509765625
25.976152420043945
12.137983322143555
9.314865112304688
13.986457824707031
25.277503967285156
10.893759727478027
15.765111923217773
5.436713218688965
14.138385772705078
24.354991912841797
11.566033363342285
18.276636123657227
9.549534797668457
24.488889694213867
16.558712005615234
2.666607141494751
19.758563995361328
15.912402153015137
13.261527061462402
23.99286651611328
8.266874313354492
10.822437286376953
12.892949104309082
17.835186004638672
19.851743698120117
15.295550346374512
5.493978977203369
16.088382720947266
11.474302291870117
14.576313018798828
5.450443744659424
18.317012786865234
21.309532165527344
6.292868137359619
18.637643814086914
13.45346450805664
7.964278221130371
10.653611183166504
12.93313980102539
13.391531944274902
14.185056686401367
15.980488777160645
10.923951148986816
19.703189849853516
33.55198287963867
19.22602081298828
15.581587791442871
32.03488540649414
27.565750122070312
23.13536262512207
21.333938598632812
14.380674362182617
21.40308380126953
12.491941452026367
8.836849212646484
16.88799285888672
26.938127517700195
12.829329490661621
21.691884994506836
27.52170181274414
8.85338020324707
15.206157684326172
15.011465072631836
29.5048770904541
15.891448974609375
20.069120407104492
11.343894958496094
22.494874954223633
15.510833740234375
28.85503387451172
24.995769500732422
25.812891006469727
18.985111236572266
17.524063110351562
16.90935707092285
7.913805961608887
24.026634216308594
23.633296966552734
11.126782417297363
17.509212493896484
5.916753768920898
13.252161979675293
20.570281982421875
15.304922103881836
26.28263282775879
22.640254974365234
9.18271255493164
21.562297821044922
17.796485900878906
20.887062072753906
21.91693687438965
10.061385154724121
19.627901077270508
12.937332153320312
21.25657844543457
39.752723693847656
14.993555068969727
5.131484031677246
24.369590759277344
7.723286151885986
26.24537467956543
14.740169525146484
8.291922569274902
12.344375610351562
17.221067428588867
25.671545028686523
17.18722915649414
12.14991569519043
6.84443998336792
20.201950073242188
20.367124557495117
5.075740337371826
15.738712310791016
24.739334106445312
5.624630928039551
20.207265853881836
13.242372512817383
15.088648796081543
4.152915954589844
11.39954662322998
15.87550163269043
13.083396911621094
21.436691284179688
16.879283905029297
14.617122650146484
21.487945556640625
34.363765716552734
21.797225952148438
26.91146469116211
37.09180450439453
10.29444408416748
23.14491081237793
14.18328857421875
14.659717559814453
19.812511444091797
5.154456615447998
18.120853424072266
22.210676193237305
24.771371841430664
14.346898078918457
16.63686180114746
17.82080078125
12.963510513305664
29.2255802154541
36.71196365356445
10.455276489257812
12.099418640136719
8.042065620422363
24.21384620666504
15.443216323852539
11.129950523376465
16.561059951782227
9.401622772216797
19.547971725463867
9.16419792175293
28.913808822631836
29.924360275268555
27.4794979095459
14.741111755371094
28.168088912963867
15.59884262084961
23.445995330810547
23.961158752441406
18.416244506835938
14.889047622680664
19.576112747192383
17.952974319458008
22.856767654418945
24.514738082885742
12.92524242401123
6.924370765686035
14.094085693359375
8.913717269897461
15.559563636779785
21.01190185546875
7.870627403259277
26.1883487701416
28.699377059936523
6.2123308181762695
2.6154825687408447
14.232705116271973
25.634140014648438
23.76592445373535
22.830297470092773
5.227060794830322
21.54747200012207
5.670917987823486
21.02556800842285
15.360699653625488
8.818638801574707
25.351547241210938
9.784050941467285
22.22788429260254
8.589228630065918
17.55537223815918
26.5858211517334
7.696048736572266
9.463541984558105
12.0017728805542
9.753676414489746
17.26441192626953
5.089829921722412
24.259674072265625
5.6187357902526855
4.008013725280762
20.80830955505371
15.86019515991211
8.475228309631348
5.546919822692871
12.465171813964844
13.886956214904785
10.87606430053711
17.389373779296875
2.5562100410461426
12.511838912963867
25.635040283203125
22.79218101501465
11.546375274658203
15.541857719421387
35.24924087524414
14.253032684326172
28.507078170776367
16.930145263671875
15.41840934753418
15.55935001373291
16.231287002563477
23.502513885498047
22.987163543701172
12.639790534973145
23.61224365234375
16.50813102722168
4.77371883392334
12.298784255981445
10.672749519348145
23.79549789428711
27.065832138061523
12.881486892700195
18.845773696899414
15.851705551147461
18.780086517333984
17.75884246826172
27.694665908813477
17.6826114654541
28.619373321533203
7.442381381988525
19.837202072143555
6.452258586883545
20.383710861206055
25.123104095458984
19.363187789916992
29.984642028808594
27.10416603088379
12.26587963104248
23.53050422668457
25.740297317504883
7.1543121337890625
11.532011985778809
17.448055267333984
7.7284979820251465
41.88367462158203
27.438541412353516
24.956161499023438
23.82774543762207
21.010263442993164
11.031220436096191
12.62667465209961
18.810380935668945
29.735307693481445
8.608471870422363
7.991878032684326
15.158159255981445
8.967931747436523
29.706876754760742
18.800613403320312
8.325581550598145
12.057684898376465
13.381813049316406
22.888172149658203
12.731772422790527
8.173148155212402
31.7005615234375
14.435274124145508
9.04153060913086
3.495302200317383
14.63415813446045
21.55508804321289
16.015911102294922
13.6316556930542
11.006170272827148
17.421255111694336
38.46223449707031
32.40690231323242
27.32350730895996
2.5803468227386475
12.512544631958008
12.206229209899902
16.446950912475586
22.20197296142578
21.672069549560547
7.3061957359313965
11.339680671691895
21.92745018005371
15.880160331726074
4.174492359161377
17.344301223754883
11.765034675598145
22.68618392944336
7.800997734069824
10.357644081115723
16.985233306884766
12.145976066589355
10.856114387512207
11.375133514404297
42.45114517211914
23.451480865478516
14.303691864013672
4.9114909172058105
21.977998733520508
12.815298080444336
18.56804656982422
8.822107315063477
22.47723960876465
10.843645095825195
29.060565948486328
20.594871520996094
8.187843322753906
13.753657341003418
14.26896858215332
7.412228584289551
23.30776596069336
22.712419509887695
10.765751838684082
6.437146186828613
8.202534675598145
25.627023696899414
6.520649433135986
22.052629470825195
12.820122718811035
29.810686111450195
14.771415710449219
12.869682312011719
23.92583656311035
6.965593338012695
17.509262084960938
26.06626319885254
24.508556365966797
5.562766075134277
20.79222869873047
18.272499084472656
12.629372596740723
15.704673767089844
18.536291122436523
11.675468444824219
11.210128784179688
10.334335327148438
9.785626411437988
14.6101713180542
23.089214324951172
16.635841369628906
29.599470138549805
15.1618070602417
16.849533081054688
17.352005004882812
18.90492820739746
30.595046997070312
10.836572647094727
17.908475875854492
8.83073902130127
19.96399688720703
4.015974998474121
17.73974609375
10.812634468078613
31.213882446289062
15.804460525512695
18.07976531982422
6.740422248840332
16.522205352783203
13.789631843566895
14.570350646972656
13.941322326660156
15.304489135742188
17.461973190307617
16.30748176574707
26.577896118164062
31.091249465942383
11.949227333068848
5.089727401733398
16.265453338623047
12.62877082824707
9.569287300109863
3.9172325134277344
10.022740364074707
28.13484001159668
23.86959457397461
6.185261249542236
13.317914009094238
13.896932601928711
5.256689548492432
21.6397762298584
18.625301361083984
18.46989631652832
24.733007431030273
10.311263084411621
8.315855979919434
28.61219596862793
15.512495994567871
17.47763442993164
21.299062728881836
12.117341041564941
30.087085723876953
13.068690299987793
10.136211395263672
19.57207489013672
12.197115898132324
17.866098403930664
7.586254119873047
26.223102569580078
9.942633628845215
21.407928466796875
6.849353790283203
18.171045303344727
25.534893035888672
27.722946166992188
8.011422157287598
16.94369125366211
18.995651245117188
10.442682266235352
18.027374267578125
33.49800109863281
5.072590351104736
30.68023681640625
16.048877716064453
16.63953399658203
18.045101165771484
12.353971481323242
17.055767059326172
18.633378982543945
16.078989028930664
23.204381942749023
16.495037078857422
18.577274322509766
8.248920440673828
19.59771728515625
19.043920516967773
40.12528991699219
11.190110206604004
11.751532554626465
19.735998153686523
20.622480392456055
22.695356369018555
11.024179458618164
16.10531997680664
16.94182014465332
11.410940170288086
22.705902099609375
31.75840187072754
8.469813346862793
30.11617660522461
15.280540466308594
26.832284927368164
8.133142471313477
16.621305465698242
11.92451286315918
14.366668701171875
3.378448486328125
17.031518936157227
19.25468635559082
11.093966484069824
28.876487731933594
14.679768562316895
13.600081443786621
14.100275993347168
26.59408950805664
17.14990997314453
9.961357116699219
16.602088928222656
6.714006423950195
8.158453941345215
9.347718238830566
18.942453384399414
5.51168155670166
11.438780784606934
31.02463722229004
7.717837810516357
18.78766441345215
9.67560863494873
2.861513376235962
30.027341842651367
24.92812728881836
15.714076042175293
43.30851364135742
18.31163215637207
20.031814575195312
26.388193130493164
12.571163177490234
16.569204330444336
12.812732696533203
13.214573860168457
22.88640594482422
15.296056747436523
19.67891502380371
14.674551963806152
25.62763023376465
14.953783988952637
16.19987678527832
25.49017906188965
13.0172758102417
20.51125717163086
14.10240364074707
13.829435348510742
7.242753505706787
20.06513214111328
34.127174377441406
24.776016235351562
21.043405532836914
10.164595603942871
14.370736122131348
9.587103843688965
17.00493049621582
19.502099990844727
9.923194885253906
14.153075218200684
29.284099578857422
20.102643966674805
9.646601676940918
15.108748435974121
18.050649642944336
16.866880416870117
10.497947692871094
29.43863296508789
13.895465850830078
9.39248275756836
10.166522026062012
15.431944847106934
14.589132308959961
12.005180358886719
9.920889854431152
38.66769027709961
12.980849266052246
13.988164901733398
6.101076126098633
22.3154296875
18.606422424316406
14.605928421020508
12.898041725158691
22.877017974853516
12.70676040649414
7.712365627288818
15.263795852661133
30.73893165588379
19.11978530883789
12.59372615814209
12.992805480957031
14.447394371032715
36.511474609375
14.599555015563965
21.566957473754883
11.050060272216797
6.936722755432129
42.446041107177734
12.255555152893066
19.31951332092285
17.803077697753906
19.737232208251953
20.21588134765625
15.949060440063477
27.69378089904785
15.221731185913086
18.080556869506836
6.199472427368164
7.656389236450195
12.481675148010254
19.036163330078125
6.214636325836182
10.581358909606934
14.659223556518555
8.462631225585938
4.4195427894592285
24.324201583862305
19.18140983581543
19.314735412597656
31.31388282775879
17.044795989990234
26.770099639892578
42.24700927734375
10.498379707336426
16.574548721313477
16.40825843811035
2.2683053016662598
15.759605407714844
21.796159744262695
15.514799118041992
20.58946418762207
26.596572875976562
11.268447875976562
6.4196600914001465
18.654266357421875
12.789263725280762
16.080890655517578
26.42326545715332
17.83473777770996
38.467586517333984
15.129891395568848
9.353129386901855
10.434404373168945
15.036345481872559
13.739826202392578
28.78923988342285
30.05013656616211
15.660771369934082
18.56364631652832
33.978206634521484
10.117704391479492
13.579474449157715
19.847057342529297
7.953701972961426
12.78436279296875
20.248870849609375
28.379661560058594
4.949871063232422
30.79013442993164
19.7167911529541
15.654817581176758
23.146892547607422
17.976503372192383
26.32630729675293
14.402655601501465
19.00794792175293
26.038480758666992
10.568488121032715
13.852217674255371
17.758962631225586
19.744062423706055
21.459327697753906
42.15019607543945
21.31174087524414
20.99989891052246
29.780990600585938
10.303800582885742
10.722001075744629
9.00109577178955
14.54158878326416
3.0004031658172607
14.71469497680664
16.914794921875
13.487096786499023
4.131226062774658
31.462574005126953
18.4444580078125
20.31546974182129
5.8911848068237305
15.116134643554688
24.5725040435791
22.66977882385254
9.155653953552246
19.638044357299805
13.71314811706543
11.339943885803223
19.33159637451172
14.597904205322266
13.315677642822266
28.88194465637207
7.23990535736084
12.933768272399902
12.185714721679688
25.73053550720215
18.42369270324707
14.205972671508789
15.290905952453613
9.003137588500977
34.92750930786133
22.479040145874023
18.496004104614258
13.721744537353516
16.964569091796875
10.358719825744629
15.219578742980957
30.331830978393555
13.119863510131836
21.79677963256836
23.28468894958496
40.28575134277344
30.507211685180664
11.3275785446167
42.862361907958984
12.591976165771484
15.417068481445312
17.725200653076172
11.465570449829102
12.998741149902344
15.111292839050293
24.099870681762695
29.58284568786621
24.070058822631836
20.094654083251953
32.72453308105469
22.21760368347168
10.42780876159668
4.008024215698242
11.280556678771973
11.703996658325195
17.335086822509766
30.0778751373291
15.955286979675293
9.1961030960083
13.503180503845215
32.62873458862305
22.413063049316406
21.298641204833984
15.005049705505371
7.988941669464111
13.598722457885742
28.819406509399414
9.907074928283691
19.750961303710938
28.607091903686523
16.524667739868164
28.23607635498047
22.452421188354492
16.24996566772461
18.484203338623047
19.53333282470703
25.083297729492188
19.93613052368164
20.46315574645996
12.8203706741333
16.462650299072266
29.0124454498291
35.740882873535156
19.488826751708984
17.90204429626465
16.51942253112793
16.34317398071289
19.192155838012695
15.16256332397461
16.192277908325195
11.41364860534668
22.388689041137695
16.62462615966797
7.77117395401001
11.225597381591797
12.964999198913574
12.415597915649414
14.551342010498047
20.899179458618164
13.759005546569824
13.976516723632812
25.302949905395508
10.170500755310059
10.718486785888672
23.94332504272461
13.395315170288086
6.063792705535889
8.642548561096191
17.02689552307129
8.629491806030273
10.347604751586914
19.583669662475586
21.345836639404297
24.25033950805664
15.108037948608398
20.1652774810791
18.559988021850586
23.477760314941406
13.068273544311523
27.27796745300293
12.253192901611328
37.845054626464844
9.500955581665039
19.408151626586914
24.915735244750977
14.586186408996582
24.179014205932617
17.73682975769043
9.209023475646973
37.947505950927734
32.428340911865234
24.50670051574707
31.09239959716797
3.397908926010132
7.577331066131592
14.689340591430664
12.228422164916992
15.546951293945312
13.5643310546875
40.86038589477539
29.259130477905273
26.802330017089844
7.4951043128967285
16.240901947021484
23.46778106689453
8.547940254211426
7.834766864776611
17.368824005126953
46.17076110839844
8.539069175720215
17.8791446685791
20.826030731201172
12.9474458694458
29.942031860351562
30.999414443969727
25.406139373779297
9.452642440795898
10.651325225830078
26.114656448364258
13.08686351776123
15.124329566955566
14.670205116271973
9.724444389343262
38.78083038330078
23.77751350402832
19.76222038269043
15.543185234069824
14.923240661621094
18.734556198120117
12.740707397460938
16.905391693115234
32.275718688964844
20.664413452148438
22.0843505859375
10.95253849029541
6.1782546043396
18.95855712890625
3.638387441635132
29.581575393676758
9.239700317382812
32.0657844543457
26.561038970947266
36.79702377319336
14.639993667602539
12.282478332519531
10.025636672973633
19.47139549255371
6.0396270751953125
3.0084614753723145
16.251863479614258
17.08060073852539
18.377120971679688
34.83267593383789
15.305912017822266
14.737350463867188
18.752981185913086
7.874978065490723
12.619229316711426
22.527250289916992
30.11855697631836
4.749163627624512
15.89758586883545
27.089113235473633
5.38440465927124
19.92759895324707
24.183509826660156
5.740944862365723
13.788859367370605
15.250244140625
29.31873893737793
14.14542293548584
17.46512794494629
3.4767885208129883
16.177473068237305
13.05172061920166
28.50747299194336
15.819940567016602
22.72161865234375
20.28761100769043
10.274042129516602
25.220836639404297
2.4515461921691895
9.653813362121582
10.716021537780762
22.93631935119629
23.55492401123047
22.588542938232422
15.075433731079102
13.209518432617188
13.23919677734375
13.89930534362793
22.797889709472656
8.097475051879883
10.497879028320312
15.106315612792969
9.783642768859863
12.20651912689209
15.436683654785156
35.199161529541016
14.458660125732422
8.149248123168945
26.05055046081543
20.294763565063477
9.618193626403809
9.856376647949219
17.316749572753906
16.86161231994629
16.546466827392578
18.198171615600586
13.509703636169434
5.093777656555176
11.973254203796387
10.43794059753418
24.2514705657959
18.53751564025879
15.534417152404785
13.68399715423584
17.594318389892578
15.471452713012695
12.630277633666992
20.570518493652344
16.682710647583008
19.878746032714844
18.944507598876953
32.25746154785156
8.4187650680542
34.258548736572266
11.276673316955566
19.96058464050293
30.697872161865234
13.725785255432129
19.931806564331055
21.57939910888672
20.937671661376953
22.865245819091797
13.033939361572266
23.309240341186523
8.071416854858398
13.002622604370117
24.305767059326172
19.85371971130371
12.036428451538086
6.566603183746338
4.785986423492432
11.267483711242676
33.27923583984375
15.886695861816406
15.224433898925781
31.76978874206543
16.10763931274414
14.064994812011719
17.78754997253418
14.150851249694824
18.047332763671875
17.49868392944336
8.858495712280273
5.374139308929443
38.258445739746094
32.31934356689453
13.762402534484863
17.701316833496094
26.022918701171875
12.37702465057373
15.056070327758789
23.236709594726562
25.291690826416016
6.9058990478515625
27.976165771484375
26.1353702545166
9.151872634887695
14.739106178283691
35.28778839111328
18.107704162597656
7.256860256195068
8.687705039978027
21.39454460144043
28.26625633239746
22.679445266723633
27.85243034362793
28.242542266845703
13.034881591796875
23.79054069519043
13.20012092590332
14.402725219726562
26.3333740234375
24.06163215637207
18.42706298828125
3.7167208194732666
14.09520149230957
22.525054931640625
11.024336814880371
16.85584831237793
16.962116241455078
17.67325782775879
29.891868591308594
19.808603286743164
19.549333572387695
36.54801940917969
14.092367172241211
7.0195794105529785
8.647540092468262
21.553430557250977
21.615121841430664
15.27615737915039
17.209516525268555
16.240936279296875
14.544089317321777
6.295896530151367
29.985597610473633
18.330223083496094
13.098164558410645
18.91314125061035
12.360541343688965
13.427227020263672
11.361788749694824
18.205411911010742
10.794476509094238
21.76462745666504
26.949642181396484
6.402627944946289
19.845609664916992
7.091877460479736
9.615986824035645
16.496374130249023
14.055590629577637
16.51830291748047
18.29939079284668
37.23170471191406
4.864309787750244
14.524471282958984
11.023335456848145
23.92706871032715
33.60704040527344
18.37448501586914
17.429927825927734
22.74381446838379
13.879860877990723
7.619964122772217
6.3212890625
13.716876029968262
4.693784236907959
19.02910614013672
19.43436050415039
34.131404876708984
12.073697090148926
7.196662425994873
29.378326416015625
22.303665161132812
13.189478874206543
30.321456909179688
27.731351852416992
16.45068359375
4.917520523071289
15.610382080078125
21.930171966552734
10.921821594238281
32.886962890625
7.485550880432129
17.198869705200195
10.347049713134766
5.7894606590271
14.245582580566406
16.633745193481445
37.743202209472656
11.025959968566895
30.708528518676758
17.350893020629883
18.040952682495117
28.634065628051758
18.374948501586914
20.115055084228516
18.776098251342773
27.41064453125
12.207956314086914
5.3736419677734375
15.239356994628906
11.968134880065918
23.82636833190918
7.605026721954346
18.4580078125
26.01017951965332
2.225247859954834
26.072994232177734
4.071389675140381
15.859281539916992
22.31804847717285
5.041502952575684
13.780826568603516
27.746841430664062
31.865188598632812
21.945650100708008
26.05950164794922
16.083450317382812
2.965392589569092
10.92240047454834
22.92203712463379
22.81608009338379
15.368292808532715
20.824708938598633
10.380005836486816
5.510557174682617
18.22357749938965
3.9141547679901123
30.587135314941406
13.719141006469727
6.0083184242248535
24.16383171081543
10.696625709533691
24.538021087646484
20.55803871154785
10.396697998046875
17.703428268432617
31.752573013305664
7.608203887939453
8.277864456176758
18.23723602294922
12.099295616149902
8.449594497680664
24.5968017578125
9.460384368896484
19.274486541748047
14.232807159423828
11.042811393737793
17.719585418701172
9.120766639709473
20.646520614624023
9.32999038696289
17.350948333740234
20.36155128479004
6.117856502532959
11.612668991088867
16.7843074798584
19.68804931640625
16.97707176208496
37.51096725463867
19.331619262695312
4.51403284072876
7.438272953033447
22.894399642944336
22.207223892211914
20.02859878540039
17.111431121826172
19.748674392700195
33.69768524169922
2.9886581897735596
14.569295883178711
14.996554374694824
16.03402328491211
18.955486297607422
22.499818801879883
14.953901290893555
21.67984962463379
17.948095321655273
31.285980224609375
25.709575653076172
6.039984226226807
25.936235427856445
27.59273338317871
19.328811645507812
25.167678833007812
18.925722122192383
10.81436824798584
21.993301391601562
16.388965606689453
24.677148818969727
11.440951347351074
16.22219467163086
25.51075553894043
11.553738594055176
21.22419548034668
30.20234489440918
10.774700164794922
7.006974697113037
23.513795852661133
17.566022872924805
11.31291389465332
21.325180053710938
7.678584575653076
6.4749226570129395
7.009159564971924
32.744361877441406
3.907653331756592
8.431696891784668
22.566951751708984
27.340251922607422
22.785913467407227
21.108327865600586
22.468143463134766
14.111712455749512
3.1347203254699707
26.522314071655273
12.419551849365234
16.70724868774414
16.766948699951172
20.009056091308594
8.887994766235352
7.593979358673096
12.153616905212402
22.024477005004883
38.56266403198242
26.506778717041016
10.681464195251465
27.949331283569336
18.693653106689453
8.292831420898438
18.392658233642578
15.718205451965332
18.83483123779297
34.403648376464844
14.070693969726562
11.205195426940918
15.593246459960938
16.026344299316406
2.5725674629211426
6.885652542114258
20.974376678466797
27.840471267700195
27.763341903686523
0.42410099506378174
6.046064376831055
14.393746376037598
14.21556282043457
20.92376708984375
20.05279541015625
16.607929229736328
14.63564682006836
42.412498474121094
15.269960403442383
7.570601463317871
10.809898376464844
14.154732704162598
26.52324104309082
13.842832565307617
12.040306091308594
20.826099395751953
2.845707893371582
20.866941452026367
20.213836669921875
16.13199234008789
18.6915283203125
12.532122611999512
13.61057186126709
11.627237319946289
26.76712989807129
15.739027976989746
22.961360931396484
14.865694999694824
14.91771411895752
21.568836212158203
14.66789722442627
15.838502883911133
31.85821533203125
12.417414665222168
13.338220596313477
10.092366218566895
9.665732383728027
19.480587005615234
12.896350860595703
17.372304916381836
11.029462814331055
12.73250961303711
25.829238891601562
26.695201873779297
17.510255813598633
21.123779296875
43.262535095214844
18.14101791381836
11.011695861816406
15.598226547241211
16.786054611206055
22.3887939453125
21.488431930541992
11.786287307739258
8.999149322509766
29.732629776000977
9.293120384216309
22.599424362182617
7.342017650604248
6.997057914733887
21.47198486328125
15.229327201843262
29.454193115234375
21.962200164794922
9.08613395690918
15.17232894897461
11.251592636108398
25.866125106811523
33.957847595214844
18.724773406982422
30.509315490722656
14.910144805908203
11.637645721435547
19.29658317565918
18.70750617980957
17.609832763671875
19.404773712158203
12.262964248657227
10.27918815612793
19.900177001953125
14.888313293457031
24.52033042907715
20.96017074584961
22.392986297607422
24.91971778869629
2.7271833419799805
11.866548538208008
12.486145973205566
7.888088226318359
8.324254989624023
21.223047256469727
14.84252643585205
21.429967880249023
26.99810218811035
14.001775741577148
6.3293867111206055
17.074636459350586
26.74649429321289
10.239949226379395
20.658435821533203
12.111557960510254
12.790202140808105
24.43598747253418
11.955784797668457
7.42732048034668
20.138011932373047
15.663607597351074
7.869600296020508
15.579926490783691
15.782134056091309
18.00399398803711
10.01968765258789
11.666383743286133
23.34538459777832
10.625956535339355
16.601604461669922
22.243858337402344
30.648544311523438
9.141443252563477
17.053997039794922
23.693159103393555
12.490680694580078
14.873760223388672
8.975593566894531
26.643131256103516
12.014817237854004
30.82000160217285
7.12006950378418
11.85388469696045
24.967844009399414
33.80555725097656
25.022510528564453
19.004150390625
21.066150665283203
21.991744995117188
25.279937744140625
14.898338317871094
13.856009483337402
18.74248695373535
12.216948509216309
11.482266426086426
9.846573829650879
13.764507293701172
23.655012130737305
23.133359909057617
4.260910987854004
21.627779006958008
27.8212890625
13.160440444946289
11.618942260742188
19.783056259155273
19.05141258239746
6.388333797454834
28.285934448242188
15.527117729187012
9.66746711730957
18.267681121826172
12.308330535888672
24.688596725463867
9.873899459838867
20.264509201049805
14.549406051635742
18.474796295166016
15.34195613861084
24.27587127685547
17.886510848999023
17.629804611206055
10.308828353881836
4.244365692138672
12.356285095214844
31.148475646972656
8.51578140258789
18.862110137939453
20.0684757232666
37.99845886230469
21.953964233398438
20.831745147705078
11.030183792114258
24.05596160888672
26.692285537719727
32.788753509521484
12.805344581604004
9.12217903137207
22.020767211914062
25.669452667236328
19.342395782470703
5.508185863494873
14.036396980285645
40.25724792480469
23.679988861083984
13.225610733032227
21.651460647583008
23.874618530273438
14.234256744384766
6.21735143661499
7.92880392074585
23.387569427490234
8.347074508666992
10.350995063781738
17.231538772583008
24.97247314453125
17.738229751586914
21.810487747192383
11.65765380859375
14.217154502868652
27.024797439575195
14.436341285705566
24.648210525512695
20.101593017578125
21.620084762573242
28.018699645996094
33.295310974121094
7.96753454208374
18.48508644104004
14.974459648132324
20.896108627319336
20.36992073059082
20.556169509887695
25.776185989379883
15.639066696166992
3.617248058319092
14.56106948852539
32.319881439208984
12.780261993408203
15.955853462219238
1.631545066833496
7.191624641418457
10.737150192260742
26.548702239990234
12.19991683959961
27.369524002075195
25.94375228881836
18.745574951171875
17.493284225463867
16.146024703979492
20.765850067138672
17.225767135620117
8.373476028442383
4.535305500030518
16.599170684814453
19.13473892211914
24.190074920654297
10.90841007232666
24.418336868286133
22.060829162597656
8.598554611206055
28.685070037841797
15.633247375488281
5.82774543762207
11.270751953125
28.870695114135742
15.442874908447266
10.592334747314453
28.764314651489258
32.70017623901367
25.139856338500977
13.59721851348877
10.98259162902832
15.935624122619629
17.063270568847656
33.48118591308594
22.19866371154785
13.698450088500977
11.515097618103027
11.315627098083496
15.570253372192383
19.424827575683594
9.045292854309082
23.037736892700195
12.848394393920898
21.686994552612305
33.51162338256836
11.722947120666504
3.520371437072754
14.21835994720459
15.911808013916016
18.364185333251953
3.808856725692749
3.3281211853027344
37.165340423583984
23.859901428222656
19.323469161987305
19.185916900634766
32.15768051147461
4.0495076179504395
20.588830947875977
12.96517276763916
15.509196281433105
9.859601020812988
30.404613494873047
13.496078491210938
37.8773193359375
16.911561965942383
17.489805221557617
23.60673713684082
14.10908031463623
10.955934524536133
16.497652053833008
14.22909164428711
13.429709434509277
36.14963150024414
8.70773696899414
14.244441032409668
12.739489555358887
20.698265075683594
18.652116775512695
19.21815299987793
23.280256271362305
15.401637077331543
6.549867153167725
20.8515567779541
29.428428649902344
5.126697540283203
5.979557037353516
4.977187156677246
8.190107345581055
15.675683975219727
7.081486225128174
14.904284477233887
14.539053916931152
15.335134506225586
21.036314010620117
17.886882781982422
14.055631637573242
16.936771392822266
6.063887596130371
20.22850799560547
28.091854095458984
25.67414093017578
15.929229736328125
11.161653518676758
20.295207977294922
18.72188949584961
12.79533863067627
16.81064796447754
27.707664489746094
26.450166702270508
15.901249885559082
27.182720184326172
13.529769897460938
23.417381286621094
34.64638137817383
17.00084686279297
10.034181594848633
12.415057182312012
20.541807174682617
14.2777738571167
22.273523330688477
12.716789245605469
12.90576457977295
19.20930290222168
14.964696884155273
7.472543239593506
21.278182983398438
8.79228401184082
13.366100311279297
30.908811569213867
29.993083953857422
16.985685348510742
6.255630970001221
12.277800559997559
31.862707138061523
40.03058624267578
21.31900405883789
22.964935302734375
25.639589309692383
14.829398155212402
9.438665390014648
25.65542221069336
21.21742057800293
17.465620040893555
11.94819450378418
5.281373023986816
23.890466690063477
17.312000274658203
19.233360290527344
12.033637046813965
28.4814453125
13.514694213867188
24.642593383789062
17.782201766967773
18.707666397094727
21.33987045288086
17.583030700683594
42.978355407714844
21.660972595214844
23.864665985107422
16.888626098632812
36.56209182739258
10.906245231628418
21.237207412719727
24.9666690826416
10.588083267211914
20.421300888061523
11.322336196899414
5.054662227630615
17.387948989868164
2.803377866744995
7.453859329223633
21.359487533569336
22.545368194580078
12.391873359680176
20.50446128845215
10.768160820007324
23.25950050354004
20.3612117767334
7.6239190101623535
13.115873336791992
25.609508514404297
20.14150047302246
25.57480239868164
13.442294120788574
15.967836380004883
27.90408706665039
16.45065689086914
11.684926986694336
16.938871383666992
29.399980545043945
19.108888626098633
6.313294410705566
24.278671264648438
17.224952697753906
24.054847717285156
5.658843040466309
17.04972267150879
11.020331382751465
14.894516944885254
21.857046127319336
14.097853660583496
29.478986740112305
24.71327781677246
20.540258407592773
25.914915084838867
11.33632755279541
24.331104278564453
25.55583381652832
22.271209716796875
9.30134391784668
27.688297271728516
22.303592681884766
19.672761917114258
17.541648864746094
11.937262535095215
20.4146671295166
13.315699577331543
24.824399948120117
13.108171463012695
14.315085411071777
19.794511795043945
29.519712448120117
11.147937774658203
9.287569046020508
23.61212921142578
8.388837814331055
18.581628799438477
6.940967082977295
26.71281623840332
19.919208526611328
11.251664161682129
8.488855361938477
13.521323204040527
14.49011516571045
19.60665512084961
7.494330406188965
10.18510913848877
9.720069885253906
17.993621826171875
4.43726921081543
8.252213478088379
4.541051864624023
17.91183090209961
17.810270309448242
3.7237191200256348
33.347816467285156
10.301776885986328
10.058756828308105
9.851863861083984
14.181541442871094
38.4357795715332
17.921329498291016
16.838876724243164
12.306940078735352
14.112523078918457
23.030765533447266
20.37732696533203
17.217849731445312
21.9149227142334
31.101654052734375
39.22809982299805
19.276716232299805
12.516517639160156
31.594501495361328
25.240554809570312
17.89415740966797
14.222472190856934
21.086944580078125
12.260746002197266
16.440542221069336
7.774289131164551
17.80316734313965
12.50262451171875
23.869657516479492
13.932098388671875
10.870072364807129
17.10660743713379
1.5641905069351196
26.6948184967041
14.931544303894043
17.99620246887207
20.68061637878418
20.730302810668945
19.529735565185547
6.020591735839844
6.585140705108643
7.270230293273926
16.77073860168457
16.76883888244629
21.05187225341797
18.819080352783203
5.862135410308838
14.173494338989258
20.080873489379883
33.83140563964844
12.78566837310791
25.463672637939453
22.772808074951172
21.127498626708984
20.13486671447754
30.84796142578125
9.719039916992188
29.298616409301758
22.144729614257812
27.262189865112305
21.205726623535156
12.870512008666992
19.14439582824707
11.657655715942383
24.270782470703125
10.959157943725586
35.01057052612305
22.915273666381836
23.67230796813965
25.41504669189453
10.322617530822754
12.300056457519531
16.874006271362305
11.668472290039062
24.802978515625
34.909847259521484
11.368160247802734
10.660176277160645
8.366310119628906
21.804365158081055
11.96029281616211
25.78435707092285
17.735570907592773
17.159778594970703
15.378005981445312
34.227657318115234
9.975106239318848
15.665891647338867
10.469636917114258
14.222308158874512
12.533963203430176
19.696800231933594
18.60719871520996
27.353960037231445
2.9967544078826904
12.904484748840332
21.19880485534668
12.387980461120605
12.79445743560791
18.393665313720703
20.313901901245117
15.731532096862793
9.018709182739258
24.5675048828125
29.464052200317383
9.506463050842285
13.310291290283203
22.914913177490234
4.404863357543945
15.7542085647583
18.470888137817383
43.10137939453125
12.131285667419434
26.338802337646484
18.620399475097656
9.36775016784668
15.903825759887695
30.774150848388672
17.011472702026367
6.146904945373535
8.207906723022461
36.97358322143555
29.296144485473633
27.704561233520508
22.38064193725586
13.474570274353027
25.884782791137695
18.736709594726562
13.767131805419922
35.82612228393555
9.992941856384277
21.692405700683594
24.55995750427246
15.541229248046875
12.982328414916992
29.473241806030273
13.040002822875977
26.61941909790039
19.877201080322266
27.020530700683594
26.084299087524414
30.4504451751709
23.6820011138916
21.490995407104492
13.104597091674805
20.5576171875
19.947547912597656
12.076231956481934
24.40852928161621
6.36053466796875
20.412260055541992
13.658391952514648
15.41380500793457
20.24323081970215
22.9859676361084
11.986529350280762
22.399669647216797
34.05312728881836
30.162065505981445
22.36400604248047
24.01319122314453
26.6765193939209
22.860233306884766
7.815512180328369
7.092374801635742
32.1187744140625
22.792984008789062
8.798408508300781
12.729236602783203
18.979904174804688
10.766868591308594
9.599843978881836
6.8106231689453125
14.915919303894043
31.164636611938477
10.314796447753906
19.561845779418945
12.109045028686523
25.814983367919922
18.505800247192383
32.45000076293945
23.792171478271484
19.217267990112305
21.418840408325195
23.5316162109375
4.169973850250244
18.61754035949707
20.787494659423828
5.341042518615723
35.694984436035156
17.665430068969727
20.102821350097656
31.569110870361328
15.365335464477539
18.440412521362305
13.274218559265137
11.783971786499023
14.61599063873291
8.912749290466309
37.352447509765625
13.593596458435059
17.250499725341797
11.454511642456055
12.099881172180176
25.808475494384766
18.686939239501953
27.582345962524414
12.587169647216797
32.05387878417969
26.936702728271484
18.238204956054688
8.272623062133789
41.003604888916016
10.269476890563965
2.8471426963806152
5.171319961547852
12.7691068649292
11.148690223693848
9.620321273803711
15.033445358276367
17.00374412536621
27.170852661132812
17.915647506713867
25.669849395751953
32.74262237548828
14.103680610656738
17.119338989257812
16.620962142944336
14.520339965820312
9.868433952331543
8.995121002197266
28.009309768676758
21.124876022338867
15.081282615661621
12.89769458770752
9.378933906555176
14.434629440307617
20.332853317260742
24.83149528503418
10.464616775512695
21.038488388061523
15.330648422241211
19.682415008544922
20.73529052734375
18.66875457763672
12.695710182189941
21.592851638793945
31.56381607055664
18.3536434173584
11.49979019165039
25.858644485473633
17.851842880249023
22.328298568725586
3.40537166595459
9.033495903015137
6.086592674255371
11.888710975646973
11.329010009765625
14.134088516235352
15.416544914245605
8.449575424194336
10.49854850769043
7.547436714172363
28.56789207458496
26.40108871459961
17.55997657775879
12.241729736328125
16.701400756835938
17.076976776123047
20.078857421875
32.012142181396484
34.737548828125
24.95354652404785
25.111900329589844
8.728042602539062
11.345793724060059
17.253984451293945
21.73419189453125
21.373493194580078
15.428825378417969
29.86732292175293
14.439628601074219
28.14110565185547
19.52362060546875
23.105161666870117
16.3048152923584
33.78008270263672
24.9368839263916
23.990585327148438
5.566868782043457
15.275150299072266
18.16895866394043
27.29861068725586
32.47953414916992
15.483902931213379
36.15018844604492
13.77724838256836
20.75974464416504
19.108577728271484
19.941654205322266
12.24877643585205
22.810070037841797
22.92987060546875
5.314329624176025
10.838982582092285
21.73055076599121
10.30270767211914
18.717342376708984
31.507511138916016
17.912019729614258
8.952467918395996
11.974381446838379
16.476579666137695
23.537872314453125
36.3989143371582
13.999521255493164
24.372365951538086
8.818675994873047
22.942543029785156
25.31984519958496
19.874189376831055
22.32692527770996
12.708880424499512
31.339357376098633
13.319668769836426
19.740510940551758
14.466116905212402
5.666619300842285
23.34408950805664
21.88347816467285
16.70085334777832
16.45136833190918
25.117679595947266
21.34189796447754
20.875320434570312
28.26974868774414
14.536952018737793
11.177352905273438
8.6345796585083
9.859577178955078
7.23556661605835
17.858537673950195
22.09709358215332
44.97552490234375
33.50522994995117
38.342403411865234
28.389389038085938
7.856301307678223
19.993045806884766
10.957786560058594
16.820714950561523
8.518863677978516
14.098002433776855
20.079442977905273
20.660856246948242
22.508115768432617
21.76894760131836
15.455130577087402
6.950551986694336
9.873111724853516
19.95850372314453
20.15298080444336
6.240137100219727
33.3569221496582
15.079103469848633
30.35085105895996
22.191160202026367
10.935504913330078
13.46507740020752
5.511869430541992
7.5112762451171875
11.08570384979248
14.626704216003418
12.88543701171875
24.103559494018555
17.32643699645996
21.7039737701416
11.322214126586914
32.599876403808594
16.98187828063965
12.989537239074707
19.27581214904785
7.002500534057617
12.163224220275879
25.213130950927734
39.84135437011719
23.224184036254883
13.283480644226074
23.363405227661133
5.145308971405029
17.489009857177734
6.712498664855957
15.690902709960938
8.696860313415527
8.144876480102539
20.8231258392334
16.83768081665039
15.736189842224121
14.544320106506348
27.565067291259766
23.050785064697266
22.410158157348633
10.131244659423828
23.29426383972168
27.1783390045166
27.067718505859375
12.463943481445312
18.6412353515625
10.300848007202148
25.4924259185791
10.995450019836426
15.463592529296875
4.499581336975098
24.2302303314209
3.799128293991089
9.041875839233398
4.046955108642578
15.684426307678223
10.909290313720703
26.4016170501709
6.869051933288574
33.47624969482422
25.225690841674805
20.98371696472168
24.554304122924805
22.082855224609375
14.426587104797363
10.04654312133789
16.98406982421875
23.529552459716797
29.192171096801758
15.212508201599121
5.902254581451416
11.989799499511719
15.749773979187012
11.092377662658691
12.726791381835938
21.05879020690918
12.85223388671875
15.502837181091309
23.453536987304688
15.45254135131836
15.381542205810547
20.9637508392334
16.418537139892578
16.739885330200195
14.068934440612793
14.02312183380127
2.497868299484253
32.68252944946289
34.424190521240234
18.432865142822266
33.21394729614258
32.6295280456543
5.904502868652344
14.63459300994873
17.08146095275879
8.407130241394043
8.64535903930664
20.04252815246582
11.123685836791992
4.108527183532715
12.751373291015625
15.986502647399902
17.71963882446289
24.815868377685547
20.392147064208984
9.423673629760742
22.837135314941406
9.701708793640137
9.733372688293457
14.430808067321777
27.500415802001953
22.87681770324707
10.398719787597656
25.082395553588867
26.28606605529785
12.205927848815918
11.48623275756836
9.617864608764648
24.039878845214844
21.089073181152344
13.99215316772461
26.47990608215332
16.06802749633789
15.978485107421875
23.81447982788086
22.103591918945312
11.871245384216309
22.02988052368164
33.28773880004883
11.315305709838867
11.559537887573242
23.820825576782227
29.670246124267578
14.08475112915039
27.89844512939453
15.808395385742188
10.589400291442871
8.578693389892578
17.56954574584961
26.04564094543457
8.572503089904785
5.889916896820068
19.550922393798828
31.94642448425293
12.263602256774902
17.897592544555664
13.223878860473633
16.855792999267578
26.577329635620117
29.67226791381836
2.4005978107452393
16.251949310302734
22.78725814819336
19.87228775024414
10.063352584838867
12.890446662902832
10.49085807800293
13.670856475830078
18.532297134399414
18.973533630371094
13.093074798583984
16.058950424194336
28.870914459228516
12.02884578704834
16.2569637298584
13.125664710998535
16.996164321899414
13.239076614379883
8.436384201049805
22.47903060913086
13.132862091064453
16.407442092895508
21.850574493408203
9.249024391174316
17.099365234375
6.185760498046875
27.63488006591797
15.302787780761719
23.25387191772461
24.00127410888672
6.260467052459717
25.19038200378418
32.347633361816406
24.58915138244629
24.830665588378906
13.924088478088379
25.429214477539062
13.21681022644043
3.4104557037353516
15.386011123657227
31.741010665893555
24.55682945251465
15.724961280822754
12.919160842895508
16.978553771972656
13.754700660705566
31.889503479003906
24.2390079498291
16.213287353515625
34.83353805541992
16.054241180419922
23.801809310913086
14.12769889831543
8.600894927978516
11.289323806762695
12.711699485778809
6.005774974822998
14.088759422302246
14.445723533630371
21.035295486450195
20.670522689819336
8.110478401184082
10.11047649383545
18.428829193115234
20.26307487487793
20.135210037231445
31.841699600219727
32.88199234008789
13.054442405700684
16.671415328979492
11.258428573608398
7.377938270568848
22.363685607910156
9.345962524414062
18.054271697998047
7.650604248046875
3.370584487915039
4.2917609214782715
17.932233810424805
17.392385482788086
25.852113723754883
29.34043312072754
8.498635292053223
16.663816452026367
13.415885925292969
22.547510147094727
17.71611785888672
7.663399696350098
23.031173706054688
10.783019065856934
25.34014320373535
11.796565055847168
20.234403610229492
17.441333770751953
12.650623321533203
15.1823148727417
19.416439056396484
19.67333221435547
34.54898452758789
14.803436279296875
22.259597778320312
39.34452438354492
13.196873664855957
24.171955108642578
10.813289642333984
21.837923049926758
17.008211135864258
15.999561309814453
16.338912963867188
36.35563278198242
21.875782012939453
4.148518085479736
22.01688575744629
8.576528549194336
21.978689193725586
19.230121612548828
12.3704195022583
8.912934303283691
25.022228240966797
10.68566608428955
39.62838363647461
5.946497440338135
14.415060043334961
15.65955638885498
18.687292098999023
15.545957565307617
16.568294525146484
13.141093254089355
10.577801704406738
15.513877868652344
7.681877136230469
6.172802925109863
9.696367263793945
13.278200149536133
21.47612190246582
19.467073440551758
27.846982955932617
10.154081344604492
14.67247200012207
23.815170288085938
15.855945587158203
15.406059265136719
26.77777671813965
16.454509735107422
18.763042449951172
19.121152877807617
19.874378204345703
19.08125877380371
34.889930725097656
17.167160034179688
12.518506050109863
15.579694747924805
19.430349349975586
37.422080993652344
25.523303985595703
10.015758514404297
8.279004096984863
44.662410736083984
19.773744583129883
17.150909423828125
34.629268646240234
18.523120880126953
9.779088020324707
12.428192138671875
26.734106063842773
20.345796585083008
19.993478775024414
21.039974212646484
10.72232437133789
15.607977867126465
12.647464752197266
19.399808883666992
8.730612754821777
22.313182830810547
19.764223098754883
24.79256248474121
7.388723850250244
16.358776092529297
11.348806381225586
22.07218360900879
24.30815315246582
5.720760345458984
7.101510047912598
10.817349433898926
15.908522605895996
28.443218231201172
44.05341339111328
18.90761947631836
14.752015113830566
20.12919807434082
19.610376358032227
29.0974178314209
21.790203094482422
10.052970886230469
13.470364570617676
9.498834609985352
23.703580856323242
14.057320594787598
25.98926544189453
7.920841693878174
33.96675109863281
14.6530122756958
8.294817924499512
13.307861328125
14.49606704711914
22.970680236816406
15.111380577087402
7.996682643890381
28.255388259887695
31.782241821289062
2.0782580375671387
15.494887351989746
18.11519432067871
15.446197509765625
12.77454662322998
28.246826171875
13.07632827758789
30.79808807373047
30.32318687438965
25.9156436920166
14.649702072143555
7.605870246887207
8.904812812805176
16.822690963745117
20.118497848510742
18.147926330566406
24.927465438842773
11.56799030303955
36.3614387512207
18.3757381439209
15.401105880737305
14.692207336425781
8.599061965942383
10.409369468688965
9.814203262329102
29.45440101623535
20.598161697387695
13.337936401367188
16.112199783325195
8.387770652770996
16.544485092163086
16.164039611816406
10.66640567779541
9.44166374206543
3.936630964279175
19.485984802246094
16.964998245239258
20.81697654724121
20.623062133789062
11.422752380371094
15.308389663696289
35.44511413574219
30.1492862701416
15.132357597351074
19.276126861572266
24.38128662109375
19.806095123291016
12.404699325561523
21.125024795532227
8.438520431518555
22.916316986083984
2.9291906356811523
17.72025489807129
14.891202926635742
31.243030548095703
16.501510620117188
23.20928382873535
12.334922790527344
16.231590270996094
17.594757080078125
31.993595123291016
7.544156551361084
20.299448013305664
12.83828067779541
16.217586517333984
18.843589782714844
23.22087860107422
28.023923873901367
24.782800674438477
17.000141143798828
8.037737846374512
4.449406147003174
18.33102035522461
11.511008262634277
26.201684951782227
19.12559700012207
6.669168949127197
30.996337890625
24.71936798095703
19.97263526916504
19.965360641479492
8.060806274414062
7.6228508949279785
17.702295303344727
17.250322341918945
31.2684268951416
29.436485290527344
2.0121805667877197
27.986082077026367
17.649354934692383
17.76372528076172
11.745638847351074
14.090310096740723
17.379798889160156
13.498149871826172
6.208477020263672
9.477864265441895
26.922208786010742
18.548023223876953
10.069023132324219
23.36372184753418
10.037252426147461
21.60805892944336
16.883323669433594
8.362252235412598
13.537360191345215
14.207509994506836
22.300079345703125
7.704266548156738
20.867944717407227
28.122282028198242
23.270254135131836
25.703571319580078
13.646780967712402
17.924243927001953
28.329130172729492
16.754337310791016
18.745275497436523
18.13204574584961
9.021011352539062
12.593925476074219
5.938759803771973
43.099117279052734
43.21548080444336
22.908292770385742
7.527479648590088
13.886033058166504
14.23093032836914
30.69050407409668
14.196606636047363
11.572041511535645
7.135515213012695
28.961341857910156
14.00606632232666
22.291593551635742
5.5341291427612305
10.451593399047852
18.4017391204834
19.40298843383789
37.59014129638672
16.67011260986328
22.285140991210938
16.01000213623047
20.673730850219727
43.96157455444336
25.345462799072266
13.569549560546875
13.467127799987793
14.002586364746094
8.387175559997559
12.901631355285645
10.70335578918457
31.93834114074707
17.982397079467773
15.196390151977539
4.911303520202637
20.87156105041504
11.207803726196289
17.6531925201416
19.686511993408203
9.302576065063477
41.51193618774414
11.923267364501953
16.459253311157227
10.550821304321289
18.16279411315918
10.36978530883789
17.208730697631836
37.12541580200195
16.37744140625
21.918439865112305
14.317036628723145
5.881707668304443
13.921663284301758
18.956703186035156
28.689340591430664
10.176145553588867
21.38602066040039
25.523292541503906
13.058233261108398
27.788524627685547
13.83780574798584
5.572176456451416
12.869060516357422
12.261931419372559
29.496292114257812
22.79231071472168
18.75491714477539
28.777799606323242
9.981236457824707
23.429481506347656
25.674835205078125
13.477884292602539
28.60312843322754
34.44939041137695
26.794321060180664
28.607017517089844
20.481525421142578
17.33055305480957
7.507838726043701
7.178170680999756
17.884937286376953
17.701366424560547
13.347111701965332
7.494027614593506
35.82762908935547
17.92517852783203
23.971193313598633
31.422340393066406
17.54648780822754
23.172700881958008
9.206350326538086
25.412607192993164
18.10531234741211
15.911713600158691
10.561603546142578
20.12587547302246
18.217960357666016
9.187853813171387
6.686225891113281
31.58075523376465
12.423599243164062
12.312692642211914
25.49919891357422
20.96778106689453
4.429559707641602
11.820392608642578
33.41865921020508
9.42475700378418
11.295798301696777
33.47622299194336
35.25785827636719
14.38796329498291
30.291976928710938
16.472990036010742
23.14985466003418
7.640491008758545
8.590119361877441
16.07648468017578
11.786169052124023
35.38129425048828
46.736751556396484
26.468570709228516
20.724185943603516
10.915181159973145
13.455770492553711
18.203439712524414
12.195958137512207
8.571646690368652
10.452714920043945
38.57748794555664
7.165010929107666
25.274898529052734
11.57275104522705
15.92801284790039
27.377893447875977
27.918489456176758
25.315216064453125
15.87443733215332
7.8174591064453125
20.461997985839844
21.924089431762695
23.408306121826172
7.481440544128418
9.368677139282227
19.98744010925293
32.583621978759766
28.484270095825195
22.58362579345703
7.510071277618408
21.57291603088379
16.31623649597168
10.097055435180664
9.435091018676758
11.54845142364502
21.027530670166016
10.545382499694824
39.36764144897461
17.754379272460938
27.802135467529297
27.044771194458008
10.396695137023926
16.593618392944336
12.136585235595703
21.0213680267334
21.341339111328125
15.192781448364258
16.577001571655273
13.609052658081055
11.731795310974121
29.03420639038086
15.615423202514648
14.207417488098145
17.0655517578125
27.498653411865234
11.023849487304688
4.315006256103516
25.89191246032715
41.596641540527344
29.84121322631836
30.0434627532959
27.4793643951416
12.032449722290039
20.351255416870117
19.485431671142578
25.764999389648438
28.740236282348633
15.180147171020508
22.841718673706055
11.895465850830078
13.918363571166992
22.055875778198242
10.98993968963623
20.361024856567383
28.72534942626953
19.700620651245117
9.186456680297852
14.086830139160156
3.6883139610290527
19.108680725097656
18.994108200073242
18.795642852783203
23.947025299072266
22.85857391357422
12.600132942199707
17.419708251953125
20.538467407226562
29.756515502929688
7.653530120849609
1.2695143222808838
9.31429672241211
27.688064575195312
5.14756965637207
4.254846572875977
14.573004722595215
13.422489166259766
14.833659172058105
21.41486167907715
8.363755226135254
25.213329315185547
12.076462745666504
10.024290084838867
19.07227897644043
12.675699234008789
12.484979629516602
21.330379486083984
23.073490142822266
18.54522705078125
12.097620010375977
14.041777610778809
14.408342361450195
29.945941925048828
11.337906837463379
22.897693634033203
33.72898864746094
10.889605522155762
17.507600784301758
22.926788330078125
14.474172592163086
25.332229614257812
16.103986740112305
15.029070854187012
27.17994499206543
14.418292999267578
22.98802947998047
26.257522583007812
12.830705642700195
23.504125595092773
18.39148712158203
11.375223159790039
24.903972625732422
35.7222785949707
17.54437828063965
18.017105102539062
38.45022201538086
7.1860198974609375
30.029428482055664
34.44626998901367
21.18796157836914
15.98435115814209
38.32039260864258
19.235393524169922
12.629707336425781
11.266556739807129
12.560578346252441
11.392603874206543
25.96335792541504
3.8357062339782715
5.885537147521973
14.697476387023926
13.022639274597168
17.086645126342773
5.605438709259033
13.969867706298828
5.600818634033203
30.84085464477539
7.306900501251221
11.256229400634766
33.21261978149414
24.25848960876465
10.06412124633789
23.527130126953125
45.31059646606445
4.216791152954102
20.84151268005371
6.76981782913208
26.424732208251953
28.282978057861328
15.064583778381348
17.08576202392578
22.256210327148438
16.97282600402832
16.8179931640625
12.066418647766113
5.753544330596924
3.5334761142730713
12.869051933288574
8.470198631286621
13.062043190002441
18.515167236328125
27.398845672607422
12.957775115966797
13.483799934387207
23.443859100341797
16.039710998535156
9.927705764770508
14.472248077392578
21.452394485473633
13.648093223571777
20.368793487548828
17.50849151611328
4.43516731262207
18.00334930419922
30.573333740234375
25.254438400268555
14.967778205871582
13.15103530883789
0.5298147797584534
