36.711997985839844
38.88228225708008
18.89793586730957
23.33167266845703
28.74852180480957
22.019405364990234
25.019153594970703
19.857038497924805
21.324508666992188
37.4630012512207
21.77339744567871
39.2446174621582
37.90012741088867
29.033077239990234
22.132282257080078
53.31089782714844
35.146968841552734
27.143512725830078
31.875282287597656
29.091144561767578
33.95358657836914
21.05038833618164
32.54436492919922
26.458993911743164
43.93009567260742
39.23290252685547
14.622193336486816
27.086559295654297
14.3636474609375
42.99748229980469
21.347755432128906
18.065113067626953
26.812246322631836
17.958269119262695
23.665077209472656
33.297672271728516
47.996646881103516
18.747888565063477
19.679527282714844
32.98479080200195
31.313655853271484
17.9855899810791
36.312808990478516
35.729774475097656
29.907691955566406
12.790030479431152
41.037384033203125
14.300944328308105
25.869491577148438
16.022550582885742
32.66575241088867
45.31734848022461
20.401288986206055
20.94095802307129
25.547243118286133
33.9499397277832
46.553462982177734
29.892419815063477
37.01937484741211
30.330785751342773
24.228410720825195
23.514570236206055
34.77716064453125
39.47231674194336
26.655115127563477
12.47192668914795
14.608689308166504
15.687568664550781
30.904144287109375
35.612144470214844
28.183761596679688
24.234434127807617
23.204116821289062
19.705039978027344
20.49151039123535
52.77499771118164
24.42961883544922
19.56138038635254
22.59699249267578
26.780075073242188
47.74216842651367
32.28597640991211
23.917491912841797
26.214601516723633
18.850337982177734
49.5168342590332
28.061443328857422
30.470746994018555
19.6201171875
38.471038818359375
34.29141616821289
50.72419738769531
26.48203468322754
2.610933542251587
32.11962890625
15.16493034362793
36.637474060058594
19.185441970825195
16.71649169921875
11.060873985290527
9.290624618530273
14.678078651428223
15.721458435058594
42.974430084228516
20.80390739440918
30.39011001586914
13.773477554321289
8.682372093200684
37.15219497680664
17.235374450683594
30.94868278503418
34.93684005737305
40.28515625
30.769346237182617
13.36996841430664
21.168031692504883
10.542916297912598
23.83979606628418
25.488237380981445
18.7744197845459
19.69097137451172
38.51049041748047
24.154550552368164
21.895156860351562
29.993223190307617
43.40782928466797
39.26482391357422
16.805633544921875
25.426109313964844
23.483142852783203
18.362279891967773
29.488664627075195
18.12843132019043
28.59930992126465
18.273387908935547
30.897621154785156
22.7100887298584
26.68292999267578
40.68619155883789
30.63694190979004
20.822500228881836
31.3995304107666
22.274005889892578
35.06634521484375
9.869718551635742
43.38720703125
19.806066513061523
13.840246200561523
18.806915283203125
36.99388885498047
33.80952072143555
25.413185119628906
19.88440704345703
40.70371627807617
45.63847351074219
31.802637100219727
26.895498275756836
46.306209564208984
37.09054946899414
39.63454055786133
10.185304641723633
36.514381408691406
20.76996421813965
36.94759750366211
38.138458251953125
21.05954360961914
34.82011032104492
26.7719669342041
26.780317306518555
17.79762840270996
36.07081604003906
36.230262756347656
27.15680503845215
26.90656089782715
39.03335952758789
46.06303787231445
31.26235580444336
16.2944393157959
35.76265335083008
17.07577133178711
16.96917724609375
19.32823944091797
36.2880744934082
32.069461822509766
27.944725036621094
21.45998764038086
29.19265365600586
26.572399139404297
26.88364601135254
47.37767791748047
6.981717109680176
24.481441497802734
29.09296417236328
9.420531272888184
13.784073829650879
26.227277755737305
18.779760360717773
17.024250030517578
25.03720474243164
23.973739624023438
18.87070655822754
26.791606903076172
47.46875
45.49945831298828
12.935033798217773
0.8544812202453613
12.720088958740234
5.842312812805176
41.05990982055664
21.26474952697754
26.346933364868164
11.762458801269531
10.376968383789062
50.91551208496094
20.206636428833008
28.062345504760742
37.32876968383789
25.370361328125
43.474037170410156
41.6524658203125
30.063322067260742
42.69560241699219
25.23739242553711
18.07782554626465
32.29451370239258
18.264400482177734
24.02851676940918
40.547943115234375
30.179443359375
22.47466278076172
8.64284896850586
24.18854331970215
16.29029655456543
19.400390625
12.391894340515137
20.52706527709961
17.550626754760742
14.395479202270508
37.07946014404297
25.325586318969727
41.24280548095703
30.093482971191406
9.556918144226074
20.36484718322754
6.906425952911377
25.814619064331055
32.972862243652344
23.250104904174805
17.51961898803711
32.290061950683594
38.02821350097656
22.940332412719727
44.284183502197266
29.531286239624023
19.57642936706543
16.688129425048828
24.400638580322266
43.30436325073242
32.295902252197266
18.055273056030273
24.556264877319336
14.382665634155273
31.146196365356445
26.668983459472656
27.2866268157959
35.636085510253906
15.326539039611816
35.461341857910156
26.208820343017578
31.565187454223633
18.469005584716797
26.360233306884766
19.057125091552734
32.754669189453125
31.825414657592773
22.163448333740234
11.208234786987305
38.17995834350586
24.03360939025879
69.59058380126953
16.601530075073242
37.2016716003418
20.872682571411133
25.927433013916016
27.104694366455078
26.345388412475586
22.18474006652832
23.532196044921875
3.612680435180664
5.015748977661133
25.11086654663086
11.676960945129395
26.763103485107422
16.454151153564453
7.925076007843018
27.006214141845703
46.11691665649414
29.81960105895996
25.050437927246094
28.889076232910156
17.284297943115234
29.154415130615234
27.374174118041992
18.585840225219727
26.451465606689453
48.59841537475586
39.87070083618164
24.396577835083008
14.373940467834473
20.85991859436035
28.47684669494629
28.169591903686523
21.631141662597656
19.426551818847656
14.621694564819336
6.124067783355713
25.392810821533203
26.629636764526367
30.26285171508789
19.40900230407715
22.243938446044922
36.83534622192383
31.875242233276367
30.593158721923828
24.284940719604492
11.122851371765137
53.95417404174805
8.4425687789917
9.022385597229004
15.945001602172852
30.476686477661133
34.32368469238281
32.64813232421875
31.60161018371582
54.981788635253906
15.489571571350098
19.544668197631836
22.87767219543457
23.326520919799805
18.07391929626465
14.353120803833008
28.704654693603516
34.367183685302734
38.998409271240234
44.243019104003906
30.51390266418457
36.355445861816406
17.754667282104492
39.93717575073242
18.530717849731445
41.412353515625
23.75885009765625
54.04709243774414
26.893787384033203
19.327136993408203
19.826513290405273
19.511985778808594
30.152938842773438
14.956429481506348
15.298080444335938
10.260079383850098
28.182823181152344
19.832862854003906
43.36491012573242
30.556257247924805
21.410823822021484
5.4103169441223145
33.28337097167969
35.3791389465332
29.57935333251953
11.747297286987305
19.34868812561035
13.869535446166992
29.744190216064453
25.325490951538086
23.231155395507812
28.635040283203125
11.737658500671387
17.910354614257812
29.090425491333008
23.906692504882812
20.825590133666992
16.013256072998047
20.951040267944336
22.66958236694336
37.62559509277344
28.910320281982422
38.35743713378906
52.97639083862305
26.89707374572754
20.71568489074707
33.508155822753906
14.171258926391602
10.186518669128418
14.789003372192383
31.667768478393555
47.259883880615234
20.836851119995117
23.658546447753906
26.804237365722656
13.888040542602539
16.19861602783203
17.75042724609375
22.32964324951172
10.627662658691406
27.742076873779297
15.4496431350708
27.776437759399414
26.97203254699707
58.436767578125
10.495391845703125
18.691116333007812
28.04916763305664
40.55602264404297
14.83203411102295
24.525068283081055
18.084638595581055
30.076845169067383
30.459163665771484
28.294260025024414
33.528499603271484
19.07961654663086
13.133722305297852
20.2169189453125
21.739721298217773
33.35193634033203
30.54413414001465
35.82099151611328
36.53496551513672
25.972307205200195
32.385257720947266
29.998380661010742
48.065940856933594
23.666732788085938
14.17298698425293
17.102828979492188
28.56359100341797
33.981536865234375
12.757122039794922
35.21335983276367
38.82721710205078
35.44286346435547
27.233911514282227
22.156681060791016
19.562726974487305
19.7813720703125
21.474931716918945
26.496530532836914
40.6681022644043
23.657814025878906
12.542612075805664
37.90975570678711
21.43149185180664
5.152153968811035
26.70415496826172
13.772515296936035
24.572126388549805
33.514305114746094
15.818799018859863
31.144243240356445
8.079795837402344
21.927230834960938
22.88021469116211
35.87535095214844
45.96855926513672
34.966251373291016
26.364715576171875
20.60641098022461
40.17414093017578
43.702301025390625
30.048900604248047
25.091989517211914
28.06084442138672
39.51209259033203
34.92979049682617
24.120136260986328
23.036806106567383
11.377711296081543
29.831228256225586
18.539344787597656
27.7526912689209
36.42789077758789
22.9267635345459
31.206689834594727
26.508073806762695
23.29448127746582
35.078636169433594
24.75985336303711
23.56814956665039
45.318939208984375
38.90756607055664
27.05581283569336
40.25431823730469
26.389848709106445
47.901187896728516
46.995567321777344
23.2923526763916
15.390350341796875
36.295921325683594
45.08960723876953
13.86938762664795
10.981954574584961
15.128800392150879
34.126461029052734
17.231355667114258
52.13951110839844
30.15666961669922
7.716307163238525
17.082612991333008
6.203347206115723
30.41726303100586
15.6710786819458
16.119873046875
20.761062622070312
21.868221282958984
32.048160552978516
23.518083572387695
32.40017318725586
26.528160095214844
38.91630935668945
26.653905868530273
25.175321578979492
6.953474521636963
29.161170959472656
16.234106063842773
29.627422332763672
19.48872947692871
16.036466598510742
17.204744338989258
9.63422966003418
29.73110008239746
25.944520950317383
18.19573211669922
32.69305419921875
20.854623794555664
15.823282241821289
30.655385971069336
17.198678970336914
21.524856567382812
27.285858154296875
23.670135498046875
7.709208965301514
21.01049041748047
29.31998634338379
10.054109573364258
44.87761688232422
25.991683959960938
28.15989875793457
21.190284729003906
42.298301696777344
29.8247013092041
29.48018455505371
29.423397064208984
17.677465438842773
21.698057174682617
29.680768966674805
44.9041862487793
19.70766830444336
33.804466247558594
16.16153335571289
26.298871994018555
20.372880935668945
43.737518310546875
21.215787887573242
33.45578384399414
36.21241760253906
27.063743591308594
16.679275512695312
28.229032516479492
43.154014587402344
35.0504035949707
42.18437957763672
25.24344253540039
27.792478561401367
40.84558868408203
22.204599380493164
20.681562423706055
33.674720764160156
16.604406356811523
37.739803314208984
37.090362548828125
26.832914352416992
40.04718017578125
11.966731071472168
39.72282409667969
33.43096160888672
5.9047722816467285
20.767370223999023
43.10826110839844
12.6614351272583
27.440711975097656
24.85076332092285
16.07594108581543
47.20600128173828
41.158050537109375
32.79782485961914
26.77198600769043
27.025405883789062
15.557472229003906
46.289337158203125
32.44565200805664
38.809661865234375
35.73690414428711
33.59489059448242
21.995389938354492
37.365325927734375
19.72699737548828
30.85483169555664
8.91501235961914
21.388938903808594
31.79574203491211
28.06406021118164
19.341283798217773
55.796566009521484
36.339500427246094
21.874980926513672
41.38766860961914
28.898983001708984
34.73357391357422
5.010738372802734
40.934200286865234
11.202675819396973
43.33163833618164
42.71125411987305
24.533733367919922
44.03120040893555
23.41840934753418
10.801589965820312
32.22255325317383
20.11565589904785
28.693603515625
34.0859260559082
22.352548599243164
22.380884170532227
15.036530494689941
19.16837501525879
32.94196701049805
33.580116271972656
28.56867790222168
11.798986434936523
19.097972869873047
39.2295036315918
24.57819938659668
24.36944007873535
67.67012786865234
20.691049575805664
33.20689010620117
27.333139419555664
14.756462097167969
41.09231185913086
24.87389373779297
21.78325653076172
20.40682601928711
46.52595138549805
18.697458267211914
5.532943248748779
4.535730838775635
33.568023681640625
14.863592147827148
38.64380645751953
33.895179748535156
40.121639251708984
16.889318466186523
49.7251091003418
21.80750274658203
24.387897491455078
15.007503509521484
30.444053649902344
56.491249084472656
17.81062126159668
28.131608963012695
17.50242805480957
40.3310661315918
23.493663787841797
19.383092880249023
22.797637939453125
35.114013671875
17.651851654052734
36.606788635253906
37.99348449707031
18.561485290527344
37.63788604736328
23.631601333618164
29.751182556152344
42.51645278930664
48.74980545043945
48.93692398071289
20.214611053466797
35.614227294921875
20.488447189331055
52.7322998046875
13.032991409301758
22.597551345825195
66.8465805053711
37.6854133605957
11.340791702270508
18.896787643432617
44.97270584106445
41.348907470703125
40.90032196044922
28.59149742126465
28.043594360351562
29.336069107055664
43.46067428588867
23.2901668548584
24.621849060058594
27.401968002319336
27.3762264251709
30.685638427734375
13.916553497314453
23.07648468017578
50.319671630859375
41.96641540527344
25.66819190979004
23.46169090270996
35.74419021606445
19.145511627197266
50.34016036987305
20.557106018066406
24.565637588500977
5.028870582580566
14.264404296875
29.245716094970703
30.92088508605957
24.327428817749023
35.631404876708984
24.876623153686523
35.847633361816406
39.15892028808594
27.360517501831055
39.60120391845703
27.02946662902832
37.38795852661133
31.976272583007812
20.778470993041992
14.332063674926758
9.341497421264648
27.28441619873047
8.023489952087402
31.23225975036621
7.929879188537598
18.480871200561523
17.843061447143555
29.701480865478516
5.931748390197754
46.752662658691406
31.40707015991211
48.35695266723633
13.848825454711914
23.081920623779297
19.790504455566406
20.373491287231445
23.530384063720703
33.259456634521484
33.755760192871094
33.19804382324219
43.18862533569336
20.610958099365234
37.8834114074707
32.1539421081543
14.509908676147461
33.24623107910156
16.45461082458496
25.570520401000977
28.598119735717773
39.899112701416016
18.53441047668457
50.0614013671875
33.06324768066406
42.09712219238281
20.803363800048828
28.377317428588867
24.444091796875
15.766749382019043
27.09358024597168
30.654403686523438
23.181020736694336
16.993606567382812
30.810773849487305
12.713010787963867
11.118249893188477
10.391252517700195
10.961776733398438
38.49986267089844
37.509864807128906
37.0656852722168
35.38982009887695
39.30885314941406
24.66155242919922
39.880985260009766
26.086061477661133
20.616003036499023
34.095577239990234
56.27375793457031
33.57974624633789
2.617187738418579
41.20763397216797
42.898712158203125
25.266460418701172
23.6828556060791
31.942230224609375
34.70655059814453
36.363399505615234
38.05386734008789
32.56310272216797
26.931482315063477
20.97525405883789
26.472074508666992
19.1450252532959
27.038923263549805
28.49296760559082
24.41059112548828
11.636903762817383
41.694156646728516
42.150108337402344
30.614824295043945
31.19771957397461
24.221736907958984
27.930875778198242
20.779884338378906
14.431936264038086
33.65940856933594
26.449216842651367
39.32073211669922
6.190646171569824
26.344411849975586
38.6815299987793
38.1387825012207
30.836502075195312
23.762720108032227
48.276973724365234
8.489847183227539
26.362836837768555
37.96311950683594
22.560665130615234
29.886722564697266
39.86898422241211
44.258148193359375
8.13001823425293
18.985029220581055
27.492313385009766
31.220069885253906
17.91804313659668
32.1180419921875
13.866032600402832
36.83650207519531
25.612146377563477
26.25999641418457
9.141462326049805
24.47522735595703
29.384185791015625
33.70494842529297
18.67365837097168
27.167085647583008
24.321048736572266
33.26615524291992
30.410362243652344
14.434396743774414
11.511398315429688
26.276506423950195
40.74922561645508
36.69458770751953
22.502809524536133
48.05559158325195
33.58285903930664
22.807918548583984
37.437862396240234
33.722129821777344
28.7518253326416
33.84165954589844
19.769630432128906
39.08448028564453
38.37841796875
52.4491081237793
26.033239364624023
18.955856323242188
31.2064266204834
10.038715362548828
18.295557022094727
29.645442962646484
12.885246276855469
37.520050048828125
15.937589645385742
27.97980308532715
12.679631233215332
25.646379470825195
15.81878662109375
20.11409568786621
55.57661056518555
38.23771667480469
25.80362319946289
33.25386428833008
10.745559692382812
57.69110107421875
3.7833805084228516
31.42003631591797
11.806418418884277
27.83701515197754
14.115325927734375
21.008787155151367
38.32440185546875
16.246335983276367
48.41881561279297
25.930742263793945
12.428213119506836
21.771055221557617
19.81386375427246
29.02015495300293
16.309932708740234
17.07415008544922
21.332157135009766
32.64982604980469
24.190767288208008
24.151103973388672
19.381929397583008
24.98922348022461
41.214420318603516
30.95523452758789
26.730905532836914
43.569549560546875
20.44920539855957
26.25118064880371
25.572811126708984
17.57000732421875
20.876638412475586
22.312227249145508
41.46522903442383
43.43111801147461
21.01094627380371
22.022249221801758
42.55299758911133
15.000555038452148
21.093849182128906
14.29847526550293
46.935150146484375
31.164640426635742
47.08842086791992
29.673669815063477
41.98985290527344
30.054914474487305
12.999349594116211
18.5444393157959
54.469478607177734
32.156227111816406
10.720918655395508
28.715978622436523
29.12637710571289
25.52292251586914
27.39487075805664
33.64548110961914
16.229679107666016
24.58712387084961
23.85637092590332
26.281864166259766
18.012874603271484
27.86512565612793
14.792092323303223
41.15782928466797
25.907590866088867
24.203845977783203
30.806774139404297
21.378253936767578
25.96694564819336
28.057035446166992
29.233848571777344
35.27193832397461
32.932674407958984
44.75146484375
28.011398315429688
40.81413650512695
17.504749298095703
15.723912239074707
36.70592498779297
49.67577362060547
45.11026382446289
7.499671936035156
26.43443489074707
43.718528747558594
32.128055572509766
31.765350341796875
15.074973106384277
18.570098876953125
24.920787811279297
40.19854736328125
25.129596710205078
47.55922317504883
35.9005126953125
19.40264320373535
34.06562805175781
17.993803024291992
12.759598731994629
34.81550216674805
43.98773956298828
19.713653564453125
38.13790512084961
29.813276290893555
16.736778259277344
13.305072784423828
41.781009674072266
25.472108840942383
30.334484100341797
18.079322814941406
42.04574203491211
37.306278228759766
41.1575813293457
37.49713897705078
49.981170654296875
26.317174911499023
19.394733428955078
18.680912017822266
39.168697357177734
30.033355712890625
54.862850189208984
22.25322151184082
7.31555700302124
24.384897232055664
39.93946075439453
14.559066772460938
38.839683532714844
20.753320693969727
62.62623596191406
37.439598083496094
17.999038696289062
22.616836547851562
41.01071548461914
26.6777286529541
38.38623809814453
14.264556884765625
19.628427505493164
24.52525520324707
37.434722900390625
38.1815185546875
15.409916877746582
53.298675537109375
19.584630966186523
19.912935256958008
11.382712364196777
23.852462768554688
36.020748138427734
36.47966003417969
30.62644386291504
39.3317756652832
37.99299240112305
41.59669876098633
38.196128845214844
22.1386661529541
19.171001434326172
24.08492088317871
26.90081024169922
40.97361373901367
27.3449649810791
14.786815643310547
6.415058135986328
14.707870483398438
27.837875366210938
23.9190673828125
24.610408782958984
18.700237274169922
28.12188148498535
6.8256635665893555
21.510238647460938
42.104488372802734
65.572021484375
23.799036026000977
24.158403396606445
19.378986358642578
28.76401138305664
33.920658111572266
29.792156219482422
22.44091033935547
28.925914764404297
11.871088027954102
35.487022399902344
16.749788284301758
14.350143432617188
48.12277603149414
13.682762145996094
34.57674789428711
8.304338455200195
23.922231674194336
17.670289993286133
33.98681640625
15.521879196166992
14.77054214477539
10.294076919555664
21.998422622680664
38.328372955322266
8.910843849182129
45.66077423095703
20.219881057739258
41.26993179321289
31.70772933959961
16.80902099609375
26.9674129486084
32.29255294799805
18.338472366333008
6.230766773223877
17.21710968017578
25.40419578552246
38.39733123779297
11.060270309448242
52.50078582763672
40.40835189819336
22.65570068359375
10.584589958190918
23.864120483398438
31.511783599853516
14.773571968078613
55.722434997558594
33.385929107666016
20.56702995300293
26.187820434570312
31.212934494018555
29.27709197998047
8.812275886535645
12.772531509399414
37.47018814086914
22.972322463989258
37.651405334472656
28.312171936035156
34.82767105102539
42.37880325317383
28.914518356323242
33.9435920715332
44.0635871887207
21.402883529663086
10.55819320678711
18.082632064819336
18.767030715942383
18.329341888427734
39.618228912353516
36.13353729248047
36.96464538574219
41.53691864013672
45.53596878051758
26.687341690063477
19.064682006835938
25.565593719482422
8.330988883972168
21.28482437133789
11.799017906188965
46.61619186401367
11.79517650604248
25.746028900146484
32.727291107177734
33.88234329223633
34.3868408203125
14.195318222045898
13.455985069274902
22.329723358154297
33.252403259277344
22.138708114624023
6.590830326080322
9.769220352172852
9.867225646972656
19.140108108520508
35.51202392578125
35.30378341674805
38.2150993347168
13.278261184692383
27.481002807617188
26.387256622314453
15.756534576416016
13.29128646850586
40.131324768066406
26.192113876342773
17.271583557128906
35.977333068847656
15.325515747070312
35.23778533935547
11.282767295837402
9.202493667602539
40.13369369506836
28.296371459960938
26.03188133239746
12.33559513092041
15.47022819519043
35.47994613647461
22.183382034301758
24.013944625854492
15.006413459777832
46.44397735595703
17.4432373046875
29.530973434448242
45.121273040771484
19.864910125732422
13.997320175170898
28.333026885986328
29.29751968383789
18.035247802734375
32.54642868041992
19.627281188964844
38.637481689453125
17.9078311920166
20.06435775756836
9.700282096862793
40.40153121948242
46.96237564086914
19.594829559326172
26.97817039489746
25.153383255004883
34.57829284667969
28.289012908935547
37.91905212402344
37.69150161743164
47.646522521972656
31.669403076171875
28.0716609954834
25.12079429626465
30.28764533996582
22.089584350585938
46.075992584228516
14.993038177490234
15.512945175170898
2.9088287353515625
19.985836029052734
29.872987747192383
18.14766502380371
16.387516021728516
15.917677879333496
20.954483032226562
27.939098358154297
33.393096923828125
26.265491485595703
31.319259643554688
20.792301177978516
19.004100799560547
37.39306640625
18.238508224487305
26.87877655029297
2.590196132659912
21.23626136779785
24.179826736450195
30.60023307800293
31.190513610839844
46.930789947509766
17.819379806518555
29.835275650024414
16.095651626586914
28.434785842895508
11.269594192504883
24.221111297607422
38.603515625
29.07733154296875
28.279619216918945
24.32857894897461
56.65275955200195
26.415477752685547
27.87591552734375
20.033157348632812
51.81633758544922
32.36774444580078
32.16710662841797
26.684614181518555
21.24141502380371
21.4793643951416
22.69800567626953
16.54557991027832
9.370725631713867
12.694198608398438
36.591346740722656
15.225702285766602
20.632356643676758
43.975852966308594
22.411882400512695
43.4710693359375
17.107803344726562
22.45189094543457
4.519103050231934
18.978271484375
27.981529235839844
13.201489448547363
24.720848083496094
20.370187759399414
28.998138427734375
34.82256317138672
27.136873245239258
30.624032974243164
18.151973724365234
25.116863250732422
22.109121322631836
30.92084503173828
37.72355651855469
14.894354820251465
17.740262985229492
29.130712509155273
13.557538986206055
17.350101470947266
19.0495548248291
19.82647132873535
23.02236557006836
11.583094596862793
15.24366569519043
21.73464584350586
9.75469970703125
28.725252151489258
15.589144706726074
29.107877731323242
31.794567108154297
19.46725082397461
20.859224319458008
37.65407943725586
21.993558883666992
24.18419075012207
24.781465530395508
12.590121269226074
22.124282836914062
32.360389709472656
23.310108184814453
21.406932830810547
23.42108917236328
50.59401321411133
22.58916664123535
24.52400779724121
13.527567863464355
23.233488082885742
29.17134666442871
23.335973739624023
27.90346336364746
31.961034774780273
19.223169326782227
55.38439178466797
23.247873306274414
21.12137222290039
28.753747940063477
26.396757125854492
24.102264404296875
29.814477920532227
25.281085968017578
22.551443099975586
17.831239700317383
18.537616729736328
25.914413452148438
27.557872772216797
23.2894229888916
22.990238189697266
34.06331253051758
9.63276481628418
15.552849769592285
29.12952995300293
24.77897834777832
30.168777465820312
15.566153526306152
31.127817153930664
16.374055862426758
24.092912673950195
15.523100852966309
43.717708587646484
40.152652740478516
20.384973526000977
28.337961196899414
38.38371658325195
19.682483673095703
22.484912872314453
25.09627342224121
18.27120590209961
20.527210235595703
28.45079803466797
8.994711875915527
24.439437866210938
30.524686813354492
37.318359375
50.051856994628906
45.61897277832031
7.803540229797363
35.4706916809082
16.0412654876709
35.80411148071289
19.260208129882812
18.551300048828125
32.221702575683594
16.714149475097656
3.581641435623169
14.531288146972656
64.73469543457031
36.857093811035156
43.2900505065918
24.707483291625977
16.592138290405273
34.540889739990234
46.711605072021484
27.309959411621094
47.68471145629883
35.850914001464844
37.952388763427734
44.64373016357422
40.47292709350586
21.225976943969727
15.800641059875488
24.146747589111328
30.713462829589844
34.512569427490234
44.91057586669922
31.804485321044922
16.4915828704834
30.816011428833008
26.05597686767578
29.023481369018555
11.318564414978027
28.702796936035156
17.707799911499023
28.15826988220215
40.464717864990234
33.17269515991211
22.627038955688477
39.092735290527344
20.810800552368164
32.968788146972656
18.125316619873047
34.9023551940918
32.339786529541016
9.201842308044434
18.125167846679688
28.763347625732422
13.616984367370605
31.96437644958496
23.976255416870117
41.26213455200195
35.8259391784668
30.62162971496582
39.338863372802734
43.29991149902344
28.920595169067383
30.48992156982422
26.91027069091797
25.130138397216797
22.217653274536133
36.842124938964844
32.5740852355957
21.291189193725586
30.87833595275879
17.699243545532227
31.68478012084961
23.023181915283203
43.77110290527344
39.738956451416016
34.95146179199219
57.71482849121094
19.93755531311035
24.44678497314453
46.0204963684082
23.150794982910156
25.718982696533203
32.17459487915039
24.054527282714844
46.36832809448242
28.071460723876953
27.92439079284668
16.36858367919922
24.30079460144043
31.424922943115234
29.794261932373047
22.228469848632812
20.27744483947754
3.172616958618164
11.770668983459473
37.97871780395508
22.61201286315918
24.901168823242188
38.15449905395508
13.894620895385742
36.40359878540039
38.18288040161133
8.226226806640625
18.63646697998047
19.459775924682617
15.781536102294922
17.014690399169922
23.395816802978516
23.724016189575195
53.676902770996094
14.564600944519043
26.486082077026367
31.933155059814453
34.106849670410156
19.43973731994629
42.625701904296875
44.774009704589844
23.998876571655273
32.83484649658203
21.351335525512695
24.370847702026367
44.07251739501953
29.56754493713379
17.58753776550293
20.42438507080078
35.40995788574219
10.080306053161621
19.023662567138672
27.248796463012695
50.699913024902344
35.831459045410156
15.422699928283691
19.101022720336914
38.01225280761719
5.727742671966553
38.60212707519531
20.255748748779297
43.6653938293457
15.15326976776123
23.509790420532227
28.65933609008789
13.416160583496094
26.18708038330078
37.59565734863281
25.99195098876953
15.978185653686523
27.900663375854492
9.651998519897461
13.919022560119629
20.67074966430664
48.41253662109375
30.154661178588867
24.633743286132812
23.68987464904785
19.70819854736328
45.0196533203125
33.35528564453125
44.419212341308594
24.7939395904541
35.46894836425781
47.213993072509766
46.422889709472656
13.14642333984375
27.647632598876953
29.926042556762695
39.436546325683594
30.712465286254883
19.807350158691406
24.925168991088867
32.47574234008789
49.22043228149414
33.92938995361328
28.96314811706543
33.950313568115234
21.383522033691406
32.025020599365234
50.603824615478516
30.641937255859375
42.802978515625
20.296188354492188
27.109210968017578
27.907039642333984
41.635765075683594
16.63060188293457
39.863773345947266
50.78468322753906
20.316909790039062
27.665414810180664
38.50523376464844
33.78179931640625
33.23149108886719
35.319950103759766
26.494718551635742
13.998917579650879
30.810964584350586
10.659504890441895
32.90578079223633
26.635379791259766
30.00650405883789
37.111900329589844
34.95112228393555
29.256004333496094
53.79747009277344
12.5193452835083
22.41892433166504
19.013229370117188
24.830825805664062
26.508869171142578
45.4100227355957
33.07539367675781
37.431671142578125
6.012968063354492
35.2091178894043
35.453125
15.684128761291504
17.182401657104492
41.970306396484375
33.517120361328125
13.731483459472656
25.08595848083496
17.381515502929688
18.705753326416016
38.23988723754883
26.97353172302246
32.44600296020508
30.981691360473633
23.31764030456543
30.785301208496094
56.6104850769043
24.059410095214844
58.035614013671875
58.11652755737305
46.65094757080078
18.046077728271484
54.21550750732422
22.021484375
32.99711227416992
31.599748611450195
31.456390380859375
54.415679931640625
22.612255096435547
25.194664001464844
44.81916809082031
36.040618896484375
35.550235748291016
19.948144912719727
35.092933654785156
30.062442779541016
42.998558044433594
33.486663818359375
37.90690231323242
25.443058013916016
27.26854133605957
17.31692886352539
25.988189697265625
19.691965103149414
34.684608459472656
38.12886047363281
11.286596298217773
20.614953994750977
16.982257843017578
27.213335037231445
28.783872604370117
22.568437576293945
20.199392318725586
17.691028594970703
58.84829330444336
28.31119728088379
38.64646530151367
40.6668701171875
48.82648468017578
43.287811279296875
38.63524627685547
14.025871276855469
22.32151985168457
24.861331939697266
38.823917388916016
14.668317794799805
26.78127670288086
17.595142364501953
25.924772262573242
36.18529510498047
19.043195724487305
13.59553337097168
13.184514999389648
17.683774948120117
24.595056533813477
16.869121551513672
35.29362869262695
18.241207122802734
19.23192024230957
23.653886795043945
32.19916534423828
13.182012557983398
39.42618942260742
28.282135009765625
32.29611587524414
24.1933650970459
33.008766174316406
46.774261474609375
16.010128021240234
23.91741371154785
19.48478889465332
22.18091583251953
25.980690002441406
40.540199279785156
55.654319763183594
18.289630889892578
57.708683013916016
8.72205638885498
25.141986846923828
24.672927856445312
18.749052047729492
12.571219444274902
28.415603637695312
19.287363052368164
37.89229202270508
33.098045349121094
38.76408386230469
37.50238037109375
21.924501419067383
27.228464126586914
27.358848571777344
18.838634490966797
20.27587127685547
42.51240158081055
8.944183349609375
15.599188804626465
20.461181640625
46.45826721191406
38.8634033203125
17.91547393798828
23.26751136779785
23.59475326538086
40.77195358276367
18.473024368286133
26.871261596679688
39.95478439331055
50.80447006225586
18.74374771118164
14.799595832824707
23.55393409729004
17.474102020263672
40.507225036621094
32.89413070678711
32.91377639770508
45.57453918457031
27.543291091918945
35.58155822753906
32.78759765625
23.83673667907715
33.787872314453125
30.16953468322754
40.598175048828125
22.748367309570312
40.14682388305664
43.21925735473633
17.7696590423584
41.12693786621094
8.002334594726562
36.64934539794922
22.580453872680664
18.850486755371094
30.392763137817383
27.02276611328125
19.686981201171875
25.05634117126465
2.8694090843200684
24.32670021057129
13.277180671691895
18.832965850830078
29.03755760192871
14.822668075561523
28.322757720947266
43.72857666015625
27.16366958618164
24.54330062866211
20.61703109741211
23.2008056640625
31.83220100402832
33.9396858215332
32.24413299560547
25.0402889251709
42.086639404296875
24.37904930114746
32.447906494140625
18.227092742919922
52.21971893310547
16.06154441833496
38.17716979980469
35.467018127441406
24.083396911621094
26.648630142211914
47.00740051269531
22.5851993560791
36.894615173339844
27.78213882446289
15.310153007507324
37.07796859741211
15.88450813293457
19.100439071655273
47.65754318237305
24.85951042175293
30.102012634277344
25.805261611938477
27.992610931396484
25.980871200561523
35.93638610839844
30.91058349609375
19.07746696472168
29.134428024291992
31.382022857666016
52.574363708496094
38.822811126708984
19.01320457458496
37.05167007446289
18.079893112182617
26.447465896606445
38.148841857910156
7.503194808959961
44.689613342285156
48.384368896484375
31.254384994506836
12.699736595153809
23.657207489013672
26.13823127746582
20.1599063873291
11.136673927307129
17.481258392333984
15.369060516357422
32.60987854003906
27.714509963989258
36.42532730102539
20.03614044189453
40.3375244140625
6.362631797790527
10.284707069396973
28.076223373413086
47.23300552368164
9.004944801330566
40.78675842285156
14.04226303100586
48.57920837402344
52.55804443359375
43.58430862426758
28.362138748168945
24.47240447998047
26.882251739501953
16.42630386352539
19.855846405029297
38.045650482177734
38.617774963378906
36.496864318847656
43.22258377075195
34.67327880859375
24.333799362182617
26.490938186645508
37.31914520263672
28.382457733154297
28.629261016845703
22.993698120117188
32.04410171508789
15.166183471679688
46.89870071411133
33.37086486816406
37.64668655395508
22.91016960144043
30.205524444580078
19.296527862548828
32.9224853515625
27.748037338256836
42.60926055908203
25.483421325683594
34.76997375488281
20.768367767333984
31.765716552734375
23.238964080810547
34.46543502807617
21.88055419921875
30.270694732666016
18.52126121520996
43.98444747924805
30.757732391357422
27.306808471679688
28.519180297851562
23.188243865966797
25.443254470825195
22.88651466369629
33.76100540161133
20.376483917236328
24.081737518310547
30.58112335205078
35.44450378417969
38.24396514892578
35.18628692626953
49.81079864501953
31.199954986572266
24.085464477539062
31.171058654785156
30.273141860961914
7.846260070800781
15.656834602355957
28.975326538085938
9.970895767211914
9.176224708557129
38.66962814331055
19.818798065185547
20.646913528442383
30.34971809387207
40.195735931396484
22.164405822753906
28.63898468017578
19.153772354125977
61.543243408203125
20.405885696411133
27.067995071411133
16.437089920043945
23.329309463500977
30.578001022338867
14.494894981384277
21.298641204833984
31.431907653808594
29.147422790527344
32.708335876464844
26.498905181884766
19.694717407226562
19.659561157226562
17.81818199157715
20.83755111694336
29.160707473754883
16.19854164123535
40.5214958190918
51.42302322387695
9.981607437133789
26.258882522583008
17.00271224975586
29.202293395996094
27.965669631958008
35.12533187866211
16.410015106201172
30.930391311645508
35.32354736328125
30.329328536987305
37.45077133178711
15.408138275146484
21.164844512939453
24.169490814208984
28.987030029296875
47.5362663269043
22.563556671142578
14.686668395996094
30.355897903442383
22.000017166137695
32.723785400390625
16.60063934326172
19.3781795501709
16.583690643310547
48.26898193359375
26.152124404907227
36.84495162963867
24.501651763916016
21.00183868408203
24.4959659576416
12.123702049255371
24.831079483032227
4.782036304473877
28.972782135009766
28.007564544677734
14.437015533447266
18.518571853637695
9.77846622467041
60.0887451171875
30.468713760375977
17.521419525146484
25.529800415039062
11.900263786315918
19.65555763244629
17.11153221130371
23.60899543762207
35.118045806884766
13.740345001220703
35.274513244628906
19.630701065063477
34.13046646118164
18.290287017822266
32.3100471496582
33.88973617553711
29.8601131439209
16.414081573486328
28.461145401000977
33.36276626586914
13.635778427124023
17.5002498626709
48.73839569091797
22.698888778686523
21.906253814697266
47.55678176879883
8.872020721435547
35.9250602722168
37.94881820678711
29.12952423095703
17.338850021362305
20.257112503051758
57.856258392333984
22.78084373474121
17.768409729003906
28.52019691467285
29.2912540435791
11.727153778076172
35.44066619873047
28.574485778808594
35.640525817871094
48.14948272705078
20.982892990112305
38.942848205566406
12.968317985534668
34.91368865966797
25.979686737060547
15.363436698913574
38.116607666015625
30.25966453552246
35.51833724975586
34.30615234375
23.0311279296875
24.729019165039062
22.656620025634766
33.280540466308594
27.826828002929688
27.377151489257812
32.42024612426758
32.158634185791016
51.708438873291016
35.26265335083008
40.73798751831055
8.415316581726074
10.75288200378418
35.80170822143555
18.106395721435547
25.20064353942871
39.44779586791992
30.340049743652344
38.057003021240234
26.150205612182617
22.329273223876953
27.405393600463867
42.575340270996094
33.313621520996094
22.53251075744629
49.95541000366211
9.366093635559082
24.553510665893555
36.02611541748047
40.031089782714844
38.487796783447266
31.521747589111328
26.126405715942383
23.658721923828125
26.44536781311035
40.459163665771484
35.476043701171875
40.727718353271484
13.884610176086426
29.278438568115234
24.399850845336914
14.751416206359863
12.844694137573242
24.33220100402832
11.034056663513184
15.110344886779785
47.2459831237793
46.69754409790039
29.083126068115234
27.45850944519043
18.896390914916992
14.623687744140625
17.393651962280273
30.19274139404297
30.858407974243164
38.039337158203125
20.577077865600586
27.57963752746582
39.78793716430664
17.527324676513672
7.290093898773193
31.05463981628418
28.751258850097656
32.710453033447266
48.86026382446289
20.027542114257812
52.40248107910156
19.16511344909668
43.5816650390625
28.56456184387207
18.333572387695312
40.75990676879883
45.57159423828125
27.657808303833008
26.46571922302246
22.401714324951172
29.472108840942383
19.77325439453125
32.836463928222656
17.865543365478516
24.938098907470703
38.28196716308594
24.64389419555664
27.659963607788086
37.19075393676758
21.81995391845703
34.813873291015625
15.728337287902832
26.210031509399414
17.645723342895508
23.243074417114258
29.477832794189453
34.71851348876953
24.096282958984375
8.615880966186523
30.584152221679688
20.787511825561523
18.141313552856445
19.60274887084961
46.735107421875
31.775341033935547
24.605016708374023
24.532291412353516
21.88147735595703
20.869800567626953
30.863231658935547
23.412235260009766
22.781494140625
31.797639846801758
19.07229995727539
35.50189208984375
33.82072830200195
22.936275482177734
25.71504783630371
53.9093017578125
12.514763832092285
23.735517501831055
38.811824798583984
39.23007583618164
46.17525863647461
35.92855453491211
44.669456481933594
48.8586311340332
30.813772201538086
16.71184730529785
28.07928466796875
28.60187339782715
14.595450401306152
39.195892333984375
40.762115478515625
34.45809555053711
25.258394241333008
27.04266929626465
21.929752349853516
10.9590425491333
44.45919418334961
36.64821243286133
33.47614288330078
26.305055618286133
24.17917823791504
25.180152893066406
16.501630783081055
20.69187355041504
32.9208869934082
37.13391876220703
23.574838638305664
34.14052963256836
28.81146240234375
24.688867568969727
29.600955963134766
31.90357780456543
45.36894226074219
28.249404907226562
28.42375373840332
21.87801170349121
27.214895248413086
21.333070755004883
24.704845428466797
19.79975128173828
15.638334274291992
43.97162628173828
26.05040740966797
6.392127513885498
25.771909713745117
37.32474136352539
14.066021919250488
41.731868743896484
40.93622589111328
21.395570755004883
18.141197204589844
27.999767303466797
14.849925994873047
14.837629318237305
51.16566467285156
19.180198669433594
16.73931121826172
20.42770004272461
22.938636779785156
25.51291275024414
42.01508331298828
30.0799617767334
37.13542938232422
25.785690307617188
22.217430114746094
25.143346786499023
54.32177734375
18.799589157104492
20.488876342773438
29.969762802124023
10.192928314208984
25.512434005737305
42.421566009521484
19.530906677246094
31.999664306640625
21.381309509277344
57.62357711791992
41.22208023071289
35.28105545043945
30.428768157958984
46.77603530883789
25.52072525024414
47.48577880859375
23.142356872558594
19.180086135864258
27.547529220581055
23.66670799255371
27.29941177368164
19.202903747558594
34.03744125366211
33.68439865112305
31.93596649169922
41.061851501464844
27.845823287963867
24.837900161743164
25.35731315612793
24.561677932739258
25.523279190063477
38.94472885131836
27.210472106933594
21.761356353759766
41.06163024902344
38.71992874145508
21.536964416503906
28.945589065551758
19.352951049804688
23.10523796081543
15.87895393371582
17.895137786865234
29.464763641357422
12.733346939086914
24.111324310302734
29.210155487060547
25.226058959960938
16.55760383605957
27.0224552154541
40.57355499267578
36.42396545410156
33.76533508300781
55.98130416870117
18.047622680664062
35.560184478759766
28.74260902404785
11.511221885681152
20.534923553466797
18.579246520996094
31.63902473449707
39.22389602661133
32.66607666015625
40.19753646850586
35.69173049926758
39.013389587402344
22.04281997680664
25.93227195739746
42.0338249206543
17.574748992919922
23.528564453125
58.49940490722656
31.839380264282227
33.490997314453125
34.63080596923828
22.4976806640625
18.42633819580078
56.183895111083984
18.855451583862305
11.673065185546875
32.82307434082031
13.43005084991455
28.048503875732422
24.891101837158203
27.324167251586914
46.74375534057617
48.908992767333984
37.798866271972656
16.611539840698242
30.51499366760254
43.96098327636719
51.88115692138672
38.6322135925293
27.600223541259766
1.8412162065505981
16.297481536865234
14.076555252075195
56.42803955078125
40.48127365112305
32.88596725463867
6.288777828216553
24.2512264251709
30.530332565307617
27.964292526245117
51.50373840332031
50.69282531738281
35.82550811767578
24.543315887451172
31.914283752441406
38.57204055786133
34.96665573120117
15.753854751586914
36.432281494140625
23.250333786010742
23.29229164123535
13.619783401489258
26.555437088012695
29.37080192565918
21.991199493408203
29.151996612548828
38.6645622253418
36.02996063232422
20.57669448852539
43.07745361328125
22.424880981445312
14.124570846557617
19.555946350097656
22.163372039794922
45.23952102661133
37.534324645996094
42.245052337646484
24.049896240234375
27.629732131958008
24.35612678527832
34.659828186035156
24.084007263183594
36.988853454589844
9.821595191955566
25.911510467529297
35.112972259521484
18.50699806213379
44.827186584472656
21.86368751525879
45.18497848510742
22.682992935180664
24.6969051361084
23.755178451538086
34.56169128417969
24.24545669555664
24.88200569152832
22.1629695892334
13.090202331542969
31.498077392578125
6.926340579986572
35.643836975097656
28.517757415771484
26.619693756103516
26.473909378051758
19.46807861328125
26.601158142089844
28.5767879486084
80.39373016357422
25.53594970703125
32.146728515625
25.388078689575195
31.13372230529785
34.312808990478516
51.861541748046875
47.446048736572266
11.953035354614258
14.545574188232422
17.821277618408203
29.296606063842773
31.443634033203125
28.06563377380371
32.669342041015625
24.09405517578125
27.789392471313477
22.166379928588867
8.578681945800781
30.906980514526367
24.114688873291016
25.28168296813965
57.970062255859375
45.03106689453125
30.25527572631836
65.52643585205078
32.79863739013672
28.63847541809082
25.61502456665039
47.88248825073242
10.947978019714355
36.58104705810547
19.57696533203125
14.871353149414062
25.589662551879883
22.675273895263672
13.534947395324707
18.757863998413086
21.17781639099121
19.74064826965332
36.09565353393555
41.43547439575195
21.57722282409668
38.773738861083984
20.0191593170166
28.451519012451172
28.34630012512207
35.79813766479492
20.616281509399414
23.38323211669922
28.99871253967285
39.06063461303711
37.260128021240234
30.220718383789062
43.262088775634766
34.98031234741211
38.76661682128906
32.28678512573242
41.53330993652344
32.426082611083984
1.7825822830200195
23.003170013427734
19.184785842895508
30.691654205322266
12.469752311706543
27.905418395996094
26.329830169677734
38.91848373413086
15.482305526733398
40.449790954589844
45.43629837036133
27.155832290649414
25.493751525878906
20.490272521972656
19.633487701416016
24.78499412536621
11.729567527770996
21.716571807861328
30.930776596069336
43.662105560302734
35.26445007324219
16.35645866394043
15.115419387817383
21.236696243286133
31.359176635742188
20.117326736450195
49.68522262573242
21.465473175048828
23.919771194458008
16.88165283203125
29.293663024902344
46.56096649169922
21.714754104614258
23.8431453704834
18.025592803955078
26.845352172851562
32.45806884765625
20.65965461730957
22.562379837036133
30.522130966186523
29.563156127929688
10.783598899841309
17.113142013549805
11.674459457397461
22.31464958190918
26.2336483001709
19.26704978942871
18.60907745361328
17.05860710144043
32.732242584228516
23.58716583251953
20.490455627441406
24.309785842895508
13.049189567565918
37.8096809387207
34.329185485839844
24.101959228515625
46.53300857543945
25.56403160095215
42.05207061767578
31.707849502563477
34.062774658203125
12.541279792785645
25.660104751586914
25.330642700195312
35.14850997924805
17.3947811126709
36.763362884521484
28.790241241455078
27.676782608032227
25.21855354309082
28.675643920898438
34.001197814941406
22.61367416381836
31.88774871826172
40.610965728759766
17.69190216064453
32.64411926269531
36.873817443847656
23.778303146362305
30.537925720214844
17.70606803894043
7.804474353790283
30.790678024291992
16.193849563598633
26.027334213256836
25.628976821899414
19.43126678466797
28.39324188232422
41.614017486572266
44.10597229003906
54.56576156616211
15.124255180358887
12.622411727905273
27.092567443847656
6.097093105316162
16.97795295715332
28.87620735168457
38.64674377441406
16.720008850097656
21.72432518005371
16.213937759399414
21.051433563232422
42.680458068847656
21.365413665771484
41.13663101196289
29.719268798828125
47.57868194580078
31.787874221801758
25.336671829223633
14.792200088500977
30.791223526000977
18.050621032714844
38.38993835449219
27.570890426635742
38.0783576965332
28.434349060058594
15.240843772888184
29.927888870239258
35.99998092651367
38.7993278503418
29.3386287689209
34.70133590698242
11.979391098022461
45.44105529785156
40.634010314941406
30.01384162902832
15.99850082397461
31.559202194213867
13.351754188537598
33.205623626708984
15.843437194824219
35.23942947387695
7.957890033721924
24.692855834960938
39.583984375
41.11101531982422
13.344452857971191
46.868595123291016
10.138237953186035
7.292077541351318
47.33344268798828
50.784854888916016
23.631183624267578
33.17549133300781
49.6269416809082
18.74063491821289
36.45521545410156
33.90633010864258
11.930116653442383
34.841285705566406
30.32379722595215
26.662729263305664
23.684993743896484
24.213289260864258
14.219864845275879
50.508975982666016
53.940914154052734
9.390939712524414
23.12254524230957
25.646203994750977
28.387142181396484
39.13375473022461
34.669593811035156
32.81044387817383
24.663551330566406
26.35725975036621
22.388355255126953
35.91515350341797
18.314838409423828
37.897891998291016
26.281652450561523
20.161680221557617
36.196598052978516
26.58094596862793
28.224987030029297
38.931480407714844
17.316917419433594
42.81603240966797
39.581687927246094
14.017522811889648
13.711248397827148
17.17997169494629
20.8798885345459
20.231969833374023
28.34652328491211
49.53049087524414
38.17086410522461
31.600919723510742
47.18037033081055
27.035659790039062
58.69538116455078
38.166175842285156
14.770853042602539
43.03937530517578
20.28116798400879
31.55840492248535
19.461576461791992
42.89369583129883
21.515893936157227
29.211280822753906
34.16301727294922
18.68492317199707
21.464696884155273
25.772193908691406
22.898908615112305
38.991458892822266
12.428544998168945
40.9266357421875
16.01972198486328
51.33859634399414
17.576519012451172
28.42241096496582
25.424503326416016
33.7613525390625
20.281558990478516
13.594705581665039
22.800025939941406
31.48855972290039
27.118160247802734
22.18140411376953
37.69231414794922
33.607662200927734
36.28810119628906
9.006243705749512
29.211875915527344
45.42612075805664
29.64889144897461
38.71432113647461
41.989871978759766
34.78506851196289
66.60417938232422
21.480804443359375
21.477689743041992
49.175594329833984
7.632816791534424
48.26102066040039
23.939605712890625
45.043968200683594
37.981327056884766
33.84511184692383
20.302326202392578
21.95610237121582
27.113502502441406
31.620513916015625
31.501296997070312
16.365684509277344
44.855377197265625
35.47182083129883
28.605224609375
36.6222038269043
28.46670150756836
20.91962242126465
27.564430236816406
34.265018463134766
17.489849090576172
28.493715286254883
12.583030700683594
29.282894134521484
22.613506317138672
16.258041381835938
34.20831298828125
35.28348159790039
24.946353912353516
9.495049476623535
12.928934097290039
33.59868240356445
29.42381477355957
38.095516204833984
15.237977981567383
20.13923454284668
36.215030670166016
18.25990104675293
32.32914733886719
18.57729721069336
26.6991024017334
31.902877807617188
17.118818283081055
17.75817108154297
27.368330001831055
8.801436424255371
37.090084075927734
24.909313201904297
21.69554901123047
47.88588333129883
19.83156394958496
19.37471580505371
15.799796104431152
39.01959228515625
40.10588073730469
45.13298034667969
16.840747833251953
16.948381423950195
19.622678756713867
37.6351203918457
39.494163513183594
19.416574478149414
33.88107681274414
34.54084014892578
17.79838752746582
13.19500732421875
38.32612609863281
22.987457275390625
24.264989852905273
43.70242691040039
26.57183074951172
21.817703247070312
23.36549949645996
41.78694534301758
41.37073516845703
20.591341018676758
23.574134826660156
34.14987564086914
18.465591430664062
25.779319763183594
23.793607711791992
23.693313598632812
24.9515323638916
40.1407585144043
14.462650299072266
32.12200164794922
13.063949584960938
32.15925598144531
20.67030906677246
25.159109115600586
26.811689376831055
30.095115661621094
35.018585205078125
57.10396957397461
39.12611770629883
56.125484466552734
64.389404296875
18.28807258605957
15.229188919067383
6.323132038116455
28.431352615356445
38.632179260253906
43.968955993652344
20.3463134765625
22.650516510009766
50.22316360473633
39.401336669921875
23.784034729003906
23.40423583984375
26.65737533569336
21.788618087768555
24.93457794189453
37.385684967041016
57.15524673461914
21.197046279907227
22.073570251464844
26.30999183654785
22.659109115600586
24.125730514526367
46.191162109375
36.23472213745117
24.7757511138916
32.656532287597656
17.179170608520508
10.002552032470703
21.303850173950195
29.76824188232422
10.103440284729004
7.217162609100342
15.357026100158691
16.03643226623535
31.495508193969727
39.92976379394531
36.68659973144531
25.092700958251953
14.574533462524414
23.113964080810547
26.756959915161133
34.488704681396484
15.794417381286621
17.10951805114746
18.24116325378418
17.58543586730957
40.90415573120117
38.00458526611328
49.064544677734375
43.15522003173828
37.23017883300781
14.181963920593262
30.703590393066406
26.973163604736328
14.958842277526855
10.898299217224121
29.27280044555664
28.182790756225586
25.505292892456055
20.365154266357422
20.22492027282715
28.303403854370117
10.898550033569336
21.86798858642578
30.646305084228516
25.59801483154297
34.71938705444336
23.08620262145996
26.976131439208984
21.64417839050293
10.38090705871582
10.823441505432129
21.99782371520996
18.49825096130371
33.47938919067383
23.468368530273438
32.71025466918945
45.64510726928711
18.701784133911133
24.027843475341797
38.2164192199707
16.060489654541016
25.809890747070312
34.88967514038086
10.879868507385254
16.30215835571289
28.410812377929688
25.93135643005371
37.65275955200195
12.589227676391602
22.7152099609375
30.937519073486328
28.31721305847168
23.093923568725586
21.5332088470459
28.089380264282227
17.68922233581543
14.938528060913086
13.93676471710205
24.93677520751953
13.78839111328125
30.8363037109375
25.236589431762695
23.7598934173584
29.283796310424805
24.981637954711914
21.478670120239258
30.287643432617188
47.55339813232422
17.58513832092285
18.515506744384766
34.88032531738281
23.92097282409668
13.020387649536133
26.662757873535156
36.457889556884766
26.917903900146484
22.768726348876953
22.367116928100586
24.562841415405273
27.32029151916504
26.12742805480957
33.711997985839844
50.3780403137207
16.7372989654541
22.64453887939453
20.05303382873535
19.699462890625
28.917444229125977
43.053680419921875
39.229827880859375
22.143760681152344
34.68398666381836
33.689701080322266
37.9107780456543
37.7341423034668
35.53936767578125
19.049808502197266
25.3369197845459
7.548499584197998
17.277435302734375
8.461943626403809
34.53938293457031
8.502116203308105
13.509527206420898
43.17875671386719
12.595499992370605
35.162757873535156
28.354764938354492
34.58268737792969
32.21451187133789
21.797603607177734
32.74971008300781
37.77421188354492
10.750198364257812
16.892337799072266
26.225671768188477
14.104928016662598
28.988208770751953
35.96977615356445
47.285213470458984
18.684614181518555
31.016550064086914
34.64553451538086
39.374473571777344
16.66489028930664
22.034629821777344
43.05022048950195
61.6163330078125
48.91541290283203
25.137598037719727
36.97757339477539
50.0856819152832
25.234756469726562
29.992774963378906
29.83285903930664
28.580785751342773
