27.783157348632812
34.34084701538086
16.03946304321289
22.43003273010254
7.931049823760986
25.851303100585938
23.520952224731445
22.9732666015625
14.449644088745117
8.372867584228516
10.63206958770752
10.610285758972168
9.098165512084961
15.457512855529785
7.807287216186523
14.299738883972168
17.739133834838867
8.069239616394043
10.642138481140137
16.17864227294922
9.97319221496582
4.518869400024414
12.716076850891113
13.787323951721191
6.617813587188721
17.040176391601562
41.998512268066406
10.262096405029297
22.29019546508789
33.643280029296875
19.316892623901367
24.49543571472168
29.609066009521484
24.994976043701172
24.019067764282227
12.176851272583008
17.435226440429688
23.0950870513916
11.32668685913086
35.46605682373047
19.7001953125
13.385037422180176
8.023038864135742
26.474239349365234
19.33676528930664
22.755722045898438
16.337804794311523
9.593463897705078
8.030763626098633
27.896272659301758
28.0484676361084
28.28700828552246
9.880001068115234
10.52994155883789
17.97905158996582
27.84709358215332
33.847904205322266
16.187461853027344
5.582918167114258
13.922858238220215
36.85175323486328
28.624908447265625
25.77373695373535
15.410320281982422
47.98773956298828
10.307068824768066
15.93366527557373
14.28613567352295
13.425512313842773
25.496232986450195
14.095760345458984
28.92156219482422
30.349058151245117
18.772842407226562
16.942806243896484
4.416992664337158
8.208110809326172
16.923688888549805
9.756369590759277
13.875951766967773
19.293153762817383
28.4111328125
20.992809295654297
14.431621551513672
7.606724739074707
10.292798042297363
12.044057846069336
14.889659881591797
26.868846893310547
20.793184280395508
26.680021286010742
20.71739959716797
13.442937850952148
15.307831764221191
13.22765064239502
20.2100772857666
11.946056365966797
28.453927993774414
14.79233169555664
13.691164016723633
18.950241088867188
13.690662384033203
11.773710250854492
18.61278533935547
11.287932395935059
13.414226531982422
32.641700744628906
24.639190673828125
29.708450317382812
14.362462043762207
17.05131721496582
21.454378128051758
38.05122756958008
19.543935775756836
24.64237403869629
35.34181213378906
14.529172897338867
31.70247459411621
17.996841430664062
24.80848503112793
12.346580505371094
8.645854949951172
16.151588439941406
21.724353790283203
22.827598571777344
13.883143424987793
12.387109756469727
22.478546142578125
24.963289260864258
7.489554405212402
18.740108489990234
34.810821533203125
27.656890869140625
19.65848731994629
15.84316635131836
23.52124786376953
23.253305435180664
16.165393829345703
10.123719215393066
9.027556419372559
21.587751388549805
20.463533401489258
9.456926345825195
22.30059814453125
17.870189666748047
10.076981544494629
9.795206069946289
34.14291763305664
34.76621627807617
19.09042739868164
13.827157974243164
17.26970863342285
20.95851707458496
27.410415649414062
32.74585723876953
8.791450500488281
9.903592109680176
25.584007263183594
17.676532745361328
20.71993064880371
19.861326217651367
28.061399459838867
13.335189819335938
12.323497772216797
15.841313362121582
22.170015335083008
18.045413970947266
14.958723068237305
11.705557823181152
14.3584566116333
20.423076629638672
14.40674114227295
29.501237869262695
15.494412422180176
18.255359649658203
37.82612991333008
29.510072708129883
24.981176376342773
40.57835388183594
43.906558990478516
20.42726707458496
24.019289016723633
34.683170318603516
33.68899154663086
22.48826789855957
12.542149543762207
12.50467300415039
18.82819938659668
21.487289428710938
45.4849853515625
18.737476348876953
25.050046920776367
33.25149917602539
15.778470993041992
13.297797203063965
6.5173444747924805
25.60917854309082
23.248519897460938
18.23353385925293
17.86199951171875
22.997241973876953
15.387361526489258
33.573970794677734
19.664215087890625
19.969749450683594
11.89962100982666
28.404590606689453
18.561981201171875
19.042644500732422
12.900177955627441
25.124725341796875
21.185955047607422
17.857868194580078
19.068035125732422
13.770373344421387
8.655491828918457
41.014366149902344
37.83821487426758
10.909479141235352
22.119731903076172
11.226984977722168
28.173734664916992
18.703384399414062
11.575948715209961
32.23651123046875
3.31591796875
48.696372985839844
12.489776611328125
14.923553466796875
10.481389045715332
17.886184692382812
18.703319549560547
46.370758056640625
13.43311882019043
23.565845489501953
8.638422966003418
25.20059585571289
14.832096099853516
10.191941261291504
11.069273948669434
32.92947006225586
32.33773422241211
28.030120849609375
24.210546493530273
11.139993667602539
16.896785736083984
20.494552612304688
31.438785552978516
3.223543167114258
10.256734848022461
31.94792938232422
21.682260513305664
29.162607192993164
18.988571166992188
24.823537826538086
26.19342613220215
30.68794059753418
22.856040954589844
20.76152801513672
14.824650764465332
22.480173110961914
31.141477584838867
16.89749526977539
23.56606101989746
26.21906852722168
26.615114212036133
8.073590278625488
13.90468692779541
34.46924591064453
32.553226470947266
9.801005363464355
21.008955001831055
40.599456787109375
22.413381576538086
15.821235656738281
9.948585510253906
24.053913116455078
14.994747161865234
26.43390655517578
22.174665451049805
27.655988693237305
5.927214622497559
17.181747436523438
10.05327033996582
15.907912254333496
31.701656341552734
21.495197296142578
11.700995445251465
17.960031509399414
6.5465617179870605
12.453373908996582
33.475303649902344
16.50376319885254
19.761211395263672
12.856606483459473
28.784456253051758
18.07726287841797
17.80510902404785
20.022645950317383
21.784019470214844
33.422916412353516
14.759568214416504
6.216457366943359
18.63407325744629
27.343263626098633
18.456390380859375
17.692846298217773
22.457569122314453
38.74363327026367
19.844850540161133
2.002692461013794
6.981636047363281
24.217927932739258
15.352895736694336
21.885988235473633
17.48134994506836
21.655567169189453
29.40144157409668
31.30789566040039
12.013090133666992
17.160829544067383
12.553086280822754
12.385852813720703
16.29957389831543
4.791512489318848
14.212639808654785
14.679515838623047
23.191516876220703
4.418783187866211
18.369611740112305
21.387582778930664
27.212331771850586
25.597564697265625
18.889585494995117
24.240631103515625
39.02028274536133
15.314919471740723
33.4949836730957
22.442424774169922
1.7640470266342163
17.51190185546875
15.541971206665039
37.99408721923828
28.541858673095703
9.067537307739258
34.04144287109375
9.087010383605957
32.75590133666992
22.722185134887695
18.057252883911133
9.338921546936035
18.78970718383789
19.33935546875
28.232173919677734
35.89285659790039
17.67818832397461
11.443909645080566
32.076839447021484
10.123199462890625
21.282611846923828
21.09284019470215
15.121390342712402
14.611895561218262
20.733530044555664
16.86370849609375
8.703445434570312
35.2254753112793
33.94894027709961
17.041988372802734
31.75412368774414
28.82045555114746
35.638126373291016
10.044842720031738
17.898006439208984
11.988722801208496
25.306570053100586
19.902973175048828
13.641546249389648
10.220699310302734
27.887964248657227
24.172273635864258
18.497163772583008
29.03986358642578
29.443157196044922
14.335942268371582
26.77665901184082
10.37462329864502
10.767821311950684
27.36204719543457
19.274246215820312
13.656820297241211
10.337356567382812
26.008771896362305
13.70616340637207
26.5987606048584
18.27199935913086
9.932622909545898
28.886598587036133
16.72915267944336
17.278568267822266
10.36402416229248
37.41655349731445
27.58614730834961
22.222591400146484
10.486656188964844
21.267019271850586
23.023433685302734
17.993587493896484
4.911656856536865
15.844488143920898
11.270363807678223
26.282365798950195
6.7912278175354
28.45085334777832
6.499247074127197
6.411847114562988
12.586215019226074
22.672460556030273
8.527240753173828
15.391965866088867
17.12786865234375
9.000955581665039
13.256246566772461
15.172367095947266
20.265254974365234
5.533843040466309
4.051539897918701
35.16172790527344
15.645724296569824
32.94160461425781
30.11979866027832
18.095163345336914
15.012929916381836
22.6605224609375
7.125977516174316
25.357812881469727
5.784065246582031
27.220901489257812
20.245370864868164
26.23110008239746
7.783268928527832
15.154139518737793
12.60793685913086
24.710302352905273
3.120358943939209
23.82451057434082
14.41561508178711
20.662857055664062
29.19474220275879
13.848365783691406
34.139373779296875
23.624996185302734
28.71613121032715
19.306751251220703
8.798345565795898
14.815336227416992
22.583221435546875
8.793627738952637
24.22171401977539
24.791221618652344
22.345722198486328
13.743967056274414
20.698532104492188
21.349937438964844
10.368780136108398
33.57892608642578
23.172889709472656
22.619678497314453
38.79140090942383
46.967079162597656
18.968290328979492
19.494598388671875
12.529707908630371
28.81614112854004
17.407480239868164
32.10596466064453
29.120147705078125
22.385595321655273
8.96541690826416
35.54193115234375
36.85116195678711
19.95866584777832
19.908910751342773
26.46116065979004
9.591167449951172
25.93562889099121
29.13327980041504
12.796130180358887
21.82770347595215
27.625259399414062
34.18365478515625
19.537578582763672
39.784786224365234
17.667240142822266
10.299118041992188
14.416861534118652
29.288610458374023
4.62109375
6.084774494171143
22.581804275512695
13.01488971710205
28.214120864868164
17.711639404296875
24.02248764038086
16.068565368652344
4.1071319580078125
25.190248489379883
20.537656784057617
20.4664249420166
16.386245727539062
17.811676025390625
19.083507537841797
29.658164978027344
32.40885543823242
15.509737014770508
16.488985061645508
23.63422966003418
4.980447292327881
23.30457878112793
6.886537075042725
15.160484313964844
15.002206802368164
20.746883392333984
22.93134307861328
13.245221138000488
23.132057189941406
9.739784240722656
19.083297729492188
4.22504997253418
21.309200286865234
15.477165222167969
26.002134323120117
12.054208755493164
25.660621643066406
16.8494930267334
15.09914779663086
18.344112396240234
19.237831115722656
17.34229278564453
15.782846450805664
18.605730056762695
27.59364128112793
18.28046989440918
8.222763061523438
28.91348648071289
16.67574691772461
34.13017272949219
25.726770401000977
8.40307903289795
29.431015014648438
18.265254974365234
44.51399612426758
25.85136604309082
14.597636222839355
17.415353775024414
23.906463623046875
24.05596923828125
13.886281967163086
8.673428535461426
30.275989532470703
23.43560791015625
38.1576042175293
8.199298858642578
3.867070198059082
21.286029815673828
18.04220962524414
11.708239555358887
27.45541000366211
19.89324378967285
30.922677993774414
10.032845497131348
28.399707794189453
46.96713638305664
22.715450286865234
16.29487419128418
24.75120735168457
19.89177703857422
37.08976364135742
26.33017349243164
25.092836380004883
32.80177307128906
18.90890884399414
29.3859920501709
12.139530181884766
13.11910629272461
41.920082092285156
29.978878021240234
6.466987133026123
9.840662002563477
12.954373359680176
27.124053955078125
18.329833984375
32.383201599121094
12.64737606048584
27.1715087890625
5.351935386657715
40.64162063598633
11.902314186096191
13.892321586608887
43.61600875854492
13.326366424560547
29.31502342224121
17.03162384033203
24.849515914916992
11.050745964050293
3.6916632652282715
10.4298734664917
11.579005241394043
21.987733840942383
4.381691932678223
11.327921867370605
15.674781799316406
10.057744026184082
13.807831764221191
18.6959228515625
27.543933868408203
23.921716690063477
18.224964141845703
25.31906509399414
20.266263961791992
34.60460662841797
35.14637756347656
15.033378601074219
39.950416564941406
34.75506591796875
27.486879348754883
19.4110164642334
17.619525909423828
15.566729545593262
15.14615535736084
25.03111457824707
23.514284133911133
16.32230567932129
16.259065628051758
14.583412170410156
24.307512283325195
19.18353271484375
25.8250789642334
26.075166702270508
10.918248176574707
16.531848907470703
27.81110954284668
14.028319358825684
30.404273986816406
25.3458194732666
26.09096336364746
20.147029876708984
20.7254581451416
17.014177322387695
17.88771629333496
7.461437702178955
53.45158386230469
22.338645935058594
23.702350616455078
25.975425720214844
25.904651641845703
17.77440643310547
22.673137664794922
28.352313995361328
26.996829986572266
10.254115104675293
38.324039459228516
20.931692123413086
9.157514572143555
39.583065032958984
6.433244705200195
37.21422576904297
9.861771583557129
13.39996337890625
31.976303100585938
10.349721908569336
27.130311965942383
22.544349670410156
17.979936599731445
9.056096076965332
18.721023559570312
22.793960571289062
20.901851654052734
20.00092315673828
20.37144660949707
5.671567916870117
3.2798047065734863
40.06637954711914
20.367712020874023
34.410274505615234
21.79934310913086
4.060297012329102
12.536788940429688
14.340556144714355
12.232483863830566
12.543475151062012
26.72321319580078
22.07508087158203
28.742013931274414
8.646434783935547
25.55419158935547
16.51791000366211
28.75436019897461
17.57173728942871
33.94942855834961
26.194807052612305
12.109484672546387
33.961936950683594
32.00876998901367
36.805355072021484
14.722906112670898
28.453807830810547
17.5717830657959
36.86650085449219
16.396228790283203
7.7885284423828125
25.20124053955078
18.996623992919922
15.835741996765137
22.111377716064453
18.50232696533203
23.92290496826172
26.946935653686523
22.96288299560547
9.901382446289062
18.395389556884766
20.418991088867188
18.654584884643555
17.264366149902344
15.800640106201172
22.28448486328125
8.41528034210205
12.935351371765137
19.449115753173828
19.42186737060547
17.626707077026367
28.104766845703125
22.422426223754883
25.14032554626465
12.525616645812988
18.894617080688477
12.53683853149414
15.017812728881836
9.220036506652832
12.218609809875488
17.507381439208984
19.824810028076172
29.079280853271484
13.237817764282227
10.905604362487793
14.717814445495605
26.727001190185547
12.104126930236816
18.341732025146484
19.51980972290039
20.57849884033203
19.72354507446289
18.435850143432617
39.33247375488281
13.653116226196289
11.089550018310547
33.00617599487305
11.90654182434082
7.6094465255737305
24.0567569732666
20.841856002807617
22.527908325195312
34.10032653808594
21.44561767578125
17.57135009765625
25.077770233154297
26.72127342224121
12.015602111816406
20.099937438964844
8.575410842895508
21.580097198486328
18.324264526367188
28.968812942504883
13.282649040222168
20.856111526489258
16.712844848632812
36.72963333129883
6.587644577026367
7.689235687255859
12.367033004760742
18.54740333557129
31.150840759277344
20.616830825805664
13.548856735229492
21.241880416870117
28.33272361755371
7.923640727996826
19.733015060424805
30.228361129760742
14.350261688232422
17.14436149597168
14.155117988586426
10.728155136108398
35.18165969848633
17.70282554626465
22.937694549560547
4.058739185333252
21.12872314453125
16.25443458557129
27.034313201904297
16.54096031188965
18.332088470458984
33.644954681396484
11.778828620910645
19.495166778564453
12.801593780517578
20.098526000976562
12.701072692871094
25.346338272094727
23.28753089904785
30.883323669433594
21.66623306274414
0.5003847479820251
11.165302276611328
16.349193572998047
14.501665115356445
10.995521545410156
23.873292922973633
25.04924774169922
34.26214599609375
26.23548698425293
18.208187103271484
25.952468872070312
26.50126075744629
22.763500213623047
22.002277374267578
9.921841621398926
27.06993293762207
18.127357482910156
33.197200775146484
19.07807731628418
27.24832534790039
21.28184700012207
23.05839729309082
23.447986602783203
22.225772857666016
23.41889190673828
12.959665298461914
33.59086990356445
11.684598922729492
31.690683364868164
12.23872184753418
19.87242317199707
19.744539260864258
7.797578811645508
13.51632022857666
25.36205291748047
22.487869262695312
10.715571403503418
24.959087371826172
24.657602310180664
18.78118896484375
21.44605827331543
28.709260940551758
33.54900360107422
17.191438674926758
13.76349925994873
21.596988677978516
21.983684539794922
18.83217430114746
21.726045608520508
18.39743423461914
20.705219268798828
28.108318328857422
33.970123291015625
30.870040893554688
37.51613235473633
23.574045181274414
32.34177780151367
17.615690231323242
24.07131004333496
11.88537311553955
23.259662628173828
11.517325401306152
10.334328651428223
13.629830360412598
14.444709777832031
25.69074249267578
6.894530296325684
22.498647689819336
35.40315246582031
6.83872127532959
20.00170135498047
23.27989387512207
33.92200469970703
30.716033935546875
12.465764999389648
18.407779693603516
14.525399208068848
27.69875717163086
24.445219039916992
6.174765586853027
12.820146560668945
48.766212463378906
47.55660629272461
31.7677059173584
46.24150848388672
24.637489318847656
30.979890823364258
36.77946472167969
18.68324851989746
48.54843521118164
8.926718711853027
39.78554153442383
25.302358627319336
23.140012741088867
20.56246566772461
24.999496459960938
25.51710319519043
17.23680877685547
33.93074417114258
14.078082084655762
23.73638916015625
30.35676383972168
26.726598739624023
13.128235816955566
12.911181449890137
39.80308532714844
15.939697265625
20.271963119506836
25.028518676757812
11.278429985046387
26.629837036132812
20.18268585205078
26.215845108032227
7.618128776550293
12.613502502441406
30.97629737854004
23.813257217407227
26.83464813232422
12.203282356262207
46.273738861083984
9.78122615814209
22.39495849609375
20.16824722290039
31.249732971191406
19.973575592041016
24.436094284057617
19.78682518005371
36.43117904663086
27.53392791748047
17.073028564453125
37.72940444946289
18.19122314453125
1.836047887802124
30.634531021118164
37.080135345458984
9.740281105041504
26.633087158203125
18.54102897644043
21.085805892944336
22.769134521484375
26.985183715820312
16.975662231445312
18.592082977294922
17.517168045043945
22.388975143432617
20.788326263427734
23.944473266601562
8.502033233642578
15.113432884216309
17.611434936523438
22.45186996459961
10.768487930297852
51.9508171081543
19.887819290161133
14.721491813659668
19.10675048828125
22.618938446044922
18.42201042175293
26.124481201171875
11.676956176757812
6.614935874938965
19.553165435791016
22.34578514099121
21.4585018157959
24.4924373626709
11.99396800994873
13.703113555908203
9.320189476013184
9.115633010864258
15.360601425170898
15.274044036865234
14.003778457641602
42.07125473022461
18.489627838134766
5.971811294555664
24.524721145629883
15.65305233001709
22.423118591308594
16.11941146850586
6.481574535369873
6.669609546661377
27.538211822509766
36.737430572509766
19.575136184692383
29.667354583740234
31.840499877929688
13.471385955810547
23.559757232666016
8.626965522766113
17.645597457885742
15.620593070983887
21.8645076751709
22.89105987548828
15.152059555053711
20.893693923950195
23.705991744995117
14.742717742919922
22.758047103881836
37.417179107666016
12.74666976928711
16.892248153686523
6.519888401031494
42.605159759521484
27.45602035522461
10.558723449707031
4.16679573059082
35.87139129638672
18.636505126953125
26.82657241821289
12.137725830078125
25.409330368041992
17.36293601989746
25.205488204956055
23.967252731323242
55.380191802978516
18.086706161499023
13.619410514831543
6.579784870147705
36.24929428100586
18.771087646484375
24.196327209472656
38.191070556640625
21.584489822387695
21.502750396728516
20.4737491607666
12.997087478637695
29.61564826965332
8.844817161560059
13.779143333435059
31.81269645690918
24.53890037536621
21.68174171447754
42.16420364379883
31.711288452148438
37.07906723022461
29.987998962402344
14.334613800048828
16.15525245666504
20.508440017700195
13.576898574829102
27.019123077392578
25.89432144165039
29.266998291015625
15.38659954071045
9.665275573730469
27.126447677612305
21.747886657714844
21.590242385864258
17.970474243164062
10.665658950805664
13.547552108764648
21.634408950805664
33.0136604309082
19.45990753173828
12.630582809448242
17.399612426757812
24.49740219116211
20.6135311126709
27.022415161132812
13.434165954589844
12.606742858886719
19.257640838623047
11.543100357055664
22.965932846069336
38.3729248046875
17.368297576904297
14.429804801940918
25.728801727294922
35.52555847167969
10.376286506652832
38.32861328125
29.891016006469727
14.11485767364502
15.6758451461792
28.04947853088379
7.084060192108154
8.038762092590332
19.16312599182129
31.213932037353516
11.048474311828613
20.338281631469727
12.705289840698242
21.68522834777832
18.055580139160156
35.73423385620117
34.23076248168945
13.215545654296875
7.032947540283203
16.196550369262695
6.594426155090332
18.333593368530273
23.90821075439453
8.748538970947266
17.557058334350586
17.412546157836914
22.844982147216797
9.999168395996094
12.830472946166992
15.870583534240723
17.654571533203125
31.644474029541016
5.307415962219238
18.986047744750977
14.346407890319824
14.025100708007812
37.04167175292969
30.021785736083984
21.396947860717773
22.67604637145996
15.642951011657715
19.666824340820312
18.404190063476562
16.069047927856445
24.269756317138672
20.219818115234375
7.7583160400390625
11.66418170928955
27.07368278503418
45.367042541503906
21.511720657348633
10.092020988464355
19.69283676147461
32.23296356201172
7.389066219329834
13.168879508972168
19.831134796142578
50.64509201049805
36.210594177246094
22.910446166992188
9.787046432495117
5.902246475219727
25.038326263427734
10.901226043701172
21.588542938232422
27.80876922607422
43.49370193481445
25.64076805114746
15.613558769226074
42.59317398071289
9.294820785522461
38.99007797241211
14.114692687988281
26.526012420654297
19.582584381103516
16.323043823242188
20.886253356933594
17.596187591552734
41.00972366333008
15.059977531433105
24.862468719482422
13.286109924316406
11.613008499145508
8.364608764648438
34.57216262817383
22.848827362060547
20.40439796447754
26.75428009033203
30.532676696777344
21.132139205932617
22.929895401000977
31.02134132385254
12.403999328613281
36.03794860839844
9.293669700622559
29.422115325927734
21.671037673950195
22.904943466186523
9.304764747619629
14.700693130493164
18.23680877685547
25.439720153808594
6.826791763305664
22.78528594970703
15.0442533493042
20.524105072021484
22.826940536499023
17.9810733795166
20.323877334594727
15.779434204101562
15.957916259765625
17.787792205810547
29.289363861083984
13.664552688598633
10.191058158874512
12.858925819396973
11.390987396240234
17.29701042175293
13.623294830322266
9.543755531311035
11.994555473327637
17.956912994384766
8.998213768005371
15.78245735168457
19.725738525390625
12.648395538330078
26.251251220703125
34.11017608642578
50.7896728515625
14.528315544128418
4.817016124725342
22.752883911132812
22.915008544921875
18.551729202270508
20.74863624572754
12.135049819946289
4.061032772064209
22.769508361816406
9.741719245910645
8.534639358520508
20.507152557373047
37.25208282470703
34.97292709350586
6.078486442565918
22.200342178344727
30.381969451904297
17.62552833557129
23.58807373046875
14.783856391906738
33.99087142944336
30.12697982788086
21.27227210998535
14.541900634765625
9.23795223236084
8.284064292907715
20.470354080200195
18.80843162536621
19.018264770507812
25.2508602142334
30.535736083984375
30.97616195678711
26.93136215209961
20.722671508789062
14.040290832519531
20.780010223388672
19.158763885498047
27.285640716552734
21.402137756347656
12.839216232299805
40.7449951171875
27.407609939575195
26.25139617919922
28.6097412109375
21.146800994873047
16.215761184692383
27.442670822143555
29.208179473876953
35.42955780029297
17.082761764526367
9.149519920349121
26.16915512084961
25.729764938354492
29.185691833496094
20.282976150512695
11.266328811645508
12.507506370544434
15.611990928649902
38.381309509277344
21.700469970703125
12.752315521240234
10.9725341796875
27.644725799560547
16.999149322509766
27.898080825805664
13.397212028503418
31.617938995361328
28.611286163330078
35.05958938598633
28.681978225708008
11.093908309936523
23.04121971130371
10.418340682983398
13.957785606384277
52.09211349487305
15.677450180053711
16.95633888244629
35.350975036621094
19.884937286376953
32.46674728393555
20.91727638244629
14.477619171142578
12.902620315551758
30.99490737915039
11.202465057373047
22.859861373901367
13.269411087036133
40.9324951171875
30.975357055664062
43.807518005371094
32.286556243896484
22.576906204223633
13.660940170288086
22.149599075317383
34.649803161621094
14.491741180419922
12.930721282958984
23.111671447753906
14.504975318908691
14.070175170898438
3.7372331619262695
17.117341995239258
12.45427131652832
24.408205032348633
17.58898162841797
14.342138290405273
15.980977058410645
7.51929235458374
22.300600051879883
16.93827247619629
38.124000549316406
20.997825622558594
11.91901683807373
31.167577743530273
25.254541397094727
19.453275680541992
26.663339614868164
20.473718643188477
17.821596145629883
11.326800346374512
21.71722412109375
9.577607154846191
18.472713470458984
10.65451717376709
14.975141525268555
13.905943870544434
13.410658836364746
32.33528518676758
15.664429664611816
29.157989501953125
15.953034400939941
21.87248992919922
15.244400024414062
16.872529983520508
10.843467712402344
20.522581100463867
3.8558762073516846
14.281438827514648
13.808621406555176
9.06596565246582
30.20182991027832
20.933305740356445
28.637338638305664
14.500432968139648
22.764446258544922
19.293380737304688
28.510343551635742
15.730254173278809
18.90594482421875
25.45427894592285
17.566137313842773
20.624141693115234
22.71196746826172
24.451570510864258
17.110071182250977
25.36172866821289
21.435863494873047
10.63925552368164
12.912274360656738
19.94007682800293
13.149839401245117
35.19418716430664
13.070819854736328
7.856415748596191
12.08841323852539
42.83868408203125
5.8326826095581055
23.84221076965332
14.285086631774902
22.736572265625
17.09294319152832
18.100645065307617
23.765663146972656
15.404356956481934
24.268798828125
32.28941345214844
21.2464542388916
31.66335105895996
5.660576343536377
22.4564266204834
18.692787170410156
22.06659698486328
12.856749534606934
28.173017501831055
23.45256233215332
15.567190170288086
20.544925689697266
16.540254592895508
17.843231201171875
16.916393280029297
15.862532615661621
65.51089477539062
27.25304412841797
28.639881134033203
17.181161880493164
23.346233367919922
14.481303215026855
24.28531265258789
38.84857177734375
11.974325180053711
18.760196685791016
17.83187484741211
32.2011833190918
14.357505798339844
7.162291526794434
12.714051246643066
14.534652709960938
27.75391960144043
11.645353317260742
9.880491256713867
18.13964080810547
17.276412963867188
31.730134963989258
29.39447784423828
15.721386909484863
28.414260864257812
18.873689651489258
9.701546669006348
19.25445556640625
24.057037353515625
36.2316780090332
26.572978973388672
33.566444396972656
8.566305160522461
18.43604278564453
11.214290618896484
20.355207443237305
25.870500564575195
21.603639602661133
21.20167350769043
15.995800018310547
18.648733139038086
10.761219024658203
13.760078430175781
5.160532474517822
32.400821685791016
18.049270629882812
4.9106831550598145
25.080310821533203
28.3869686126709
13.434741020202637
30.38513946533203
27.16374397277832
9.661611557006836
17.37383460998535
19.59075927734375
22.663747787475586
7.352794647216797
18.743894577026367
26.478906631469727
5.93324089050293
30.530771255493164
19.856489181518555
21.946945190429688
37.062538146972656
21.843902587890625
15.585752487182617
31.606103897094727
15.275219917297363
23.808950424194336
18.814956665039062
13.918998718261719
11.694782257080078
15.99522590637207
23.167705535888672
26.3333797454834
25.501073837280273
23.00653648376465
18.457767486572266
12.821146011352539
24.156578063964844
20.67320442199707
19.003963470458984
19.34501075744629
24.38543128967285
52.85912322998047
29.533756256103516
13.428762435913086
22.594942092895508
31.451316833496094
38.91854476928711
7.976320743560791
12.092548370361328
14.18772029876709
27.64642906188965
37.13722229003906
33.50613784790039
29.67546844482422
10.000900268554688
29.2558536529541
20.784042358398438
34.35520935058594
12.568216323852539
20.021623611450195
28.605928421020508
13.295010566711426
8.132654190063477
20.95890235900879
22.68568229675293
20.044918060302734
17.12394142150879
15.78795337677002
7.200228691101074
17.018848419189453
27.59828758239746
14.370089530944824
22.1009464263916
21.260055541992188
18.760271072387695
13.944059371948242
26.006175994873047
10.476531028747559
20.255056381225586
13.3773193359375
17.733518600463867
34.722801208496094
18.199281692504883
22.27236557006836
24.695100784301758
21.586620330810547
21.402099609375
9.133441925048828
18.094032287597656
11.621082305908203
26.890026092529297
6.209999084472656
29.027036666870117
24.765586853027344
24.6944580078125
7.412413597106934
11.923319816589355
20.539506912231445
11.82082462310791
16.371538162231445
21.645418167114258
21.231555938720703
51.963783264160156
6.204297065734863
10.984854698181152
21.87493133544922
18.34064292907715
22.52419090270996
18.593448638916016
22.200937271118164
13.161602973937988
24.462162017822266
28.697036743164062
13.125754356384277
11.516844749450684
26.488615036010742
30.82518196105957
14.7450532913208
21.318029403686523
3.8734397888183594
19.221891403198242
21.809425354003906
28.41880226135254
21.107999801635742
21.69765281677246
29.248567581176758
7.157954216003418
26.5678653717041
20.21116065979004
18.64471435546875
7.614247798919678
7.452136039733887
32.72709274291992
27.63851547241211
7.9441986083984375
29.984556198120117
24.474048614501953
18.580305099487305
12.306419372558594
13.496150970458984
8.60257339477539
27.989274978637695
20.726337432861328
20.14350128173828
16.112804412841797
40.75836181640625
41.95989227294922
17.888652801513672
13.539003372192383
13.973206520080566
9.545114517211914
22.828065872192383
27.099609375
6.410090446472168
11.187017440795898
15.216235160827637
15.823267936706543
23.085567474365234
25.400178909301758
23.348730087280273
27.013675689697266
3.476961374282837
6.66788911819458
16.907032012939453
18.571596145629883
11.473734855651855
38.94884490966797
22.652315139770508
31.566978454589844
27.250431060791016
23.873477935791016
13.740096092224121
11.815645217895508
20.98271942138672
13.89542007446289
30.093460083007812
13.390193939208984
9.257251739501953
11.769844055175781
12.15937614440918
10.126991271972656
10.351068496704102
22.092239379882812
23.110261917114258
43.26418685913086
14.358053207397461
7.244994163513184
17.937271118164062
26.686159133911133
9.174623489379883
15.720271110534668
26.550025939941406
28.113723754882812
16.29390525817871
15.727099418640137
12.556656837463379
28.73375129699707
16.24529266357422
15.182488441467285
7.92630672454834
8.052902221679688
5.696651458740234
15.791969299316406
24.447105407714844
19.867473602294922
23.14832878112793
7.463285446166992
15.109081268310547
31.7755069732666
23.432209014892578
20.401731491088867
29.544870376586914
24.907779693603516
27.465686798095703
11.035908699035645
30.681350708007812
15.398858070373535
21.216217041015625
22.736223220825195
21.160341262817383
17.564329147338867
14.713565826416016
10.061474800109863
31.540132522583008
41.378578186035156
29.51609992980957
33.823585510253906
20.955415725708008
38.74419403076172
10.833650588989258
20.8001766204834
11.077214241027832
31.71486473083496
32.679847717285156
19.59123992919922
33.58933639526367
10.988069534301758
21.980581283569336
17.584121704101562
23.352249145507812
15.30646800994873
18.737119674682617
13.126333236694336
18.440052032470703
26.596445083618164
33.5628776550293
7.45385217666626
8.142892837524414
22.508689880371094
22.113094329833984
18.05717658996582
14.573943138122559
26.41571807861328
18.351106643676758
21.073884963989258
30.949926376342773
23.225008010864258
14.153031349182129
16.9410457611084
24.979429244995117
9.62683391571045
16.087970733642578
19.483976364135742
21.975175857543945
44.42092514038086
11.735962867736816
20.154741287231445
11.506795883178711
55.69153594970703
21.933116912841797
28.03849983215332
3.917206048965454
9.252715110778809
27.35296630859375
25.715085983276367
18.66160774230957
19.26299285888672
16.650800704956055
17.821273803710938
26.097131729125977
13.511248588562012
40.87026596069336
19.711837768554688
41.83051300048828
22.027786254882812
11.805130004882812
10.826581954956055
19.493717193603516
29.198484420776367
17.84335708618164
45.55585479736328
25.79237174987793
15.419238090515137
18.653217315673828
14.650869369506836
38.23825454711914
24.735538482666016
19.24117088317871
18.12175178527832
11.155481338500977
19.056371688842773
35.57925033569336
20.642667770385742
16.144502639770508
14.313092231750488
27.2813663482666
21.26121711730957
31.70646858215332
11.488439559936523
12.401989936828613
26.909347534179688
31.78895378112793
17.821151733398438
15.31357479095459
20.667552947998047
14.734223365783691
16.44533348083496
9.204764366149902
20.982528686523438
21.709327697753906
21.621715545654297
13.494675636291504
18.589269638061523
21.08909797668457
14.704048156738281
23.1076717376709
16.171550750732422
34.239990234375
24.27168846130371
10.954485893249512
20.577617645263672
18.80542755126953
17.014415740966797
5.460544109344482
13.753458023071289
28.54129981994629
12.627355575561523
14.787066459655762
21.441429138183594
32.180259704589844
15.393880844116211
15.649354934692383
30.678640365600586
8.056055068969727
27.07181739807129
10.615809440612793
26.338741302490234
12.046163558959961
33.3633918762207
18.707420349121094
33.09210205078125
12.68925666809082
24.484882354736328
16.78168296813965
42.029117584228516
13.567137718200684
7.288604259490967
26.934728622436523
25.935766220092773
21.53020477294922
16.3773136138916
17.705801010131836
12.025995254516602
5.10517692565918
15.902511596679688
11.528246879577637
17.558055877685547
19.539833068847656
23.723657608032227
16.36270523071289
20.356210708618164
19.90690803527832
9.149559020996094
13.782156944274902
6.624281406402588
20.953283309936523
9.581188201904297
18.835580825805664
17.154541015625
13.730816841125488
44.99747085571289
26.785362243652344
23.78069496154785
23.148479461669922
30.338211059570312
16.238853454589844
40.786128997802734
13.7720308303833
11.0060396194458
41.76228332519531
30.618669509887695
13.692265510559082
19.24884605407715
21.030933380126953
31.14813804626465
31.552812576293945
28.57375717163086
14.576131820678711
6.308467388153076
23.341520309448242
35.622005462646484
23.47464370727539
13.558606147766113
10.319562911987305
17.546371459960938
14.105090141296387
14.509527206420898
21.895526885986328
13.168167114257812
22.865650177001953
21.331735610961914
12.349115371704102
22.33609390258789
18.81344985961914
24.104507446289062
10.451221466064453
25.5849666595459
18.30432891845703
25.20516586303711
32.924503326416016
14.594350814819336
13.140789031982422
40.883541107177734
19.503999710083008
22.34288787841797
15.122978210449219
16.273162841796875
15.275045394897461
19.23931884765625
11.518156051635742
10.656404495239258
28.731103897094727
13.255764961242676
17.49885368347168
21.96501350402832
33.92753982543945
19.83450698852539
5.657465934753418
6.6372599601745605
34.30474853515625
14.393157005310059
25.793472290039062
17.043987274169922
22.792234420776367
18.005321502685547
9.674964904785156
12.083480834960938
29.912336349487305
14.747831344604492
33.015079498291016
16.540000915527344
24.78842544555664
27.068702697753906
20.410999298095703
35.07664108276367
12.460675239562988
21.64056968688965
17.842477798461914
23.020992279052734
41.66414260864258
35.883758544921875
20.708375930786133
9.328622817993164
19.388526916503906
1.1261051893234253
7.738700866699219
25.964506149291992
17.944541931152344
31.94467544555664
22.65085792541504
23.226415634155273
8.955232620239258
30.928794860839844
21.14362907409668
20.078632354736328
14.932474136352539
17.127901077270508
26.641132354736328
22.133535385131836
16.58933448791504
29.637287139892578
16.22740364074707
32.877769470214844
16.207853317260742
16.60826873779297
19.07561492919922
29.475563049316406
20.5822811126709
35.034873962402344
26.798913955688477
26.40764617919922
26.422626495361328
13.47583293914795
16.00895881652832
20.205154418945312
28.202625274658203
19.204675674438477
38.65776062011719
35.00999069213867
11.332731246948242
16.46721839904785
36.71596908569336
24.15898895263672
39.55674362182617
36.04304122924805
17.257648468017578
15.074769020080566
33.4295654296875
22.340654373168945
24.206510543823242
22.61844253540039
9.717842102050781
21.311506271362305
10.729543685913086
25.474573135375977
23.417356491088867
9.219250679016113
29.640722274780273
24.080793380737305
23.825498580932617
20.029834747314453
11.598474502563477
20.095600128173828
37.334014892578125
8.288515090942383
32.14616394042969
17.876070022583008
14.366955757141113
28.1795711517334
28.959251403808594
14.198944091796875
26.61140251159668
25.073802947998047
8.510114669799805
29.07277488708496
23.277328491210938
25.903196334838867
25.784852981567383
13.64004898071289
15.404730796813965
17.61631202697754
44.554351806640625
15.626880645751953
33.891719818115234
21.200719833374023
19.862775802612305
16.606170654296875
23.177263259887695
19.71918487548828
23.010047912597656
28.792213439941406
25.584651947021484
34.41791534423828
18.876768112182617
11.074874877929688
17.87357521057129
7.941895961761475
38.73759841918945
19.10167121887207
19.046781539916992
6.307899475097656
41.0267219543457
28.1241512298584
26.94606590270996
35.38584899902344
13.750425338745117
33.61507034301758
10.1350736618042
3.9370248317718506
20.06781005859375
24.485803604125977
9.853132247924805
14.79649543762207
23.191553115844727
37.89506149291992
50.520877838134766
17.078542709350586
6.664167881011963
28.715503692626953
19.948396682739258
24.676916122436523
23.10904312133789
23.132478713989258
11.844280242919922
20.06961441040039
17.576963424682617
19.984527587890625
27.2130126953125
17.108261108398438
41.67770767211914
28.10638427734375
6.127483367919922
19.54941749572754
15.537569999694824
32.162479400634766
15.686951637268066
34.75715637207031
12.095258712768555
4.357691287994385
21.26836395263672
16.244142532348633
12.20149040222168
9.119054794311523
21.81666374206543
16.86119270324707
19.706256866455078
32.1857795715332
26.49135398864746
27.68069839477539
33.01915740966797
12.55771255493164
30.737947463989258
12.71021556854248
26.204418182373047
26.727628707885742
28.12962532043457
38.84402847290039
38.33928680419922
32.91709518432617
42.065673828125
14.473501205444336
27.780540466308594
25.146615982055664
37.8044548034668
30.767417907714844
22.046239852905273
13.746630668640137
31.853445053100586
26.651403427124023
18.291440963745117
20.00936508178711
18.723478317260742
38.40517044067383
11.74530029296875
19.67099380493164
19.612146377563477
19.02898406982422
40.857643127441406
19.04767608642578
17.112884521484375
25.847660064697266
15.774900436401367
13.688385009765625
13.023205757141113
20.082134246826172
29.619443893432617
36.27780532836914
44.54903793334961
14.592488288879395
28.43987464904785
29.440561294555664
24.30253791809082
18.618087768554688
19.66317367553711
8.437929153442383
5.261270046234131
20.607032775878906
28.721248626708984
20.689355850219727
25.68348503112793
36.83386993408203
17.713653564453125
18.275156021118164
12.812520980834961
27.596477508544922
10.018838882446289
11.703229904174805
30.45656394958496
9.322916984558105
19.52675437927246
19.821645736694336
6.322242736816406
16.21803855895996
23.150501251220703
25.250713348388672
14.66962718963623
17.70012092590332
14.385429382324219
14.494348526000977
15.303094863891602
19.326879501342773
33.089202880859375
20.363346099853516
21.818655014038086
39.223018646240234
6.885198593139648
21.986452102661133
32.91945266723633
35.281494140625
22.62251091003418
31.227802276611328
32.76373291015625
38.670169830322266
14.989127159118652
33.26911544799805
21.745527267456055
35.83345031738281
18.471364974975586
7.960660457611084
18.194385528564453
14.88189697265625
24.311052322387695
23.76824951171875
22.119873046875
33.40753936767578
31.08364486694336
21.205896377563477
17.72314453125
27.908946990966797
20.5988712310791
14.005904197692871
32.93497848510742
22.19792938232422
10.848475456237793
15.522634506225586
20.19469451904297
22.48372459411621
22.012474060058594
13.952839851379395
26.731304168701172
22.433549880981445
26.186901092529297
7.7766218185424805
23.46976089477539
22.412588119506836
24.96639633178711
10.362964630126953
21.9467830657959
16.30345916748047
26.133108139038086
19.46757698059082
14.720664024353027
12.682564735412598
29.002737045288086
26.593048095703125
15.206201553344727
21.75051498413086
16.711612701416016
21.587100982666016
10.434672355651855
21.47736358642578
37.12346267700195
19.784975051879883
18.550621032714844
31.24919319152832
19.236337661743164
7.402863502502441
22.159366607666016
13.607779502868652
22.67163848876953
30.892009735107422
16.642704010009766
23.51657485961914
22.684572219848633
37.88262176513672
39.535484313964844
20.52103042602539
24.673046112060547
38.72135543823242
22.601877212524414
27.4265193939209
15.134456634521484
33.46729278564453
14.809350967407227
13.680767059326172
20.730018615722656
14.44738483428955
16.20692253112793
9.428902626037598
28.49802589416504
15.106343269348145
14.417004585266113
38.96894454956055
13.16949462890625
15.462422370910645
16.808780670166016
17.834505081176758
15.02342414855957
11.742403984069824
34.484169006347656
7.265111446380615
29.729820251464844
24.187076568603516
10.267240524291992
21.224201202392578
21.55536651611328
26.790634155273438
15.57234001159668
15.517667770385742
28.885005950927734
12.785895347595215
17.556974411010742
13.289212226867676
13.459321975708008
22.92040252685547
22.207950592041016
45.81672286987305
15.69007396697998
23.78017234802246
22.10881233215332
8.282515525817871
28.25214958190918
29.816831588745117
24.570083618164062
18.082033157348633
17.346349716186523
15.413655281066895
15.988218307495117
24.164752960205078
29.389333724975586
31.321056365966797
12.382675170898438
27.863662719726562
14.490835189819336
19.882604598999023
20.397647857666016
20.071285247802734
6.620063304901123
33.68029022216797
39.052616119384766
29.99040412902832
25.307022094726562
23.701875686645508
5.558740139007568
30.729084014892578
27.249929428100586
11.97078800201416
7.050963401794434
18.833341598510742
12.6148099899292
28.7556209564209
38.31321716308594
15.89803695678711
13.26772403717041
25.22755241394043
21.470951080322266
7.2222723960876465
26.34757423400879
24.59724998474121
17.557294845581055
15.767410278320312
18.44312286376953
26.89499855041504
6.942395210266113
32.50661087036133
19.057889938354492
50.213722229003906
17.208812713623047
17.71413803100586
17.255573272705078
18.783504486083984
22.432369232177734
12.298008918762207
31.80056381225586
38.05188751220703
20.694293975830078
17.832548141479492
24.195003509521484
24.269943237304688
32.309425354003906
44.37746047973633
23.533159255981445
10.745080947875977
32.39070129394531
14.364041328430176
15.479852676391602
24.53264045715332
16.131311416625977
20.470243453979492
9.238926887512207
18.624683380126953
30.428054809570312
16.569332122802734
12.597677230834961
17.97748565673828
41.651206970214844
25.708335876464844
32.56377410888672
15.56647777557373
25.53270721435547
35.91508865356445
14.596104621887207
24.172718048095703
9.206623077392578
12.464493751525879
31.93414306640625
36.52671813964844
14.183484077453613
26.728681564331055
17.00404167175293
17.146255493164062
19.09744644165039
33.101539611816406
11.658329010009766
25.093034744262695
45.90849685668945
12.572298049926758
24.084909439086914
23.9552001953125
17.308395385742188
17.454011917114258
39.58278274536133
21.81557846069336
29.020774841308594
22.64998435974121
34.81173324584961
27.92202377319336
20.149080276489258
20.41512107849121
15.328282356262207
41.34326171875
18.941091537475586
15.69345760345459
2.433276653289795
19.18971824645996
18.871206283569336
7.857343673706055
14.390344619750977
29.84622573852539
35.68599319458008
13.484676361083984
23.751144409179688
44.511497497558594
15.3231201171875
20.648876190185547
27.099796295166016
36.873741149902344
15.378832817077637
21.713417053222656
45.319854736328125
18.948617935180664
17.437904357910156
9.250136375427246
40.63814926147461
28.08940315246582
20.490283966064453
19.790063858032227
24.16232681274414
13.947587013244629
13.987449645996094
17.463747024536133
33.24399948120117
21.87500762939453
20.830623626708984
31.52008056640625
38.10604476928711
25.84860610961914
24.548919677734375
22.298641204833984
33.96714401245117
10.291533470153809
24.970691680908203
25.668563842773438
22.439239501953125
15.458475112915039
22.32162094116211
39.20923614501953
21.183530807495117
25.90406608581543
5.888298034667969
20.42451286315918
24.03333282470703
34.27830123901367
8.307573318481445
15.644655227661133
29.41510772705078
13.971697807312012
32.573673248291016
29.948518753051758
21.980546951293945
37.7923698425293
30.86274528503418
16.39614486694336
27.195453643798828
11.929003715515137
16.937881469726562
14.789902687072754
18.397171020507812
12.867837905883789
25.449281692504883
14.292542457580566
22.947568893432617
8.847471237182617
7.52238655090332
31.074344635009766
25.3241024017334
18.719778060913086
36.36111068725586
25.813405990600586
19.454618453979492
32.89576721191406
10.6701078414917
15.207551956176758
23.358217239379883
25.568620681762695
22.083892822265625
32.1673469543457
19.492984771728516
31.72821807861328
20.15035629272461
8.849833488464355
12.071825981140137
32.9915885925293
34.780887603759766
17.5948429107666
21.92941665649414
31.571516036987305
34.07967758178711
24.18601417541504
25.840700149536133
23.689851760864258
25.594362258911133
23.250307083129883
13.603042602539062
32.36397171020508
30.249589920043945
9.207356452941895
19.155933380126953
27.409427642822266
18.99467658996582
21.43109703063965
38.269065856933594
15.406787872314453
19.410541534423828
6.599624156951904
36.38834762573242
21.068241119384766
30.757287979125977
35.27595901489258
22.804216384887695
11.285234451293945
15.077473640441895
9.920120239257812
16.360347747802734
11.214676856994629
21.7304744720459
12.632634162902832
26.394977569580078
19.740720748901367
21.717063903808594
29.987272262573242
13.91887092590332
14.441299438476562
13.692130088806152
23.96866226196289
9.261832237243652
28.995264053344727
3.038942337036133
32.372718811035156
19.204519271850586
29.794286727905273
38.43144607543945
37.3758659362793
3.850757122039795
27.638809204101562
11.999198913574219
12.408028602600098
19.463443756103516
17.478126525878906
11.24679946899414
9.7758207321167
15.040800094604492
22.928102493286133
41.245182037353516
23.862060546875
28.48590660095215
15.584309577941895
27.396583557128906
12.764634132385254
17.655405044555664
35.11384582519531
24.315954208374023
4.053982257843018
32.34242248535156
7.473354816436768
27.44013214111328
31.023950576782227
24.308177947998047
18.271358489990234
29.31011962890625
9.770540237426758
20.291336059570312
16.561800003051758
23.639419555664062
21.692548751831055
40.092281341552734
34.66452407836914
23.225601196289062
12.80661678314209
14.185049057006836
39.621498107910156
9.245485305786133
24.456165313720703
17.61631202697754
25.115276336669922
25.582763671875
18.25705909729004
16.702983856201172
19.10012435913086
31.37360191345215
15.876200675964355
25.500606536865234
24.480823516845703
21.082746505737305
28.066688537597656
28.334022521972656
29.34022331237793
18.524246215820312
20.6411075592041
16.583866119384766
4.401464462280273
22.6137638092041
31.158212661743164
40.398399353027344
19.311738967895508
13.467540740966797
8.903803825378418
14.267868995666504
19.279499053955078
11.566765785217285
27.391948699951172
26.126148223876953
12.409360885620117
38.82217788696289
14.430066108703613
21.27998161315918
18.30619239807129
17.589035034179688
17.92293930053711
22.12948226928711
15.447484970092773
13.089253425598145
29.051185607910156
13.860777854919434
21.40641212463379
37.31867218017578
13.318798065185547
18.869644165039062
16.228174209594727
36.14177703857422
25.41077995300293
16.40587615966797
22.221891403198242
38.61674499511719
29.900367736816406
38.26667404174805
21.293121337890625
23.16065216064453
11.279109001159668
5.4368767738342285
30.10047149658203
15.17917251586914
22.024843215942383
22.499303817749023
3.275172710418701
23.685686111450195
21.190387725830078
14.57817554473877
26.207805633544922
14.100040435791016
24.436269760131836
40.12843322753906
11.036358833312988
8.531091690063477
26.744356155395508
15.201621055603027
22.892929077148438
23.413484573364258
2.9482839107513428
16.07187843322754
12.41638469696045
27.997217178344727
16.531814575195312
22.821056365966797
22.99160385131836
14.266474723815918
12.664535522460938
19.13249969482422
16.82428550720215
32.864986419677734
22.566654205322266
34.83399200439453
19.03323745727539
12.671843528747559
17.159038543701172
28.570392608642578
24.761037826538086
25.945215225219727
39.40331268310547
8.787107467651367
16.689685821533203
40.98750686645508
10.053024291992188
20.150230407714844
10.531082153320312
39.83384323120117
18.393274307250977
16.448562622070312
20.179189682006836
11.814844131469727
18.479066848754883
13.626934051513672
28.216291427612305
23.972745895385742
9.770357131958008
37.94192886352539
27.368467330932617
5.2690348625183105
20.959138870239258
10.730016708374023
8.15553092956543
9.383816719055176
29.057247161865234
24.431493759155273
22.329137802124023
24.49481964111328
18.9654483795166
17.006084442138672
21.14626121520996
20.34931755065918
20.063045501708984
22.240625381469727
31.173662185668945
15.360101699829102
24.223064422607422
20.802213668823242
25.169343948364258
12.797548294067383
49.093971252441406
11.875657081604004
24.91263198852539
24.869068145751953
16.95185661315918
14.129011154174805
32.5308952331543
30.687108993530273
29.896059036254883
27.892610549926758
22.091022491455078
4.932804584503174
20.341550827026367
37.68564987182617
2.109060764312744
17.393877029418945
21.622909545898438
33.71174240112305
7.346833229064941
14.871682167053223
6.179543972015381
20.99803924560547
18.20553207397461
26.571481704711914
12.696419715881348
31.476886749267578
5.883977890014648
25.366710662841797
22.916494369506836
19.649141311645508
10.67031192779541
25.141071319580078
26.65822410583496
18.70652961730957
17.019451141357422
12.349885940551758
12.126049041748047
16.878530502319336
8.6106538772583
3.6712656021118164
19.429094314575195
17.473861694335938
17.349512100219727
21.44593620300293
20.837873458862305
20.190553665161133
28.518875122070312
24.972618103027344
25.698793411254883
20.72150230407715
35.10047149658203
22.27602195739746
3.072141647338867
10.387983322143555
20.95242691040039
21.117830276489258
33.299800872802734
16.43701934814453
5.469616413116455
20.646459579467773
17.507118225097656
12.306204795837402
28.15785789489746
10.82964038848877
23.814870834350586
12.789560317993164
22.987009048461914
12.002570152282715
12.570680618286133
9.024904251098633
25.528772354125977
16.526262283325195
17.75818634033203
18.357208251953125
25.948543548583984
8.210111618041992
17.09410285949707
12.977815628051758
10.093110084533691
47.03150939941406
27.17609405517578
23.062456130981445
31.5135498046875
23.465545654296875
19.47914695739746
14.662652015686035
36.24386978149414
18.06015968322754
21.561092376708984
10.788126945495605
14.985328674316406
26.095996856689453
20.765918731689453
12.46372127532959
17.280977249145508
13.894207000732422
8.083810806274414
41.06827926635742
32.274818420410156
29.406131744384766
38.54425811767578
30.28021812438965
36.72587203979492
17.271682739257812
24.381399154663086
21.52462387084961
20.627105712890625
17.243864059448242
25.587039947509766
12.816566467285156
20.573965072631836
32.98219680786133
17.933218002319336
6.458149433135986
29.533016204833984
8.473401069641113
23.1219425201416
5.872359275817871
29.22936248779297
9.854290962219238
14.804059982299805
35.42121124267578
42.43905258178711
26.092620849609375
16.478206634521484
8.397063255310059
3.726256847381592
37.318294525146484
24.36482810974121
25.764142990112305
18.855525970458984
35.05757141113281
28.65992546081543
10.543490409851074
25.203327178955078
14.775613784790039
20.11932945251465
28.598173141479492
36.56065368652344
20.21044158935547
32.784088134765625
33.16679382324219
30.371559143066406
16.748058319091797
2.816455841064453
37.331485748291016
25.386838912963867
10.922013282775879
31.713945388793945
33.64335632324219
9.308506965637207
40.6964225769043
11.155878067016602
17.74942398071289
17.507654190063477
26.877538681030273
20.315582275390625
31.138891220092773
15.060648918151855
10.353076934814453
15.867643356323242
18.88499641418457
25.20438003540039
11.961424827575684
29.48724365234375
11.536144256591797
17.811525344848633
28.53315544128418
15.872598648071289
19.935779571533203
20.527734756469727
19.559825897216797
14.189803123474121
13.67068862915039
16.294248580932617
13.927840232849121
7.2780351638793945
25.64023208618164
23.578147888183594
9.227433204650879
32.75922393798828
24.74197769165039
27.48678207397461
19.317996978759766
7.886927604675293
23.688079833984375
22.275609970092773
8.985710144042969
20.32254409790039
17.47745132446289
9.873881340026855
4.3960700035095215
31.161901473999023
17.487239837646484
9.558544158935547
7.5141496658325195
19.50234031677246
4.726591110229492
19.703676223754883
32.0528564453125
24.48134994506836
25.404747009277344
35.9093132019043
19.562885284423828
29.875160217285156
25.624135971069336
38.34672927856445
14.768872261047363
40.40043640136719
29.046255111694336
29.31449317932129
29.53145408630371
7.458298683166504
11.092184066772461
18.572622299194336
18.407333374023438
6.322099208831787
13.124200820922852
19.404945373535156
20.266124725341797
21.58051300048828
18.22933006286621
9.288362503051758
21.843280792236328
29.89822769165039
20.654191970825195
6.655956745147705
