36.23228454589844
52.698936462402344
56.29120635986328
50.30539321899414
55.90928268432617
62.26607131958008
23.902576446533203
42.65879440307617
70.63690185546875
53.82093811035156
45.833106994628906
30.95451545715332
71.8749771118164
44.26579284667969
41.42369079589844
56.9844856262207
36.61328887939453
22.58256721496582
44.045249938964844
45.24293518066406
41.48899459838867
21.00820541381836
24.95753288269043
32.88716125488281
71.85380554199219
38.64767837524414
24.830617904663086
37.95771026611328
38.07865905761719
54.36456298828125
61.87428665161133
51.94670867919922
8.450945854187012
33.49473190307617
28.609642028808594
41.54295349121094
45.66090774536133
34.67522430419922
26.533138275146484
27.635604858398438
53.26097106933594
59.695343017578125
19.19032096862793
39.756446838378906
36.69644546508789
43.98237609863281
47.28758239746094
44.86368942260742
31.583810806274414
40.89471435546875
36.42411422729492
54.86491012573242
51.05253601074219
43.96265411376953
41.19737243652344
36.56568145751953
44.100162506103516
24.776105880737305
60.17890548706055
28.25741958618164
44.80736541748047
20.789308547973633
23.998512268066406
45.828914642333984
27.505346298217773
50.086666107177734
62.45338439941406
56.19091796875
43.20591354370117
46.279945373535156
48.76675796508789
23.596607208251953
54.55176544189453
23.1876277923584
26.53026580810547
46.790428161621094
22.228404998779297
31.381004333496094
29.45195960998535
25.103355407714844
28.87042808532715
47.29554748535156
57.88492202758789
32.541893005371094
44.71715545654297
32.4079475402832
46.28779602050781
53.21778106689453
41.73332214355469
24.41975212097168
46.84898376464844
17.927898406982422
50.29194259643555
57.215614318847656
16.068466186523438
18.600337982177734
57.36834716796875
55.789119720458984
17.542400360107422
37.58612060546875
55.42365264892578
34.2607536315918
54.16343307495117
55.16116714477539
36.709617614746094
19.015771865844727
27.264816284179688
51.79369354248047
78.87826538085938
31.192222595214844
44.8240966796875
48.925724029541016
36.2885627746582
106.89862823486328
23.622549057006836
50.57868957519531
45.68606948852539
56.16258239746094
61.45622253417969
58.21821975708008
26.098079681396484
34.151634216308594
44.530757904052734
22.04460906982422
55.780582427978516
28.921688079833984
42.25528335571289
41.685977935791016
31.202226638793945
20.14975357055664
18.022306442260742
40.99126052856445
15.1994047164917
23.049306869506836
53.03618240356445
64.6576156616211
41.779876708984375
43.16261291503906
30.96953010559082
49.733760833740234
21.709228515625
44.69132614135742
44.65256881713867
45.5936279296875
30.84796714782715
29.703227996826172
21.782299041748047
45.770790100097656
42.00114822387695
37.29396438598633
41.85862350463867
59.970157623291016
21.621328353881836
25.26845932006836
51.261505126953125
42.06253433227539
19.09558868408203
64.33011627197266
21.269121170043945
44.394073486328125
66.40789031982422
59.44364929199219
20.578216552734375
9.642403602600098
44.18748474121094
48.48426818847656
51.18257141113281
100.97405242919922
39.73881912231445
55.960914611816406
30.548547744750977
35.97583770751953
32.602508544921875
33.377262115478516
39.84853744506836
59.83499526977539
48.14824295043945
22.979228973388672
20.87109375
43.426902770996094
49.41775131225586
68.41262817382812
24.928178787231445
54.09855651855469
43.509490966796875
49.257965087890625
48.48148727416992
61.11093521118164
44.80706024169922
65.30742645263672
20.48784065246582
17.86377716064453
13.513082504272461
53.6704216003418
24.66018295288086
43.97560119628906
75.33080291748047
28.833152770996094
52.11812210083008
44.38396072387695
55.27226257324219
44.64581298828125
71.43988037109375
45.72323226928711
52.01370620727539
34.2221565246582
27.709280014038086
61.265098571777344
26.53733253479004
41.78145980834961
23.306598663330078
60.16291809082031
59.3117790222168
9.247076034545898
35.420143127441406
41.873931884765625
40.89981460571289
47.121788024902344
11.447476387023926
35.26659393310547
42.33087158203125
35.60584259033203
46.01555633544922
54.413368225097656
53.627349853515625
47.10475158691406
33.4984245300293
41.600730895996094
43.068809509277344
18.24009132385254
13.319372177124023
34.76960372924805
71.42692565917969
34.295345306396484
65.41452026367188
42.313575744628906
55.125267028808594
59.663665771484375
49.33366012573242
40.32100296020508
48.10271072387695
42.49785614013672
44.11212158203125
68.97660064697266
51.34735107421875
36.1594352722168
56.31905746459961
46.5006103515625
24.03769302368164
44.330928802490234
53.73775100708008
42.354652404785156
59.098854064941406
50.339012145996094
35.92494583129883
26.017141342163086
67.58878326416016
25.41748809814453
40.320064544677734
16.554418563842773
47.33937072753906
41.5664176940918
50.688175201416016
54.858760833740234
38.923336029052734
47.93803787231445
29.43520164489746
31.51209259033203
40.58082962036133
29.90647315979004
45.212425231933594
45.51402282714844
82.51190948486328
29.27143669128418
57.37592315673828
16.024978637695312
38.11869430541992
25.163028717041016
59.76114273071289
37.46207809448242
40.82377624511719
33.71102523803711
25.681276321411133
19.861696243286133
43.285091400146484
57.24403381347656
23.75287437438965
50.02252197265625
23.009899139404297
48.43039321899414
20.51491355895996
40.923614501953125
42.347557067871094
31.541059494018555
16.603252410888672
8.752145767211914
39.19596862792969
43.62556457519531
47.55046844482422
28.16569709777832
36.0025634765625
30.942737579345703
38.790287017822266
29.910398483276367
29.461448669433594
41.08820724487305
51.305763244628906
26.110380172729492
27.265125274658203
39.79975509643555
45.44785690307617
34.43569564819336
32.6207160949707
34.756858825683594
39.29581832885742
47.460601806640625
50.05661392211914
24.846595764160156
33.35177230834961
49.69973373413086
33.78229904174805
56.28351974487305
26.6854190826416
36.19698715209961
22.796411514282227
20.873641967773438
73.29425811767578
44.82606887817383
41.97873306274414
21.88665199279785
37.271644592285156
40.262672424316406
17.27615737915039
48.111061096191406
34.318450927734375
57.81475067138672
62.21061325073242
58.99717712402344
35.666038513183594
49.116424560546875
31.520387649536133
44.263790130615234
25.44160270690918
47.346534729003906
13.704987525939941
28.25189971923828
36.1086311340332
21.506324768066406
34.24296188354492
34.31000518798828
21.913902282714844
46.230648040771484
9.00502872467041
20.125871658325195
46.995384216308594
49.14350128173828
15.92733383178711
33.04521942138672
37.77268600463867
38.983394622802734
58.29389190673828
63.58684539794922
43.294677734375
24.805988311767578
40.37431335449219
23.78485107421875
40.126678466796875
41.73176574707031
46.99681854248047
36.894256591796875
48.3380241394043
44.051002502441406
42.8487548828125
52.8203010559082
31.97855567932129
34.74802017211914
41.023414611816406
56.47392272949219
39.89686965942383
49.78175735473633
47.668636322021484
48.10458755493164
47.52236557006836
36.75160598754883
40.31318664550781
38.847328186035156
81.04511260986328
51.47100830078125
48.493568420410156
51.843868255615234
44.2238655090332
42.217750549316406
41.15239334106445
34.61101531982422
41.77277374267578
39.921836853027344
39.011470794677734
51.3107795715332
36.79070281982422
29.251487731933594
32.05529022216797
29.77239418029785
48.401397705078125
43.594932556152344
46.1192512512207
54.70881652832031
55.56501388549805
50.61457443237305
28.705873489379883
42.75426483154297
25.703292846679688
25.942800521850586
64.83028411865234
35.686622619628906
44.22933578491211
29.816682815551758
32.58787536621094
50.83130645751953
41.29239273071289
48.88536071777344
36.36686706542969
21.1475772857666
42.20390701293945
37.098472595214844
57.60312271118164
23.910341262817383
24.64160919189453
65.5287094116211
44.97634506225586
75.14234161376953
46.9707145690918
54.17522048950195
41.72874450683594
32.96917724609375
17.726587295532227
24.953672409057617
43.2640266418457
36.05546951293945
74.72732543945312
43.889625549316406
64.62397766113281
21.756668090820312
63.876953125
59.682735443115234
39.704654693603516
31.679121017456055
41.4782829284668
51.07421112060547
61.35056686401367
10.967429161071777
56.89561080932617
61.15279769897461
20.758331298828125
59.79635238647461
39.65798568725586
63.34659957885742
26.330768585205078
44.597042083740234
39.20933532714844
38.3304443359375
64.0005111694336
28.61888885498047
61.825740814208984
33.61734390258789
49.78342056274414
32.340415954589844
46.048526763916016
34.97475814819336
26.734394073486328
18.826066970825195
46.839298248291016
58.60293197631836
12.035880088806152
36.50048828125
23.674097061157227
53.963836669921875
25.2781982421875
53.03731918334961
49.12330627441406
23.490570068359375
51.798431396484375
65.04741668701172
21.744224548339844
39.9412956237793
38.80948257446289
40.017723083496094
31.685386657714844
47.98000717163086
32.6674690246582
45.42393112182617
37.79209899902344
43.7802619934082
36.845516204833984
43.81957244873047
56.73588562011719
26.00713348388672
50.4724006652832
50.43240737915039
42.881004333496094
55.61400604248047
33.761749267578125
36.88793182373047
28.123069763183594
59.38199996948242
42.657859802246094
29.02909278869629
29.55072021484375
46.6834716796875
37.34479904174805
44.81291198730469
40.206424713134766
36.45486068725586
21.032943725585938
55.08782958984375
49.48591613769531
72.80842590332031
40.10173797607422
64.44414520263672
47.799251556396484
49.611968994140625
29.61431312561035
24.221309661865234
50.211509704589844
53.63865280151367
51.812477111816406
25.658781051635742
48.76644515991211
26.595069885253906
52.1306037902832
31.946739196777344
33.347991943359375
26.701644897460938
32.64887619018555
48.15953826904297
18.092830657958984
36.95254135131836
31.529125213623047
51.01594543457031
37.585758209228516
40.1539192199707
33.311805725097656
47.30324172973633
31.576438903808594
30.93999481201172
62.34130096435547
28.087608337402344
61.12954330444336
30.788665771484375
30.75560760498047
30.54264259338379
23.04530143737793
41.049713134765625
54.10395050048828
31.33794403076172
20.6002140045166
24.48905372619629
30.174333572387695
62.932472229003906
34.19882583618164
61.725223541259766
18.864736557006836
41.51348876953125
85.8392105102539
46.28358840942383
41.85293197631836
17.03397560119629
50.172969818115234
45.53962707519531
42.964698791503906
31.09006690979004
54.57059860229492
60.458370208740234
29.777681350708008
47.12983703613281
32.55938720703125
31.74829864501953
40.70198059082031
28.44884490966797
39.10623550415039
22.360565185546875
59.133094787597656
34.06229019165039
65.5766830444336
30.873849868774414
42.19300079345703
27.569440841674805
33.2422981262207
36.9307861328125
51.91475296020508
38.829612731933594
30.496152877807617
30.646602630615234
49.498775482177734
20.100187301635742
30.31450843811035
27.78257179260254
42.948150634765625
39.94432830810547
44.22260284423828
41.281036376953125
32.02555847167969
36.538639068603516
47.191829681396484
49.42301559448242
18.684049606323242
75.8392333984375
65.7530746459961
25.517208099365234
31.080738067626953
7.177415370941162
25.663183212280273
44.24128723144531
30.492765426635742
50.6834716796875
19.18613624572754
46.21664810180664
14.583566665649414
43.24064254760742
62.41291427612305
43.14423751831055
27.72399139404297
37.5493278503418
57.62538528442383
29.508399963378906
41.15825271606445
56.05524826049805
43.745323181152344
44.99991226196289
30.257904052734375
44.09510803222656
36.03337860107422
32.05925369262695
36.515499114990234
43.99634552001953
71.0422592163086
48.14109802246094
21.050363540649414
33.32765579223633
42.950439453125
66.87080383300781
26.254722595214844
47.74135208129883
28.0037841796875
80.24462890625
47.0081672668457
32.4007453918457
44.300209045410156
31.678390502929688
36.79802322387695
13.578373908996582
34.727210998535156
30.419363021850586
28.374235153198242
58.61758804321289
60.99080276489258
55.73657989501953
76.42642211914062
48.25601577758789
37.60380172729492
38.12815475463867
39.09918975830078
36.625545501708984
34.23239517211914
35.35956573486328
65.35508728027344
42.58655548095703
45.8233757019043
31.908491134643555
31.29126739501953
49.53593444824219
43.47134780883789
48.38363265991211
41.00482940673828
58.936973571777344
46.373592376708984
40.68069839477539
27.778371810913086
26.088220596313477
29.09224510192871
43.86766815185547
47.9647331237793
50.19230651855469
56.57710647583008
40.76151657104492
17.252399444580078
67.6322021484375
36.27804183959961
22.997570037841797
52.96171188354492
59.25935745239258
40.784820556640625
48.49253845214844
49.7789192199707
39.29854202270508
39.54392623901367
32.739681243896484
24.93886375427246
34.54824447631836
50.25563430786133
12.310676574707031
44.26621627807617
25.65585708618164
31.176504135131836
29.736600875854492
15.743264198303223
31.159759521484375
42.40305709838867
21.289424896240234
25.8099365234375
27.13113021850586
52.472137451171875
32.387481689453125
53.75981903076172
14.170113563537598
47.446571350097656
11.975607872009277
63.13618469238281
46.728939056396484
41.997371673583984
39.73724365234375
57.90153121948242
33.16506576538086
41.79119873046875
28.952789306640625
24.49966812133789
41.330352783203125
43.27883529663086
36.38718032836914
40.006813049316406
45.24093246459961
24.10470199584961
28.005203247070312
32.925804138183594
51.20069885253906
59.46702194213867
34.11637496948242
32.26715087890625
34.94144058227539
41.33790969848633
36.913753509521484
36.92713928222656
38.19520950317383
24.73865509033203
37.501625061035156
15.72077751159668
32.913970947265625
38.451805114746094
54.61598587036133
48.287681579589844
33.14025115966797
40.3162956237793
43.726905822753906
42.1888427734375
35.73824691772461
26.611135482788086
30.555503845214844
53.64216613769531
38.49248123168945
34.98143768310547
74.40850830078125
54.16196823120117
14.919393539428711
19.994564056396484
45.65208053588867
43.2655143737793
50.527339935302734
51.043128967285156
32.62261199951172
37.84464645385742
20.238168716430664
35.9328498840332
52.79487609863281
50.638572692871094
41.110084533691406
20.1810245513916
30.710100173950195
38.94318771362305
39.3089599609375
61.415157318115234
60.49032211303711
32.3120231628418
20.531829833984375
31.53105926513672
39.68756866455078
60.978763580322266
34.26792907714844
64.6679916381836
22.364255905151367
51.383426666259766
53.56576919555664
20.513620376586914
24.145401000976562
44.36625289916992
20.859651565551758
16.969961166381836
60.838836669921875
33.0627555847168
54.333702087402344
35.80449676513672
25.113126754760742
34.86884307861328
57.121726989746094
31.660730361938477
38.16340255737305
38.01094055175781
43.3264274597168
27.093690872192383
51.6324577331543
46.05916976928711
51.33772659301758
23.870027542114258
35.478492736816406
56.90929412841797
50.26548767089844
43.724754333496094
25.34295654296875
52.05194854736328
39.01609802246094
30.942005157470703
56.46256637573242
36.59088897705078
53.92311477661133
48.88209915161133
43.15586853027344
47.77538299560547
42.72364807128906
49.2677116394043
41.02712631225586
53.334259033203125
29.600061416625977
33.951839447021484
47.21473693847656
34.184574127197266
34.411441802978516
32.37022399902344
25.901887893676758
34.949527740478516
27.275814056396484
46.80057907104492
62.551578521728516
43.09306716918945
32.31107711791992
43.51723861694336
43.63179397583008
40.197513580322266
59.0365104675293
17.487668991088867
10.972432136535645
31.759729385375977
48.3515510559082
50.6275520324707
53.96804428100586
34.35555648803711
28.694374084472656
51.85117721557617
34.90278625488281
33.47236633300781
15.562100410461426
26.54482650756836
42.79444885253906
43.08371353149414
55.4145393371582
68.52189636230469
54.16791534423828
37.3201789855957
28.841550827026367
32.008697509765625
26.03610610961914
77.41390228271484
61.0228385925293
12.196605682373047
32.17840576171875
49.4439811706543
36.96353530883789
53.77037811279297
25.608074188232422
59.99528121948242
52.51936721801758
39.011566162109375
43.77642822265625
41.63615036010742
37.5346794128418
48.18301773071289
28.362154006958008
44.13339614868164
27.320892333984375
47.621952056884766
44.62472152709961
62.95326614379883
46.7875862121582
32.344879150390625
39.58879470825195
41.8061637878418
33.15244674682617
57.759483337402344
21.563356399536133
65.63357543945312
57.220069885253906
55.854393005371094
34.92985534667969
24.02276611328125
40.38108825683594
56.815425872802734
25.898303985595703
63.94353103637695
19.10796546936035
34.3743782043457
11.664729118347168
45.72127151489258
37.77238845825195
44.43405532836914
34.85175323486328
38.662227630615234
41.55348587036133
41.12148666381836
24.499116897583008
33.31365966796875
38.186622619628906
54.63239288330078
21.801856994628906
49.64550018310547
25.02680015563965
29.919282913208008
25.92514419555664
49.02650833129883
32.005714416503906
32.59803009033203
54.82859420776367
29.01378059387207
40.77973556518555
37.467647552490234
38.42740249633789
27.63650131225586
38.9463005065918
15.020566940307617
23.348421096801758
50.301517486572266
32.205753326416016
51.27721405029297
61.213741302490234
36.65195846557617
44.6910400390625
27.976652145385742
44.005615234375
46.208683013916016
22.971643447875977
23.23784828186035
42.60558319091797
29.72079849243164
36.27616882324219
56.73188400268555
44.83481216430664
51.968990325927734
64.83406066894531
40.750850677490234
46.535926818847656
32.204139709472656
32.46092224121094
31.745365142822266
54.78874206542969
73.77112579345703
73.82264709472656
36.72648620605469
36.09996795654297
67.89469146728516
27.426956176757812
43.770668029785156
37.61892318725586
23.500511169433594
61.22789001464844
36.52171325683594
63.8328857421875
32.12794876098633
42.406402587890625
32.522918701171875
18.677139282226562
43.433162689208984
41.945831298828125
38.32939147949219
46.135196685791016
28.043699264526367
29.24165153503418
18.00530242919922
63.14209747314453
63.68931579589844
19.373498916625977
42.89309310913086
31.00173568725586
50.2096061706543
57.26284408569336
42.4376106262207
43.55809020996094
23.45114517211914
56.71453094482422
22.3800048828125
29.34597396850586
50.515342712402344
61.69499588012695
35.0711784362793
36.45589828491211
15.829190254211426
33.974937438964844
41.65293502807617
35.17626953125
50.29513931274414
42.90871047973633
30.045814514160156
34.0797233581543
27.114255905151367
51.330177307128906
54.69776916503906
32.02316665649414
31.4377384185791
8.3084077835083
49.1290283203125
50.672767639160156
28.543855667114258
39.45555114746094
41.29317092895508
50.940128326416016
35.83150100708008
17.299087524414062
34.35651779174805
34.42859649658203
48.0649299621582
75.424072265625
25.555551528930664
41.08970642089844
31.056812286376953
42.540836334228516
46.204193115234375
60.24106979370117
35.68291091918945
24.966785430908203
28.237144470214844
37.30363464355469
38.68080139160156
62.049766540527344
48.34585189819336
31.531827926635742
72.38652038574219
52.20534133911133
20.086101531982422
61.997398376464844
48.98465347290039
45.99583435058594
46.95011901855469
33.02989196777344
35.247833251953125
42.80732727050781
24.124059677124023
42.82143020629883
42.56085968017578
14.428016662597656
53.114898681640625
34.649070739746094
45.74394607543945
53.949642181396484
38.67497253417969
35.39849090576172
39.41761016845703
41.29819107055664
47.84341812133789
47.380821228027344
34.05111312866211
55.0487060546875
49.567752838134766
33.85459518432617
54.87436294555664
65.18634796142578
73.21208953857422
15.22982406616211
41.78535842895508
23.953319549560547
24.449602127075195
31.1441650390625
45.73957061767578
28.435380935668945
44.24258804321289
45.6631965637207
26.533159255981445
49.453758239746094
58.19369888305664
35.79487609863281
32.01722717285156
31.69542694091797
40.63076400756836
51.039730072021484
67.86538696289062
32.73323440551758
26.930648803710938
43.86277389526367
23.71404266357422
52.87979507446289
41.448028564453125
39.703399658203125
52.17786407470703
38.489097595214844
90.66849517822266
45.99461364746094
19.420228958129883
52.29879379272461
35.9843635559082
62.518070220947266
31.806739807128906
33.76594543457031
43.35020065307617
26.721210479736328
41.400264739990234
58.916236877441406
52.69435501098633
52.72600173950195
8.596516609191895
41.900394439697266
51.636661529541016
30.738826751708984
37.3602180480957
57.67585754394531
35.019744873046875
24.310758590698242
45.91222381591797
43.17034149169922
11.74049186706543
24.29741668701172
40.51670455932617
46.90410232543945
37.167808532714844
39.14813232421875
68.61506652832031
33.73179626464844
58.61030960083008
34.465904235839844
69.53092193603516
35.90787124633789
32.487613677978516
46.89015197753906
24.268550872802734
35.597991943359375
43.73564147949219
20.56003189086914
28.465911865234375
55.50282287597656
43.960426330566406
46.97975540161133
47.26795959472656
35.88644027709961
30.905433654785156
21.522876739501953
62.3009033203125
31.83636474609375
62.38951873779297
38.90425491333008
29.080394744873047
27.528793334960938
45.40143585205078
42.84107208251953
25.17678451538086
29.113325119018555
39.593109130859375
32.35673904418945
33.15373611450195
25.19989776611328
35.208927154541016
77.38471984863281
59.430667877197266
65.88524627685547
47.0130500793457
29.193540573120117
27.52059555053711
36.22177505493164
46.15976333618164
30.641311645507812
24.097003936767578
39.204341888427734
42.936214447021484
43.644493103027344
66.12422180175781
40.64910125732422
42.849510192871094
41.54142379760742
37.472782135009766
26.64308738708496
28.690265655517578
28.84705924987793
47.01456832885742
64.06970977783203
40.553524017333984
43.81499099731445
55.5423698425293
53.72808837890625
39.36973190307617
36.21094512939453
34.29384994506836
60.32874298095703
37.202667236328125
44.653079986572266
31.44258689880371
48.9913330078125
66.64410400390625
33.50325393676758
76.66246795654297
31.071269989013672
19.504621505737305
57.58250045776367
45.50897216796875
40.9657096862793
57.34629440307617
38.704368591308594
37.93190383911133
20.056013107299805
25.483644485473633
21.250446319580078
42.362728118896484
48.14019012451172
31.74017906188965
33.64826202392578
49.804012298583984
53.990478515625
33.80460739135742
56.101951599121094
63.21218490600586
45.96128463745117
22.663742065429688
40.14833450317383
28.13195037841797
44.853450775146484
43.56499481201172
41.006919860839844
15.904229164123535
40.941741943359375
23.71059799194336
26.6107177734375
43.790313720703125
75.57906341552734
34.06337356567383
45.99116516113281
63.53325271606445
35.08404541015625
34.68849563598633
33.48810577392578
25.897920608520508
28.38217544555664
32.60976791381836
44.76728439331055
31.357494354248047
48.21094512939453
58.04352569580078
56.14997482299805
30.210344314575195
45.58857345581055
29.738487243652344
39.12070846557617
31.70997428894043
42.56363296508789
27.209083557128906
17.800859451293945
47.38880157470703
42.6097412109375
52.29471206665039
43.899574279785156
50.26998519897461
21.989643096923828
42.9332389831543
45.44169998168945
32.79637908935547
51.93449783325195
50.247920989990234
22.075531005859375
29.7009220123291
43.98127746582031
38.20233154296875
26.56796646118164
41.39682388305664
50.00928497314453
48.847320556640625
12.731383323669434
64.40371704101562
46.9219970703125
79.73307800292969
53.11781692504883
15.579523086547852
31.362510681152344
31.200895309448242
42.652549743652344
40.121402740478516
31.17391014099121
50.48967742919922
62.38330841064453
35.015899658203125
30.53263282775879
35.9207649230957
57.68893814086914
62.60947036743164
35.053855895996094
32.29916763305664
54.9588508605957
24.540346145629883
40.978458404541016
41.34870910644531
37.86935043334961
31.800079345703125
19.6933536529541
52.9243278503418
41.90388870239258
44.83787536621094
42.036434173583984
34.61598587036133
25.903003692626953
22.793746948242188
47.53351593017578
63.50119400024414
36.02361297607422
59.87393569946289
77.35140228271484
41.382633209228516
21.632774353027344
66.91431427001953
44.7113037109375
51.06547164916992
27.353248596191406
36.05120849609375
32.377071380615234
40.686798095703125
54.10338592529297
29.663272857666016
47.752410888671875
19.445186614990234
51.13621520996094
26.584274291992188
39.715476989746094
33.49624252319336
14.402708053588867
60.27609634399414
62.411659240722656
49.98878860473633
58.183502197265625
35.426361083984375
41.66724395751953
37.52471923828125
34.896366119384766
18.040945053100586
32.1884880065918
57.451908111572266
15.841659545898438
38.61942672729492
37.206451416015625
29.24162483215332
49.105613708496094
39.885658264160156
25.400949478149414
44.07212448120117
36.38323974609375
27.762231826782227
36.877540588378906
31.82358169555664
52.33033752441406
51.42768859863281
14.825716972351074
26.475963592529297
41.04094314575195
51.37042999267578
60.396270751953125
35.88533020019531
28.085594177246094
25.490982055664062
28.219390869140625
34.900672912597656
37.80400848388672
19.529342651367188
39.47248840332031
31.152896881103516
37.763858795166016
55.74434280395508
57.807899475097656
54.75651550292969
63.48634719848633
60.99681091308594
66.88412475585938
37.52890396118164
22.041688919067383
16.229692459106445
53.471805572509766
38.09053039550781
34.192481994628906
68.18983459472656
62.929264068603516
51.22187805175781
55.93680953979492
31.39114761352539
37.299827575683594
67.44295501708984
32.43565368652344
32.557899475097656
62.963714599609375
51.789466857910156
41.45535659790039
48.2341194152832
35.04974365234375
37.53385543823242
75.17066955566406
23.37956428527832
18.375301361083984
22.278310775756836
27.549049377441406
63.539649963378906
32.84636688232422
16.055747985839844
27.98113250732422
30.697479248046875
29.183591842651367
58.82636260986328
58.754878997802734
50.94882583618164
37.03175735473633
16.630859375
54.4928092956543
28.6165714263916
44.47705078125
38.09883117675781
9.535407066345215
53.0280876159668
37.30228805541992
36.9815788269043
50.135498046875
43.37841796875
51.28494644165039
54.676109313964844
41.15171813964844
43.36006164550781
39.31046676635742
59.08524703979492
24.64182472229004
57.65965270996094
25.592313766479492
69.823974609375
27.330896377563477
55.85041809082031
63.80940246582031
46.54198455810547
31.197853088378906
25.299543380737305
53.93144989013672
21.70827865600586
38.12250900268555
40.95284652709961
33.132789611816406
33.916378021240234
22.70717430114746
16.619375228881836
53.3735237121582
57.67524337768555
32.92757034301758
50.81647491455078
22.697166442871094
33.28471755981445
29.668989181518555
18.984128952026367
56.286155700683594
23.594926834106445
34.571380615234375
44.96885681152344
49.7065315246582
57.54652404785156
35.219154357910156
45.04071807861328
30.78648567199707
27.329875946044922
44.34660339355469
69.5948257446289
52.075252532958984
40.934871673583984
45.89509963989258
25.84987449645996
45.174415588378906
44.899085998535156
38.273231506347656
37.3759880065918
52.069034576416016
55.74516677856445
28.697967529296875
28.970796585083008
40.313514709472656
30.265993118286133
40.37623977661133
49.14496994018555
57.614906311035156
19.955137252807617
19.344581604003906
23.19341468811035
36.33974838256836
16.183605194091797
48.614341735839844
63.493350982666016
33.26979064941406
48.46824645996094
44.96125030517578
20.876840591430664
29.83824348449707
28.757282257080078
53.23720169067383
25.233915328979492
27.185260772705078
56.78032302856445
56.94496536254883
26.85443878173828
48.5343132019043
9.83543872833252
29.145875930786133
33.69654846191406
39.379615783691406
29.03072738647461
34.75571060180664
59.10586929321289
52.751285552978516
35.407161712646484
53.14360809326172
55.194580078125
12.161191940307617
49.30666732788086
41.63827896118164
57.27345657348633
21.115596771240234
42.47980880737305
37.638641357421875
45.11078643798828
42.43347930908203
27.48771858215332
38.715328216552734
37.92967224121094
48.891136169433594
56.482173919677734
60.953758239746094
22.277589797973633
51.552894592285156
43.850284576416016
45.90867233276367
45.68739318847656
49.65863037109375
33.075721740722656
58.14447784423828
31.93257713317871
47.672508239746094
34.87519073486328
4.282978057861328
45.311439514160156
33.70326232910156
23.172771453857422
17.584491729736328
19.57049560546875
59.51422882080078
36.978843688964844
34.41943359375
38.10405349731445
41.329063415527344
23.13875389099121
26.87311363220215
64.02813720703125
36.65685272216797
24.476144790649414
59.736595153808594
10.243576049804688
48.60749053955078
36.50235366821289
37.0872802734375
36.303916931152344
35.00220489501953
26.230499267578125
52.604000091552734
39.48785400390625
51.631568908691406
42.67071533203125
15.190959930419922
75.18472290039062
57.00304412841797
64.09330749511719
60.89757537841797
45.14515686035156
33.49931335449219
33.856727600097656
49.982139587402344
44.1095085144043
51.16764450073242
33.343814849853516
61.61326217651367
61.74842834472656
36.742313385009766
30.40642547607422
53.611167907714844
26.670989990234375
47.088600158691406
25.04530906677246
43.7519416809082
59.5446891784668
42.04158401489258
24.68024444580078
38.431312561035156
42.77345275878906
40.443702697753906
54.71110916137695
30.899917602539062
50.986610412597656
36.140419006347656
37.878318786621094
30.3848819732666
16.69710922241211
19.442604064941406
42.95993423461914
36.750244140625
26.32863998413086
28.655860900878906
53.48316955566406
34.29429244995117
45.538333892822266
29.676868438720703
25.3284912109375
29.482799530029297
46.51634979248047
40.21512222290039
23.300640106201172
39.255043029785156
39.88985061645508
45.95036697387695
5.54392147064209
34.90664291381836
53.399879455566406
40.78477096557617
50.64152526855469
37.25291061401367
31.60701560974121
37.9405632019043
28.335493087768555
42.71973419189453
26.514972686767578
38.8570556640625
47.4414176940918
28.702289581298828
45.63374710083008
37.78041458129883
31.652647018432617
33.67009353637695
37.845211029052734
42.33729934692383
50.26011276245117
28.216814041137695
50.3685417175293
18.81928062438965
44.19058609008789
37.42191696166992
51.58082962036133
21.410751342773438
20.435625076293945
50.098636627197266
46.68938064575195
35.36554718017578
38.13695526123047
45.33498764038086
65.2820816040039
31.757198333740234
39.239566802978516
78.23572540283203
37.09138488769531
53.837303161621094
41.16053009033203
48.062679290771484
30.78487205505371
29.21489906311035
62.50840377807617
37.062076568603516
33.331695556640625
32.24022674560547
45.623191833496094
41.2878532409668
68.29884338378906
46.95869445800781
60.92282485961914
35.491695404052734
21.364669799804688
50.33982467651367
46.647682189941406
52.43394470214844
56.019775390625
53.813541412353516
46.03922653198242
48.60212707519531
32.98175048828125
82.01116943359375
29.467042922973633
46.885276794433594
39.82401657104492
37.2491340637207
27.394399642944336
28.056283950805664
51.485294342041016
20.886089324951172
49.68696594238281
36.554317474365234
88.51012420654297
63.603294372558594
37.019203186035156
26.00615882873535
65.59605407714844
34.050262451171875
62.76282501220703
46.31202697753906
30.867237091064453
33.69805908203125
37.147987365722656
17.183895111083984
57.791080474853516
49.21957015991211
49.47698211669922
32.36673355102539
49.22339630126953
45.890953063964844
70.84284973144531
58.45680618286133
43.48517990112305
31.304777145385742
38.656532287597656
23.36711883544922
30.918861389160156
12.873230934143066
44.02381134033203
20.955150604248047
28.15653419494629
39.60151290893555
23.204084396362305
13.3799409866333
21.444072723388672
52.26594161987305
44.599090576171875
38.64488983154297
35.713069915771484
47.1361083984375
32.67982864379883
37.45602798461914
33.64928436279297
68.64216613769531
53.071868896484375
19.354232788085938
26.304203033447266
43.929771423339844
60.29072952270508
51.310401916503906
45.594852447509766
23.378341674804688
18.071144104003906
27.664413452148438
38.39508819580078
39.094200134277344
45.20803451538086
16.704570770263672
42.342926025390625
40.50133514404297
45.3443603515625
32.0157585144043
58.052120208740234
26.140127182006836
39.83659362792969
46.24479675292969
56.395469665527344
30.288707733154297
38.17482376098633
45.578941345214844
55.216041564941406
30.31866455078125
51.47134780883789
51.76380157470703
48.12513732910156
73.24124145507812
58.582489013671875
33.21044158935547
14.190582275390625
23.348363876342773
52.85986328125
62.03789138793945
47.599365234375
39.259498596191406
91.92450714111328
49.07548141479492
38.10945510864258
30.2249698638916
27.63887596130371
48.030216217041016
38.533164978027344
56.8408088684082
57.57193374633789
48.569698333740234
55.63056945800781
48.377281188964844
31.86946678161621
33.1976318359375
47.24907302856445
41.678043365478516
32.642250061035156
27.095245361328125
42.2459831237793
42.762176513671875
41.77285385131836
52.43085861206055
24.5921573638916
63.4973030090332
68.37600708007812
34.36957550048828
34.76243209838867
36.73991775512695
48.28656768798828
23.826059341430664
54.55360412597656
21.62931251525879
45.575950622558594
23.468339920043945
31.311853408813477
58.33749771118164
16.362995147705078
43.386962890625
61.66517639160156
50.688011169433594
66.16168975830078
64.50666046142578
64.2331771850586
52.17731857299805
13.867266654968262
27.045202255249023
36.81406784057617
39.07957458496094
56.35140609741211
32.29415512084961
43.363037109375
35.852725982666016
33.4686279296875
31.732999801635742
16.45172119140625
51.83319091796875
32.4853401184082
36.87001419067383
18.68316650390625
51.560306549072266
38.07197952270508
22.652223587036133
38.345516204833984
47.327110290527344
35.54987335205078
53.8118896484375
50.040653228759766
60.09017562866211
27.55140495300293
49.6065559387207
52.96415328979492
51.97152328491211
74.29450225830078
54.32575225830078
34.209014892578125
59.129398345947266
30.65828514099121
41.748924255371094
58.14568328857422
31.809406280517578
46.98274612426758
17.520408630371094
61.65275192260742
52.57562255859375
24.454748153686523
53.637794494628906
26.289188385009766
70.1058349609375
40.79011917114258
41.36721420288086
31.35927391052246
24.471311569213867
23.318307876586914
24.662328720092773
34.36881637573242
25.812942504882812
28.116161346435547
26.476476669311523
27.04967498779297
79.6922607421875
32.67715835571289
48.23356628417969
43.11176300048828
65.14356994628906
49.44248580932617
42.69404983520508
17.246971130371094
38.2910270690918
39.49983215332031
17.594501495361328
33.3658447265625
59.19308090209961
22.693906784057617
41.333763122558594
61.01484680175781
18.974342346191406
40.656761169433594
33.674808502197266
23.673566818237305
18.712270736694336
22.214365005493164
24.5968074798584
31.745468139648438
43.39255905151367
44.978057861328125
34.1744384765625
28.224281311035156
47.80570983886719
50.98612976074219
51.48540496826172
33.979549407958984
26.403749465942383
50.1606559753418
30.24003028869629
42.40195846557617
48.25103759765625
29.67223358154297
37.554134368896484
46.63085174560547
44.39845657348633
86.25206756591797
52.73063278198242
26.208789825439453
57.84284973144531
24.09540557861328
35.72962951660156
45.58085250854492
48.579124450683594
99.29043579101562
34.84288787841797
34.584564208984375
33.563594818115234
30.43642807006836
49.07979202270508
33.30264663696289
44.35563278198242
42.36863327026367
47.837432861328125
23.56083106994629
25.907508850097656
42.65604782104492
51.542388916015625
14.14122200012207
41.215084075927734
49.28910827636719
23.254756927490234
57.52862548828125
21.951709747314453
37.63807678222656
41.08071517944336
18.741256713867188
52.48697280883789
70.13108825683594
33.23344421386719
50.821407318115234
25.636138916015625
25.060447692871094
53.692508697509766
41.798072814941406
50.70904541015625
37.67362976074219
34.749488830566406
34.54460906982422
27.934280395507812
54.980953216552734
57.756290435791016
37.167049407958984
31.632049560546875
33.04376983642578
56.67072677612305
33.21957778930664
46.64105987548828
26.19329833984375
55.43478012084961
53.47181701660156
6.403238773345947
32.535701751708984
35.299110412597656
33.067626953125
40.595462799072266
52.78280258178711
54.4539909362793
47.955909729003906
20.248138427734375
44.50190353393555
32.125579833984375
35.878326416015625
54.454978942871094
46.906158447265625
27.947582244873047
19.870071411132812
39.52880859375
53.225284576416016
49.56343460083008
54.854618072509766
42.352352142333984
46.64901351928711
33.588096618652344
60.17839813232422
55.24617004394531
29.673078536987305
45.53974151611328
49.68002700805664
13.057990074157715
48.04023742675781
24.31395721435547
25.87476348876953
35.587799072265625
42.80366897583008
42.150779724121094
65.77466583251953
17.686079025268555
20.40494155883789
64.61558532714844
40.55854797363281
27.96961212158203
31.567005157470703
46.63180923461914
28.66472625732422
79.99423217773438
46.86945724487305
65.23658752441406
13.290242195129395
33.1036262512207
52.50690460205078
36.62234115600586
46.84483337402344
62.634525299072266
33.898990631103516
37.59700012207031
76.64594268798828
26.374568939208984
77.02589416503906
48.27677917480469
44.818817138671875
64.53035736083984
32.11542510986328
54.36994934082031
54.81852340698242
67.71723175048828
36.13667678833008
34.653743743896484
49.046077728271484
37.937721252441406
54.063934326171875
37.79045104980469
36.69991683959961
33.94267272949219
51.4051513671875
41.568695068359375
14.554054260253906
27.081022262573242
49.099525451660156
12.493101119995117
61.997737884521484
24.265464782714844
33.95643997192383
39.11107635498047
29.705549240112305
38.17292022705078
24.63969612121582
37.292694091796875
40.65994644165039
79.11339569091797
61.066490173339844
16.140348434448242
43.24259567260742
50.91889572143555
27.789438247680664
22.399009704589844
46.186927795410156
42.139801025390625
55.58616638183594
52.82861328125
51.06407928466797
47.65564727783203
36.96977233886719
40.917724609375
47.140846252441406
57.94664764404297
24.923900604248047
55.38212585449219
65.30230712890625
68.70809936523438
56.9227294921875
38.54238510131836
49.180789947509766
62.187469482421875
48.66276931762695
32.28520584106445
57.11440658569336
26.61225700378418
72.66190338134766
59.731895446777344
31.068880081176758
59.88307571411133
45.31681442260742
38.63047409057617
40.59724426269531
56.42631530761719
51.359806060791016
57.033538818359375
64.46790313720703
39.03734588623047
50.33413314819336
52.46223449707031
32.18678665161133
62.40897750854492
37.87176513671875
40.19039535522461
36.755950927734375
58.655052185058594
26.863422393798828
45.42301559448242
53.81365203857422
37.9222526550293
31.72857666015625
52.460838317871094
47.61484146118164
31.756107330322266
64.04085540771484
28.137073516845703
42.236595153808594
28.967058181762695
33.34312057495117
36.15157699584961
29.0714111328125
44.07170867919922
45.2586555480957
43.68598556518555
49.84548568725586
41.992496490478516
45.28900909423828
29.035358428955078
39.53662109375
44.96723937988281
40.793800354003906
67.05632019042969
48.24186325073242
67.5355453491211
44.35633087158203
57.30672836303711
45.353729248046875
33.716426849365234
42.191505432128906
28.826894760131836
40.468223571777344
29.12942123413086
48.01323318481445
31.590593338012695
24.511165618896484
36.9437370300293
46.35401916503906
50.447601318359375
39.570587158203125
46.502567291259766
49.21295928955078
60.65207290649414
55.32249069213867
35.46428680419922
42.276947021484375
20.28000259399414
34.35982131958008
14.832015991210938
49.77851104736328
52.85726547241211
68.52996063232422
50.28219985961914
61.07912826538086
71.75956726074219
54.220157623291016
20.946996688842773
60.143009185791016
47.285335540771484
36.772789001464844
14.726269721984863
35.63654708862305
22.40259552001953
24.144817352294922
34.80226135253906
43.50776290893555
43.01681137084961
37.32338333129883
32.57464599609375
34.19233322143555
63.74772262573242
18.972118377685547
47.69825744628906
58.797393798828125
32.38074493408203
24.273387908935547
52.70451354980469
36.918174743652344
22.684289932250977
24.525962829589844
75.74891662597656
39.668819427490234
14.645697593688965
44.53044509887695
38.728668212890625
42.046775817871094
18.04327964782715
42.14393615722656
74.27357482910156
40.19422912597656
22.088214874267578
65.82295989990234
25.771421432495117
34.192447662353516
52.76277542114258
38.376834869384766
44.65596008300781
27.103981018066406
20.369279861450195
53.275028228759766
19.255348205566406
32.38294219970703
34.850215911865234
64.51727294921875
30.198518753051758
46.87847900390625
42.75025939941406
13.61427116394043
50.246212005615234
19.67357635498047
25.42987060546875
36.0226936340332
22.610754013061523
31.341413497924805
27.31907081604004
50.42905807495117
9.6483793258667
27.894329071044922
20.687124252319336
38.655364990234375
33.492530822753906
64.63736724853516
50.29887008666992
52.137107849121094
20.258174896240234
28.006454467773438
40.81968688964844
9.85774040222168
46.32933044433594
34.89338684082031
52.03135299682617
31.23651123046875
45.375911712646484
35.09761428833008
37.89030075073242
23.553436279296875
38.01111602783203
23.15105438232422
14.474189758300781
35.82090377807617
28.191186904907227
49.164337158203125
54.96602249145508
58.290916442871094
33.35224533081055
43.15719223022461
13.128397941589355
51.62703323364258
19.130481719970703
34.19489669799805
40.75770950317383
23.388038635253906
28.847431182861328
46.589237213134766
28.340805053710938
53.2621955871582
85.9537582397461
52.2166633605957
34.80025100708008
43.3853645324707
46.50556564331055
31.904651641845703
31.636198043823242
30.685543060302734
33.7736930847168
18.794322967529297
80.944580078125
40.24955368041992
35.24626922607422
63.97588348388672
28.802974700927734
31.686948776245117
21.733057022094727
33.65687942504883
58.40168762207031
38.18537521362305
32.99237060546875
21.668014526367188
53.096500396728516
18.84737205505371
52.463584899902344
48.11555099487305
32.33799743652344
33.09233093261719
36.68951416015625
40.70412063598633
53.215370178222656
34.445220947265625
30.886310577392578
31.507429122924805
33.914878845214844
39.25117874145508
43.55944061279297
38.10896682739258
40.86006546020508
54.952510833740234
28.220787048339844
58.92760467529297
36.793861389160156
29.085712432861328
18.155241012573242
52.60700607299805
30.52463150024414
49.24570083618164
57.06586837768555
54.72027587890625
22.679767608642578
47.80499267578125
44.15025329589844
48.086524963378906
45.38295364379883
47.97343444824219
41.800472259521484
52.78482437133789
56.84416580200195
25.248777389526367
17.605268478393555
51.91679000854492
70.24195861816406
56.576358795166016
49.11201477050781
39.717041015625
64.73139953613281
26.971506118774414
42.03948211669922
16.01219940185547
41.97029495239258
53.47651290893555
32.75000762939453
42.416038513183594
48.26602554321289
34.1529655456543
39.936519622802734
37.05921936035156
37.0532112121582
23.102584838867188
41.256011962890625
63.126644134521484
40.51852798461914
47.53351974487305
37.931034088134766
62.52124786376953
28.418601989746094
58.14604949951172
46.33113098144531
10.337228775024414
24.064151763916016
69.68840789794922
66.79324340820312
42.640438079833984
58.37928009033203
24.4378719329834
28.28082275390625
50.456398010253906
48.050750732421875
73.83004760742188
37.00234603881836
51.39529800415039
46.11241912841797
30.95386505126953
51.0494499206543
44.341915130615234
27.188133239746094
26.39163589477539
67.40725708007812
40.746490478515625
41.21308898925781
52.57246780395508
48.28676223754883
55.730770111083984
11.713475227355957
36.551429748535156
48.01872634887695
44.82791519165039
37.09482192993164
71.39154815673828
33.705291748046875
20.413660049438477
34.84330368041992
39.71615982055664
64.473388671875
60.59891128540039
24.040367126464844
34.63383483886719
44.187129974365234
57.453487396240234
28.855300903320312
27.940336227416992
64.65078735351562
27.830425262451172
52.99755096435547
34.656982421875
24.745113372802734
41.295677185058594
15.081210136413574
26.53366470336914
27.93321418762207
43.495418548583984
20.217632293701172
24.87468719482422
53.412750244140625
40.138057708740234
48.06838607788086
61.79608154296875
38.14068603515625
35.66984939575195
47.52674102783203
39.600643157958984
34.789878845214844
52.83344268798828
43.8551025390625
55.8014030456543
45.207183837890625
35.8184928894043
24.357803344726562
24.764423370361328
88.1288070678711
61.91469955444336
35.070865631103516
40.11992263793945
39.65166473388672
60.1165885925293
31.459941864013672
42.366539001464844
27.93547248840332
24.156566619873047
73.2917709350586
21.243268966674805
30.00532341003418
37.83354568481445
24.9700927734375
58.25421905517578
45.2584228515625
37.61039733886719
76.72333526611328
48.94584274291992
62.61713790893555
41.40743637084961
36.301918029785156
48.29267120361328
37.383811950683594
35.49127960205078
69.88899993896484
24.975419998168945
17.729524612426758
55.97787857055664
48.25876235961914
48.594329833984375
42.54591369628906
25.19027328491211
26.4667911529541
33.03042984008789
29.8057918548584
41.87876892089844
59.31317138671875
33.087345123291016
60.9327278137207
36.51377868652344
34.21013641357422
83.75655364990234
50.87335205078125
51.583984375
42.734622955322266
38.19007110595703
49.432456970214844
32.447025299072266
60.65599822998047
26.40001678466797
39.42991638183594
43.57112121582031
42.0894660949707
29.606128692626953
24.965892791748047
54.517818450927734
31.89070701599121
36.1212043762207
37.28772735595703
26.91889762878418
45.735198974609375
41.14449691772461
50.08287811279297
33.01167678833008
37.71845245361328
37.53636169433594
31.270732879638672
37.96761703491211
65.48258972167969
37.47382354736328
32.76030349731445
29.12110710144043
40.979923248291016
62.60101318359375
22.008684158325195
30.53771209716797
37.5092658996582
37.82711410522461
57.593929290771484
36.86986541748047
42.594024658203125
61.417354583740234
37.00598907470703
25.596233367919922
33.02454376220703
21.288394927978516
58.19706726074219
39.22596740722656
17.8389892578125
27.29356575012207
53.452392578125
47.235595703125
41.76112365722656
69.69512176513672
76.88809967041016
57.940704345703125
42.54243850708008
32.99422836303711
37.77879333496094
45.2014045715332
60.17734146118164
31.567424774169922
46.747962951660156
33.540428161621094
77.15278625488281
41.56258773803711
22.927608489990234
22.488483428955078
41.72475051879883
34.114505767822266
58.400421142578125
56.493621826171875
37.456581115722656
31.9492244720459
42.233612060546875
17.681568145751953
22.9866886138916
56.072349548339844
51.6705207824707
46.64237976074219
55.96706008911133
30.415184020996094
35.79186248779297
58.44877243041992
55.58321762084961
32.14688491821289
24.57937240600586
57.57340621948242
69.14971160888672
59.95027542114258
50.326534271240234
23.41227149963379
75.9852523803711
49.36652374267578
24.518394470214844
42.128807067871094
71.28023529052734
33.817996978759766
46.26164245605469
35.898887634277344
37.17009353637695
46.89973068237305
37.90038299560547
30.471843719482422
34.52505111694336
20.00458335876465
26.511032104492188
41.55349349975586
45.53807067871094
58.49012756347656
28.522567749023438
39.686092376708984
47.163307189941406
70.2854232788086
23.33338165283203
35.11655044555664
3.0227646827697754
51.3602409362793
28.28392219543457
44.61252975463867
22.977420806884766
35.692420959472656
54.479576110839844
37.52877426147461
39.38528060913086
46.050819396972656
51.01006317138672
34.8476676940918
47.344749450683594
40.88421630859375
31.519935607910156
30.758106231689453
27.09732437133789
28.18050765991211
44.1910400390625
30.031408309936523
46.37061309814453
66.4185791015625
42.8770866394043
45.68302917480469
45.363746643066406
46.1101188659668
36.670528411865234
17.914548873901367
40.144981384277344
25.42402458190918
77.20984649658203
49.87834548950195
38.2424201965332
44.76050567626953
55.21215057373047
24.384796142578125
32.436805725097656
69.12681579589844
49.0683479309082
43.210845947265625
29.508859634399414
53.15187072753906
15.749137878417969
45.28460693359375
41.488487243652344
50.2148323059082
46.196754455566406
39.343685150146484
63.59229278564453
50.75432205200195
39.37416076660156
30.714344024658203
54.31813049316406
44.263427734375
62.60064697265625
42.44835662841797
39.004241943359375
53.37117385864258
69.5273666381836
65.9778060913086
81.752197265625
39.81836700439453
83.97262573242188
44.30349349975586
33.58872985839844
21.601289749145508
34.78512954711914
22.679424285888672
37.33803176879883
50.508792877197266
46.97749328613281
35.04597854614258
42.37010955810547
32.632652282714844
13.896992683410645
73.28977966308594
40.49620056152344
68.73274993896484
22.730152130126953
54.48052978515625
58.144432067871094
21.430376052856445
37.218727111816406
25.013383865356445
54.1822509765625
23.35268783569336
36.68052291870117
49.323951721191406
51.086448669433594
42.46841049194336
63.215667724609375
45.509193420410156
29.352088928222656
41.38181686401367
24.67123794555664
41.62425231933594
46.67975997924805
51.328399658203125
31.826934814453125
54.139686584472656
62.225486755371094
42.92288589477539
38.4793701171875
32.44073486328125
27.9886417388916
22.752187728881836
25.8365535736084
33.055355072021484
64.39126586914062
44.253578186035156
61.18742752075195
42.291015625
13.942459106445312
33.618324279785156
29.13043212890625
14.468072891235352
49.16128158569336
47.133968353271484
31.457021713256836
37.927345275878906
61.69359588623047
46.84066390991211
56.819793701171875
23.947832107543945
52.33157730102539
22.889188766479492
51.52666473388672
69.7361831665039
33.85373306274414
47.464195251464844
31.74815559387207
57.49767303466797
30.60650634765625
28.239294052124023
81.3091049194336
24.105159759521484
57.4437141418457
48.35691452026367
14.824004173278809
47.83417510986328
56.81417465209961
48.6365852355957
35.313880920410156
35.23139572143555
28.621553421020508
53.77677536010742
58.02340316772461
82.72679138183594
72.65687561035156
49.66554641723633
52.09453201293945
33.5770149230957
44.50350570678711
36.99909591674805
32.873870849609375
60.4952507019043
86.40586853027344
45.962528228759766
25.310165405273438
89.76057434082031
26.8176326751709
21.96561622619629
45.39044952392578
25.587892532348633
45.418975830078125
51.9791259765625
52.5543327331543
35.803611755371094
45.1411018371582
44.91011047363281
52.64308166503906
30.717193603515625
39.39733123779297
19.782316207885742
45.49371337890625
36.49150848388672
41.65007019042969
43.069217681884766
50.84941864013672
36.89097213745117
31.282733917236328
25.59139060974121
18.7465763092041
49.66700744628906
25.34967041015625
27.850149154663086
40.6475830078125
18.208452224731445
55.551849365234375
28.30343246459961
63.01057434082031
47.853755950927734
37.268890380859375
63.62569046020508
27.373098373413086
49.8275260925293
51.969154357910156
65.32474517822266
44.557716369628906
24.471372604370117
58.197513580322266
44.15651321411133
48.4514274597168
24.846399307250977
50.93109893798828
49.90611267089844
58.836151123046875
35.251686096191406
28.242374420166016
14.52804946899414
32.150753021240234
36.79351043701172
41.47003936767578
61.34736633300781
71.23439025878906
44.33529281616211
71.75119018554688
29.660036087036133
43.68989944458008
16.366024017333984
63.94991683959961
38.17068862915039
47.51134490966797
74.04490661621094
21.980361938476562
13.390982627868652
42.67205810546875
39.64463424682617
38.83296585083008
19.600482940673828
60.646636962890625
44.138893127441406
25.238248825073242
57.874755859375
56.16884994506836
37.11155700683594
27.647541046142578
44.10734558105469
35.21847152709961
38.78248977661133
41.75968551635742
52.82792282104492
36.2406120300293
68.7085189819336
23.80333709716797
30.848384857177734
44.797916412353516
57.30100631713867
60.00318908691406
44.94718551635742
37.999698638916016
38.54676818847656
31.195329666137695
44.73726272583008
9.329825401306152
32.75285720825195
48.47050094604492
50.60649871826172
69.41526794433594
29.073104858398438
50.78059768676758
35.547821044921875
50.90914535522461
44.88605499267578
33.71455383300781
10.94957160949707
42.16637420654297
48.537628173828125
40.870567321777344
30.712356567382812
13.122214317321777
43.83982849121094
38.45267105102539
45.05271530151367
51.40396499633789
65.19054412841797
23.797290802001953
46.343528747558594
59.608489990234375
50.152801513671875
25.976533889770508
45.83049774169922
57.17192077636719
54.5785026550293
51.6285400390625
26.027732849121094
35.11001205444336
15.315302848815918
41.12298583984375
57.111324310302734
46.90574645996094
26.705034255981445
20.580385208129883
47.30971908569336
42.89480209350586
38.917728424072266
15.847464561462402
41.981754302978516
37.66340637207031
23.295141220092773
45.828392028808594
42.73234558105469
40.568443298339844
39.30270004272461
10.297798156738281
26.03725814819336
50.04884719848633
45.466102600097656
20.625350952148438
47.725765228271484
48.928367614746094
13.51048469543457
