48.68448257446289
94.00817108154297
79.90003204345703
63.66810989379883
51.59114456176758
76.23028564453125
70.51290893554688
72.88050079345703
61.092247009277344
66.06278991699219
78.8226318359375
78.94237518310547
90.73326873779297
52.0745849609375
94.05105590820312
55.15080261230469
108.83306121826172
62.17173767089844
91.78963470458984
87.26545715332031
59.598915100097656
97.1749496459961
70.42057800292969
66.8528060913086
53.81453323364258
61.587886810302734
77.8418960571289
91.32379150390625
73.31446838378906
62.09514617919922
97.87755584716797
71.77123260498047
92.8352279663086
47.421024322509766
57.40214920043945
44.42249298095703
55.06415939331055
72.14942932128906
68.4115982055664
80.8897933959961
87.37107849121094
50.0373420715332
78.4588623046875
92.08553314208984
65.29092407226562
48.138877868652344
48.01071548461914
90.21405029296875
76.08143615722656
80.64778900146484
86.33149719238281
80.46137237548828
73.36746978759766
52.294700622558594
84.74520874023438
52.01152420043945
74.45289611816406
89.06365966796875
96.1696548461914
79.15715789794922
54.61186981201172
97.20745086669922
63.1542854309082
43.297027587890625
68.3469467163086
80.38060760498047
90.03016662597656
56.448001861572266
111.51656341552734
91.64169311523438
78.7730484008789
53.864444732666016
91.18600463867188
97.335693359375
70.47835540771484
86.72709655761719
68.10429382324219
60.69491958618164
67.4893798828125
48.08161544799805
84.24559783935547
54.53703308105469
60.01395034790039
70.43436431884766
75.0273666381836
63.07894515991211
44.747013092041016
60.48887634277344
46.029090881347656
81.92320251464844
58.4719123840332
49.12024688720703
89.55181121826172
97.85253143310547
66.16526794433594
83.12030792236328
59.9822998046875
74.78820037841797
63.369468688964844
70.54693603515625
132.78189086914062
49.17476272583008
95.99736785888672
76.17144012451172
70.75895690917969
94.55547332763672
93.5798110961914
107.12446594238281
69.01686096191406
58.3319091796875
101.5269546508789
83.54005432128906
77.7732925415039
87.00984954833984
98.2939682006836
61.601009368896484
83.70104217529297
86.92868041992188
47.32038879394531
69.91004943847656
75.97721099853516
33.506282806396484
62.481937408447266
75.13106536865234
71.16513061523438
75.92218017578125
114.50395202636719
89.5087661743164
86.73809051513672
70.86414337158203
97.74488067626953
93.73485565185547
72.27751922607422
52.505828857421875
122.27784729003906
63.336585998535156
66.35693359375
69.75191497802734
66.2458267211914
77.79898834228516
75.38929748535156
74.90776824951172
51.055633544921875
56.971900939941406
62.528934478759766
68.89471435546875
64.49348449707031
108.7551498413086
81.62024688720703
65.9791259765625
66.16543579101562
65.31879425048828
91.87748718261719
74.28810119628906
82.2418441772461
95.42794036865234
93.11915588378906
83.25568389892578
41.81637191772461
83.68704986572266
93.18136596679688
53.97236251831055
60.348793029785156
69.39522552490234
77.29021453857422
70.80712127685547
89.56595611572266
87.821533203125
88.08192443847656
77.15398406982422
75.37554168701172
53.39597702026367
81.25006866455078
61.2176513671875
53.82424545288086
89.56700897216797
86.52705383300781
96.62202453613281
84.36408233642578
71.90540313720703
96.26062774658203
28.64794158935547
85.5665054321289
73.1967544555664
88.4603042602539
80.56858825683594
68.81289672851562
72.917724609375
77.26813507080078
71.94750213623047
70.00460052490234
95.46405792236328
106.4407730102539
40.174617767333984
76.59896087646484
50.804378509521484
88.82273864746094
67.87432098388672
95.56582641601562
110.13059997558594
102.38212585449219
51.5502815246582
74.57266235351562
55.87393569946289
58.8646240234375
81.87449645996094
54.93111801147461
63.85369873046875
45.95174789428711
65.56503295898438
62.82053756713867
91.40083312988281
70.58904266357422
67.03982543945312
97.7423324584961
74.61013793945312
80.34486389160156
63.22111129760742
67.72201538085938
53.03185272216797
35.98545455932617
88.44648742675781
60.90121078491211
95.3520736694336
46.33794403076172
34.35184860229492
36.45274353027344
68.53340148925781
85.62712860107422
95.35381317138672
46.49355697631836
66.80921173095703
76.35346984863281
104.11636352539062
65.1212387084961
106.79902648925781
83.54842376708984
72.16238403320312
63.650394439697266
98.5018081665039
66.3528823852539
90.04761505126953
72.1530990600586
67.79417419433594
93.54058837890625
78.08210754394531
67.78401947021484
76.38032531738281
95.27841186523438
58.79134750366211
84.2602310180664
89.58261108398438
82.1850814819336
62.59864807128906
50.33517074584961
82.40386962890625
75.97101593017578
85.22319030761719
56.093727111816406
123.50775909423828
48.4569091796875
94.52832794189453
94.57624053955078
100.61503601074219
51.68196487426758
92.60222625732422
64.19371032714844
77.8102798461914
94.82658386230469
62.373592376708984
70.7268295288086
87.4525146484375
40.185543060302734
55.294864654541016
87.59072875976562
44.71799850463867
85.36550903320312
73.5882339477539
51.514747619628906
74.78451538085938
95.79777526855469
89.23165130615234
85.86531829833984
54.113319396972656
56.98426055908203
72.50548553466797
85.24996948242188
84.39598846435547
109.05413055419922
55.091896057128906
91.0248031616211
87.0428695678711
105.2740249633789
95.63972473144531
103.7804946899414
76.3445053100586
112.25257873535156
41.58430099487305
91.62276458740234
74.46836853027344
105.6637954711914
42.396549224853516
50.2985725402832
81.61256408691406
66.55895233154297
58.49978256225586
73.77164459228516
72.67083740234375
94.67760467529297
55.55864334106445
53.025718688964844
67.93862915039062
106.71937561035156
61.928836822509766
59.118247985839844
85.59771728515625
53.54376983642578
67.43400573730469
85.89424133300781
83.95536041259766
92.90019989013672
52.33253479003906
59.5341911315918
73.93584442138672
79.84413146972656
74.6054916381836
38.67226028442383
73.98786163330078
56.388458251953125
74.53683471679688
104.3781967163086
61.406982421875
19.90085220336914
97.71139526367188
93.78046417236328
66.5932846069336
56.16118240356445
71.73851013183594
75.45100402832031
94.75569152832031
80.01094055175781
94.88977813720703
78.62042999267578
87.2572021484375
81.48245239257812
57.27045440673828
58.609737396240234
71.29795837402344
93.0812759399414
97.50041198730469
93.87518310546875
84.89117431640625
63.42606735229492
43.8508415222168
69.29468536376953
75.36197662353516
78.6075439453125
65.31627655029297
90.790771484375
71.93563079833984
68.56718444824219
108.28748321533203
72.32575988769531
56.15641403198242
88.87957763671875
55.237335205078125
53.92984390258789
65.72624206542969
95.14720153808594
76.37789154052734
88.0879898071289
101.87254333496094
78.0396728515625
102.32073974609375
54.279083251953125
54.230072021484375
107.2977294921875
79.8954849243164
80.70342254638672
78.56881713867188
47.20988845825195
60.66451644897461
98.44050598144531
49.11051940917969
99.92572784423828
106.40083312988281
83.31599426269531
97.4935073852539
63.34669876098633
67.5173110961914
72.92250061035156
43.81516647338867
37.902774810791016
54.751338958740234
70.68683624267578
86.23332214355469
75.52025604248047
71.66524505615234
66.77979278564453
76.19442749023438
84.79815673828125
87.93547821044922
102.45600891113281
80.7447509765625
56.11335754394531
31.534635543823242
45.75627899169922
60.095462799072266
71.47362518310547
73.9541015625
82.90428924560547
88.97096252441406
115.91758728027344
44.75504684448242
42.421470642089844
61.06875228881836
63.049034118652344
102.52954864501953
38.8353385925293
46.81993103027344
89.59506225585938
83.30840301513672
72.88697814941406
81.85546875
81.19136810302734
84.2901840209961
77.61117553710938
104.53714752197266
72.11180114746094
94.01407623291016
57.8642463684082
50.28288269042969
93.27239227294922
124.32530212402344
42.570247650146484
82.25642395019531
64.8507080078125
65.10285949707031
69.21038055419922
73.76761627197266
83.31917572021484
61.43439865112305
81.2291259765625
81.16803741455078
48.9758415222168
69.00215911865234
55.184532165527344
82.12474060058594
61.5380744934082
65.130126953125
45.3338623046875
69.59217071533203
94.28009033203125
59.30960464477539
76.5607681274414
85.517333984375
112.5718994140625
109.10465240478516
89.45624542236328
54.89043426513672
103.62155151367188
73.01134490966797
84.3036880493164
82.7456283569336
82.29033660888672
72.02782440185547
66.21859741210938
94.8447036743164
98.26856231689453
77.37841796875
72.7508544921875
75.80033874511719
73.70801544189453
88.57508850097656
99.46427154541016
74.7796401977539
61.38728713989258
61.778831481933594
95.74738311767578
57.61492156982422
56.60741424560547
47.256324768066406
63.55516052246094
37.27021789550781
61.0232048034668
63.08574295043945
68.4122314453125
57.78639221191406
63.39976501464844
94.75920867919922
95.51092529296875
58.70195007324219
73.67083740234375
84.3775634765625
53.07076644897461
76.38945007324219
53.74367904663086
59.551719665527344
74.23751831054688
97.96247863769531
111.21192932128906
77.82239532470703
98.1783676147461
22.937280654907227
50.84978485107422
70.59608459472656
50.35304260253906
69.08998107910156
82.39057159423828
57.48622131347656
68.17206573486328
85.9434585571289
95.66535949707031
74.9514389038086
77.07079315185547
83.38761138916016
74.1751708984375
57.9111328125
111.11158752441406
125.0417709350586
111.5181884765625
82.66878509521484
58.00213623046875
76.76837921142578
57.50102233886719
99.171630859375
51.90263366699219
56.717796325683594
61.606300354003906
89.99271392822266
71.95649719238281
77.94293975830078
90.65911102294922
75.10613250732422
74.05973052978516
79.56429290771484
72.12287139892578
63.947357177734375
126.46273040771484
111.69584655761719
53.76519012451172
35.21415710449219
112.49137115478516
96.0918960571289
118.32625579833984
84.81954956054688
75.90153503417969
52.30307388305664
39.105770111083984
110.21215057373047
64.65361022949219
65.62013244628906
97.59718322753906
60.32476043701172
77.06682586669922
99.72203063964844
78.5909652709961
57.81142044067383
50.16094970703125
64.46973419189453
60.831729888916016
45.847755432128906
68.67691040039062
67.06051635742188
81.73414611816406
114.88835144042969
63.425453186035156
94.15222930908203
92.89967346191406
112.32511901855469
99.70488739013672
80.83889770507812
98.94808959960938
69.9265365600586
92.27791595458984
73.6404800415039
64.65727996826172
55.03798294067383
77.7851791381836
93.92237091064453
84.68883514404297
55.918148040771484
91.5202407836914
72.64533233642578
67.65869140625
96.21524047851562
90.3979263305664
81.0114974975586
53.66465377807617
61.70515441894531
42.33995056152344
87.67652893066406
93.64414978027344
61.06584548950195
76.59601593017578
114.67173767089844
96.65892791748047
60.02604293823242
66.7168960571289
70.31143188476562
93.36236572265625
79.44873809814453
66.61270141601562
65.6672592163086
92.52930450439453
95.55677032470703
70.89186096191406
91.65110778808594
49.94768142700195
63.52703857421875
69.47681427001953
70.24447631835938
66.15585327148438
59.879486083984375
52.90397262573242
87.62406921386719
100.6728744506836
74.91790008544922
61.84668731689453
89.21002960205078
97.61442565917969
73.03267669677734
98.1922378540039
100.22531127929688
50.17477035522461
66.89810180664062
63.492008209228516
59.54127502441406
63.340511322021484
75.00091552734375
92.45489501953125
63.72214126586914
85.26959991455078
93.00321197509766
85.01262664794922
41.60817337036133
56.85399627685547
70.59302520751953
83.8079605102539
53.512939453125
35.359195709228516
62.06306076049805
74.88702392578125
83.43901824951172
50.01430892944336
79.31261444091797
80.19332122802734
91.6019287109375
78.73190307617188
109.57624816894531
73.5357894897461
96.82514953613281
62.78893280029297
84.71403503417969
67.48019409179688
97.30979919433594
110.80267333984375
82.09574890136719
80.4363784790039
102.8274154663086
77.84049987792969
73.7756118774414
61.51896667480469
49.1307373046875
64.9158706665039
20.6392822265625
70.86952209472656
58.6536750793457
81.05924987792969
55.68711471557617
105.0662841796875
89.44007110595703
136.6522674560547
68.56784057617188
99.57247924804688
73.72659301757812
81.30882263183594
67.54722595214844
54.16313171386719
26.019794464111328
98.19974517822266
90.52933502197266
53.480430603027344
66.45468139648438
66.25385284423828
80.00106048583984
74.63213348388672
84.764892578125
66.46727752685547
79.36469268798828
73.09986114501953
63.787105560302734
67.65376281738281
40.69198989868164
87.55525970458984
37.19765853881836
67.1307144165039
82.3918228149414
52.92755126953125
76.47522735595703
82.87358093261719
87.82210540771484
59.88739776611328
42.29808807373047
85.9666748046875
58.11305236816406
31.710126876831055
77.4437484741211
64.85173797607422
81.0759506225586
61.657264709472656
56.00037384033203
61.95958709716797
82.09769439697266
67.01382446289062
79.91254425048828
67.62586975097656
58.61606979370117
61.774513244628906
84.27733612060547
74.53092956542969
77.60749053955078
70.66166687011719
41.73024368286133
34.060184478759766
96.593505859375
68.53079986572266
77.85240173339844
88.41864013671875
95.17699432373047
89.24849700927734
98.60041809082031
57.67433166503906
75.01457977294922
88.28231811523438
68.24267578125
100.42536926269531
89.02725982666016
85.21951293945312
67.7082748413086
76.4669418334961
64.76248931884766
51.92288589477539
57.0626106262207
92.37931060791016
76.04277038574219
52.886253356933594
91.85569763183594
38.714054107666016
96.88761901855469
54.682796478271484
107.16381072998047
36.92720413208008
90.58204650878906
53.947959899902344
74.73023223876953
61.573699951171875
54.89411926269531
75.05424499511719
92.44444274902344
58.89801788330078
80.20282745361328
60.63361740112305
76.97452545166016
77.00080871582031
90.0840072631836
66.06211853027344
61.62813186645508
40.66188430786133
71.4272232055664
64.94202423095703
92.05501556396484
90.94507598876953
74.08064270019531
83.38643646240234
66.97954559326172
86.17539978027344
89.6925277709961
43.15335464477539
34.6070556640625
64.51461029052734
91.87281036376953
52.23357009887695
74.83882904052734
80.1088638305664
79.72801971435547
66.06340789794922
113.09476470947266
73.72838592529297
85.3550033569336
109.80642700195312
78.43094635009766
85.20304870605469
88.07669067382812
40.7945671081543
76.57810974121094
66.53971099853516
75.398193359375
91.23066711425781
77.07087707519531
78.45304107666016
75.39028930664062
116.73656463623047
88.48331451416016
81.9229736328125
118.88142395019531
67.97393798828125
74.97759246826172
42.08137512207031
83.7510757446289
70.78314971923828
79.09698486328125
82.80435180664062
87.17135620117188
124.54782104492188
80.30252838134766
75.45497131347656
59.775821685791016
91.8508071899414
37.78800964355469
91.82769775390625
75.76809692382812
89.39855194091797
71.13878631591797
85.36267852783203
83.875244140625
32.852813720703125
63.08460998535156
55.91526412963867
54.41988754272461
49.92531967163086
78.38541412353516
74.22044372558594
81.61614227294922
110.89303588867188
80.61255645751953
67.15066528320312
53.598228454589844
52.11939239501953
84.88617706298828
73.013916015625
57.72544860839844
63.32774353027344
42.19392013549805
56.58937072753906
38.36769104003906
81.43992614746094
63.53119659423828
54.4278450012207
67.98126983642578
67.86158752441406
75.8971939086914
69.68834686279297
74.7038803100586
56.42725372314453
93.85801696777344
48.666805267333984
80.00981140136719
92.6677017211914
96.51688385009766
52.140193939208984
66.8862533569336
133.82620239257812
40.150691986083984
101.72618865966797
82.47970581054688
43.69422912597656
60.54212951660156
59.83427047729492
45.433868408203125
66.1548080444336
65.4572525024414
119.14517211914062
57.33906173706055
96.892333984375
56.41176223754883
79.2448501586914
53.534854888916016
49.455814361572266
82.60677337646484
70.2013168334961
59.74892807006836
87.94902038574219
69.8169937133789
76.26638793945312
66.10218811035156
63.52979278564453
76.8563232421875
80.77665710449219
91.39500427246094
58.47417068481445
62.797340393066406
75.99496459960938
75.20451354980469
80.06803894042969
90.54851531982422
56.49549865722656
31.987770080566406
76.2786636352539
55.48136901855469
90.36184692382812
74.48724365234375
38.78165054321289
85.86650085449219
54.72461700439453
44.36534118652344
61.5498046875
40.052215576171875
100.36870574951172
87.13908386230469
34.522483825683594
40.22023391723633
52.46193313598633
80.8930892944336
78.53189086914062
53.06093978881836
84.381591796875
109.79441833496094
83.83003234863281
55.17108154296875
43.486793518066406
71.9981460571289
66.44073486328125
63.819366455078125
96.04186248779297
120.05809783935547
101.06864929199219
64.89076232910156
38.03236770629883
77.87030792236328
48.14563751220703
75.14666748046875
51.4711799621582
90.39789581298828
75.40023803710938
61.131675720214844
84.28985595703125
41.31205368041992
107.17000579833984
86.34315490722656
69.13713073730469
69.18672180175781
55.727638244628906
31.816314697265625
82.86629486083984
72.36552429199219
88.75782012939453
40.94960403442383
73.94747924804688
79.0953369140625
93.3813705444336
79.97377014160156
92.83612060546875
73.83113098144531
76.32374572753906
69.85982513427734
57.382286071777344
46.97885513305664
78.36661529541016
75.80236053466797
76.42285919189453
106.00334167480469
76.0174331665039
39.167606353759766
89.56161499023438
94.84788513183594
77.0616455078125
82.96145629882812
88.46733856201172
52.48490524291992
79.1961441040039
98.81291198730469
81.85070037841797
34.62071228027344
80.75631713867188
92.35468292236328
45.17930603027344
92.41016387939453
17.267881393432617
91.16493225097656
63.9926872253418
50.95960235595703
77.51959991455078
116.51042938232422
73.88288116455078
91.1622085571289
87.2483901977539
108.56775665283203
81.55056762695312
61.85626220703125
69.13013458251953
65.9540023803711
65.02721405029297
87.3840103149414
102.9105453491211
86.8329086303711
44.251319885253906
93.34114074707031
55.056583404541016
109.326904296875
89.05879211425781
72.4588851928711
52.756004333496094
74.53001403808594
92.118408203125
73.11739349365234
61.342529296875
97.14881896972656
77.59379577636719
70.65970611572266
87.19112396240234
45.69900894165039
82.82715606689453
54.563228607177734
98.50416564941406
79.08930206298828
72.89347076416016
71.54317474365234
82.62357330322266
56.16801071166992
69.65848541259766
52.6422233581543
61.52206802368164
111.26976776123047
64.38728332519531
67.55851745605469
98.97771453857422
86.07688903808594
80.7603759765625
51.962860107421875
75.89031219482422
62.94416046142578
61.22099685668945
68.36209106445312
81.3858871459961
43.77475357055664
101.84735870361328
73.44741821289062
105.97721862792969
55.3048095703125
84.61913299560547
52.18014907836914
79.47366333007812
90.91443634033203
107.39400482177734
84.96127319335938
77.36566925048828
55.20651626586914
112.1470947265625
48.62743377685547
87.88101959228516
82.25929260253906
90.62432861328125
65.60855865478516
57.68168258666992
73.41082763671875
89.96217346191406
64.94493865966797
69.67576599121094
64.36660766601562
92.48103332519531
75.93516540527344
76.11052703857422
61.714378356933594
89.5826416015625
85.59495544433594
50.03032302856445
82.66284942626953
50.501895904541016
50.97610092163086
94.44068145751953
58.80849838256836
69.94816589355469
60.91987991333008
89.69509887695312
82.68329620361328
72.80191040039062
63.56523895263672
61.17022705078125
69.6559066772461
44.51231002807617
83.7976303100586
65.19451904296875
88.52238464355469
68.13034057617188
92.05415344238281
95.91535949707031
69.53117370605469
98.43568420410156
46.13082504272461
67.31181335449219
55.640132904052734
62.0150032043457
95.19197845458984
87.74209594726562
58.731964111328125
42.221683502197266
74.12809753417969
92.09553527832031
64.9634780883789
112.84571075439453
71.29408264160156
62.908447265625
70.10729217529297
71.47340393066406
74.10858154296875
99.66316223144531
88.84098815917969
60.34852600097656
62.83089828491211
112.0662612915039
86.50952911376953
102.95719909667969
62.373783111572266
67.11327362060547
61.83750915527344
45.41463851928711
74.79065704345703
79.75711059570312
79.04545593261719
102.89907836914062
65.37146759033203
59.233558654785156
93.75840759277344
100.8673095703125
65.71987915039062
85.19634246826172
72.92789459228516
120.18574523925781
69.52168273925781
72.73845672607422
90.19904327392578
56.38132095336914
93.53289794921875
68.62763214111328
91.71849822998047
75.77290344238281
61.18069076538086
57.86281967163086
64.38080596923828
47.280113220214844
101.63945007324219
46.00214385986328
61.34889602661133
80.00247192382812
86.8935546875
79.48937225341797
74.95822143554688
93.50507354736328
71.24707794189453
66.9769058227539
57.06351089477539
77.21210479736328
81.87355041503906
91.04564666748047
39.37622833251953
76.42518615722656
106.05799102783203
67.61295318603516
74.5662841796875
73.93461608886719
114.76616668701172
56.35152816772461
68.26560974121094
67.23162078857422
72.72925567626953
67.98365020751953
67.15296936035156
78.584716796875
83.8465805053711
56.559326171875
74.79216766357422
80.42864227294922
48.72228240966797
100.86705780029297
87.56269073486328
79.03343963623047
73.09004211425781
59.2261848449707
103.49259185791016
45.636138916015625
47.72098159790039
33.98615646362305
56.53399658203125
102.5687484741211
85.4950180053711
80.60077667236328
83.70792388916016
67.06039428710938
123.2803955078125
65.62609100341797
97.02445220947266
54.76069641113281
80.52277374267578
58.12697982788086
74.03427124023438
50.76032638549805
78.78455352783203
57.96046829223633
62.77842712402344
77.65855407714844
66.25621795654297
69.66951751708984
70.49592590332031
60.264278411865234
85.50759887695312
59.057289123535156
62.75440979003906
84.79487609863281
64.30280303955078
61.84748077392578
106.70246887207031
73.5123062133789
80.5638656616211
82.21696472167969
67.16011047363281
61.6967887878418
107.22127532958984
70.70940399169922
69.26331329345703
58.083133697509766
97.0909652709961
86.7870864868164
70.14944458007812
59.381595611572266
61.32674026489258
107.07227325439453
76.4281005859375
59.21112060546875
91.11807250976562
72.69448852539062
88.27886962890625
41.8975830078125
77.54258728027344
48.82890319824219
84.76695251464844
81.84339141845703
86.79225158691406
86.23783111572266
89.65894317626953
87.0768051147461
63.47193908691406
64.4088363647461
78.77642822265625
90.22661590576172
56.24382781982422
72.18863677978516
75.39596557617188
69.11447143554688
52.64374542236328
55.77008819580078
117.23036193847656
98.91719055175781
55.47700119018555
74.5085220336914
80.25946807861328
63.52452850341797
60.91901779174805
101.0874252319336
83.95157623291016
73.93646240234375
88.14055633544922
64.96898651123047
83.35484313964844
49.52922439575195
79.68455505371094
44.6443977355957
60.25422286987305
69.53740692138672
87.662109375
70.95536804199219
79.99009704589844
91.5289077758789
71.53857421875
98.9521713256836
69.17049407958984
51.494937896728516
83.84181213378906
113.91938018798828
96.80302429199219
96.0992660522461
58.79536056518555
78.32425689697266
65.70880889892578
62.38463592529297
78.78848266601562
74.85848236083984
32.07341384887695
115.04178619384766
57.11948013305664
62.32720947265625
36.65207290649414
81.52054595947266
62.93102264404297
68.44490814208984
101.6700210571289
62.490501403808594
80.9192123413086
94.95579528808594
73.59138488769531
99.91226196289062
74.49739837646484
97.70501708984375
85.16441345214844
78.67867279052734
49.0493049621582
81.77954864501953
56.64902114868164
80.52229309082031
45.13254928588867
48.998779296875
61.079505920410156
60.85477066040039
47.04674530029297
87.63923645019531
78.77363586425781
54.94599914550781
55.67697525024414
65.48422241210938
60.613433837890625
68.84253692626953
120.53115844726562
71.60043334960938
85.45319366455078
40.2767448425293
124.25102996826172
62.22763442993164
99.91355895996094
68.18341064453125
43.56801223754883
68.19273376464844
97.80693054199219
99.49759674072266
86.662841796875
119.7457504272461
65.30015563964844
97.57083129882812
76.97248077392578
90.75831604003906
76.13895416259766
85.65668487548828
78.49134826660156
37.43423843383789
81.87113952636719
37.67122268676758
76.13346862792969
80.88060760498047
75.44034576416016
103.8717269897461
74.99398803710938
62.0406494140625
78.39651489257812
109.98978424072266
77.54972839355469
73.44192504882812
61.76608657836914
78.4029541015625
102.92963409423828
86.95060729980469
78.86505889892578
88.51296997070312
74.83601379394531
101.19710540771484
67.9218521118164
104.46253204345703
108.3619384765625
46.38827896118164
86.43860626220703
60.09728240966797
108.33267211914062
108.47345733642578
87.85359191894531
44.4224967956543
43.37706756591797
77.41397857666016
40.24788284301758
109.71343231201172
56.83076477050781
99.81936645507812
91.07279968261719
42.299407958984375
69.01972198486328
62.04278564453125
74.47008514404297
55.07761764526367
74.43180084228516
44.022212982177734
54.15899658203125
80.39672088623047
108.9415054321289
90.98946380615234
68.89105224609375
77.3059310913086
96.89456939697266
110.39564514160156
48.710506439208984
67.23114013671875
77.55127716064453
89.9344711303711
89.34284210205078
55.702449798583984
93.7261962890625
95.42481231689453
79.73422241210938
52.48368453979492
94.21063232421875
38.56178665161133
86.9301986694336
94.42252349853516
77.6745834350586
44.47492980957031
69.15583801269531
69.11095428466797
87.87362670898438
79.47457885742188
91.63204193115234
79.07820892333984
65.0027084350586
69.07351684570312
67.82129669189453
47.43623733520508
92.09724426269531
80.9462661743164
37.548728942871094
103.40587615966797
70.27125549316406
70.66470336914062
73.30532836914062
69.72747039794922
59.228904724121094
64.44285583496094
53.603763580322266
84.79655456542969
42.98969650268555
65.66498565673828
71.2081527709961
59.0931396484375
108.2258529663086
122.1768798828125
39.59634017944336
67.91490173339844
78.03438568115234
103.63858032226562
81.58488464355469
71.2684097290039
73.86972045898438
97.7126693725586
66.72063446044922
56.112483978271484
73.46309661865234
88.73625183105469
50.226131439208984
79.993896484375
66.9682388305664
71.18601989746094
97.33567810058594
56.64825439453125
60.607696533203125
76.04720306396484
42.53604507446289
30.280590057373047
93.50123596191406
64.31837463378906
81.47859191894531
75.90904235839844
53.424896240234375
81.50658416748047
110.07398223876953
108.84384155273438
81.38117218017578
71.64488220214844
81.87029266357422
115.71637725830078
105.26973724365234
90.50518798828125
85.70805358886719
74.73162841796875
58.36147689819336
72.82624053955078
43.08079528808594
45.7670783996582
55.780921936035156
91.63467407226562
94.91957092285156
53.593955993652344
72.98045349121094
62.69624328613281
67.9087142944336
63.6229133605957
34.93183898925781
84.46724700927734
36.264163970947266
84.06047821044922
48.20143508911133
77.10452270507812
99.3180923461914
87.43342590332031
73.27328491210938
72.97020721435547
74.61674499511719
94.11441802978516
65.66373443603516
39.710693359375
75.64445495605469
82.24187469482422
72.67967224121094
47.91962814331055
91.1932373046875
67.10477447509766
63.6280403137207
78.85050201416016
88.96052551269531
52.72593688964844
88.05738830566406
57.37046813964844
75.68470764160156
103.25812530517578
89.80142974853516
41.887977600097656
91.86531066894531
41.888763427734375
66.46998596191406
83.34456634521484
90.53429412841797
75.49606323242188
84.19134521484375
76.73851013183594
123.35026550292969
76.23099517822266
62.28653335571289
84.43284606933594
37.44389724731445
53.136871337890625
97.79496002197266
63.73478698730469
80.15043640136719
74.39464569091797
102.53882598876953
70.67088317871094
51.959815979003906
73.09380340576172
66.92578125
75.24188995361328
116.52033233642578
48.149723052978516
63.22660827636719
83.00434875488281
78.26274108886719
44.60002517700195
64.21115112304688
25.3321475982666
58.008384704589844
86.98464965820312
64.66809844970703
76.50553894042969
94.77568817138672
43.425716400146484
59.11485290527344
91.92039489746094
72.31328582763672
89.82212829589844
82.2205810546875
110.35707092285156
99.39244842529297
111.93191528320312
62.18421936035156
73.510986328125
75.0843276977539
67.92025756835938
39.12788009643555
60.980648040771484
58.28788375854492
71.66278076171875
84.94105529785156
89.33747863769531
47.739707946777344
38.26151657104492
68.25997924804688
55.85064697265625
80.9459457397461
120.34300231933594
90.7071533203125
50.543907165527344
64.4962387084961
64.492431640625
98.46312713623047
62.30990982055664
63.118133544921875
88.90949249267578
88.7710189819336
59.5832405090332
81.25554656982422
63.6583251953125
82.62999725341797
79.62765502929688
87.43575286865234
67.42222595214844
60.1484260559082
44.63069534301758
65.75968170166016
86.66239929199219
71.78800964355469
69.8717041015625
83.49295806884766
54.49309539794922
74.53463745117188
58.93020248413086
48.55122375488281
57.604339599609375
62.93079376220703
65.8869857788086
104.88883209228516
80.20765686035156
69.16718292236328
91.39114379882812
53.86369323730469
70.35987091064453
62.01608657836914
93.58065795898438
67.80103302001953
71.12805938720703
79.0935287475586
61.66437911987305
67.38002014160156
43.66059112548828
92.0919418334961
49.82756042480469
59.128971099853516
61.56459045410156
92.49346160888672
45.279441833496094
89.86129760742188
61.20502471923828
93.53728485107422
100.0225601196289
52.055076599121094
90.30844116210938
68.85712432861328
79.73950958251953
98.6668701171875
59.539451599121094
69.6609115600586
67.26019287109375
69.62799835205078
67.84745788574219
66.256591796875
74.73841094970703
67.22840118408203
83.66789245605469
66.77825164794922
49.61561584472656
43.348609924316406
76.7738265991211
77.95716094970703
65.1168441772461
41.64875411987305
65.92267608642578
83.12751007080078
97.51378631591797
53.66056442260742
68.01853942871094
51.26556396484375
66.59918212890625
61.280513763427734
103.21942138671875
96.08658599853516
75.08882141113281
85.33492279052734
67.77725982666016
95.58824157714844
57.87584686279297
49.31922149658203
66.36402893066406
36.21586227416992
56.34864044189453
97.3342056274414
84.21687316894531
65.06856536865234
64.10248565673828
92.12358856201172
48.83064651489258
55.056766510009766
84.11832427978516
100.20280456542969
101.07257843017578
79.0837631225586
63.58400344848633
76.22193908691406
123.73623657226562
64.51668548583984
54.88804626464844
77.9794921875
90.45559692382812
79.61756896972656
102.29275512695312
50.0473747253418
45.254638671875
77.97653198242188
73.53326416015625
58.310306549072266
85.56221771240234
92.67606353759766
79.02490997314453
97.20820617675781
90.76719665527344
98.73201751708984
51.97566604614258
71.52713775634766
50.980411529541016
64.38973236083984
53.0993537902832
52.701656341552734
71.56707763671875
55.90959167480469
75.7860107421875
104.53290557861328
70.67215728759766
80.07527923583984
69.83834838867188
102.70639038085938
74.0173568725586
70.38826751708984
58.29542922973633
57.52806091308594
83.0442886352539
111.52973937988281
73.4142074584961
61.16903305053711
67.48259735107422
73.12154388427734
119.3272705078125
100.97725677490234
75.23773193359375
45.40222930908203
52.608577728271484
87.39915466308594
79.7887954711914
68.21583557128906
67.68916320800781
49.66130447387695
73.18486785888672
55.906185150146484
96.78595733642578
52.55653381347656
61.90724182128906
72.51145935058594
74.66265106201172
56.8449821472168
67.68477630615234
37.65605926513672
73.80530548095703
79.32581329345703
105.9353256225586
100.92169952392578
88.45269775390625
65.88449096679688
88.37456512451172
66.56310272216797
44.50227737426758
75.8729019165039
120.94623565673828
72.57513427734375
63.06302261352539
87.4809341430664
102.8575439453125
79.80619812011719
77.956298828125
75.68109893798828
82.45637512207031
81.50489807128906
70.37310791015625
66.98831939697266
93.23175811767578
73.69277954101562
74.54815673828125
58.96753692626953
51.58138656616211
27.06580924987793
106.20925903320312
58.33163070678711
78.39471435546875
84.05364990234375
79.68426513671875
92.56645202636719
64.6548080444336
99.8943099975586
59.117828369140625
70.61036682128906
78.53804779052734
71.38243103027344
50.08167266845703
97.53374481201172
61.619266510009766
74.40784454345703
78.36884307861328
68.29097747802734
97.87520599365234
72.52552795410156
93.19334411621094
66.28185272216797
70.60369873046875
86.6930923461914
102.77982330322266
104.5056381225586
59.82564926147461
94.58979034423828
67.14012145996094
64.79224395751953
71.3257064819336
27.303199768066406
42.296207427978516
81.6843032836914
93.49266815185547
103.7389907836914
62.43942642211914
54.944549560546875
91.44331359863281
98.49115753173828
59.69706344604492
94.04534149169922
86.82193756103516
91.24484252929688
69.36014556884766
57.32247543334961
68.59649658203125
100.1517562866211
56.291015625
86.33468627929688
67.2962417602539
19.173511505126953
82.45671844482422
82.46925354003906
43.79302978515625
78.62871551513672
63.79684829711914
76.99568939208984
78.63804626464844
128.91397094726562
58.31375503540039
93.52986145019531
85.92805480957031
60.70685958862305
27.402618408203125
59.49309539794922
132.6164093017578
98.65241241455078
63.49951171875
87.22577667236328
47.24195098876953
103.11946105957031
90.16769409179688
82.08662414550781
57.67771530151367
104.0664291381836
61.79669189453125
48.193599700927734
84.46832275390625
83.12983703613281
61.82508087158203
59.18467712402344
85.12338256835938
74.78876495361328
80.7646484375
51.82503890991211
51.919307708740234
78.60191345214844
75.41483306884766
73.39401245117188
58.468936920166016
71.49417877197266
91.5436019897461
132.56719970703125
35.399959564208984
92.44923400878906
80.16036224365234
45.67939376831055
62.31700134277344
47.4058837890625
98.5590591430664
79.61552429199219
97.79463195800781
54.20368957519531
52.15044403076172
68.48138427734375
68.62183380126953
97.60340118408203
77.62246704101562
50.07997512817383
59.37919616699219
88.15355682373047
87.02654266357422
91.07889556884766
77.04914855957031
51.7259521484375
62.716304779052734
86.04682922363281
71.88395690917969
87.72004699707031
54.46395492553711
54.96464538574219
106.169677734375
49.727012634277344
85.17391204833984
54.27272415161133
99.3587875366211
47.80765914916992
68.66179656982422
76.08671569824219
56.54533386230469
84.97135162353516
89.44668579101562
107.71212768554688
47.53111267089844
57.656593322753906
61.64971160888672
82.2215347290039
89.0946273803711
118.99608612060547
78.99078369140625
74.72447967529297
90.39147186279297
95.1393814086914
80.7530288696289
69.10834503173828
81.10016632080078
97.5594711303711
67.0272216796875
68.36907958984375
96.19656372070312
120.59345245361328
91.37857818603516
92.41275787353516
60.5804557800293
72.07500457763672
90.06417083740234
98.00853729248047
39.490577697753906
53.496978759765625
83.78854370117188
112.57018280029297
43.03379440307617
66.8204345703125
40.47895431518555
90.81338500976562
43.56914138793945
50.37187194824219
70.61476135253906
59.04833984375
87.72592163085938
71.5669174194336
51.932125091552734
87.53947448730469
74.28227233886719
78.35688018798828
51.112361907958984
68.24020385742188
92.15650939941406
80.9772720336914
101.7104263305664
34.528865814208984
78.29750061035156
69.05259704589844
95.24591827392578
78.25566101074219
52.69024658203125
137.38548278808594
30.431865692138672
47.57221221923828
52.62273406982422
73.1980972290039
107.53472900390625
70.69850158691406
79.9705581665039
86.73009490966797
22.824647903442383
81.20075988769531
117.3341293334961
62.2584342956543
66.09481811523438
94.6998062133789
85.54727935791016
53.769290924072266
76.59532928466797
73.58133697509766
71.6690444946289
42.9322624206543
77.830810546875
78.29459381103516
56.819427490234375
104.14285278320312
85.9765853881836
88.379150390625
93.11325073242188
28.29133415222168
88.07695770263672
60.55185317993164
54.991397857666016
77.66472625732422
93.98070526123047
62.423545837402344
94.38306427001953
89.51343536376953
83.4210433959961
107.45036315917969
58.042911529541016
42.69468688964844
73.45157623291016
90.86409759521484
120.15902709960938
79.39910125732422
99.071533203125
81.65501403808594
93.68657684326172
87.48648071289062
73.81458282470703
47.5284423828125
87.68978118896484
53.50344467163086
82.80099487304688
78.88249969482422
64.1485366821289
49.27146911621094
42.129844665527344
64.99478149414062
81.94369506835938
71.76847076416016
73.6656265258789
87.48406982421875
73.99253845214844
92.2794418334961
73.5876693725586
59.28092956542969
95.77969360351562
74.80059051513672
92.86164093017578
38.3388671875
66.34896087646484
49.1264533996582
76.1249771118164
57.23032760620117
39.07615280151367
91.89336395263672
49.610836029052734
37.274208068847656
98.14329528808594
64.70491027832031
54.273193359375
96.54524230957031
96.02603149414062
95.1624984741211
88.05770874023438
37.93879699707031
41.5233039855957
30.310394287109375
70.4000244140625
53.31608200073242
75.58446502685547
87.90852355957031
73.18258666992188
108.49732971191406
63.97431564331055
65.88660430908203
44.794654846191406
84.59913635253906
65.1496353149414
70.87954711914062
55.513301849365234
58.2174072265625
70.59913635253906
42.31973648071289
90.77682495117188
93.5616455078125
78.7320327758789
92.96719360351562
86.6208724975586
78.12810516357422
94.3854751586914
69.46072387695312
53.87733459472656
50.31733322143555
69.54503631591797
86.17034149169922
103.34066009521484
77.8795166015625
72.66343688964844
93.61405181884766
36.46427917480469
35.609840393066406
78.50865173339844
90.40823364257812
77.44204711914062
60.88753128051758
63.142967224121094
98.19842529296875
108.15241241455078
79.16561126708984
115.8344497680664
80.36012268066406
55.4675178527832
78.16972351074219
59.84646987915039
80.41602325439453
62.27876281738281
56.097084045410156
77.73825073242188
76.13794708251953
89.880859375
56.57101058959961
84.39590454101562
85.45392608642578
69.12887573242188
70.75553131103516
56.677978515625
68.4336166381836
68.70059967041016
33.31269836425781
75.95072174072266
23.5275821685791
80.69071197509766
38.733943939208984
97.37105560302734
77.151611328125
62.312767028808594
91.64082336425781
69.71878814697266
89.68659210205078
76.1079330444336
65.76145935058594
112.7941665649414
118.34938049316406
114.20467376708984
76.2120590209961
79.63001251220703
93.6648941040039
74.1423110961914
71.72559356689453
101.09953308105469
76.26689910888672
64.35253143310547
119.83211517333984
68.05878448486328
80.78860473632812
55.962318420410156
52.99306869506836
54.02131271362305
50.48656463623047
67.21116638183594
57.02418899536133
71.99248504638672
68.19086456298828
85.6651611328125
65.16737365722656
25.958953857421875
71.16764831542969
62.439308166503906
55.938880920410156
69.36287689208984
60.847076416015625
95.89335632324219
88.2991714477539
50.23482131958008
96.66480255126953
98.77861022949219
45.669986724853516
88.48563385009766
63.757835388183594
77.53469848632812
100.37202453613281
38.09907913208008
82.92464447021484
77.67923736572266
105.44180297851562
34.43578338623047
58.28273010253906
65.04449462890625
49.41447067260742
72.48812866210938
100.78865051269531
65.14986419677734
82.41719818115234
67.18389129638672
57.431602478027344
51.65641784667969
63.84230422973633
89.58209228515625
91.46853637695312
98.78670501708984
77.56356811523438
90.6487045288086
65.50664520263672
72.53874206542969
67.08795166015625
74.7026596069336
56.67061233520508
57.55571365356445
63.32738494873047
77.27053833007812
76.93341827392578
88.23423767089844
80.34454345703125
74.90232849121094
54.0777587890625
106.13057708740234
52.203304290771484
84.53007507324219
79.70523071289062
110.16473388671875
66.63951873779297
79.32281494140625
76.44287109375
60.54655075073242
107.7327651977539
75.3026123046875
31.62225341796875
62.58551788330078
105.65589904785156
94.87114715576172
96.39481353759766
47.17377471923828
131.12782287597656
69.1932373046875
40.92131805419922
67.88086700439453
78.32009887695312
71.18587493896484
83.29884338378906
44.21896743774414
54.75021743774414
47.020713806152344
89.78379821777344
57.818519592285156
80.21295928955078
69.44893646240234
24.21522331237793
65.44828796386719
86.17842864990234
94.23568725585938
91.71202087402344
73.39321899414062
27.030893325805664
88.74199676513672
80.61184692382812
96.87808990478516
90.6205062866211
90.79304504394531
67.58448028564453
80.2352066040039
101.65193939208984
67.66738891601562
58.920719146728516
74.5997543334961
67.47052001953125
89.4807357788086
58.32320785522461
53.42851638793945
68.06478118896484
77.11678314208984
91.8856430053711
90.9283676147461
71.87232971191406
75.64482116699219
68.7470703125
113.99857330322266
65.8282241821289
37.435890197753906
67.52559661865234
60.233131408691406
41.17557907104492
87.13825225830078
65.43730163574219
60.39509582519531
86.11601257324219
54.914554595947266
42.79144287109375
96.21090698242188
75.6309814453125
38.5027961730957
108.83477020263672
113.72671508789062
87.29039001464844
44.165706634521484
70.9339599609375
94.34766387939453
64.75826263427734
120.78533935546875
101.56871032714844
91.40949249267578
106.7563247680664
37.13929748535156
33.58250427246094
63.138458251953125
75.5767822265625
88.68547058105469
92.1480484008789
63.129974365234375
35.2618408203125
88.71859741210938
106.71273803710938
29.692209243774414
49.81369400024414
60.58524703979492
64.68830108642578
82.60923767089844
91.079833984375
74.74480438232422
77.46096801757812
85.64067840576172
96.09944152832031
92.81491088867188
58.47842025756836
79.77442932128906
72.41726684570312
99.55186462402344
54.79340362548828
88.81608581542969
74.93071746826172
56.031185150146484
91.65042114257812
78.00179290771484
75.30205535888672
94.47030639648438
88.90558624267578
60.57688903808594
55.27106475830078
122.38436889648438
86.00373840332031
64.22139739990234
86.13302612304688
79.91888427734375
88.50961303710938
61.77419662475586
65.697021484375
54.37105178833008
50.98844528198242
61.738677978515625
90.21395874023438
78.53223419189453
76.74102020263672
81.65632629394531
75.05207061767578
77.8761978149414
97.47530364990234
66.1376724243164
67.93238830566406
86.49774169921875
83.40263366699219
69.50423431396484
73.15695190429688
68.50473022460938
57.38177490234375
71.68852996826172
69.39175415039062
88.79912567138672
69.36412811279297
92.00184631347656
75.11287689208984
45.52046203613281
80.47256469726562
39.70629119873047
96.48882293701172
77.6277847290039
96.9857406616211
77.32593536376953
113.44824981689453
64.99835968017578
84.20939636230469
54.44430923461914
90.88917541503906
86.04251098632812
78.36869049072266
62.56172180175781
94.92252349853516
70.22562408447266
91.92347717285156
40.085506439208984
118.34485626220703
65.61917114257812
76.21612548828125
105.08940887451172
81.15013885498047
70.33705139160156
96.87654113769531
86.07958221435547
58.70796585083008
106.62306213378906
64.44230651855469
111.74860382080078
70.92909240722656
75.47701263427734
53.53937911987305
53.92485046386719
89.99935150146484
103.85662078857422
66.36161804199219
95.640380859375
58.63837814331055
97.61053466796875
84.88015747070312
77.36219787597656
75.23554229736328
78.24799346923828
63.93959045410156
96.28953552246094
81.10697937011719
28.450145721435547
89.28466796875
70.26549530029297
99.44173431396484
100.02857208251953
63.84848403930664
79.5814208984375
58.29093933105469
110.49168395996094
70.38307189941406
71.37198638916016
81.93612670898438
77.04244995117188
77.87995910644531
74.75193786621094
61.524417877197266
58.45390701293945
63.85646438598633
55.5781135559082
67.35939025878906
92.99730682373047
58.69253921508789
69.750732421875
59.55170822143555
86.55926513671875
73.90897369384766
72.8615951538086
75.67426300048828
51.90496826171875
32.7841796875
70.1279067993164
36.344932556152344
44.64238739013672
90.0473861694336
52.04527282714844
57.31431579589844
55.86210250854492
88.79891204833984
70.55744934082031
65.8126449584961
47.22807312011719
68.9610824584961
88.76728057861328
71.44509887695312
53.324317932128906
94.71202087402344
56.54508590698242
60.589908599853516
69.69133758544922
51.68402862548828
98.7166976928711
95.80069732666016
75.34723663330078
74.0885238647461
91.64875793457031
66.1815185546875
97.01325988769531
68.21444702148438
87.37150573730469
56.82198715209961
69.04987335205078
108.8720932006836
76.16136169433594
87.74346923828125
79.99629211425781
52.143524169921875
53.99739456176758
65.99077606201172
64.78244018554688
51.04304885864258
85.16132354736328
120.52092742919922
62.496944427490234
89.5926513671875
93.1393051147461
73.23121643066406
88.12166595458984
101.82222747802734
63.85440444946289
36.0051155090332
82.44607543945312
55.837684631347656
100.85938262939453
96.28365325927734
38.18202590942383
76.5105209350586
90.79072570800781
70.41905975341797
71.80931854248047
75.8485107421875
99.2855453491211
100.37249755859375
46.365501403808594
65.04703521728516
66.7245101928711
64.17277526855469
91.04290771484375
69.8027572631836
85.32463073730469
84.28820037841797
52.544151306152344
46.197208404541016
66.94058990478516
91.51853942871094
97.34735870361328
71.17838287353516
48.886695861816406
89.81404876708984
66.37986755371094
63.49835205078125
52.743953704833984
63.03464126586914
73.38812255859375
94.51764678955078
61.79502868652344
54.091190338134766
46.34616470336914
56.038902282714844
47.760868072509766
53.22682189941406
35.55864334106445
93.19656372070312
57.84336853027344
58.190494537353516
34.93947982788086
101.57561492919922
80.35774230957031
65.16099548339844
63.55080032348633
89.7469253540039
39.2437858581543
63.25436019897461
69.39488220214844
76.76042938232422
59.133644104003906
93.90449523925781
92.75159454345703
50.03411102294922
83.38743591308594
67.12930297851562
39.06333541870117
40.17483139038086
115.55846405029297
37.91802215576172
59.19210433959961
89.7028579711914
57.819129943847656
35.86677169799805
92.16781616210938
84.43167114257812
73.03782653808594
96.06680297851562
76.06502532958984
71.94197082519531
78.40997314453125
109.16423797607422
82.490966796875
61.66918182373047
97.91165161132812
49.17387008666992
77.94477081298828
53.50164794921875
60.523468017578125
79.6058120727539
81.728271484375
64.11473083496094
76.1127700805664
44.39421463012695
68.80477905273438
77.39026641845703
71.36573791503906
51.027610778808594
89.84028625488281
44.08271789550781
50.40083694458008
75.44497680664062
60.227413177490234
82.52629089355469
68.99108123779297
80.53710174560547
76.86346435546875
66.43231964111328
81.17308807373047
107.56062316894531
75.34465026855469
46.755348205566406
71.52273559570312
91.51068115234375
55.460548400878906
54.33835983276367
63.21159744262695
68.26272583007812
67.4645004272461
116.30681610107422
46.495689392089844
75.90241241455078
89.40386199951172
81.74439239501953
66.88030242919922
102.6642837524414
62.419517517089844
80.94518280029297
78.6252670288086
55.40230941772461
63.43169403076172
85.02706146240234
67.46916961669922
86.93476104736328
29.44577980041504
87.59561157226562
37.61802673339844
95.53313446044922
53.2645378112793
99.00955963134766
48.450862884521484
77.7803726196289
72.74090576171875
86.45585632324219
58.992759704589844
73.12749481201172
109.43114471435547
76.8977279663086
99.78924560546875
90.8487319946289
67.66181182861328
59.45543670654297
115.94216918945312
92.1647720336914
62.055999755859375
90.02672576904297
70.18645477294922
82.55345916748047
69.14457702636719
68.17277526855469
87.83868408203125
37.33800506591797
46.862388610839844
75.47856903076172
62.33877944946289
59.93718719482422
98.95259857177734
81.07682037353516
52.550315856933594
70.13610076904297
80.57449340820312
70.88253784179688
60.4759635925293
73.03253173828125
65.49209594726562
54.335819244384766
69.91368865966797
54.51235580444336
94.40716552734375
92.51815032958984
94.22117614746094
95.9703140258789
81.37261199951172
82.87393188476562
43.141807556152344
136.76719665527344
44.05821228027344
53.169776916503906
72.85743713378906
67.95281219482422
79.48214721679688
101.1369857788086
87.58417510986328
82.08191680908203
54.838287353515625
74.29314422607422
60.0727424621582
66.36046600341797
94.76646423339844
98.3099594116211
59.891780853271484
100.68831634521484
70.65555572509766
122.96882629394531
44.002777099609375
71.12873077392578
71.72537231445312
64.07064819335938
98.75828552246094
42.35032272338867
118.13774108886719
80.5496597290039
40.28352737426758
53.4839973449707
112.09304809570312
95.9700927734375
67.83440399169922
81.95816802978516
63.10980987548828
132.0297088623047
56.64867401123047
83.45765686035156
101.20912170410156
72.69734191894531
58.896610260009766
71.44917297363281
55.20582962036133
55.980201721191406
44.733192443847656
37.43243408203125
63.853782653808594
33.913150787353516
79.52605438232422
96.8824234008789
80.50565338134766
50.379920959472656
49.62348937988281
37.89046859741211
63.88938903808594
32.12317657470703
52.60452651977539
57.1536979675293
76.9066162109375
87.24947357177734
60.90168380737305
79.33671569824219
71.7297134399414
75.70149993896484
59.72416687011719
47.2619743347168
88.53643035888672
101.5943832397461
82.24090576171875
70.61199951171875
84.74076843261719
66.91446685791016
97.59779357910156
54.23625183105469
68.62543487548828
37.95170974731445
95.73883819580078
80.2645492553711
66.55049133300781
66.60971069335938
88.92953491210938
103.20954895019531
39.426612854003906
40.600738525390625
39.871761322021484
78.73124694824219
74.81826782226562
69.3569564819336
89.52379608154297
97.54922485351562
90.4197998046875
81.40973663330078
63.32025909423828
98.16569519042969
76.33811950683594
60.900455474853516
67.1649169921875
105.75463104248047
50.91176986694336
58.61394500732422
35.009578704833984
70.4387435913086
66.03450012207031
74.40455627441406
80.16608428955078
71.05242156982422
71.65982818603516
45.3535270690918
41.21525573730469
64.95743560791016
76.99298095703125
69.20781707763672
55.14072799682617
69.0705795288086
64.97319793701172
56.51591491699219
106.22025299072266
92.5713882446289
84.89319610595703
61.75627517700195
45.32342529296875
81.5645751953125
62.25820541381836
84.32392883300781
71.58428192138672
10.615582466125488
48.037593841552734
80.84893035888672
76.55613708496094
52.440406799316406
58.21415710449219
92.24137878417969
56.93789291381836
57.65989303588867
63.45115280151367
93.9068603515625
89.7669906616211
81.63761901855469
93.51707458496094
55.313087463378906
52.822166442871094
80.06266784667969
82.05812072753906
59.00389862060547
71.76668548583984
66.27790832519531
69.63285827636719
83.37759399414062
105.04058837890625
86.9493408203125
75.5306396484375
81.30931854248047
69.13496398925781
58.76662063598633
86.33594512939453
51.11188507080078
44.105411529541016
39.9807014465332
57.1528205871582
94.42306518554688
112.80335235595703
100.98790740966797
81.14678192138672
82.65185546875
93.90225982666016
85.96100616455078
109.2587661743164
109.62667083740234
77.86227416992188
67.14583587646484
36.22930908203125
67.36991119384766
25.282127380371094
56.578773498535156
60.25345993041992
80.14302825927734
62.54642868041992
58.11444091796875
66.97294616699219
96.96145629882812
80.94064331054688
82.10356903076172
77.93639373779297
58.23305130004883
86.53804016113281
67.98077392578125
58.011112213134766
70.53861236572266
73.70144653320312
69.69928741455078
52.748233795166016
71.7923355102539
104.7759780883789
86.3603515625
87.35320281982422
73.19397735595703
35.33689880371094
111.36511993408203
49.82706069946289
94.64576721191406
68.47731018066406
95.32074737548828
81.71095275878906
59.71015930175781
79.73741912841797
56.63772201538086
92.75326538085938
60.11953353881836
116.57549285888672
91.53922271728516
64.27796173095703
67.34028625488281
64.37909698486328
63.067901611328125
74.46969604492188
72.4949722290039
83.15703582763672
86.0118179321289
69.95720672607422
49.57866287231445
120.66773223876953
54.394466400146484
71.46882629394531
41.47837448120117
55.208831787109375
85.82086181640625
98.00455474853516
77.7638168334961
61.53746795654297
67.3631820678711
101.11322021484375
88.44558715820312
63.172691345214844
54.762454986572266
53.15090560913086
46.47193145751953
50.112491607666016
