36.680198669433594
33.221500396728516
33.745819091796875
18.957191467285156
22.029661178588867
47.88331985473633
24.098093032836914
36.75187683105469
22.71299934387207
62.7896614074707
16.99488639831543
26.697126388549805
47.880191802978516
27.531511306762695
22.175716400146484
27.12289810180664
33.96276092529297
20.511287689208984
13.31226921081543
41.076377868652344
31.685026168823242
34.09494400024414
31.553651809692383
23.96969223022461
33.76310348510742
41.38024139404297
40.8377799987793
26.669544219970703
29.226661682128906
28.604143142700195
29.328514099121094
32.55890655517578
46.01396560668945
48.140079498291016
45.728885650634766
42.825443267822266
23.71184539794922
46.31020736694336
38.14057159423828
38.05459976196289
14.958830833435059
49.303932189941406
35.896766662597656
43.408390045166016
33.023277282714844
33.73790740966797
56.47217559814453
37.79182815551758
23.986129760742188
61.38298416137695
40.64274597167969
39.6268424987793
48.11429214477539
18.35642433166504
42.30257797241211
63.88437271118164
25.13334846496582
34.65263748168945
37.06439971923828
39.140769958496094
24.722503662109375
20.00009536743164
37.64251708984375
44.31270980834961
33.66546630859375
27.19098663330078
33.886131286621094
43.417518615722656
45.92826843261719
41.620643615722656
16.3555965423584
22.22154426574707
57.702964782714844
39.505516052246094
45.2743034362793
35.647090911865234
37.882415771484375
38.143272399902344
27.529006958007812
28.67532730102539
24.737533569335938
30.79476547241211
43.84064865112305
54.94710922241211
10.50053596496582
39.255428314208984
24.104442596435547
35.341819763183594
23.76985740661621
48.92216110229492
14.760932922363281
39.704559326171875
29.31697654724121
46.464515686035156
20.83289337158203
29.645336151123047
33.553775787353516
31.519699096679688
49.24864959716797
38.07470703125
20.187332153320312
19.020719528198242
14.975646018981934
45.46141052246094
15.253599166870117
32.89482116699219
32.838741302490234
16.09417724609375
7.469139575958252
23.42904281616211
17.296968460083008
55.008426666259766
35.22270584106445
32.848716735839844
23.74943733215332
30.598876953125
26.697952270507812
40.46713638305664
24.22092056274414
32.975852966308594
26.14130401611328
63.846771240234375
49.161930084228516
18.986474990844727
7.633866786956787
25.50444984436035
23.530858993530273
43.509239196777344
12.558658599853516
18.514179229736328
42.634830474853516
23.897762298583984
33.185768127441406
31.539505004882812
23.578815460205078
49.251216888427734
35.960758209228516
37.06488037109375
32.9642448425293
30.82549285888672
29.689491271972656
41.72803497314453
33.62957763671875
42.119571685791016
31.059383392333984
23.400043487548828
26.584632873535156
33.74608612060547
39.24771499633789
38.1027717590332
39.372867584228516
45.78757858276367
51.474769592285156
35.96331024169922
31.300155639648438
24.601009368896484
51.4631462097168
39.7045783996582
26.080360412597656
41.34033203125
36.64471435546875
22.16176986694336
62.832252502441406
41.58868408203125
38.80208969116211
40.20444869995117
39.28538131713867
40.06596374511719
55.49546813964844
32.63292694091797
37.618865966796875
22.728845596313477
35.89216232299805
53.370365142822266
31.41120147705078
25.981626510620117
34.26845169067383
23.58211326599121
42.58446502685547
36.65840530395508
24.310739517211914
41.634639739990234
52.58986282348633
42.834251403808594
19.269044876098633
33.19624710083008
21.590452194213867
44.283721923828125
13.418601989746094
31.3378849029541
21.5474910736084
47.975616455078125
27.53851890563965
29.928028106689453
6.284093379974365
41.96590042114258
58.10457992553711
20.275550842285156
21.104900360107422
26.02122688293457
12.888749122619629
25.664443969726562
53.03323745727539
47.548763275146484
21.32313346862793
39.627689361572266
27.244407653808594
32.786598205566406
35.480316162109375
12.09046459197998
35.941200256347656
34.998207092285156
23.597251892089844
16.188587188720703
56.20234680175781
25.366050720214844
30.255184173583984
31.804418563842773
39.836299896240234
23.813556671142578
25.27986717224121
40.23392868041992
16.378986358642578
43.32159423828125
30.542329788208008
33.46162414550781
38.35675048828125
25.68424415588379
14.261223793029785
16.34391975402832
50.791011810302734
35.18159103393555
48.95365524291992
38.756526947021484
25.422117233276367
9.04317855834961
51.74243927001953
38.1071662902832
50.10783004760742
42.54747772216797
28.82335090637207
22.181777954101562
36.94595718383789
22.532588958740234
61.46101760864258
14.079732894897461
33.923831939697266
11.920587539672852
8.198512077331543
61.381099700927734
16.60873031616211
37.94173049926758
20.60185432434082
44.643226623535156
18.770999908447266
55.7393798828125
47.50944137573242
43.99494171142578
18.62896728515625
32.467281341552734
42.061370849609375
26.482337951660156
23.13335609436035
45.91753005981445
19.73788070678711
23.213422775268555
38.22663497924805
36.60841369628906
47.078800201416016
29.805896759033203
39.386478424072266
37.94930648803711
31.75939178466797
54.210289001464844
32.25448226928711
12.228412628173828
13.54643726348877
27.632741928100586
33.32779312133789
22.778804779052734
25.332094192504883
9.183626174926758
47.33085632324219
35.3847770690918
12.095361709594727
56.91051483154297
31.824527740478516
50.06496047973633
4.873197555541992
30.72228240966797
22.2216854095459
21.653257369995117
29.155168533325195
32.10541915893555
27.467395782470703
9.512569427490234
29.050390243530273
35.23961639404297
32.85862350463867
46.55799102783203
37.019309997558594
27.770030975341797
31.880184173583984
39.71549606323242
31.008947372436523
53.660037994384766
32.542171478271484
37.97340774536133
36.51416015625
18.700979232788086
25.639667510986328
33.80605697631836
43.805118560791016
40.66553497314453
38.29352951049805
20.626163482666016
31.718751907348633
18.977603912353516
18.54790496826172
15.958415985107422
48.14110565185547
32.51142501831055
14.8953275680542
27.765735626220703
28.947383880615234
23.183704376220703
19.351511001586914
23.942941665649414
37.34980773925781
19.529417037963867
43.90239334106445
37.4774055480957
12.625356674194336
25.943876266479492
24.529722213745117
18.78300666809082
25.042701721191406
15.547266960144043
34.79170608520508
47.000431060791016
45.27480697631836
37.15420150756836
30.03675651550293
33.201622009277344
7.616003036499023
34.5805549621582
17.584320068359375
19.750959396362305
62.6053352355957
43.1268196105957
35.921104431152344
29.118778228759766
35.62285232543945
42.998294830322266
41.3626708984375
39.58526611328125
40.54345703125
25.216796875
42.03934860229492
32.26393508911133
19.7955322265625
34.142330169677734
28.81969451904297
47.29367446899414
23.510343551635742
51.78042221069336
23.478023529052734
20.572668075561523
41.78171920776367
30.772716522216797
27.367040634155273
45.31113815307617
45.214847564697266
24.859628677368164
17.161020278930664
52.401729583740234
28.63681411743164
56.765316009521484
15.0114164352417
62.7628059387207
23.498722076416016
27.730817794799805
31.97583770751953
41.98219299316406
46.53443908691406
31.326499938964844
35.09015655517578
35.46117401123047
32.272132873535156
33.09981155395508
14.86069107055664
29.094118118286133
33.62277603149414
22.188739776611328
36.654048919677734
35.395870208740234
42.811344146728516
50.06639099121094
20.06192970275879
13.873435974121094
42.79701232910156
33.745262145996094
48.26396179199219
47.293819427490234
42.56134796142578
30.379201889038086
34.106285095214844
13.251293182373047
24.87462043762207
39.676414489746094
17.340927124023438
22.225603103637695
46.74052429199219
21.092988967895508
46.92301559448242
49.12679672241211
38.58256912231445
33.00556564331055
43.47418975830078
20.844226837158203
24.027860641479492
27.699499130249023
36.18891525268555
23.10771369934082
42.260677337646484
32.42677688598633
57.59645462036133
45.949684143066406
27.007705688476562
15.513218879699707
26.33074188232422
39.16028594970703
42.32310104370117
32.308616638183594
52.05282974243164
24.007627487182617
31.778701782226562
36.47269058227539
44.120296478271484
39.31124496459961
29.61210823059082
35.08848571777344
23.593393325805664
41.456539154052734
23.536148071289062
22.96242904663086
42.09480285644531
17.823392868041992
24.071491241455078
58.984703063964844
33.58305740356445
25.263397216796875
54.538414001464844
13.128170013427734
28.038856506347656
25.2873477935791
17.978666305541992
30.757537841796875
54.161014556884766
14.770520210266113
32.14705276489258
36.944923400878906
31.53533363342285
9.669682502746582
18.956375122070312
42.17363357543945
63.37657165527344
50.763240814208984
28.11170196533203
25.509464263916016
24.352981567382812
33.69761657714844
44.98405838012695
24.36849021911621
31.03250503540039
35.163543701171875
9.51224136352539
45.75285339355469
24.665863037109375
30.26674461364746
43.01887512207031
33.20294952392578
28.473957061767578
43.044254302978516
22.629871368408203
33.35749053955078
33.31447219848633
44.2288703918457
39.365386962890625
38.582279205322266
38.55269241333008
33.14028549194336
18.955013275146484
33.143592834472656
13.65254020690918
28.301513671875
45.68192672729492
24.68427848815918
32.42514419555664
12.573139190673828
56.77102279663086
32.85847854614258
35.3547477722168
30.510639190673828
24.511600494384766
33.091697692871094
37.538108825683594
23.38656997680664
54.330848693847656
22.099519729614258
37.91007995605469
31.24088478088379
48.734840393066406
40.68220520019531
46.69194030761719
46.42041778564453
48.91109848022461
39.37630081176758
51.44952392578125
40.9426383972168
32.124244689941406
14.279315948486328
29.978025436401367
41.97003173828125
40.280757904052734
35.71455001831055
24.308059692382812
11.167341232299805
27.389310836791992
41.012630462646484
27.611465454101562
36.628421783447266
34.17769241333008
33.46322250366211
48.187034606933594
27.69420051574707
37.670345306396484
32.51490020751953
29.84060287475586
39.35309982299805
19.340904235839844
45.52320861816406
60.13105010986328
38.59830856323242
26.632389068603516
20.182188034057617
26.91636085510254
20.970720291137695
26.996017456054688
36.03586196899414
31.85582160949707
16.224262237548828
57.943214416503906
22.17266273498535
56.58408737182617
42.157745361328125
23.264755249023438
30.06003189086914
9.815117835998535
17.542816162109375
36.00508499145508
37.77161407470703
20.515352249145508
33.29079055786133
27.1265926361084
24.784923553466797
31.396486282348633
39.037445068359375
50.57897186279297
33.57999038696289
19.821557998657227
27.541765213012695
20.09708023071289
29.429006576538086
27.28118133544922
47.47173309326172
53.98259735107422
1.5072226524353027
30.500186920166016
22.154977798461914
19.781484603881836
32.63710021972656
21.17688751220703
47.90690612792969
60.13539505004883
32.23145294189453
24.786781311035156
23.688581466674805
64.88572692871094
50.163665771484375
34.78636932373047
36.75184631347656
20.78339195251465
42.185245513916016
39.761451721191406
63.568058013916016
27.764162063598633
18.885272979736328
35.102806091308594
35.359588623046875
30.260427474975586
42.25300598144531
36.80498504638672
53.312442779541016
20.44747543334961
23.938796997070312
41.99199295043945
27.15325355529785
37.17935562133789
18.83327865600586
51.859291076660156
50.359249114990234
57.72771072387695
35.88612365722656
20.427778244018555
36.504486083984375
29.396581649780273
45.50173568725586
23.25708770751953
29.746376037597656
33.00970458984375
49.90921401977539
29.54842758178711
50.355224609375
38.329803466796875
41.588443756103516
34.89997100830078
39.81257629394531
26.146493911743164
19.58020782470703
35.09911346435547
40.97797393798828
25.664875030517578
40.009273529052734
21.151752471923828
62.00859069824219
33.01299285888672
60.30116653442383
23.79524803161621
57.09490966796875
30.99900245666504
24.532140731811523
35.84334945678711
29.95292854309082
20.758686065673828
26.045677185058594
18.247024536132812
33.09538269042969
39.130001068115234
33.09435272216797
55.88704299926758
29.238609313964844
25.13072395324707
6.393085956573486
24.831560134887695
37.96269989013672
58.33805465698242
19.683712005615234
28.30671501159668
51.177520751953125
31.663543701171875
33.8665771484375
41.49506378173828
44.58030319213867
50.41583251953125
16.506864547729492
25.375988006591797
14.191553115844727
15.898061752319336
44.73575210571289
16.78700065612793
37.92045974731445
24.307878494262695
36.770633697509766
40.061256408691406
14.271644592285156
24.93599510192871
23.15654754638672
37.06500244140625
21.68654441833496
42.499122619628906
54.92377853393555
52.469608306884766
46.57520294189453
15.226007461547852
37.45435333251953
14.230896949768066
32.37413787841797
36.82872772216797
33.81495666503906
37.17547607421875
13.414557456970215
46.72268295288086
30.7086124420166
45.08626174926758
15.154342651367188
51.4010124206543
31.520137786865234
31.241174697875977
23.340404510498047
17.768484115600586
36.58662414550781
23.30133056640625
34.23497009277344
32.85469436645508
18.541593551635742
46.02566909790039
19.974321365356445
41.335208892822266
50.048484802246094
26.051258087158203
35.64995574951172
11.28015422821045
57.148162841796875
51.742820739746094
19.4145450592041
56.96498489379883
41.4676513671875
35.0450553894043
15.086885452270508
28.447933197021484
33.83224868774414
19.410341262817383
27.699600219726562
44.88800811767578
32.5833740234375
28.551349639892578
12.8345308303833
54.960716247558594
36.183719635009766
17.43448257446289
45.0787353515625
30.656391143798828
19.894994735717773
49.774070739746094
41.114864349365234
25.363304138183594
51.37657928466797
39.72878646850586
22.642778396606445
46.84429931640625
24.92024803161621
19.59111976623535
28.64202308654785
27.60428237915039
23.261096954345703
37.534690856933594
34.02911376953125
36.8550910949707
31.090856552124023
33.67729949951172
48.90202713012695
39.53459167480469
43.079959869384766
13.011467933654785
57.38417053222656
49.82318115234375
28.388853073120117
38.22879409790039
50.89042663574219
34.932952880859375
26.8800048828125
10.546632766723633
18.0870304107666
29.813621520996094
43.57288360595703
17.079225540161133
36.69211196899414
51.24818420410156
47.9572868347168
30.21307373046875
41.39017868041992
27.229761123657227
45.03620910644531
16.03363037109375
18.54148292541504
8.799704551696777
60.00739288330078
38.58074188232422
52.36922836303711
18.524526596069336
44.125335693359375
35.03789138793945
38.07377624511719
53.68981170654297
52.13949203491211
33.04158020019531
27.448591232299805
56.446529388427734
24.21283721923828
29.355392456054688
28.522184371948242
45.31221008300781
35.36948013305664
21.7681884765625
35.930843353271484
20.265098571777344
26.969951629638672
41.99429702758789
59.04585647583008
33.49501419067383
21.912588119506836
26.007892608642578
35.33281707763672
60.1051025390625
45.40327453613281
24.00615692138672
45.24056625366211
32.64886474609375
19.39934539794922
35.762699127197266
23.7258243560791
33.37667465209961
16.099342346191406
61.71773147583008
10.711430549621582
41.963043212890625
41.901756286621094
17.21160888671875
34.372554779052734
42.71234130859375
32.80630874633789
39.73582458496094
41.37866973876953
50.32734680175781
34.76120376586914
24.32562255859375
26.5714111328125
33.7119255065918
29.160642623901367
42.016056060791016
28.010496139526367
20.292160034179688
37.9231071472168
39.209136962890625
2.815493106842041
28.288049697875977
26.871822357177734
40.08303451538086
55.239776611328125
20.42816925048828
16.40384292602539
39.14914321899414
23.56332015991211
21.536794662475586
35.81034851074219
30.994590759277344
27.067026138305664
14.501086235046387
37.60319900512695
18.699987411499023
25.130903244018555
18.87409210205078
58.85128402709961
26.439043045043945
46.136192321777344
36.90117263793945
44.35383605957031
45.84161376953125
46.49806213378906
21.87030792236328
36.885799407958984
60.07640838623047
42.294822692871094
26.56825828552246
23.0810604095459
15.622231483459473
2.4457895755767822
32.95236587524414
27.610610961914062
44.61448287963867
29.925161361694336
26.367626190185547
40.477882385253906
20.311920166015625
25.50463104248047
23.198076248168945
46.411590576171875
40.19960021972656
25.608442306518555
18.437162399291992
28.38996696472168
41.944175720214844
39.19097900390625
20.8078670501709
14.542084693908691
37.35813522338867
45.558311462402344
55.37696075439453
27.088096618652344
26.968647003173828
22.578266143798828
41.80632400512695
33.73636245727539
20.8209285736084
28.76738739013672
44.46995544433594
31.207414627075195
45.216243743896484
45.25063705444336
28.402423858642578
48.697044372558594
27.752668380737305
19.96807098388672
37.261253356933594
33.96931457519531
42.919891357421875
27.513275146484375
35.06846237182617
14.95854377746582
38.24910354614258
23.345603942871094
37.397666931152344
25.039730072021484
31.52067756652832
16.409791946411133
57.347660064697266
19.575368881225586
36.240692138671875
51.50818634033203
41.24192428588867
54.423213958740234
55.31683349609375
42.04624557495117
35.91355514526367
39.44234085083008
83.19769287109375
12.954944610595703
20.854263305664062
18.685199737548828
31.176288604736328
19.39197540283203
23.502315521240234
29.531078338623047
65.31564331054688
26.03350257873535
32.49410629272461
27.955617904663086
42.690147399902344
33.218963623046875
20.765581130981445
9.787151336669922
38.793766021728516
15.379561424255371
45.26997756958008
34.056129455566406
19.17666244506836
31.46693992614746
29.324926376342773
48.91435623168945
14.311471939086914
15.615979194641113
8.116613388061523
44.126220703125
18.109453201293945
21.10849380493164
18.77547264099121
23.298696517944336
40.28822708129883
30.915115356445312
31.72935676574707
20.718307495117188
19.849294662475586
51.87012481689453
70.60467529296875
22.70068359375
20.36614990234375
14.385156631469727
28.640485763549805
45.88320541381836
2.043574333190918
10.841591835021973
27.23184585571289
25.55405044555664
41.38128662109375
35.77978515625
36.83359146118164
30.053218841552734
31.46609878540039
14.890522956848145
22.131669998168945
66.82007598876953
39.031429290771484
36.315364837646484
55.164302825927734
55.56053924560547
33.06197738647461
50.96763610839844
53.5297966003418
7.654756546020508
39.70375061035156
29.720232009887695
36.69697570800781
51.860416412353516
28.222209930419922
42.08179473876953
14.901318550109863
52.31571960449219
33.7817497253418
14.561931610107422
39.81324005126953
47.27346420288086
20.980880737304688
53.67181396484375
17.05606460571289
26.906177520751953
43.28044509887695
21.115375518798828
22.716899871826172
37.837745666503906
36.87186813354492
4.780945301055908
37.897640228271484
50.015403747558594
45.53205490112305
44.070579528808594
43.182247161865234
16.558320999145508
27.556989669799805
21.100372314453125
37.11634063720703
55.388240814208984
32.298561096191406
27.178064346313477
47.26219177246094
24.099546432495117
14.581860542297363
41.19099044799805
55.152366638183594
46.06831359863281
28.912979125976562
32.4946174621582
25.986103057861328
45.65592575073242
32.44963455200195
52.57720184326172
35.4118766784668
18.763229370117188
31.282001495361328
33.80976486206055
39.294837951660156
28.574153900146484
35.75126266479492
55.404598236083984
56.78882598876953
55.167232513427734
14.211249351501465
34.957767486572266
24.490583419799805
32.3778190612793
39.3556022644043
42.98020553588867
42.77121353149414
24.316617965698242
25.647354125976562
36.785152435302734
61.13046646118164
15.957666397094727
26.565954208374023
17.499563217163086
18.833139419555664
39.2431526184082
43.01438903808594
56.50612258911133
38.633480072021484
43.185325622558594
25.987916946411133
33.21478271484375
38.955116271972656
4.450239658355713
26.688682556152344
51.243446350097656
21.792524337768555
46.23483657836914
40.84648132324219
28.186656951904297
20.613988876342773
38.47050476074219
25.9193115234375
24.838895797729492
12.730642318725586
46.077537536621094
35.319793701171875
54.763946533203125
66.46448516845703
15.629878997802734
41.049110412597656
24.66493797302246
19.158451080322266
28.476119995117188
15.506518363952637
27.809354782104492
30.526344299316406
39.980194091796875
40.892372131347656
40.962562561035156
45.02104187011719
13.460445404052734
31.983474731445312
34.34080123901367
32.50667953491211
26.791507720947266
23.734647750854492
52.70940017700195
30.459562301635742
46.36649703979492
25.756206512451172
23.076438903808594
26.73671531677246
52.74482727050781
46.755126953125
36.94485092163086
19.606014251708984
25.023359298706055
33.39308547973633
47.707244873046875
45.025630950927734
46.3128547668457
41.73087692260742
26.533544540405273
35.027652740478516
29.080520629882812
40.358177185058594
30.22609519958496
49.77234649658203
24.175992965698242
17.062429428100586
37.27886199951172
5.283701419830322
37.408294677734375
30.825862884521484
31.438493728637695
41.545413970947266
23.790151596069336
35.8834114074707
13.172377586364746
27.537782669067383
29.75151252746582
28.212778091430664
38.342796325683594
16.058921813964844
27.53137969970703
74.20077514648438
36.02448654174805
36.879066467285156
46.970359802246094
26.300411224365234
35.47412109375
28.894975662231445
23.627174377441406
10.804113388061523
31.997089385986328
39.83924865722656
29.831958770751953
35.764217376708984
19.06549644470215
15.511651039123535
57.93230056762695
31.26025390625
38.7826042175293
41.11038589477539
40.18090057373047
35.19202423095703
31.942516326904297
46.86326599121094
17.179397583007812
11.90054988861084
38.25688552856445
46.79458999633789
40.258262634277344
41.581748962402344
40.54393768310547
49.32133483886719
21.035131454467773
25.7269229888916
38.59367752075195
39.06924057006836
29.9945125579834
20.370464324951172
38.888065338134766
34.18867874145508
24.200788497924805
29.553117752075195
47.93165969848633
14.74287223815918
34.97450637817383
32.07097244262695
33.94565200805664
30.95167350769043
32.16454315185547
35.54574966430664
31.03798484802246
38.44200134277344
53.79572677612305
19.283103942871094
40.123046875
28.859724044799805
42.02104949951172
32.26443862915039
54.17925262451172
2.930272340774536
41.09858322143555
30.640535354614258
20.928203582763672
38.52638244628906
31.229076385498047
31.247570037841797
18.314739227294922
14.183850288391113
38.830711364746094
16.962568283081055
65.18506622314453
31.655065536499023
33.80339050292969
66.43264770507812
24.04914093017578
25.91205596923828
30.300886154174805
49.19578552246094
28.728199005126953
50.07029724121094
10.96914005279541
23.880783081054688
20.235383987426758
38.046630859375
53.85740661621094
30.04814338684082
38.728919982910156
48.849727630615234
33.76911163330078
30.815593719482422
29.515838623046875
28.735904693603516
41.2701530456543
30.515350341796875
17.736082077026367
40.153350830078125
13.422874450683594
17.865482330322266
17.239089965820312
32.32938766479492
13.385998725891113
33.61143493652344
45.643367767333984
26.887718200683594
31.6162109375
31.41250228881836
11.15666675567627
39.033992767333984
28.64479637145996
45.25525665283203
26.433380126953125
41.268646240234375
63.302066802978516
27.80641746520996
48.36299133300781
39.34171676635742
50.0629997253418
16.720264434814453
46.337215423583984
37.450279235839844
47.571197509765625
20.5281982421875
35.99459457397461
44.852012634277344
31.121692657470703
24.793367385864258
23.49489974975586
49.434356689453125
17.326932907104492
19.01335906982422
39.16364669799805
28.57351303100586
41.48210525512695
37.53782653808594
33.081363677978516
62.11235046386719
21.871232986450195
21.628803253173828
22.635988235473633
39.7438850402832
46.53898239135742
17.6015567779541
18.925432205200195
17.05095672607422
12.92237663269043
43.29486846923828
28.14002227783203
34.684288024902344
30.116601943969727
22.328413009643555
26.63117027282715
59.370872497558594
23.393836975097656
55.956878662109375
22.781715393066406
39.563926696777344
30.842239379882812
23.348400115966797
30.47650146484375
45.39933776855469
50.42979431152344
30.40390396118164
24.921550750732422
32.798404693603516
37.505550384521484
13.70160961151123
14.362584114074707
60.47389602661133
47.92289733886719
23.332305908203125
39.2420539855957
31.001985549926758
43.293296813964844
19.31516456604004
18.345176696777344
43.762290954589844
29.20244789123535
23.457441329956055
39.23951721191406
10.076991081237793
27.986936569213867
38.73789978027344
28.199033737182617
44.044952392578125
30.03302574157715
48.903587341308594
26.61693000793457
23.48013687133789
21.893739700317383
29.435056686401367
41.09853744506836
28.776758193969727
51.74631881713867
24.185571670532227
23.748409271240234
23.978851318359375
34.986629486083984
28.84428596496582
44.39445877075195
26.639665603637695
35.71367645263672
26.57865333557129
28.444490432739258
29.24089241027832
24.111469268798828
37.272804260253906
44.27967834472656
38.98329544067383
37.90523147583008
57.00520706176758
50.90573501586914
33.74861526489258
28.267398834228516
33.931640625
21.410659790039062
25.845735549926758
37.96824645996094
37.26509475708008
47.71479797363281
27.593181610107422
27.977392196655273
23.92081069946289
52.17329788208008
57.90104293823242
47.289764404296875
22.596906661987305
48.386165618896484
31.100534439086914
63.1517333984375
47.57118606567383
35.615234375
30.432052612304688
50.83237838745117
20.147552490234375
17.085350036621094
34.93111801147461
44.84931182861328
42.78009796142578
49.90081787109375
33.321231842041016
31.918935775756836
48.8441276550293
39.76727294921875
26.84539222717285
18.380352020263672
19.531696319580078
33.33029556274414
50.28034591674805
29.25811195373535
48.57059860229492
32.560237884521484
37.227622985839844
29.317352294921875
33.24933624267578
20.18219566345215
52.102413177490234
13.908065795898438
21.73525047302246
53.22062683105469
39.22562789916992
43.65654373168945
42.90662384033203
58.90727615356445
25.853181838989258
38.2154426574707
33.96503829956055
12.509770393371582
18.952022552490234
28.514543533325195
32.997650146484375
28.40616798400879
34.35177993774414
41.21061325073242
49.76778793334961
40.113739013671875
33.68153762817383
27.812671661376953
39.30364990234375
33.386051177978516
19.534040451049805
27.742666244506836
38.399749755859375
45.96908950805664
42.91957473754883
45.339839935302734
28.317590713500977
37.44108200073242
68.30461883544922
40.57964324951172
37.444549560546875
30.338756561279297
38.64762496948242
18.758520126342773
39.93095016479492
53.881900787353516
55.28642272949219
32.444313049316406
24.752843856811523
33.70476531982422
35.42934799194336
39.545997619628906
39.4131965637207
14.311785697937012
56.637962341308594
24.737335205078125
33.59212112426758
25.169036865234375
33.074893951416016
49.974979400634766
18.725439071655273
26.768484115600586
38.885498046875
34.501670837402344
32.864376068115234
36.34437561035156
30.0882511138916
12.320592880249023
57.440250396728516
32.71826934814453
13.340897560119629
21.584753036499023
24.712982177734375
25.742168426513672
5.751986503601074
38.65629959106445
19.60679054260254
27.043853759765625
32.826210021972656
36.70579528808594
34.80291748046875
42.24459457397461
22.56268310546875
20.15703582763672
44.35995864868164
24.78703498840332
22.417957305908203
19.503887176513672
33.07160949707031
52.10893249511719
19.723798751831055
22.69550132751465
16.312673568725586
30.196800231933594
8.269086837768555
48.01333999633789
10.777541160583496
20.690942764282227
29.091310501098633
32.77576446533203
47.0401611328125
9.898319244384766
27.111419677734375
48.602813720703125
20.67778205871582
16.362897872924805
26.26433563232422
37.931976318359375
59.87839889526367
29.726192474365234
35.51274108886719
17.621335983276367
19.3907470703125
34.85609817504883
49.980709075927734
15.630929946899414
21.68802261352539
40.77174758911133
24.037473678588867
60.58086395263672
35.6495361328125
35.53446960449219
29.618846893310547
36.76926040649414
53.51957321166992
39.250221252441406
34.62766647338867
37.19190979003906
40.77873611450195
31.712234497070312
27.75069808959961
36.23439025878906
46.02203369140625
42.860130310058594
60.38170623779297
44.28519058227539
34.015541076660156
46.09751892089844
50.9542236328125
59.646270751953125
38.66642379760742
21.331750869750977
31.92526626586914
46.97452926635742
14.126907348632812
45.11656188964844
56.05925369262695
25.41504669189453
43.67488098144531
36.67002868652344
57.73613739013672
30.921527862548828
56.78190994262695
29.538715362548828
33.890438079833984
20.70197296142578
39.072654724121094
34.103214263916016
20.74001693725586
62.23469161987305
40.968502044677734
49.97292709350586
20.285654067993164
41.31914138793945
49.48313903808594
38.5877799987793
44.87041473388672
50.148170471191406
21.611995697021484
12.864880561828613
36.53388595581055
38.32679748535156
19.40735626220703
46.729759216308594
34.87495803833008
40.70976638793945
41.046329498291016
31.92470359802246
73.13713836669922
28.394451141357422
32.117271423339844
46.144203186035156
56.94269561767578
42.21485137939453
22.298959732055664
37.70730972290039
40.5491943359375
71.00569152832031
40.23830795288086
30.134963989257812
31.42489242553711
36.487945556640625
24.609647750854492
28.26926612854004
27.099245071411133
58.29553985595703
10.815699577331543
45.60371017456055
55.248409271240234
15.772359848022461
36.376434326171875
37.72772216796875
12.048528671264648
14.220250129699707
26.97243309020996
34.049869537353516
54.61558532714844
34.96532440185547
35.382266998291016
22.35883903503418
43.447723388671875
37.505035400390625
32.80012512207031
39.26041793823242
27.932594299316406
22.93759536743164
46.68210220336914
14.268474578857422
38.40937423706055
53.84229278564453
38.68363571166992
24.15188980102539
12.652135848999023
47.153472900390625
27.98758316040039
35.79305648803711
18.700122833251953
33.4964599609375
25.77247428894043
50.61067199707031
48.434940338134766
36.916866302490234
26.01434326171875
25.624454498291016
42.767120361328125
24.660015106201172
49.72665023803711
37.823604583740234
16.56299591064453
22.00442123413086
38.380943298339844
55.85344314575195
35.974456787109375
17.016298294067383
27.2116641998291
38.37459945678711
49.39497375488281
26.25067901611328
24.171098709106445
34.649471282958984
38.73992156982422
39.489559173583984
36.54536819458008
33.64234161376953
37.75205993652344
50.546165466308594
35.82265090942383
48.7953987121582
29.225143432617188
35.98835754394531
31.038660049438477
39.66640090942383
29.063953399658203
66.88639831542969
39.49706268310547
35.861175537109375
43.57314682006836
49.462852478027344
25.432992935180664
36.32836151123047
30.985319137573242
30.90730857849121
24.639596939086914
32.113746643066406
26.19241714477539
40.07811737060547
44.88982391357422
37.72108840942383
34.32875442504883
27.76150894165039
48.772701263427734
48.8042106628418
22.40208625793457
51.97032928466797
20.3205623626709
39.71287155151367
18.10844612121582
26.509525299072266
47.83269500732422
26.695384979248047
23.837100982666016
55.131561279296875
33.232181549072266
30.989356994628906
24.281047821044922
20.82966423034668
37.95863723754883
31.303752899169922
33.5567626953125
61.01744842529297
8.162168502807617
37.930152893066406
57.8860969543457
33.883155822753906
19.167104721069336
18.99563217163086
43.47914123535156
28.551740646362305
29.27223777770996
50.35320281982422
48.36176681518555
27.433090209960938
33.55557632446289
61.01299285888672
33.69562530517578
36.99161911010742
30.23288917541504
34.21243667602539
29.517467498779297
36.537322998046875
14.915695190429688
38.305538177490234
41.0399055480957
25.643325805664062
19.53406524658203
35.42910385131836
44.500728607177734
34.41194152832031
38.34114456176758
38.95662307739258
42.76625061035156
39.53032302856445
33.95012664794922
19.117450714111328
40.22281265258789
56.00745391845703
32.16342544555664
27.13783073425293
51.928123474121094
31.90888214111328
19.28895378112793
19.53143882751465
42.36577606201172
37.00067901611328
28.304140090942383
15.966164588928223
19.805328369140625
18.250892639160156
41.40303421020508
49.80353546142578
48.182865142822266
26.721702575683594
20.73217010498047
47.64696502685547
50.537841796875
44.13069152832031
32.396785736083984
67.2908935546875
6.564526557922363
35.89423370361328
56.376895904541016
40.503177642822266
30.993568420410156
50.50640106201172
31.450130462646484
28.900405883789062
42.75521469116211
30.157001495361328
44.32759475708008
42.07645034790039
27.878498077392578
37.91730880737305
50.923099517822266
12.76723575592041
20.839269638061523
39.19379425048828
41.05246353149414
29.720277786254883
47.89415740966797
12.34432315826416
37.064781188964844
36.42545700073242
40.43280792236328
49.27419662475586
23.67152214050293
36.09765625
32.348079681396484
30.000812530517578
43.956825256347656
13.75721549987793
26.68256187438965
20.725194931030273
34.49711990356445
56.04872131347656
52.831504821777344
29.319908142089844
17.36615753173828
26.251951217651367
62.36325454711914
31.51504898071289
44.663944244384766
28.40052604675293
15.151458740234375
8.701238632202148
21.15557861328125
51.13022994995117
20.072765350341797
43.398746490478516
53.0006103515625
18.545673370361328
21.685678482055664
56.00128936767578
36.61891555786133
43.39583969116211
55.45774459838867
39.09843063354492
51.95848083496094
32.751808166503906
58.283294677734375
31.441356658935547
51.144134521484375
32.85059356689453
37.900604248046875
37.42377853393555
11.853986740112305
35.06598663330078
60.241172790527344
33.85166549682617
36.104042053222656
33.619415283203125
34.751060485839844
47.43272399902344
45.08323287963867
29.222578048706055
43.78471374511719
27.158205032348633
56.876792907714844
28.931184768676758
29.137025833129883
45.022891998291016
49.746673583984375
55.8502197265625
41.00693130493164
31.429386138916016
40.45745849609375
35.114559173583984
43.60923767089844
26.25589370727539
43.98514938354492
25.43890953063965
24.644899368286133
45.2056999206543
28.18674659729004
46.29707717895508
44.80185317993164
34.718048095703125
45.31485366821289
60.21465301513672
45.65400314331055
23.318767547607422
25.708864212036133
38.08179473876953
48.3555908203125
40.29400634765625
18.224870681762695
27.450923919677734
34.97309875488281
70.7426986694336
45.95124816894531
29.559593200683594
40.9267692565918
24.691064834594727
17.183225631713867
19.335403442382812
53.0678596496582
48.26792907714844
38.91218185424805
19.918624877929688
19.677690505981445
40.74541091918945
32.89691925048828
29.655521392822266
46.832862854003906
44.245792388916016
42.42582321166992
21.662668228149414
21.522945404052734
68.21078491210938
45.59244918823242
50.495445251464844
39.88149642944336
29.6907958984375
34.240478515625
11.262252807617188
33.046913146972656
27.93685531616211
33.16205978393555
62.433685302734375
32.348148345947266
37.363609313964844
33.01708984375
49.57319259643555
30.399356842041016
31.520524978637695
50.55809020996094
49.582061767578125
36.534576416015625
47.1895866394043
28.88909339904785
40.86054229736328
35.5103759765625
46.85649490356445
24.823617935180664
48.00278091430664
57.60572052001953
31.311477661132812
27.683773040771484
21.34898567199707
23.73517417907715
37.94206237792969
41.807586669921875
29.43306541442871
17.82198143005371
34.75977325439453
41.800636291503906
33.845767974853516
29.420820236206055
5.172873497009277
30.103546142578125
23.217241287231445
23.968433380126953
21.550758361816406
27.777297973632812
43.64762878417969
27.856399536132812
27.332523345947266
27.285198211669922
49.65359878540039
26.779186248779297
40.43855285644531
63.38850784301758
44.47142028808594
47.04705810546875
8.810934066772461
36.26884460449219
42.67865753173828
50.79013442993164
20.72542953491211
22.664161682128906
18.15090560913086
36.21871566772461
27.926904678344727
35.86977767944336
26.30594253540039
18.86807632446289
28.903545379638672
31.409313201904297
17.628515243530273
19.13741111755371
30.743688583374023
35.921417236328125
45.07227325439453
13.7674560546875
33.38115310668945
34.67142868041992
25.54041290283203
59.2330207824707
35.69834518432617
32.98720169067383
18.912906646728516
11.550701141357422
34.37685775756836
42.00782775878906
38.14372634887695
33.730995178222656
26.88263511657715
45.923614501953125
0.8678934574127197
21.516651153564453
28.043563842773438
47.66868209838867
26.412246704101562
27.84213638305664
43.98430252075195
24.757827758789062
30.339614868164062
34.468833923339844
38.09782028198242
33.0821533203125
32.58827209472656
17.5433406829834
17.396020889282227
24.053421020507812
35.487735748291016
27.563329696655273
36.449729919433594
25.06772804260254
42.36022186279297
28.615081787109375
31.134607315063477
23.535701751708984
23.07626724243164
60.08976364135742
11.876360893249512
30.135887145996094
45.38954544067383
45.85393142700195
75.25910949707031
28.962644577026367
35.07358932495117
17.486690521240234
47.036949157714844
32.49919891357422
44.703304290771484
37.83092498779297
32.75065231323242
15.609742164611816
24.099132537841797
32.893917083740234
26.8774356842041
36.057456970214844
51.16256332397461
12.833761215209961
8.905632019042969
74.41085052490234
23.870838165283203
26.519672393798828
29.439538955688477
33.01007843017578
26.106534957885742
41.798362731933594
40.311073303222656
56.55670928955078
32.55398941040039
43.71500778198242
51.555477142333984
59.863521575927734
24.26099395751953
34.20399856567383
57.15998077392578
11.156611442565918
31.55956268310547
21.101612091064453
16.889148712158203
40.88066482543945
38.25670623779297
45.533851623535156
40.59346008300781
18.02926254272461
32.603599548339844
36.869354248046875
29.767066955566406
17.9100399017334
34.45528030395508
40.42655563354492
47.2033576965332
57.748741149902344
34.23281478881836
40.862850189208984
29.653711318969727
29.66866111755371
30.338747024536133
33.64979934692383
30.987268447875977
55.41999435424805
55.12609100341797
46.00944519042969
19.027626037597656
28.91994857788086
22.756603240966797
34.789710998535156
41.48019790649414
37.459354400634766
23.81703758239746
28.02196502685547
18.16309356689453
27.589557647705078
38.396968841552734
33.50352478027344
30.098939895629883
32.9306755065918
21.73696517944336
10.468070030212402
44.242427825927734
44.68586730957031
30.795278549194336
24.51481819152832
35.93721008300781
37.05282211303711
19.809917449951172
30.695423126220703
23.12552261352539
24.321544647216797
30.722003936767578
36.35134506225586
58.42001724243164
38.19152069091797
45.41720962524414
37.30386734008789
41.40443801879883
42.85918045043945
40.0910758972168
50.431949615478516
61.94062423706055
32.29994583129883
15.177437782287598
50.27924728393555
38.1389045715332
12.229924201965332
24.845197677612305
41.54112243652344
21.63166046142578
42.85978317260742
35.16802978515625
42.6834602355957
40.12887954711914
25.355478286743164
41.71599197387695
24.308246612548828
29.644113540649414
20.81574058532715
39.804141998291016
50.96007537841797
47.39543914794922
63.22548294067383
30.682767868041992
32.70027160644531
50.87162780761719
42.56276321411133
19.56884765625
70.80418395996094
37.664573669433594
13.824995994567871
52.64265060424805
26.659650802612305
17.62745475769043
43.80303192138672
27.105405807495117
37.30735397338867
10.724725723266602
33.36944580078125
28.80791664123535
37.26242446899414
25.94369125366211
47.019073486328125
23.52170753479004
44.332157135009766
31.860061645507812
27.29240608215332
19.53175926208496
44.98497772216797
27.429767608642578
24.35515594482422
41.09515380859375
48.34110641479492
24.752864837646484
47.83371353149414
38.1517448425293
25.574880599975586
33.312156677246094
37.30976486206055
43.84218978881836
50.332820892333984
42.58055877685547
55.27925109863281
15.28149700164795
27.102048873901367
30.555049896240234
52.80126953125
20.731203079223633
24.666898727416992
31.09008026123047
32.86503601074219
39.12163543701172
42.078895568847656
44.420772552490234
43.635982513427734
37.70512390136719
29.382593154907227
37.534786224365234
18.911373138427734
25.237586975097656
17.34174346923828
51.533355712890625
64.10701751708984
25.451004028320312
21.238195419311523
42.07658767700195
65.4000473022461
20.05531883239746
27.14214324951172
16.657148361206055
51.26444625854492
17.316322326660156
38.05469512939453
22.772872924804688
36.97665023803711
43.12445068359375
30.674205780029297
51.64289093017578
38.31793975830078
29.19844627380371
18.89328956604004
14.136280059814453
37.128631591796875
36.98278045654297
36.45323944091797
33.28376007080078
38.46432113647461
39.37488555908203
23.192752838134766
11.328824996948242
20.749980926513672
54.1667366027832
25.306495666503906
34.45681381225586
29.846172332763672
26.074310302734375
8.130732536315918
23.16437530517578
20.239736557006836
57.0172119140625
42.09724044799805
67.70536041259766
30.016063690185547
24.045291900634766
35.24273681640625
25.750225067138672
70.27404022216797
36.31721496582031
34.98181915283203
76.85714721679688
32.414859771728516
38.735286712646484
30.272396087646484
25.797962188720703
24.4293155670166
28.277929306030273
32.40741729736328
12.491454124450684
46.17658233642578
47.53157424926758
17.86214828491211
38.119388580322266
53.06016159057617
48.64472198486328
29.783870697021484
34.826210021972656
34.886661529541016
21.741653442382812
43.632205963134766
30.73155403137207
9.828680992126465
53.03509521484375
30.005144119262695
38.37859344482422
22.98863983154297
68.95579528808594
44.986934661865234
33.69535827636719
29.062686920166016
42.25812530517578
40.1221923828125
34.35432815551758
42.21734619140625
35.94862365722656
24.48785972595215
25.99063491821289
39.91463088989258
19.860942840576172
45.623741149902344
12.128159523010254
48.8267707824707
16.8276309967041
48.96025085449219
28.425329208374023
37.280677795410156
21.224992752075195
25.879657745361328
34.88358688354492
38.213157653808594
16.416343688964844
30.530845642089844
22.186391830444336
5.020397663116455
35.16790771484375
42.81310272216797
68.45092010498047
22.97276496887207
24.519298553466797
41.80152130126953
29.2918701171875
63.9561767578125
28.035873413085938
31.359905242919922
25.273534774780273
40.98686599731445
33.60786437988281
38.432979583740234
28.613231658935547
20.774898529052734
51.050384521484375
38.05208969116211
30.618436813354492
44.43456268310547
23.21480941772461
40.29435729980469
46.7618522644043
21.562808990478516
53.678436279296875
31.69110679626465
41.23760223388672
64.55289459228516
27.156858444213867
42.11982345581055
8.69393539428711
30.368377685546875
56.09151840209961
13.885457038879395
45.77566146850586
54.58482360839844
44.70751190185547
38.8392219543457
42.91496658325195
37.90393829345703
22.517019271850586
35.13744354248047
14.396970748901367
30.438655853271484
24.461511611938477
37.36008834838867
23.409765243530273
39.87642288208008
42.292171478271484
44.979835510253906
22.537967681884766
21.106477737426758
33.158905029296875
18.279390335083008
23.730573654174805
47.520591735839844
52.169654846191406
30.03788948059082
29.78231430053711
29.518451690673828
17.4593563079834
53.64305877685547
41.960479736328125
33.439517974853516
41.86416244506836
54.23238754272461
9.57359504699707
33.41750717163086
48.94527816772461
31.149030685424805
36.91667938232422
51.66410446166992
37.30178451538086
30.127548217773438
24.11451530456543
36.58238220214844
30.25606918334961
64.27383422851562
20.227325439453125
50.17234802246094
17.297176361083984
38.109413146972656
30.19045066833496
31.039918899536133
21.373464584350586
30.588714599609375
27.799083709716797
31.42637825012207
49.41646957397461
21.4770565032959
20.032180786132812
45.14753723144531
54.45135498046875
41.50599670410156
32.23217010498047
58.466243743896484
17.50901985168457
40.978519439697266
34.30659103393555
47.65442657470703
32.305397033691406
28.20734977722168
48.604312896728516
28.373287200927734
39.05931091308594
27.910818099975586
28.790552139282227
19.7195987701416
38.68857955932617
58.36075973510742
41.34918975830078
37.20713806152344
26.076887130737305
31.8468017578125
20.048126220703125
36.25252914428711
23.768020629882812
43.452598571777344
33.49625778198242
23.743804931640625
61.30805206298828
29.20311164855957
8.595049858093262
30.953052520751953
38.939453125
35.89558029174805
23.34099006652832
39.55764389038086
8.269974708557129
33.173683166503906
42.4552116394043
38.911922454833984
20.21897315979004
29.137821197509766
41.41946792602539
27.517684936523438
25.46919822692871
30.696094512939453
60.71348571777344
46.424766540527344
46.305259704589844
18.927305221557617
24.251359939575195
35.040279388427734
20.87712287902832
56.24829864501953
41.80543518066406
41.43141555786133
36.71570587158203
37.51662826538086
27.179523468017578
17.131187438964844
40.55178451538086
37.170894622802734
31.31243896484375
40.8600959777832
21.09566879272461
20.95488929748535
34.9980583190918
43.71142578125
9.3369779586792
36.26092529296875
27.2100830078125
11.281113624572754
15.999605178833008
45.3716926574707
24.651039123535156
33.49911117553711
42.44480514526367
22.102476119995117
7.887613773345947
33.867897033691406
44.84367752075195
68.97709655761719
24.170562744140625
21.47054100036621
41.118778228759766
33.01836013793945
53.899654388427734
30.081422805786133
35.324607849121094
55.5396842956543
20.47286033630371
59.269168853759766
28.0383243560791
23.625688552856445
31.270832061767578
35.03145217895508
35.20819854736328
33.2853889465332
44.76573181152344
32.147132873535156
25.58096694946289
27.24475860595703
24.19093132019043
17.4084529876709
41.159950256347656
43.17726135253906
31.202308654785156
38.39944839477539
39.843605041503906
17.93899917602539
30.30608367919922
23.795963287353516
28.922609329223633
46.497074127197266
39.270042419433594
19.304420471191406
36.934844970703125
24.686370849609375
36.33169937133789
28.955537796020508
17.978811264038086
22.792400360107422
31.75921630859375
36.96389389038086
30.804317474365234
29.25969123840332
29.90546989440918
21.52817726135254
52.02779769897461
27.98705291748047
34.51546859741211
23.84372329711914
27.142616271972656
13.49662971496582
32.644386291503906
26.483631134033203
25.789892196655273
43.38393783569336
42.134483337402344
35.60396957397461
25.379528045654297
33.5873908996582
18.03157615661621
47.85600662231445
32.971702575683594
27.539960861206055
38.89916229248047
25.43936538696289
28.72433853149414
18.79620361328125
31.247901916503906
46.88425064086914
29.92234230041504
16.360017776489258
38.48603439331055
31.2851619720459
38.88233184814453
40.79718780517578
41.58643341064453
46.93336486816406
22.92798614501953
37.4853401184082
25.05193328857422
33.52707290649414
30.565597534179688
34.55644226074219
36.003334045410156
30.507118225097656
59.71293258666992
20.61951446533203
46.066959381103516
26.95459747314453
50.59749984741211
39.47310256958008
27.01797103881836
51.21392059326172
41.0692024230957
28.603971481323242
43.119720458984375
49.63930892944336
25.60547637939453
49.726783752441406
19.9147891998291
47.62346649169922
23.46331787109375
38.068275451660156
62.39293670654297
57.18195343017578
42.026519775390625
43.26399612426758
34.52819061279297
29.828006744384766
51.276920318603516
31.301048278808594
22.343477249145508
34.43586349487305
33.33938217163086
14.705700874328613
46.8931999206543
13.674930572509766
25.099590301513672
44.80256271362305
21.79930305480957
26.787107467651367
15.440826416015625
39.227935791015625
56.099185943603516
30.555395126342773
53.03486633300781
27.150711059570312
38.70659637451172
31.788068771362305
25.72591209411621
19.15192222595215
26.37392234802246
37.029212951660156
45.350868225097656
28.867366790771484
37.714393615722656
21.18136215209961
44.32147216796875
31.437936782836914
50.7787971496582
41.86844253540039
23.206579208374023
37.30202102661133
28.331727981567383
40.447566986083984
52.6536865234375
31.24701499938965
14.102808952331543
40.844451904296875
34.06497573852539
43.31159973144531
47.348907470703125
29.512813568115234
20.61539077758789
40.22390365600586
52.75202178955078
33.65825271606445
34.25157165527344
43.377593994140625
30.75143814086914
55.66535949707031
57.92486572265625
19.779510498046875
39.249568939208984
59.42463302612305
32.82990646362305
27.13165855407715
27.04523277282715
47.22769546508789
12.367692947387695
21.33415412902832
24.043569564819336
36.677249908447266
42.956661224365234
37.3903694152832
22.170299530029297
41.909950256347656
9.051680564880371
49.12508773803711
23.593385696411133
50.880306243896484
29.640281677246094
26.468942642211914
34.77586364746094
48.74050521850586
34.96346664428711
56.09691619873047
39.075233459472656
34.669334411621094
56.00985336303711
18.757497787475586
33.08180236816406
40.805328369140625
52.34675216674805
51.3324089050293
40.457427978515625
43.88642883300781
36.77275848388672
37.09111404418945
29.672075271606445
38.923912048339844
20.69032096862793
15.037527084350586
41.47207260131836
14.820355415344238
23.866741180419922
39.051998138427734
44.39958953857422
5.700717449188232
28.485002517700195
63.193668365478516
5.979773998260498
25.498233795166016
7.732036590576172
12.662403106689453
32.16893005371094
37.92153549194336
28.34305191040039
23.34946632385254
36.68353271484375
34.971397399902344
12.143355369567871
15.492459297180176
43.19636535644531
31.606159210205078
42.073246002197266
29.970630645751953
22.448930740356445
35.93378829956055
39.943538665771484
26.769712448120117
35.39588928222656
41.89256286621094
26.29485321044922
37.02406692504883
45.674034118652344
70.13655853271484
33.19047546386719
40.28589630126953
37.99140167236328
42.59775924682617
22.673795700073242
39.849246978759766
32.332645416259766
19.953813552856445
52.95032501220703
37.68733596801758
40.41666793823242
32.34817886352539
39.81874084472656
51.358638763427734
22.639413833618164
6.964480876922607
35.43114471435547
30.296653747558594
49.317230224609375
46.65317153930664
27.60544204711914
58.402957916259766
31.82364845275879
54.057430267333984
39.782188415527344
46.995574951171875
47.32752227783203
43.365238189697266
35.6695671081543
36.42308044433594
46.16425323486328
46.30971908569336
32.701744079589844
56.910526275634766
39.394371032714844
19.11730194091797
33.60441589355469
12.171862602233887
20.118715286254883
56.295440673828125
16.797119140625
24.67361068725586
21.636117935180664
29.459346771240234
15.046801567077637
38.670860290527344
48.976470947265625
29.38514518737793
50.512638092041016
39.345157623291016
36.885169982910156
28.14586067199707
56.19921112060547
17.59792709350586
15.383103370666504
27.2983341217041
36.26637268066406
30.596757888793945
43.72322082519531
17.01792335510254
49.56485366821289
51.471736907958984
22.56786346435547
38.383487701416016
16.6881160736084
62.327362060546875
32.41425704956055
37.705955505371094
42.81714630126953
49.26628875732422
30.964210510253906
69.41311645507812
59.780521392822266
26.853113174438477
27.023029327392578
12.487617492675781
39.60932159423828
32.614871978759766
32.04277038574219
21.431346893310547
50.11812973022461
19.209178924560547
46.192176818847656
25.86019515991211
33.92314147949219
39.27071762084961
25.650964736938477
44.94287872314453
53.78519821166992
16.725290298461914
36.16679000854492
36.54021072387695
17.61433219909668
47.57084274291992
36.74495315551758
33.994754791259766
39.81409454345703
19.848318099975586
28.599613189697266
13.491649627685547
26.375286102294922
15.181804656982422
16.166990280151367
36.18701934814453
19.416696548461914
34.93385696411133
57.12429428100586
33.64480972290039
33.194252014160156
37.1471061706543
42.32778549194336
37.96951675415039
32.08900833129883
24.733753204345703
37.827720642089844
19.19124412536621
24.760217666625977
39.043479919433594
37.680213928222656
15.964594841003418
55.863746643066406
40.47511672973633
36.57305145263672
50.69484329223633
54.930809020996094
32.40711212158203
25.308425903320312
78.55200958251953
35.17409133911133
27.812074661254883
39.28368377685547
53.07535934448242
20.053516387939453
38.712249755859375
35.126285552978516
39.46636199951172
61.91934585571289
14.587130546569824
23.10659408569336
37.64381790161133
28.045984268188477
19.867748260498047
30.17304039001465
30.161380767822266
43.55889129638672
31.78223419189453
30.348102569580078
18.327926635742188
34.931236267089844
59.82328796386719
66.21233367919922
27.810640335083008
23.64337921142578
40.83864974975586
16.866790771484375
45.41236877441406
18.450122833251953
53.95689010620117
30.247241973876953
26.022890090942383
22.6329402923584
42.79104995727539
17.4245662689209
51.578369140625
46.171241760253906
20.3201847076416
35.340545654296875
25.332969665527344
21.644424438476562
38.70526885986328
39.32391357421875
36.54855728149414
26.461597442626953
28.989709854125977
52.192874908447266
36.06523132324219
53.96177673339844
17.924156188964844
43.68833541870117
26.879011154174805
35.9694938659668
24.291412353515625
43.246891021728516
27.046602249145508
50.95942687988281
36.23180389404297
49.88329315185547
29.551210403442383
39.83399200439453
34.948177337646484
44.23044967651367
31.806093215942383
39.034305572509766
40.56841278076172
32.23439025878906
33.38916778564453
53.14202880859375
24.85613441467285
13.549150466918945
49.152462005615234
51.60466003417969
61.835330963134766
41.755706787109375
67.80606842041016
13.63008975982666
18.314922332763672
18.952716827392578
22.876882553100586
22.265094757080078
16.88384246826172
22.757566452026367
16.969955444335938
