34.12993621826172
43.45504379272461
42.51066207885742
29.199270248413086
66.2978286743164
54.32845687866211
33.379451751708984
55.32868957519531
73.25780487060547
33.72686767578125
63.83481216430664
68.12390899658203
1.9485507011413574
70.2957992553711
46.76878356933594
50.812435150146484
46.176795959472656
44.26122283935547
48.43788146972656
45.44456100463867
29.712196350097656
20.84820556640625
18.48387908935547
38.48833084106445
25.33721160888672
54.00178909301758
51.49784851074219
36.55367660522461
77.0160140991211
41.0305290222168
54.105220794677734
26.49863052368164
27.9942684173584
22.269445419311523
93.3650894165039
48.807403564453125
37.84614944458008
62.7188720703125
47.550994873046875
46.8435173034668
53.51430892944336
55.27687454223633
69.4964370727539
23.9512939453125
49.853553771972656
41.60343551635742
34.81730651855469
12.972283363342285
24.603857040405273
24.79878807067871
21.542831420898438
55.169334411621094
51.129661560058594
30.440763473510742
32.587554931640625
40.686622619628906
35.358001708984375
73.95797729492188
73.95845031738281
66.42908477783203
45.24523162841797
63.34605026245117
51.948299407958984
52.0749626159668
29.164321899414062
50.664913177490234
38.694889068603516
38.970951080322266
30.29673957824707
68.23973846435547
36.63866424560547
51.193050384521484
36.29066848754883
34.97282409667969
30.666990280151367
37.758663177490234
33.951255798339844
39.40937042236328
64.73040008544922
66.21810913085938
42.743526458740234
32.470489501953125
32.445674896240234
88.46575164794922
39.34412384033203
40.983219146728516
50.4843635559082
54.05058288574219
35.54251480102539
44.297508239746094
26.4970645904541
52.738304138183594
51.04489517211914
51.1841926574707
34.53911590576172
50.84230422973633
27.553504943847656
44.561798095703125
55.795745849609375
62.149391174316406
25.064634323120117
41.8054313659668
38.008121490478516
16.427169799804688
33.063663482666016
53.63906478881836
72.10128784179688
71.4705810546875
31.130334854125977
33.63029479980469
36.899871826171875
32.33855438232422
66.72561645507812
34.31990051269531
45.99602127075195
42.173744201660156
52.08274459838867
46.42461013793945
38.26591491699219
24.382524490356445
36.8471565246582
54.76790237426758
31.67243003845215
55.1849479675293
51.864906311035156
40.00376892089844
52.79145812988281
50.75808334350586
57.04991149902344
41.98916244506836
61.72650146484375
29.21319007873535
48.89591979980469
25.139644622802734
49.39483642578125
66.0015640258789
39.97166442871094
53.040889739990234
55.86711120605469
51.34621047973633
24.0821533203125
62.34975814819336
78.58634185791016
27.847776412963867
62.80141830444336
31.194303512573242
44.43479919433594
37.09309387207031
85.99273681640625
27.444700241088867
53.97492218017578
26.032367706298828
50.58659744262695
31.193218231201172
55.00727844238281
37.28490447998047
22.692888259887695
34.4471549987793
26.430200576782227
29.829198837280273
26.06060218811035
40.37501907348633
79.50615692138672
75.68661499023438
35.89939880371094
56.04627990722656
57.529396057128906
42.133697509765625
31.085573196411133
24.950767517089844
25.942123413085938
39.22575759887695
35.84812545776367
74.4777603149414
25.890771865844727
38.14656066894531
35.66830825805664
28.98416519165039
51.279232025146484
38.29963302612305
43.90360641479492
2.18569278717041
60.4144401550293
28.873567581176758
52.97832489013672
45.694576263427734
56.756195068359375
32.12189865112305
61.66367721557617
30.177980422973633
41.5374641418457
73.302001953125
46.17605209350586
50.899200439453125
41.79597854614258
54.146453857421875
75.55912780761719
83.41352844238281
45.3129997253418
40.77313232421875
32.61909103393555
17.876466751098633
38.247802734375
52.41541290283203
30.710235595703125
46.45469284057617
58.771400451660156
49.50385665893555
39.281864166259766
14.688028335571289
57.58295440673828
36.715919494628906
59.33439254760742
39.79960250854492
42.36191940307617
55.878108978271484
37.19782257080078
60.40571212768555
46.03717803955078
48.723934173583984
42.87410354614258
52.518829345703125
18.16546058654785
46.180519104003906
59.25858688354492
50.01570510864258
67.50096893310547
46.91394805908203
31.34454917907715
55.35573959350586
63.494361877441406
49.24473571777344
30.293071746826172
15.506258964538574
78.15581512451172
33.97932434082031
32.09942626953125
43.657752990722656
40.44038391113281
44.76738739013672
40.3292121887207
64.24383544921875
36.41001510620117
79.09870147705078
38.86175537109375
54.07823181152344
42.283573150634766
67.59378051757812
61.064273834228516
70.25099182128906
41.96731948852539
49.60886001586914
31.063505172729492
29.408952713012695
26.737722396850586
44.83187484741211
42.86540985107422
35.792236328125
84.43943786621094
26.477252960205078
70.33805084228516
46.052085876464844
24.893522262573242
47.4351806640625
57.498416900634766
44.88937759399414
64.01544189453125
57.099708557128906
58.04804229736328
30.60910987854004
13.253459930419922
30.003631591796875
68.35379791259766
46.884674072265625
43.65361022949219
26.24169158935547
22.533924102783203
42.624473571777344
57.511619567871094
40.28325271606445
24.85548210144043
43.10920715332031
65.0525131225586
33.33456039428711
40.10146713256836
52.65107345581055
36.64377975463867
40.771602630615234
37.55369186401367
21.430482864379883
12.755951881408691
44.47834396362305
42.94663619995117
52.584598541259766
33.43565368652344
44.334476470947266
48.54924392700195
49.83901596069336
67.3462905883789
58.25123596191406
30.131465911865234
32.74433898925781
64.25797271728516
32.88553237915039
60.005149841308594
19.02570915222168
35.350181579589844
25.990032196044922
36.26169204711914
38.276981353759766
28.652565002441406
46.48936080932617
19.82151985168457
45.1824951171875
35.65940475463867
47.79692459106445
74.49950408935547
54.274658203125
29.634645462036133
31.13441276550293
56.16204833984375
38.11764144897461
86.126708984375
50.34062194824219
50.78678512573242
75.94353485107422
88.69586181640625
56.23440170288086
39.512752532958984
33.975860595703125
19.243940353393555
73.10505676269531
36.580360412597656
44.066280364990234
49.17158508300781
52.87811279296875
27.008113861083984
45.268978118896484
29.08892822265625
43.29093933105469
30.282991409301758
36.036190032958984
52.68471145629883
46.47405242919922
42.70895767211914
55.907493591308594
46.519737243652344
49.32688522338867
37.86679458618164
38.630149841308594
55.41029357910156
74.82857513427734
33.8755989074707
40.677467346191406
48.3838005065918
65.92022705078125
50.20734786987305
53.0135498046875
50.00802230834961
33.0780143737793
62.572593688964844
68.64741516113281
49.434669494628906
51.20624923706055
49.40091323852539
34.6002311706543
40.915565490722656
58.45869445800781
28.462217330932617
45.685302734375
43.41939163208008
49.329891204833984
36.927005767822266
56.680294036865234
65.44256591796875
35.74546432495117
47.31914138793945
71.41130065917969
44.84345626831055
47.03676986694336
52.56538772583008
46.849891662597656
33.31603240966797
25.431480407714844
53.89641571044922
28.462799072265625
38.193458557128906
60.57643508911133
27.355722427368164
36.271541595458984
47.09467697143555
39.79833221435547
46.713043212890625
24.252470016479492
55.8492431640625
48.83646011352539
51.641075134277344
54.50804901123047
28.2069091796875
37.05775833129883
74.8877182006836
14.832505226135254
42.642822265625
53.95660400390625
15.752335548400879
64.81006622314453
49.676517486572266
47.32135009765625
24.749788284301758
35.99259948730469
34.944313049316406
32.9788932800293
51.09852981567383
33.14307403564453
31.120145797729492
46.1617546081543
49.202476501464844
67.5335922241211
60.98393630981445
65.77532958984375
45.32740783691406
41.13793182373047
41.01256561279297
67.44425201416016
60.32598876953125
23.963150024414062
70.62261962890625
28.606510162353516
33.96383285522461
44.65277862548828
47.4702033996582
52.533233642578125
50.418033599853516
45.2486686706543
43.65925979614258
46.032249450683594
33.63088607788086
53.75927734375
38.56464767456055
33.229957580566406
48.87923812866211
26.80533790588379
44.84929275512695
47.708011627197266
29.346328735351562
34.65073776245117
39.76859664916992
32.701087951660156
35.72797393798828
69.56990051269531
43.89936447143555
48.866798400878906
46.95297622680664
47.54484558105469
66.0792236328125
78.72896575927734
22.827253341674805
63.70805358886719
67.18718719482422
77.34758758544922
65.30892944335938
56.19568634033203
37.12393569946289
64.07125854492188
62.961212158203125
56.513423919677734
25.462675094604492
25.61695098876953
43.293487548828125
39.35716247558594
24.228294372558594
38.081451416015625
34.39869689941406
19.510351181030273
60.05088806152344
47.7463493347168
27.973506927490234
48.611854553222656
43.890541076660156
32.692195892333984
38.571083068847656
30.009109497070312
57.41564178466797
31.928125381469727
52.2620849609375
64.37823486328125
43.791358947753906
63.33377456665039
56.226356506347656
87.27312469482422
61.28904724121094
45.10590362548828
54.49058532714844
45.13942337036133
40.08218765258789
35.46235656738281
29.541017532348633
40.250709533691406
55.99142837524414
91.29187774658203
34.70977783203125
51.412376403808594
33.290016174316406
51.998722076416016
50.072998046875
43.305362701416016
25.817581176757812
16.728349685668945
33.08823776245117
36.187198638916016
42.772396087646484
30.783863067626953
29.366439819335938
18.277189254760742
51.17534255981445
44.10564041137695
56.71271514892578
17.99365997314453
50.101890563964844
45.03657150268555
33.45043182373047
20.040830612182617
39.73987579345703
52.5995979309082
62.05258560180664
40.023048400878906
32.35380172729492
41.42131805419922
42.64204788208008
67.20508575439453
71.06826782226562
35.35704803466797
72.33235931396484
53.33161163330078
55.573570251464844
41.436065673828125
53.829959869384766
54.67552185058594
26.13345718383789
24.14937400817871
46.670692443847656
58.043296813964844
34.705474853515625
46.23932647705078
47.94284439086914
67.9726791381836
30.876853942871094
66.23872375488281
58.174095153808594
20.958986282348633
62.423587799072266
47.40226745605469
43.888427734375
55.64269256591797
35.243045806884766
42.48638153076172
21.651716232299805
21.39883041381836
12.898210525512695
39.89633560180664
36.90549850463867
47.71220397949219
59.155517578125
35.340171813964844
45.076507568359375
35.845916748046875
33.89382553100586
47.65128707885742
40.70287322998047
25.576889038085938
74.21365356445312
53.897708892822266
35.35626983642578
40.21800231933594
21.46976661682129
16.301591873168945
36.66463088989258
41.31703567504883
31.631027221679688
45.432334899902344
54.25433349609375
36.19639205932617
57.17536926269531
10.278829574584961
28.545995712280273
52.171016693115234
67.52224731445312
56.082035064697266
41.10712432861328
23.92047691345215
40.673892974853516
41.542293548583984
46.0499267578125
33.77418899536133
62.91562271118164
61.98957443237305
47.19209289550781
55.990116119384766
53.89556121826172
35.288536071777344
44.89183807373047
42.86022186279297
59.63339614868164
46.626312255859375
27.554288864135742
67.62328338623047
55.31174087524414
40.76205062866211
50.69343566894531
57.69561767578125
55.49038314819336
54.31863784790039
66.58478546142578
17.53988265991211
16.92381477355957
30.742950439453125
51.51565170288086
45.883487701416016
33.97911071777344
78.61992645263672
41.6705436706543
18.810440063476562
79.07207489013672
21.049745559692383
50.63758850097656
20.811023712158203
54.33966064453125
44.563873291015625
20.653602600097656
25.079336166381836
56.98970413208008
32.3570671081543
36.09657287597656
43.201087951660156
25.692916870117188
80.13113403320312
84.77262878417969
50.563697814941406
24.390674591064453
58.254974365234375
70.69579315185547
42.14243698120117
31.458364486694336
71.25877380371094
22.468059539794922
66.55296325683594
30.89898681640625
46.381385803222656
33.224266052246094
45.1988410949707
33.35780334472656
46.34074783325195
35.27480697631836
60.29862594604492
80.1702880859375
76.51952362060547
43.61967849731445
64.89095306396484
58.428741455078125
42.22804641723633
51.96426010131836
26.282894134521484
38.64232635498047
51.906795501708984
50.00581359863281
60.30473327636719
24.054046630859375
52.92216110229492
34.45298385620117
20.882360458374023
40.41048049926758
48.568790435791016
38.383968353271484
47.03333282470703
27.15969467163086
37.123756408691406
30.2524356842041
54.660377502441406
39.40816116333008
36.36449432373047
24.082748413085938
33.05959701538086
45.76774597167969
67.73836517333984
34.5049934387207
53.53312301635742
60.675350189208984
40.76797103881836
38.04013442993164
22.008359909057617
37.03042984008789
47.707420349121094
36.842857360839844
81.25857543945312
48.033203125
45.243812561035156
31.580272674560547
79.02336883544922
45.63935852050781
39.8470573425293
32.3645133972168
66.62886810302734
41.848663330078125
62.098270416259766
60.38624572753906
46.62919616699219
58.33210754394531
43.74216079711914
41.693668365478516
39.9021110534668
52.41078186035156
51.37607955932617
30.397724151611328
51.02493667602539
18.502683639526367
37.29591369628906
31.63786506652832
38.64021301269531
27.123281478881836
28.226085662841797
57.14000701904297
42.59101867675781
27.474716186523438
48.47990417480469
64.93917846679688
41.479957580566406
30.615699768066406
18.400184631347656
24.0340576171875
27.236913681030273
48.859527587890625
41.43869400024414
40.2391471862793
8.551555633544922
22.01877784729004
33.48780822753906
42.602500915527344
40.73863220214844
22.62001609802246
4.981139183044434
53.58234786987305
33.8348274230957
39.88753890991211
44.03342056274414
59.474037170410156
58.90438461303711
55.144290924072266
46.28529739379883
52.3162841796875
43.215248107910156
36.80866622924805
13.410568237304688
62.14586639404297
26.781558990478516
57.317264556884766
42.913185119628906
29.800922393798828
62.62102127075195
68.70869445800781
53.17416763305664
55.14199447631836
13.1742582321167
26.749160766601562
40.24702835083008
29.69652557373047
53.12759780883789
28.924518585205078
53.13665771484375
50.97972106933594
41.2431755065918
51.91590118408203
75.9806900024414
37.94672775268555
37.457298278808594
36.408363342285156
16.58953857421875
55.92529296875
52.33992385864258
73.98825073242188
47.0782585144043
10.567922592163086
56.96906280517578
62.96964645385742
46.115875244140625
34.92055130004883
43.740360260009766
46.27043533325195
68.81683349609375
38.33116149902344
10.340087890625
62.74250030517578
56.152748107910156
88.8360824584961
35.61248779296875
33.55051040649414
33.137142181396484
50.771446228027344
45.00386047363281
38.971439361572266
35.95743942260742
51.647857666015625
39.1343879699707
33.21784591674805
30.691774368286133
43.90984344482422
61.74898910522461
57.37715530395508
38.577781677246094
34.649471282958984
62.611122131347656
89.94895935058594
46.23387145996094
56.42049789428711
42.93308639526367
56.260459899902344
24.560588836669922
46.52775573730469
51.374237060546875
52.080238342285156
26.860136032104492
20.066242218017578
37.70585632324219
29.255535125732422
53.93037033081055
35.028873443603516
48.15731430053711
43.16212844848633
49.881778717041016
56.24202346801758
22.132118225097656
34.28892135620117
39.011146545410156
48.08537292480469
67.46338653564453
33.70354080200195
14.932975769042969
24.455793380737305
58.076541900634766
33.07697296142578
34.490928649902344
66.68928527832031
36.60345458984375
60.42033767700195
38.571834564208984
31.914121627807617
37.821895599365234
20.321247100830078
33.742218017578125
34.68693161010742
47.25332260131836
61.32004165649414
25.57776641845703
69.84496307373047
50.612701416015625
55.460205078125
28.66558074951172
42.320533752441406
62.60700988769531
59.6513786315918
47.682003021240234
28.286338806152344
15.506558418273926
18.15852165222168
55.45102310180664
70.26256561279297
65.64916229248047
52.59726333618164
40.23121643066406
48.41240692138672
60.68282699584961
17.454626083374023
72.63287353515625
39.697998046875
67.04566955566406
63.196327209472656
56.440311431884766
52.85050964355469
28.443992614746094
29.995464324951172
30.971397399902344
42.28272247314453
47.570465087890625
36.89058303833008
36.00288391113281
38.99561309814453
50.5792121887207
46.16494369506836
26.94831657409668
50.15610885620117
41.346885681152344
57.09849548339844
54.153404235839844
62.669620513916016
41.6146354675293
31.703840255737305
24.932954788208008
46.12593460083008
55.62578201293945
1.2856216430664062
19.31545066833496
76.6879653930664
20.113922119140625
48.66492462158203
32.805755615234375
47.4808349609375
65.0337905883789
37.62828826904297
31.34234619140625
70.38591766357422
22.632680892944336
58.02507019042969
46.57676696777344
44.147396087646484
47.556640625
52.36251449584961
55.614017486572266
16.193443298339844
54.41592025756836
54.977455139160156
33.943111419677734
51.42897415161133
22.006258010864258
52.86568832397461
48.41279983520508
51.82013702392578
43.272918701171875
34.25331497192383
39.36529541015625
40.31669998168945
74.89109802246094
60.59453201293945
61.62997055053711
36.59098815917969
30.63329315185547
33.65345764160156
47.97684097290039
29.442970275878906
42.95653533935547
23.960296630859375
42.4218864440918
24.05980110168457
34.72412872314453
63.548095703125
49.56516647338867
43.43001174926758
32.315818786621094
32.25702667236328
55.40321731567383
74.88949584960938
53.919639587402344
37.997467041015625
74.9963607788086
50.591636657714844
45.38040542602539
12.50147533416748
21.78757667541504
59.76254653930664
44.932254791259766
50.1477165222168
44.86861801147461
39.655277252197266
60.06158447265625
34.24261474609375
51.80500030517578
52.30722427368164
50.00009536743164
56.409515380859375
72.5897445678711
39.14757537841797
36.667728424072266
23.03270149230957
43.00833511352539
29.71588134765625
47.13764190673828
28.607240676879883
38.09440612792969
41.772705078125
59.951412200927734
24.833396911621094
22.21395492553711
60.46736145019531
54.03007507324219
17.828304290771484
54.9705924987793
45.441490173339844
53.381465911865234
33.921512603759766
47.690956115722656
50.86985778808594
30.498584747314453
42.458187103271484
52.801429748535156
28.253063201904297
51.53754425048828
44.73342514038086
61.006587982177734
66.79469299316406
60.62379837036133
51.488258361816406
69.08110046386719
58.34652328491211
28.085222244262695
48.972450256347656
66.20674896240234
12.671865463256836
60.46943664550781
25.215164184570312
28.31389617919922
60.369117736816406
51.037841796875
31.758779525756836
78.47066497802734
43.46711730957031
19.814289093017578
30.87143325805664
58.60859298706055
51.53040313720703
70.88636016845703
56.5247917175293
38.902191162109375
40.21981430053711
42.45275115966797
52.96622085571289
43.08815002441406
17.746976852416992
27.354982376098633
38.60462188720703
63.43858337402344
44.44371032714844
48.77605438232422
56.31294631958008
62.030052185058594
43.71686935424805
36.682891845703125
44.05921173095703
47.69122314453125
69.28495788574219
48.2678337097168
40.83192443847656
45.463233947753906
21.319486618041992
37.01332473754883
46.96012496948242
51.80438232421875
31.39836883544922
48.54513931274414
60.06533432006836
39.04762649536133
32.426513671875
47.11545181274414
24.611059188842773
45.25569534301758
33.22921371459961
60.09270095825195
44.421260833740234
64.23101806640625
65.8160171508789
52.943260192871094
28.864370346069336
47.63608169555664
46.63007736206055
54.373966217041016
31.243484497070312
63.72747802734375
37.00712585449219
50.1374626159668
50.805259704589844
55.24024200439453
73.62960815429688
46.50291061401367
39.884063720703125
25.37614631652832
45.051265716552734
51.10274124145508
53.96647644042969
41.204044342041016
30.735902786254883
50.98322677612305
31.165420532226562
68.56314849853516
53.41347885131836
46.51055145263672
57.85609436035156
25.596628189086914
42.95930099487305
53.26262283325195
40.017154693603516
43.6804084777832
47.74240493774414
60.89864730834961
52.71678161621094
41.84214782714844
44.582279205322266
51.032447814941406
45.839447021484375
35.417144775390625
55.29248809814453
30.87024688720703
61.63610076904297
28.47476577758789
54.180606842041016
40.30592346191406
43.42690658569336
27.47216796875
25.998077392578125
69.0576171875
75.91799926757812
33.224708557128906
42.906890869140625
55.81694412231445
56.959651947021484
21.894603729248047
8.253186225891113
37.90683364868164
48.76591110229492
28.19585609436035
65.58585357666016
52.39915466308594
77.69992065429688
31.318641662597656
80.38446807861328
62.83586883544922
42.416778564453125
46.5354118347168
53.754940032958984
49.66387939453125
41.43302917480469
74.7852554321289
46.408653259277344
41.822872161865234
30.166282653808594
38.42372512817383
38.025020599365234
42.02798843383789
31.876523971557617
53.72842025756836
33.68191146850586
31.53769302368164
70.0068359375
52.22740173339844
36.4704704284668
20.500377655029297
53.517208099365234
58.3183708190918
28.137468338012695
37.942630767822266
39.117637634277344
48.7220573425293
24.405670166015625
40.99945068359375
37.22197723388672
84.07493591308594
53.324100494384766
36.8056755065918
63.68102264404297
38.783843994140625
38.78833770751953
35.39710235595703
29.916730880737305
32.687007904052734
36.05859375
70.81644439697266
58.58936309814453
22.140485763549805
36.78448486328125
33.25754165649414
28.347606658935547
32.43941879272461
32.32558059692383
33.348594665527344
59.64118194580078
47.467201232910156
23.190200805664062
65.7669677734375
38.347076416015625
28.116168975830078
67.27766418457031
49.63954544067383
85.48039245605469
56.92424774169922
45.53987503051758
52.9067497253418
44.3526725769043
45.37268829345703
14.259283065795898
61.897544860839844
63.32862091064453
32.217926025390625
39.82149124145508
33.790687561035156
50.867488861083984
36.43296432495117
42.33150863647461
25.99468994140625
37.47087860107422
37.42073440551758
62.057640075683594
44.16085433959961
22.23695182800293
24.98834800720215
46.615055084228516
50.82210922241211
58.28178787231445
37.47004699707031
46.35813522338867
34.180545806884766
0.31873929500579834
46.150875091552734
64.75103759765625
37.01593017578125
33.5716438293457
49.310176849365234
26.986120223999023
38.47056579589844
44.85441589355469
35.73661804199219
28.851207733154297
28.146516799926758
23.385583877563477
59.946903228759766
63.779911041259766
58.39836502075195
37.736534118652344
76.01299285888672
43.792484283447266
47.4233283996582
30.597606658935547
44.94524383544922
55.02796936035156
41.23379898071289
39.32732391357422
51.37602996826172
61.545780181884766
48.253684997558594
31.038522720336914
59.34390640258789
62.91246795654297
61.98910903930664
36.42280197143555
30.518047332763672
18.547101974487305
30.456256866455078
27.296262741088867
40.03551483154297
72.34977722167969
28.346567153930664
44.92391586303711
35.064884185791016
65.81208038330078
64.13135528564453
38.16225051879883
43.15446853637695
35.536781311035156
68.9778823852539
51.755859375
24.558029174804688
69.69761657714844
70.83724212646484
10.145082473754883
50.29357147216797
46.67258834838867
18.04018783569336
59.13699722290039
66.92778778076172
18.234203338623047
44.679405212402344
30.716209411621094
45.16657257080078
45.022274017333984
25.89049530029297
58.08574676513672
29.60207748413086
62.14324951171875
35.18899154663086
35.75615310668945
53.77415466308594
32.474300384521484
39.21205520629883
67.28533172607422
32.90689468383789
24.23303985595703
73.3912353515625
38.445404052734375
35.717369079589844
45.34731674194336
47.5709342956543
48.51962661743164
57.07682800292969
47.39952850341797
49.46754837036133
38.80535888671875
65.93846130371094
52.52680206298828
20.131601333618164
41.107784271240234
38.43751907348633
45.17746353149414
74.38092803955078
56.10040283203125
29.21177864074707
26.362863540649414
54.997337341308594
27.612089157104492
42.17534637451172
30.716062545776367
50.726531982421875
77.12970733642578
24.445356369018555
43.55924606323242
71.61065673828125
57.42542266845703
63.701778411865234
25.068628311157227
54.98964309692383
60.48270034790039
28.662071228027344
35.10867691040039
61.10425567626953
30.620412826538086
73.5307388305664
36.45526885986328
36.500675201416016
60.123172760009766
42.45062255859375
52.30146026611328
32.68635559082031
38.04961013793945
52.172401428222656
39.731021881103516
36.85295104980469
48.56365966796875
33.169063568115234
27.492786407470703
34.88749694824219
17.075119018554688
37.34146499633789
60.45766067504883
43.35087585449219
48.48153305053711
63.61680221557617
22.329614639282227
32.51276779174805
26.051843643188477
39.6030158996582
42.48506164550781
39.29925537109375
34.25132369995117
63.209163665771484
65.28138732910156
46.65478515625
31.52261734008789
51.369667053222656
51.219688415527344
52.53445053100586
51.86753845214844
71.61800384521484
47.00490951538086
46.684478759765625
41.55316925048828
48.1454963684082
29.45974349975586
49.423133850097656
47.47709655761719
38.6583137512207
48.64854049682617
39.01250076293945
49.957061767578125
90.52313232421875
52.19781494140625
83.7212905883789
43.29560470581055
46.40734100341797
46.38383102416992
32.43632125854492
32.475379943847656
66.84556579589844
59.40374755859375
45.43484878540039
45.06673049926758
59.90802764892578
37.815147399902344
41.225772857666016
49.36847686767578
53.408111572265625
50.709022521972656
42.80427551269531
61.59696960449219
76.6131820678711
42.65986633300781
39.53057861328125
42.635990142822266
32.56917953491211
26.812152862548828
49.515377044677734
31.38396453857422
22.783641815185547
48.28065872192383
56.12520980834961
31.526859283447266
61.06561279296875
21.91619300842285
35.8376350402832
42.1979866027832
52.58905029296875
31.845609664916992
47.16831588745117
32.80859375
38.64577865600586
57.17148208618164
13.624177932739258
29.94937515258789
46.19504165649414
47.78468322753906
44.867958068847656
71.92204284667969
69.05056762695312
104.08990478515625
35.52128982543945
18.531024932861328
86.949462890625
39.74574279785156
47.5462646484375
49.073341369628906
30.75830078125
42.59431457519531
36.616336822509766
61.273990631103516
51.706520080566406
21.403284072875977
24.031888961791992
37.6245002746582
45.74352264404297
45.273590087890625
55.8153076171875
39.14469909667969
46.49008560180664
74.17353057861328
29.263675689697266
32.73710250854492
49.93642807006836
44.94318389892578
28.517135620117188
13.570504188537598
43.81975555419922
39.40366744995117
60.74079895019531
58.86505889892578
50.199039459228516
51.625179290771484
42.97979736328125
31.808380126953125
49.871944427490234
41.44320297241211
58.543121337890625
69.76587677001953
55.880157470703125
56.70622253417969
38.62120819091797
83.03237915039062
17.13990592956543
26.719654083251953
40.548866271972656
64.30754089355469
39.36768341064453
38.613773345947266
31.20894432067871
60.534603118896484
51.790069580078125
57.43403625488281
57.11647415161133
21.66222381591797
52.81037521362305
43.4356689453125
93.90904998779297
48.75849151611328
62.66971969604492
43.513851165771484
50.98487091064453
16.490497589111328
36.119049072265625
40.497528076171875
57.370609283447266
22.1668701171875
37.13886260986328
46.873294830322266
46.52404022216797
78.43299102783203
52.96466827392578
57.83932876586914
40.00510787963867
60.965274810791016
23.54499626159668
34.674808502197266
26.46561622619629
24.073593139648438
41.41017532348633
28.12249183654785
32.69179153442383
47.312496185302734
63.372005462646484
55.410057067871094
28.52352523803711
74.39636993408203
60.87214660644531
48.16096878051758
57.114723205566406
37.58097839355469
37.307796478271484
32.06560516357422
39.34123229980469
82.55752563476562
30.4442195892334
38.626861572265625
49.186336517333984
25.629667282104492
32.919246673583984
65.79943084716797
34.263885498046875
49.623779296875
48.49761199951172
29.730030059814453
51.15384292602539
45.415889739990234
49.40902328491211
37.612335205078125
61.713687896728516
20.280488967895508
39.31330490112305
27.744050979614258
47.543373107910156
61.063140869140625
38.546207427978516
27.78382110595703
51.060874938964844
51.8492431640625
27.23219108581543
66.19344329833984
49.60597229003906
35.74634552001953
50.63052749633789
46.12602233886719
55.04081344604492
45.527061462402344
98.73558044433594
37.52117919921875
58.57745361328125
67.659423828125
25.85205841064453
33.7313117980957
51.933570861816406
55.510498046875
33.90507888793945
44.46657943725586
83.73722076416016
59.06546401977539
60.416744232177734
63.11286926269531
58.727516174316406
34.99100875854492
22.07259750366211
70.99275207519531
49.737083435058594
24.222490310668945
75.50267028808594
26.239032745361328
48.139400482177734
56.77927780151367
44.414451599121094
46.53835678100586
32.040565490722656
60.373130798339844
49.08324432373047
36.85703659057617
37.275665283203125
41.25421905517578
51.16392135620117
35.13508605957031
35.2214469909668
34.87894058227539
60.46622848510742
49.686397552490234
69.08403015136719
56.34935760498047
63.17565155029297
34.613807678222656
45.00082015991211
48.510528564453125
53.87258529663086
69.27140808105469
59.162696838378906
27.30167579650879
69.85225677490234
46.490230560302734
37.77701950073242
59.45549392700195
45.96519470214844
60.64047622680664
60.03120803833008
69.09481048583984
42.21180725097656
51.968929290771484
36.97774887084961
19.888507843017578
26.716136932373047
91.47808837890625
53.85712814331055
29.41269874572754
24.196979522705078
22.370100021362305
67.96324157714844
52.84901428222656
52.711788177490234
43.5444450378418
28.452438354492188
60.779178619384766
22.649015426635742
64.08024597167969
30.650714874267578
27.405235290527344
67.998046875
45.82583236694336
37.1101188659668
28.1614933013916
46.373905181884766
35.82398986816406
33.92969512939453
52.032920837402344
42.73603820800781
37.62633514404297
61.1240234375
58.95774841308594
28.37584114074707
42.10614776611328
56.182029724121094
17.397695541381836
35.176429748535156
45.55975341796875
37.09436798095703
50.094608306884766
27.99876594543457
44.03221893310547
41.735572814941406
46.52191925048828
67.91146850585938
31.60011863708496
64.12852478027344
37.15907669067383
54.62629699707031
29.807430267333984
43.808773040771484
59.332523345947266
49.96705627441406
40.10000991821289
38.38016891479492
26.326196670532227
31.24131202697754
44.83042526245117
31.246929168701172
50.527442932128906
34.097877502441406
29.94886589050293
55.88991928100586
54.62564468383789
41.544029235839844
44.546714782714844
57.871578216552734
57.24843215942383
29.210468292236328
25.988418579101562
2.1423497200012207
57.331626892089844
51.704586029052734
42.156005859375
39.4099235534668
47.981590270996094
39.58767318725586
34.16940689086914
40.39912796020508
53.722415924072266
46.6318359375
42.623329162597656
41.19279479980469
44.21189498901367
29.73151969909668
79.3065414428711
63.67713165283203
30.31688117980957
31.634578704833984
66.8709487915039
13.126823425292969
72.1106185913086
25.973346710205078
43.489986419677734
39.59894943237305
51.04184341430664
44.751678466796875
37.551902770996094
50.22905731201172
40.0698356628418
40.28274917602539
43.8934326171875
39.627899169921875
49.894500732421875
55.0366325378418
45.64618682861328
53.662540435791016
87.41614532470703
41.373146057128906
62.0473518371582
42.20293045043945
27.81244468688965
20.915054321289062
31.487722396850586
25.374197006225586
40.38941192626953
53.91066360473633
46.88076400756836
51.71205139160156
29.816478729248047
47.66081619262695
33.354618072509766
59.15061569213867
15.931600570678711
48.24672317504883
25.34588050842285
63.85255432128906
51.86839294433594
33.90639877319336
59.17772674560547
67.20816040039062
20.79929542541504
30.41415786743164
64.18254852294922
62.792930603027344
63.62416076660156
42.03183364868164
30.718719482421875
43.01108932495117
35.778602600097656
47.47220993041992
27.18815803527832
45.10348129272461
38.85042190551758
40.852760314941406
37.02702331542969
38.63322067260742
43.598052978515625
34.906455993652344
41.81036376953125
82.77111053466797
79.34159088134766
28.0679874420166
73.97350311279297
30.64837074279785
68.28062438964844
42.201881408691406
53.43900680541992
30.94780921936035
33.670997619628906
28.513057708740234
47.373050689697266
6.074226379394531
40.644344329833984
57.23201370239258
56.052303314208984
46.41755676269531
21.62087631225586
38.92585754394531
53.04936981201172
48.037288665771484
53.043060302734375
37.21750259399414
39.26955032348633
49.675132751464844
24.13333511352539
60.868865966796875
38.711734771728516
30.476415634155273
49.604942321777344
23.680513381958008
18.39263153076172
41.822601318359375
51.900367736816406
32.60268783569336
40.14429473876953
54.71427917480469
56.54897689819336
25.90996742248535
49.29739761352539
48.90342330932617
38.115421295166016
38.5874137878418
34.95964050292969
36.97433853149414
24.569955825805664
44.86646270751953
44.916282653808594
24.234359741210938
68.19134521484375
68.57026672363281
33.53657531738281
65.52600860595703
69.82290649414062
67.06259155273438
66.58277130126953
33.68162155151367
40.508785247802734
36.645164489746094
32.70489501953125
39.7560920715332
42.24887466430664
43.93687438964844
44.715415954589844
37.2203369140625
58.521995544433594
55.004390716552734
16.978822708129883
48.24468231201172
37.47133255004883
34.60246658325195
41.13336944580078
42.177330017089844
40.88080596923828
57.65184783935547
23.90639877319336
76.1844253540039
43.90549087524414
51.55345153808594
42.4904899597168
34.67739486694336
34.950706481933594
37.61532211303711
30.60886573791504
41.51879119873047
48.846126556396484
43.41753005981445
37.203948974609375
53.8763542175293
37.38134002685547
65.65862274169922
32.67840576171875
21.421934127807617
26.13100814819336
52.58592987060547
21.746356964111328
41.08517837524414
31.887008666992188
53.94624710083008
59.56782913208008
46.15797424316406
36.794960021972656
56.334388732910156
64.25999450683594
47.378509521484375
39.8226318359375
62.863094329833984
47.770973205566406
29.85546112060547
92.55271911621094
21.546463012695312
17.6722354888916
39.75444412231445
47.47361373901367
31.288156509399414
25.606128692626953
61.641876220703125
30.835411071777344
62.95955276489258
53.73613357543945
25.876296997070312
49.9432258605957
64.15752410888672
61.817413330078125
67.38328552246094
53.595428466796875
39.78530502319336
57.604827880859375
23.279680252075195
26.64228630065918
15.326533317565918
76.80123901367188
31.308807373046875
58.615020751953125
50.3401985168457
67.05445098876953
49.07746124267578
52.46893310546875
47.684478759765625
44.74527359008789
56.587215423583984
49.71906280517578
24.926433563232422
59.28304672241211
34.86931228637695
72.87265014648438
33.756256103515625
34.59571075439453
38.88320541381836
63.0057487487793
23.83527946472168
35.919498443603516
34.1950798034668
38.92096710205078
43.316810607910156
32.42228698730469
35.57331085205078
30.3830509185791
42.78697967529297
32.16518020629883
61.26181411743164
37.75108337402344
27.930892944335938
46.059959411621094
50.23473358154297
53.19741439819336
48.9906120300293
13.689867973327637
43.68709182739258
60.25248718261719
47.6445198059082
44.68711853027344
65.74051666259766
26.174942016601562
40.65310287475586
35.97447204589844
37.27593231201172
52.60490798950195
40.320308685302734
70.75200653076172
66.29370880126953
20.423505783081055
48.76520538330078
51.731781005859375
74.90007019042969
33.1506233215332
39.98005294799805
42.38399887084961
38.34650802612305
64.845703125
66.45967102050781
46.63648986816406
73.1553726196289
42.98529052734375
27.264278411865234
11.654627799987793
63.42160415649414
36.44890594482422
37.82044982910156
42.039031982421875
55.59619903564453
79.16463470458984
8.855392456054688
67.63961791992188
54.2205696105957
59.1439208984375
67.2400894165039
51.07069396972656
70.2028579711914
77.52391815185547
63.163780212402344
10.5916166305542
29.03482437133789
46.262237548828125
40.52800750732422
30.453344345092773
31.688907623291016
52.06098175048828
62.89579772949219
43.70254135131836
71.21959686279297
66.3965072631836
30.577011108398438
36.14834213256836
28.734899520874023
45.55824279785156
26.33775520324707
76.72212219238281
32.89767837524414
28.785612106323242
43.482730865478516
33.81249237060547
48.04999542236328
73.2975845336914
37.789039611816406
46.58466720581055
28.709163665771484
51.158451080322266
34.56694030761719
49.50551223754883
50.97469711303711
40.98265838623047
42.1429443359375
55.085636138916016
41.68399429321289
66.26931762695312
51.44834518432617
79.18296813964844
30.837087631225586
51.12138366699219
11.890239715576172
20.032686233520508
65.53986358642578
42.19950866699219
26.30855941772461
34.982913970947266
56.4537239074707
40.353240966796875
22.247047424316406
28.186012268066406
47.83760070800781
40.97574234008789
47.79689407348633
49.661865234375
60.64800262451172
62.20791244506836
22.062623977661133
39.185455322265625
30.459033966064453
36.29386901855469
46.970375061035156
40.61682891845703
53.952083587646484
28.91184425354004
41.63435745239258
29.784021377563477
46.24289321899414
43.198123931884766
58.82611083984375
61.80742645263672
40.35236740112305
47.9449462890625
32.93733596801758
39.81303024291992
63.60000991821289
36.89080810546875
29.92844581604004
62.855716705322266
34.31300735473633
26.141454696655273
54.394229888916016
32.333438873291016
34.032291412353516
41.3509521484375
64.03558349609375
64.30204010009766
33.890445709228516
53.53455352783203
55.75510787963867
67.65602111816406
54.381351470947266
56.0937614440918
74.9775390625
49.67776107788086
34.767948150634766
44.423194885253906
48.79436492919922
37.119598388671875
49.86216354370117
33.465885162353516
31.57152557373047
63.21236801147461
23.844167709350586
44.207340240478516
47.71849822998047
54.02513885498047
35.41082763671875
23.16455078125
16.828096389770508
45.58005142211914
36.68687438964844
44.816280364990234
42.402156829833984
48.32784652709961
71.79590606689453
26.906686782836914
53.407711029052734
48.430320739746094
34.04169464111328
34.614803314208984
56.07470703125
29.00214195251465
41.3013916015625
60.289939880371094
49.718448638916016
37.282047271728516
43.65847396850586
25.593963623046875
20.61016082763672
35.80599594116211
21.87430191040039
25.169517517089844
45.840293884277344
61.797325134277344
43.03528594970703
47.8360710144043
43.325294494628906
70.62861633300781
43.85919189453125
57.332523345947266
47.8078727722168
39.57704162597656
49.774044036865234
60.93769454956055
32.44273376464844
38.704566955566406
39.539276123046875
77.40190887451172
53.958580017089844
28.483266830444336
34.67009735107422
31.080425262451172
64.46810913085938
59.61756896972656
51.86090850830078
29.388853073120117
64.77389526367188
43.51221466064453
40.49980163574219
47.201271057128906
76.605712890625
44.588863372802734
20.72184944152832
42.134429931640625
57.52322769165039
54.2487678527832
55.623172760009766
39.31170654296875
68.98820495605469
47.42103958129883
40.57384490966797
41.01137924194336
73.96196746826172
56.159427642822266
25.55970573425293
42.448265075683594
30.594497680664062
57.50120162963867
40.348690032958984
40.716407775878906
47.48202133178711
47.14915466308594
29.914033889770508
48.715118408203125
37.58933639526367
22.31668472290039
55.477352142333984
52.44071960449219
47.0013427734375
38.40351486206055
41.29948043823242
49.32904815673828
36.25604248046875
67.77971649169922
77.72227478027344
50.271636962890625
38.392845153808594
51.41339874267578
35.67905044555664
26.821813583374023
62.984283447265625
51.0439338684082
15.226202011108398
16.99805450439453
48.9127197265625
48.843563079833984
47.928104400634766
35.100746154785156
32.50587463378906
50.75507354736328
59.2777099609375
40.34049606323242
47.20328903198242
60.318580627441406
28.457059860229492
37.36114501953125
68.77088928222656
40.22444534301758
72.65453338623047
49.8620491027832
76.49856567382812
34.531070709228516
29.266653060913086
32.698036193847656
36.73324966430664
52.227882385253906
22.524173736572266
74.62567901611328
40.151222229003906
49.56742477416992
55.05019760131836
48.3961067199707
63.33419418334961
38.878849029541016
20.25324821472168
43.54375457763672
44.966026306152344
48.44330978393555
29.454666137695312
28.986209869384766
34.2353630065918
33.95398712158203
49.36853790283203
35.18910217285156
53.91142654418945
42.510009765625
50.185157775878906
55.492401123046875
53.51000213623047
32.9659423828125
47.7563362121582
59.34161376953125
29.6958065032959
24.514190673828125
44.98731994628906
36.38703918457031
74.31954193115234
48.83502960205078
75.07345581054688
50.56599426269531
41.733219146728516
26.80694580078125
41.767906188964844
57.01603698730469
59.81709289550781
44.006187438964844
46.39223098754883
29.065786361694336
73.45233154296875
34.62492752075195
19.79322052001953
65.9305648803711
59.18403244018555
58.708988189697266
48.09672546386719
33.72660827636719
83.0942153930664
41.711761474609375
46.588436126708984
80.7612533569336
54.062503814697266
32.510318756103516
27.203886032104492
41.8129997253418
39.22595977783203
43.01407241821289
20.129064559936523
34.994815826416016
32.731468200683594
47.466224670410156
37.93665313720703
44.55485916137695
37.48623275756836
22.537565231323242
23.155427932739258
53.43769836425781
46.365909576416016
40.691986083984375
57.92058563232422
28.653249740600586
40.12451934814453
48.56087875366211
80.23734283447266
45.083072662353516
43.21223449707031
59.611270904541016
52.36740493774414
50.94551086425781
31.708009719848633
33.79079055786133
58.516605377197266
55.296878814697266
55.212608337402344
45.10709762573242
35.307594299316406
42.89555358886719
42.99700164794922
36.916831970214844
34.57331848144531
42.92583465576172
0.7865750789642334
36.40523910522461
27.89007568359375
49.79862594604492
34.59001159667969
32.6666374206543
40.09660720825195
47.903778076171875
17.41788101196289
57.53846740722656
56.65169143676758
40.32758712768555
30.61298370361328
48.01729965209961
41.85496520996094
70.56829833984375
29.94911766052246
59.168792724609375
54.645179748535156
40.622276306152344
63.9751091003418
43.78092575073242
58.61390686035156
30.591026306152344
22.726329803466797
47.29240417480469
29.276771545410156
73.2806167602539
42.55097961425781
48.8482780456543
87.49515533447266
60.20991897583008
55.144203186035156
53.73322296142578
61.090335845947266
23.19417953491211
30.915414810180664
33.33957290649414
34.08045196533203
35.91967010498047
51.13327407836914
53.743865966796875
45.873008728027344
33.954559326171875
43.9869499206543
54.09596633911133
51.76420211791992
40.500213623046875
50.41716003417969
44.04533767700195
39.94966125488281
39.414310455322266
55.356544494628906
32.018768310546875
45.4552116394043
42.881736755371094
38.86599349975586
49.57617950439453
43.53616714477539
68.4094009399414
43.72274398803711
32.67068862915039
41.012107849121094
30.235450744628906
22.951156616210938
76.13407135009766
61.639320373535156
21.437442779541016
40.24061584472656
28.46676254272461
45.539390563964844
70.44474792480469
49.382728576660156
49.200748443603516
42.6328125
28.944137573242188
38.440773010253906
65.38402557373047
38.23173141479492
43.23783493041992
39.09233474731445
28.813072204589844
69.48751831054688
56.90086364746094
37.675636291503906
36.71724319458008
44.324501037597656
43.224632263183594
49.22272872924805
34.0811882019043
60.537288665771484
78.00345611572266
34.08225631713867
30.42524528503418
55.08930587768555
32.462852478027344
35.08168029785156
24.162830352783203
28.162841796875
35.5056266784668
30.47899627685547
19.765684127807617
47.21996307373047
38.68775939941406
46.18546676635742
42.073638916015625
68.16756439208984
48.652286529541016
26.955045700073242
31.753799438476562
41.36612319946289
35.537540435791016
69.31121063232422
27.39310073852539
58.294578552246094
79.8695297241211
66.55867004394531
38.07004928588867
40.35892105102539
39.061378479003906
26.653152465820312
36.033267974853516
54.536991119384766
15.976881980895996
53.7210578918457
41.55480194091797
41.94443130493164
40.48217010498047
38.577274322509766
45.13982009887695
56.550540924072266
76.03662872314453
49.5377082824707
48.44043731689453
29.561874389648438
61.71999740600586
56.327335357666016
38.590431213378906
49.98816680908203
62.223121643066406
18.70516014099121
22.629873275756836
36.72621536254883
46.62371826171875
58.528987884521484
51.305301666259766
46.103111267089844
42.708255767822266
68.5201187133789
50.727210998535156
63.04001235961914
39.95299530029297
48.498172760009766
59.73885726928711
50.52631378173828
33.67852783203125
69.52484893798828
31.854568481445312
53.73725509643555
45.58567428588867
46.90447998046875
63.36376953125
50.038204193115234
35.42563247680664
39.5215950012207
26.99611473083496
34.962772369384766
63.17879867553711
55.742340087890625
39.02345275878906
38.57390213012695
39.70254135131836
30.04174041748047
40.482765197753906
44.094947814941406
24.462764739990234
43.687705993652344
48.85071563720703
45.91339111328125
51.867584228515625
58.165863037109375
23.61515235900879
41.77975082397461
54.905609130859375
39.33059310913086
63.00449752807617
28.76792335510254
52.18327331542969
32.47170639038086
19.459245681762695
23.643423080444336
44.76974105834961
51.18733215332031
38.949546813964844
64.26152038574219
37.14418029785156
33.95637893676758
71.31122589111328
37.21269989013672
59.52182388305664
63.5948371887207
30.646961212158203
29.443735122680664
55.192630767822266
36.78134536743164
61.178462982177734
62.745601654052734
62.0976676940918
79.16181182861328
56.021636962890625
36.114749908447266
47.268096923828125
30.91399574279785
52.94834899902344
56.21211624145508
36.4453125
44.904605865478516
54.05894470214844
35.67261505126953
71.35285949707031
57.4860725402832
47.29111099243164
71.82502746582031
22.031829833984375
28.660526275634766
42.70463943481445
62.6800422668457
58.58739471435547
43.74974060058594
52.20539474487305
48.535430908203125
34.5849723815918
80.06354522705078
37.05654525756836
60.47835922241211
55.0456428527832
29.025514602661133
34.113975524902344
41.7459602355957
47.800201416015625
32.99880599975586
53.16395568847656
60.13547134399414
53.39349365234375
22.2353572845459
46.48054504394531
48.59819412231445
76.35282897949219
54.2205924987793
41.713138580322266
24.157211303710938
43.90095520019531
53.3670768737793
35.74055480957031
32.807682037353516
51.66309356689453
71.14383697509766
42.1810302734375
23.258508682250977
28.455135345458984
51.80744552612305
47.44203186035156
29.322450637817383
54.461883544921875
62.495147705078125
21.166297912597656
72.06214904785156
55.53776931762695
17.926984786987305
52.2696647644043
25.8770694732666
41.74979782104492
61.34740447998047
58.24732971191406
27.887676239013672
32.9442024230957
45.92677307128906
36.922794342041016
39.13421630859375
45.810691833496094
44.3025016784668
45.644676208496094
53.29386901855469
58.75868225097656
40.838802337646484
57.06153869628906
56.40372848510742
28.80218505859375
34.24668884277344
47.92331314086914
35.94194412231445
55.939388275146484
46.349151611328125
16.703744888305664
18.933744430541992
32.72230911254883
37.93912887573242
75.1529312133789
38.136051177978516
36.011775970458984
25.846412658691406
28.374711990356445
25.14203453063965
80.05840301513672
35.49501037597656
29.744569778442383
25.63435173034668
34.7595100402832
51.860450744628906
54.75444030761719
49.0920524597168
27.00257682800293
42.489498138427734
27.885805130004883
19.37320327758789
28.46887969970703
30.780580520629883
36.2995719909668
18.223896026611328
35.027809143066406
50.504722595214844
52.85459899902344
51.07963562011719
57.21138381958008
40.716739654541016
59.58158493041992
32.93543243408203
34.02460861206055
28.206005096435547
84.56645965576172
69.11675262451172
61.434722900390625
63.05694580078125
58.2532844543457
63.03240203857422
46.78546905517578
62.35493469238281
57.66748809814453
55.45143127441406
46.40185546875
80.8984375
43.915771484375
19.801794052124023
59.46002197265625
25.720447540283203
64.2593002319336
28.663002014160156
57.95429611206055
40.41282653808594
73.461181640625
72.91077423095703
45.919898986816406
45.60489273071289
38.58631896972656
25.965917587280273
50.610984802246094
53.039573669433594
63.694087982177734
45.88237380981445
72.50981140136719
44.708377838134766
47.146629333496094
50.14353561401367
53.82638931274414
57.33552932739258
68.1149673461914
34.360408782958984
54.6021614074707
54.55695724487305
27.18783950805664
41.2596435546875
58.57767105102539
20.98178482055664
66.9027328491211
25.05527687072754
54.621917724609375
62.988059997558594
54.94484329223633
55.07352066040039
74.04583740234375
35.7346305847168
39.931640625
47.81107711791992
53.628173828125
38.95735549926758
58.69061279296875
24.591520309448242
28.089523315429688
48.205345153808594
28.655649185180664
64.43924713134766
54.071956634521484
32.957183837890625
31.321979522705078
46.92658996582031
27.96275520324707
45.88810348510742
44.070343017578125
62.651493072509766
50.1246223449707
40.1778678894043
22.843963623046875
31.115766525268555
45.78717041015625
19.574033737182617
52.33256149291992
62.74270248413086
49.7756233215332
40.38865661621094
43.63719177246094
60.131046295166016
58.3212890625
52.125938415527344
28.930469512939453
54.73476791381836
14.328352928161621
54.59797668457031
50.1060791015625
31.417800903320312
41.71904373168945
42.83452606201172
43.59939193725586
55.537906646728516
64.59550476074219
22.72188377380371
31.547861099243164
40.2188720703125
11.523516654968262
50.353416442871094
37.74760818481445
42.575401306152344
38.428768157958984
62.01519012451172
35.94309997558594
39.185813903808594
67.09861755371094
39.55760955810547
47.830814361572266
54.6751594543457
48.86717224121094
39.25794982910156
39.80222702026367
34.76703643798828
37.560447692871094
55.55081558227539
31.013826370239258
22.80107879638672
41.97418212890625
35.81818389892578
30.536529541015625
23.8343563079834
71.7781982421875
56.98239517211914
19.5507869720459
36.33576965332031
27.099769592285156
39.49837112426758
35.336910247802734
42.28999328613281
44.90949249267578
25.326744079589844
63.26751708984375
76.30204772949219
77.19391632080078
60.610809326171875
60.35285949707031
51.545101165771484
43.09590148925781
37.25927734375
50.15016174316406
49.46742630004883
57.79505157470703
58.608951568603516
59.07999801635742
58.68963623046875
47.85334396362305
55.95261764526367
43.36279296875
41.43458938598633
65.45919799804688
49.87971496582031
78.85395812988281
29.565486907958984
41.97860336303711
41.029014587402344
44.42329406738281
66.4170913696289
25.570993423461914
75.709716796875
47.5355110168457
60.42652130126953
9.551835060119629
34.8913459777832
43.45732879638672
52.900970458984375
61.17206573486328
65.73342895507812
41.8095588684082
62.25764083862305
42.93870162963867
71.36344146728516
33.770687103271484
78.33719635009766
28.822673797607422
57.68178939819336
59.023921966552734
53.1395149230957
53.3865966796875
31.982402801513672
56.2982292175293
44.49188232421875
18.30348777770996
50.57950973510742
31.7515811920166
36.93449020385742
21.885940551757812
40.80238723754883
57.196311950683594
31.19535255432129
49.36550521850586
50.9184684753418
56.7110595703125
70.73998260498047
56.05216598510742
35.70928192138672
33.83267593383789
31.020261764526367
52.743614196777344
42.5649528503418
24.04221534729004
49.24979019165039
39.33386993408203
56.04658126831055
43.790443420410156
40.2083740234375
13.765859603881836
63.454559326171875
25.8507022857666
46.97445297241211
76.49658203125
50.483760833740234
58.49470520019531
66.42536163330078
56.22665786743164
66.25192260742188
25.86821746826172
50.015586853027344
76.80003356933594
76.2935791015625
30.568767547607422
60.72129821777344
60.600467681884766
49.52278137207031
33.79608154296875
50.736572265625
29.95604705810547
34.66728210449219
23.153322219848633
32.62116241455078
53.99190902709961
39.571144104003906
55.77106475830078
54.36860275268555
46.01911926269531
47.438438415527344
55.26828384399414
56.93683624267578
66.7867431640625
37.46158981323242
37.279972076416016
35.079856872558594
39.16591262817383
25.348731994628906
22.1446475982666
65.0779800415039
84.25233459472656
32.02656936645508
50.156978607177734
37.092445373535156
58.305633544921875
34.190067291259766
44.62226104736328
51.620235443115234
44.475067138671875
27.596477508544922
50.160255432128906
44.61900329589844
45.1416015625
28.27164649963379
52.35610580444336
38.44417953491211
55.777748107910156
46.81795120239258
50.24087142944336
52.05447006225586
59.82216262817383
33.421749114990234
42.20773696899414
45.2920036315918
62.91889572143555
27.265836715698242
45.877220153808594
35.4045524597168
38.248741149902344
58.93692398071289
54.668678283691406
27.6962947845459
45.275909423828125
53.524024963378906
44.27385711669922
20.12605857849121
40.43122482299805
28.044071197509766
33.79936218261719
16.187829971313477
61.977210998535156
49.53728485107422
60.80487823486328
55.44702911376953
22.825210571289062
