85.94933319091797
46.893524169921875
29.450607299804688
63.106266021728516
39.62064743041992
43.1513786315918
44.727474212646484
41.91510772705078
60.92692565917969
35.58948516845703
61.33324432373047
44.827083587646484
31.46105194091797
52.22229766845703
35.31158447265625
57.133548736572266
30.628427505493164
39.84328079223633
63.904239654541016
43.77674102783203
62.12031936645508
63.376251220703125
44.572021484375
60.569114685058594
26.866161346435547
52.0679931640625
64.09405517578125
41.958831787109375
45.24032211303711
62.557987213134766
42.22291946411133
59.46440887451172
61.04376220703125
49.06719207763672
61.21030807495117
53.73194885253906
51.42552947998047
50.97872543334961
55.22334289550781
33.7655029296875
62.04623031616211
22.674211502075195
48.942020416259766
19.084054946899414
56.392093658447266
58.51592254638672
38.514427185058594
48.89460754394531
39.322425842285156
82.85860443115234
68.10260009765625
30.704607009887695
51.787208557128906
47.24142837524414
55.05576705932617
63.034393310546875
53.221500396728516
37.104393005371094
30.778541564941406
59.77851486206055
55.82308578491211
47.43819808959961
77.73760986328125
18.43246841430664
53.196632385253906
61.351444244384766
37.23028564453125
61.90873718261719
43.464656829833984
52.15358352661133
59.535430908203125
74.79251098632812
19.849414825439453
64.82010650634766
32.37204360961914
43.474220275878906
52.424903869628906
62.138057708740234
34.759159088134766
48.78934860229492
42.748863220214844
57.43242263793945
56.382415771484375
42.933040618896484
33.91292953491211
43.14427947998047
63.11972427368164
61.8912467956543
40.92103958129883
36.32044982910156
45.72590255737305
62.72837448120117
52.85203552246094
69.09571075439453
57.440860748291016
63.758602142333984
46.252174377441406
56.0517463684082
64.4779281616211
34.363914489746094
49.91572952270508
44.40633010864258
55.368595123291016
70.0233154296875
64.0255355834961
42.87032699584961
63.51206588745117
37.697574615478516
43.425628662109375
27.142671585083008
46.7822380065918
32.12718200683594
39.73091506958008
29.170209884643555
67.68540954589844
49.03941345214844
62.78491973876953
64.42424011230469
65.11456298828125
79.00443267822266
40.734107971191406
68.60566711425781
32.655555725097656
89.62421417236328
39.96477127075195
57.10361099243164
41.907073974609375
54.648353576660156
34.55180740356445
32.394588470458984
35.408485412597656
61.75825119018555
54.031856536865234
44.71949768066406
43.72955322265625
81.61566925048828
79.38208770751953
41.28408432006836
24.7869873046875
19.270456314086914
72.77323913574219
40.92411804199219
54.392250061035156
49.91708755493164
53.30561447143555
46.834041595458984
39.252906799316406
20.36187171936035
48.20994186401367
62.441532135009766
57.068443298339844
51.108734130859375
51.07572937011719
65.53727722167969
66.13878631591797
42.9251594543457
42.89390182495117
45.9901008605957
40.22486114501953
55.667266845703125
67.72270202636719
47.965301513671875
55.34353256225586
47.03681564331055
28.640687942504883
42.16340637207031
23.77121353149414
52.19639205932617
45.77177429199219
24.604467391967773
54.382545471191406
64.2597885131836
21.849184036254883
70.22735595703125
36.72917938232422
67.54747009277344
66.05813598632812
54.8184928894043
57.02873992919922
51.52439880371094
92.06397247314453
49.582275390625
61.282920837402344
39.55818176269531
63.467498779296875
28.012605667114258
54.66128158569336
27.757869720458984
35.192264556884766
59.16086959838867
41.68734359741211
31.05490493774414
69.69628143310547
72.17350769042969
34.62165832519531
14.107523918151855
55.90380096435547
56.615264892578125
15.93886661529541
58.43644332885742
35.07223892211914
47.40909957885742
62.09431838989258
44.05907440185547
77.92176818847656
25.467899322509766
71.67561340332031
76.60730743408203
71.22229766845703
46.06707763671875
54.96070861816406
45.234230041503906
52.67771911621094
31.094032287597656
59.99557113647461
34.820106506347656
54.31005096435547
57.964988708496094
47.58979415893555
44.71937942504883
17.45874786376953
21.913570404052734
56.10436248779297
49.69767379760742
45.7033805847168
102.36921691894531
38.28378677368164
49.9742546081543
69.730224609375
41.29338836669922
35.61320495605469
69.24821472167969
73.90161895751953
45.987789154052734
67.34832763671875
28.784528732299805
53.92634963989258
51.98444366455078
54.516021728515625
36.08182907104492
24.8863468170166
41.31755828857422
54.34293746948242
28.020689010620117
42.49760437011719
35.406654357910156
56.827125549316406
45.50737762451172
62.837886810302734
45.06035232543945
67.73025512695312
34.66837692260742
41.860939025878906
64.7521743774414
56.762306213378906
50.03191375732422
47.17888259887695
31.975088119506836
50.928043365478516
12.651333808898926
72.1549072265625
47.93900680541992
45.01551818847656
40.93234634399414
53.77473449707031
40.01043701171875
72.32379150390625
45.520118713378906
44.04246139526367
59.290672302246094
42.58366394042969
23.66111183166504
44.363033294677734
29.9819278717041
54.03627395629883
87.62622833251953
46.243492126464844
21.1679744720459
54.56721496582031
52.93110656738281
57.0890998840332
43.996307373046875
77.69194793701172
48.67129135131836
67.58460235595703
64.45399475097656
53.58064270019531
72.61864471435547
52.811885833740234
58.4267692565918
28.016935348510742
38.523738861083984
62.440311431884766
28.638641357421875
61.1064567565918
62.791908264160156
37.46122360229492
39.568965911865234
28.756948471069336
45.12914276123047
52.99039077758789
52.4989128112793
57.113643646240234
51.874019622802734
42.9329833984375
59.089500427246094
44.762001037597656
60.13287353515625
38.184757232666016
25.0244197845459
37.72215270996094
20.54083251953125
42.38433074951172
64.59821319580078
74.40311431884766
52.72560119628906
38.7002067565918
32.391357421875
37.03438186645508
44.9382438659668
69.0788803100586
72.98394012451172
58.75296401977539
43.07804870605469
28.868663787841797
35.19096755981445
45.56610107421875
60.54510498046875
41.56538009643555
55.202903747558594
46.71088409423828
44.582008361816406
46.212520599365234
46.49504852294922
47.91503143310547
52.87551498413086
65.63751220703125
53.385169982910156
45.83266830444336
56.88572311401367
77.35638427734375
63.145668029785156
24.8474063873291
47.65742492675781
35.196128845214844
75.19000244140625
52.94633865356445
57.684993743896484
37.24897384643555
68.84032440185547
86.11469268798828
72.19978332519531
67.85116577148438
42.23881912231445
49.31522750854492
41.387367248535156
52.51662826538086
52.22365188598633
50.556060791015625
38.918983459472656
83.77265167236328
70.53279113769531
57.52288818359375
47.01293182373047
47.05507278442383
59.91488265991211
46.80837631225586
40.608367919921875
60.303096771240234
32.08405685424805
58.01961898803711
55.591068267822266
40.2454948425293
43.32737350463867
67.19583892822266
45.321659088134766
64.02499389648438
21.609291076660156
49.908843994140625
67.39080047607422
55.51033020019531
52.07066345214844
20.874412536621094
65.59382629394531
53.39658737182617
50.52180480957031
79.17398071289062
55.329044342041016
63.341766357421875
44.0120849609375
34.825401306152344
28.212684631347656
76.15701293945312
71.93449401855469
24.579774856567383
36.93344497680664
59.345703125
67.24811553955078
29.17333221435547
33.08798599243164
30.1031436920166
29.57392120361328
33.043357849121094
28.97190284729004
61.708736419677734
50.20299530029297
62.87809753417969
50.68216323852539
33.94687271118164
35.20903015136719
82.73027038574219
55.38446044921875
53.100555419921875
51.923622131347656
31.818801879882812
50.41090393066406
63.33299255371094
33.818817138671875
56.023284912109375
36.42691421508789
44.0313720703125
57.425926208496094
83.29462432861328
66.7994155883789
54.69101333618164
21.96791648864746
57.28348159790039
42.73467254638672
41.430789947509766
41.65340042114258
33.2245979309082
54.72749328613281
64.91490936279297
48.02387619018555
36.86155700683594
40.3820686340332
56.12504196166992
22.945575714111328
59.63701629638672
38.40460968017578
44.158390045166016
85.10924530029297
88.97562408447266
51.835960388183594
37.81611251831055
31.058940887451172
45.1521110534668
60.906150817871094
44.93789291381836
19.33263397216797
41.7313117980957
41.55784225463867
52.855411529541016
19.362586975097656
35.10812759399414
62.07891082763672
41.51453399658203
46.858306884765625
47.96174240112305
49.939998626708984
53.127830505371094
41.01546859741211
59.4498291015625
61.83458709716797
85.09693145751953
57.494571685791016
17.55181312561035
22.513652801513672
65.27107238769531
58.04936218261719
54.14524459838867
48.121524810791016
36.07486343383789
86.08226776123047
72.41027069091797
42.595638275146484
40.189292907714844
61.096824645996094
56.713905334472656
29.72980499267578
40.10020065307617
41.3579216003418
29.46965980529785
55.60315704345703
39.731117248535156
77.15628051757812
26.235671997070312
62.01221466064453
62.87328338623047
49.01641082763672
54.82688522338867
101.2967529296875
58.08414077758789
32.63447952270508
66.48716735839844
21.510818481445312
80.93363189697266
56.3217887878418
60.134098052978516
47.35469436645508
70.89500427246094
32.39685821533203
49.012813568115234
26.10197639465332
30.188478469848633
55.915313720703125
48.56745910644531
49.37482833862305
52.50989532470703
47.065879821777344
50.46207046508789
50.96489715576172
21.57009506225586
36.4061164855957
50.92903518676758
39.02433776855469
54.92018508911133
45.249271392822266
43.54465103149414
44.28561782836914
37.89502716064453
63.82804489135742
32.89066696166992
45.989837646484375
47.8242073059082
44.762176513671875
53.453678131103516
46.69927978515625
42.528114318847656
54.399085998535156
22.442350387573242
57.39060592651367
47.35213851928711
56.732513427734375
20.78988265991211
51.06321716308594
30.939674377441406
58.52635955810547
29.543720245361328
62.271236419677734
86.69434356689453
27.47787857055664
57.44265365600586
36.334068298339844
64.77222442626953
63.45554733276367
43.242435455322266
24.41322135925293
31.076078414916992
50.016910552978516
33.72404479980469
54.98687744140625
52.2904167175293
37.72663497924805
56.038055419921875
24.4067325592041
49.49342727661133
46.83409881591797
54.972633361816406
24.413095474243164
52.708614349365234
81.0827407836914
62.393280029296875
32.98197937011719
31.655010223388672
46.29237747192383
87.36113739013672
42.76421356201172
69.99433135986328
55.9798469543457
39.285804748535156
56.416046142578125
51.83013153076172
34.213993072509766
53.579620361328125
62.26356887817383
55.620243072509766
37.19722366333008
47.358726501464844
32.27317428588867
26.39415168762207
49.70238494873047
27.33693504333496
54.6870231628418
59.18815994262695
55.74944305419922
54.523712158203125
45.778011322021484
49.69184875488281
49.51142501831055
42.303497314453125
51.20880889892578
81.76446533203125
34.60445022583008
34.57999038696289
48.6402473449707
49.523040771484375
49.82779312133789
45.5953369140625
31.10083770751953
44.98775863647461
43.936859130859375
56.9678840637207
57.215877532958984
63.472232818603516
46.06830978393555
28.35172462463379
33.471519470214844
69.5180892944336
42.586822509765625
36.787635803222656
37.789371490478516
18.74239158630371
20.376237869262695
64.47310638427734
32.812686920166016
42.78346252441406
23.241268157958984
53.122108459472656
54.476261138916016
45.75239181518555
15.860130310058594
38.34305953979492
49.702857971191406
49.16707992553711
34.05125427246094
46.28215789794922
43.986080169677734
35.52674102783203
27.93871307373047
44.66629409790039
38.302528381347656
36.37885665893555
56.66421890258789
72.60638427734375
53.736209869384766
54.10715866088867
28.472549438476562
41.210853576660156
58.02434158325195
59.02781295776367
41.159584045410156
36.15020751953125
44.317813873291016
53.43691635131836
53.877445220947266
73.39848327636719
35.22570037841797
24.0048885345459
33.183441162109375
48.868465423583984
47.60554122924805
43.21433639526367
53.675804138183594
69.96015930175781
29.731691360473633
55.12116241455078
67.76998901367188
38.33069610595703
32.18015670776367
44.09653091430664
83.38939666748047
46.69208526611328
71.15572357177734
56.4348030090332
40.04434585571289
20.037822723388672
45.621253967285156
67.99866485595703
61.6711540222168
54.356536865234375
48.307674407958984
27.882421493530273
77.58851623535156
47.206581115722656
75.39842987060547
57.79772186279297
36.585906982421875
58.141780853271484
53.978546142578125
58.18620300292969
91.8902816772461
82.0321273803711
58.411746978759766
42.57210159301758
41.71274185180664
61.3249626159668
38.59554672241211
10.199345588684082
64.01303100585938
33.84696960449219
40.92032241821289
43.10470199584961
37.39794158935547
69.59646606445312
57.99995040893555
59.347869873046875
52.79285430908203
45.06957244873047
37.7311897277832
32.206260681152344
36.18510437011719
34.701419830322266
58.90290451049805
46.981468200683594
49.62224578857422
27.4874267578125
48.53953170776367
67.38378143310547
41.30250930786133
53.17585754394531
52.01403045654297
44.06032943725586
36.005760192871094
57.235313415527344
42.00501251220703
37.000797271728516
51.39157485961914
54.31352615356445
27.46656608581543
34.19969177246094
38.79532241821289
49.01897430419922
70.9155044555664
39.64942169189453
49.95646667480469
51.45994567871094
27.434690475463867
40.45533752441406
78.43184661865234
31.48496437072754
40.74198913574219
51.15317916870117
76.03590393066406
40.076656341552734
29.070112228393555
37.524269104003906
61.47658157348633
29.45062255859375
59.11437225341797
35.30125427246094
57.32562255859375
33.479373931884766
42.28819274902344
62.535465240478516
82.40412139892578
55.14482879638672
35.50605010986328
82.78753662109375
51.99135971069336
67.35980987548828
37.21602249145508
48.2702751159668
55.388118743896484
72.8694839477539
40.785614013671875
37.39740753173828
64.87113189697266
34.332008361816406
54.011287689208984
33.93875503540039
57.03482437133789
32.226741790771484
47.27540969848633
53.419281005859375
49.27930450439453
58.61484146118164
46.41764450073242
56.855133056640625
58.74726104736328
41.04922103881836
63.05899429321289
42.62691116333008
27.677404403686523
68.81655883789062
37.251495361328125
20.576765060424805
45.07963562011719
52.42670822143555
41.59530258178711
18.450740814208984
58.039817810058594
70.25199127197266
56.93168258666992
51.8261833190918
20.722753524780273
56.81049728393555
61.786598205566406
53.389625549316406
56.08499526977539
67.09162902832031
23.526430130004883
19.35416030883789
58.680965423583984
73.78523254394531
48.887115478515625
56.842918395996094
58.16925048828125
52.78498458862305
48.653160095214844
30.08556365966797
41.843570709228516
58.72126007080078
21.195777893066406
62.024925231933594
47.60038757324219
46.99134826660156
41.734100341796875
83.18653869628906
90.42407989501953
36.72291564941406
48.260009765625
21.498720169067383
47.97336196899414
39.42129898071289
42.955196380615234
46.460784912109375
53.21177673339844
23.73676109313965
38.24457550048828
41.29991149902344
42.00407791137695
47.92060089111328
72.60152435302734
51.63100051879883
39.510013580322266
43.57754135131836
59.39425277709961
10.673575401306152
50.824344635009766
24.802743911743164
36.58977127075195
60.314430236816406
29.09522247314453
30.59065055847168
72.30937194824219
69.67063903808594
57.4203987121582
55.9172477722168
59.30722427368164
57.819374084472656
18.2916316986084
48.05038070678711
52.788883209228516
70.27205657958984
78.76565551757812
35.1353874206543
49.73203659057617
27.638233184814453
70.41862487792969
66.90646362304688
58.81248474121094
61.9563102722168
38.71293258666992
48.80744934082031
30.69066047668457
72.50163269042969
32.14717483520508
45.480167388916016
44.98497009277344
48.809783935546875
62.36110305786133
46.95640182495117
45.943607330322266
42.522464752197266
55.1030387878418
37.47986602783203
57.92118835449219
43.202880859375
20.652719497680664
29.68721580505371
51.295875549316406
44.71012496948242
30.479827880859375
28.366703033447266
26.912141799926758
51.24000930786133
69.52217102050781
26.568635940551758
43.170745849609375
39.56007766723633
49.74905014038086
53.299137115478516
40.44353485107422
39.1100959777832
54.945556640625
34.64695739746094
43.99431610107422
70.10430145263672
46.071502685546875
54.88290786743164
24.65519905090332
51.107669830322266
37.68434143066406
72.098876953125
48.944942474365234
57.626380920410156
59.63080596923828
25.474153518676758
83.91343688964844
48.48295211791992
49.66623306274414
54.13264846801758
32.36492156982422
58.224761962890625
66.37344360351562
55.663021087646484
36.09514236450195
67.60352325439453
51.911048889160156
41.254207611083984
47.85628890991211
75.13463592529297
49.15610122680664
74.33712768554688
37.56254959106445
70.56523132324219
46.61947250366211
55.27765655517578
27.078392028808594
61.02155303955078
38.427921295166016
44.076438903808594
39.053382873535156
46.640262603759766
65.02767181396484
71.17725372314453
78.13668060302734
64.75835418701172
37.318328857421875
43.80909729003906
50.09687423706055
19.172595977783203
71.90879821777344
32.40656661987305
77.19596862792969
35.51145935058594
52.168277740478516
70.21602630615234
43.25236892700195
19.497678756713867
55.490901947021484
72.94100952148438
54.085391998291016
40.30040740966797
48.41336441040039
44.2877082824707
34.355594635009766
55.941184997558594
59.783966064453125
18.436031341552734
43.47368240356445
28.971403121948242
23.58017349243164
63.68278884887695
51.85470199584961
47.99943542480469
55.738746643066406
62.79946517944336
44.9530143737793
43.83577346801758
29.26248550415039
71.35423278808594
49.265594482421875
39.99029541015625
38.626094818115234
44.68528747558594
33.738014221191406
26.361164093017578
60.02052688598633
53.325374603271484
88.60408782958984
48.861698150634766
30.74988555908203
47.93743133544922
38.02112579345703
37.704261779785156
55.04743576049805
58.79987335205078
34.5985221862793
26.604373931884766
71.68297576904297
90.79022979736328
60.60279083251953
37.7905158996582
47.709712982177734
67.67145538330078
45.9300537109375
52.60151290893555
71.15799713134766
28.376758575439453
57.81312561035156
42.48946762084961
25.8785343170166
53.77628707885742
57.272518157958984
82.12053680419922
61.2955322265625
53.22780990600586
50.01924514770508
86.48468017578125
51.280731201171875
41.215484619140625
27.620874404907227
40.44399642944336
50.48747634887695
71.52172088623047
16.515743255615234
60.10860824584961
80.65910339355469
57.070091247558594
69.14537048339844
58.80372619628906
64.9941635131836
58.173885345458984
47.2024040222168
55.95822525024414
40.25208282470703
57.19130325317383
57.357566833496094
44.51016616821289
60.39706039428711
50.07820129394531
36.5683708190918
83.25887298583984
56.80933380126953
29.08380889892578
44.35414505004883
30.19463539123535
57.521575927734375
51.224185943603516
35.502132415771484
61.351898193359375
42.75349044799805
60.80706024169922
23.162593841552734
32.19120788574219
39.58375549316406
42.2901725769043
46.936279296875
61.03319549560547
63.721378326416016
16.996885299682617
41.245155334472656
64.9547348022461
70.21868133544922
65.0655288696289
71.86339569091797
41.00020217895508
34.06049728393555
70.4864730834961
43.997650146484375
74.57617950439453
49.65394592285156
24.968564987182617
60.11425018310547
55.983497619628906
54.86827087402344
17.612701416015625
48.215606689453125
59.713077545166016
86.48661041259766
42.26454544067383
49.14258575439453
57.03669357299805
50.996707916259766
54.12902069091797
44.44605255126953
65.10348510742188
57.66325759887695
35.98568344116211
80.01725769042969
43.08468246459961
46.62617492675781
63.197845458984375
64.66764831542969
78.90518951416016
37.80727005004883
58.01133346557617
54.94753646850586
65.05187225341797
21.14946746826172
59.652366638183594
31.103635787963867
43.61619186401367
66.53862762451172
27.759502410888672
35.958072662353516
50.73946762084961
16.757322311401367
59.703651428222656
53.51655960083008
50.50166320800781
32.56248474121094
22.755624771118164
53.79275894165039
38.28196716308594
26.392675399780273
55.358463287353516
71.61647033691406
32.19278335571289
38.72657775878906
80.47452545166016
54.94347381591797
53.25090408325195
66.08039093017578
77.7835464477539
56.66255569458008
39.9952392578125
70.05886840820312
33.35740280151367
22.98619270324707
39.62766647338867
43.8865966796875
30.863882064819336
44.66079330444336
40.2716178894043
61.557029724121094
73.64596557617188
36.80485153198242
30.96245574951172
63.004859924316406
49.782981872558594
65.80863952636719
47.700191497802734
44.7367057800293
61.969810485839844
44.9818115234375
64.97734069824219
41.734130859375
41.689781188964844
53.99496078491211
33.662940979003906
64.88175964355469
28.560476303100586
81.23875427246094
56.073062896728516
68.32535552978516
75.22325134277344
57.816017150878906
41.98961639404297
37.56464767456055
87.38829803466797
42.91155242919922
29.563547134399414
35.01475143432617
94.14191436767578
30.15404510498047
63.579078674316406
67.07063293457031
63.43471145629883
67.19384765625
59.47290802001953
60.683692932128906
29.783899307250977
17.184274673461914
58.49475860595703
46.18970489501953
30.91619110107422
41.8328857421875
34.58436584472656
59.01981735229492
71.95387268066406
54.42412185668945
33.54061508178711
55.490333557128906
54.19524383544922
58.73056411743164
38.95355224609375
54.7258186340332
41.99026870727539
37.50883102416992
46.18476867675781
31.639102935791016
58.066680908203125
54.48432540893555
39.4467658996582
75.0391845703125
49.77468490600586
60.65331268310547
23.001995086669922
57.38459014892578
50.419986724853516
70.13790893554688
70.38636779785156
27.319072723388672
42.310665130615234
41.777748107910156
40.877159118652344
55.188072204589844
58.22429275512695
28.02007293701172
53.1339111328125
37.99533462524414
28.134008407592773
67.88997650146484
36.182029724121094
48.405052185058594
44.67194747924805
13.071074485778809
47.31949996948242
33.6833610534668
61.5085334777832
81.51315307617188
54.11045837402344
71.58023834228516
54.619991302490234
78.64630126953125
51.52260208129883
36.2493896484375
39.60390853881836
54.668907165527344
51.96058654785156
48.50419998168945
51.37144088745117
57.282958984375
41.933597564697266
56.71742630004883
33.737953186035156
58.52208709716797
48.59931564331055
80.22834777832031
32.28215408325195
50.95783996582031
88.77322387695312
38.38068771362305
45.003448486328125
39.629398345947266
23.33970069885254
42.92249298095703
68.02433776855469
48.1515007019043
37.14582824707031
57.03160095214844
51.07242965698242
14.865851402282715
53.99711608886719
54.56303787231445
52.85040283203125
43.902347564697266
45.926918029785156
34.640071868896484
25.414260864257812
43.3702278137207
69.00547790527344
42.358158111572266
44.43436050415039
48.75464630126953
62.558834075927734
67.80683135986328
58.93028259277344
64.59114074707031
52.43307113647461
75.86168670654297
40.2295036315918
63.97431564331055
35.962623596191406
31.647180557250977
39.590293884277344
49.296878814697266
75.5569076538086
41.90696716308594
63.04756164550781
43.16432571411133
48.133541107177734
62.84386444091797
67.37633514404297
52.04589080810547
47.055572509765625
61.14712905883789
43.35032653808594
29.079998016357422
67.86255645751953
24.351879119873047
41.4346923828125
71.21674346923828
36.13112258911133
31.07509422302246
90.27639770507812
38.249881744384766
28.276222229003906
29.13968849182129
28.764223098754883
43.238258361816406
45.17535400390625
41.13715362548828
49.87730026245117
30.801898956298828
48.02539825439453
44.54191589355469
50.84943389892578
67.28301239013672
53.83415985107422
35.69821548461914
54.98995590209961
55.726200103759766
39.56728744506836
50.56260299682617
39.782470703125
59.9481315612793
61.37363815307617
35.98746871948242
26.441390991210938
46.75601577758789
84.98639678955078
90.71379089355469
73.934814453125
54.60905075073242
72.66162109375
52.5040397644043
32.239173889160156
41.82411575317383
57.5578498840332
54.56168746948242
52.84706497192383
41.17781448364258
45.06085205078125
53.720802307128906
45.471405029296875
36.03029251098633
68.9473876953125
54.64951705932617
20.554676055908203
47.60249328613281
60.75624465942383
59.27315139770508
50.96372604370117
49.61311721801758
22.630428314208984
54.918514251708984
49.684173583984375
52.76417541503906
62.57283020019531
42.64909744262695
34.60387420654297
43.23242950439453
77.2699203491211
46.67091751098633
45.672298431396484
44.35848617553711
64.97575378417969
34.4447021484375
68.39439392089844
39.053306579589844
59.68983459472656
48.853126525878906
35.17576217651367
82.7977066040039
19.59613609313965
30.634401321411133
16.598440170288086
37.930816650390625
87.26376342773438
40.97517013549805
52.50782775878906
44.83543395996094
67.59270477294922
27.3116397857666
39.559593200683594
75.1762924194336
42.26342010498047
42.964656829833984
63.1765251159668
68.66068267822266
56.21601867675781
30.2110595703125
68.27557373046875
44.697444915771484
77.38304138183594
57.20494842529297
70.90918731689453
57.088802337646484
21.14858627319336
52.764041900634766
72.57675170898438
34.47782516479492
36.43560028076172
31.58380126953125
56.450408935546875
60.19105911254883
35.75601577758789
52.06498718261719
53.2093391418457
52.25131607055664
40.85700225830078
64.4222640991211
48.979835510253906
50.14133834838867
24.54306983947754
46.0836296081543
41.999427795410156
14.597134590148926
31.008869171142578
53.853675842285156
36.515830993652344
44.34287643432617
58.387508392333984
50.348793029785156
65.22701263427734
45.34469223022461
50.64515686035156
63.84907150268555
44.12774658203125
41.37250900268555
62.61142349243164
65.17964935302734
97.35093688964844
35.769893646240234
40.515968322753906
49.81526565551758
76.760986328125
72.16632080078125
65.68098449707031
77.066650390625
67.29705047607422
46.3653678894043
30.28349494934082
26.922218322753906
45.98931884765625
34.47705841064453
49.7619514465332
56.18672180175781
73.76184844970703
34.79817199707031
57.351009368896484
59.889949798583984
54.72092819213867
47.84675979614258
44.12252426147461
39.677616119384766
31.163063049316406
50.6049690246582
48.90410232543945
59.05331802368164
73.85677337646484
38.157196044921875
26.721893310546875
40.75178146362305
45.17182540893555
66.56901550292969
57.26231002807617
48.75423049926758
23.884061813354492
69.8755874633789
44.67494201660156
21.634496688842773
60.83409881591797
33.86247253417969
78.43675231933594
41.62969207763672
85.59932708740234
56.4517707824707
48.635250091552734
83.89017486572266
39.902008056640625
36.721500396728516
65.51622009277344
46.71126937866211
52.56663131713867
70.7971420288086
17.81178092956543
53.85353088378906
49.19205856323242
59.457489013671875
43.99534606933594
65.63230895996094
29.509119033813477
40.15394973754883
20.505189895629883
78.1259536743164
54.575767517089844
58.96310043334961
20.3618106842041
58.47419357299805
45.76239776611328
74.9207534790039
60.49022674560547
26.47880744934082
30.981094360351562
9.942264556884766
53.65861892700195
35.537776947021484
79.38157653808594
68.30299377441406
52.53945541381836
43.43562698364258
35.561279296875
63.21974563598633
39.817195892333984
45.78388214111328
39.94482421875
20.919973373413086
39.29100036621094
73.73346710205078
42.83828353881836
34.6710319519043
17.4432430267334
71.80378723144531
39.701316833496094
45.87715530395508
48.2016716003418
66.1663589477539
59.84992218017578
56.02949142456055
53.22679901123047
31.78600311279297
53.43623733520508
38.903114318847656
48.3967170715332
64.82969665527344
41.75202560424805
51.559959411621094
48.78059387207031
49.18927764892578
54.580909729003906
54.18375778198242
40.70520782470703
31.739084243774414
48.008914947509766
13.631288528442383
32.67683410644531
56.826900482177734
31.297115325927734
37.49998092651367
60.61754608154297
38.68050765991211
70.83021545410156
29.833267211914062
43.42057800292969
51.350345611572266
69.93431091308594
52.333099365234375
67.02302551269531
34.105918884277344
58.75563049316406
25.747922897338867
43.671630859375
25.4881591796875
71.76519775390625
32.867156982421875
26.371023178100586
59.2512092590332
66.40984344482422
59.956722259521484
34.17085266113281
82.62403869628906
69.40469360351562
53.26337814331055
51.86628341674805
18.78023910522461
60.127410888671875
45.32570266723633
33.215885162353516
52.147499084472656
38.961666107177734
40.98981857299805
40.03610610961914
56.53254699707031
54.445152282714844
51.1358528137207
67.01773834228516
34.57859802246094
54.661170959472656
74.1165542602539
42.000633239746094
55.2242317199707
42.14947509765625
44.745731353759766
68.3350830078125
45.91545867919922
41.19966125488281
41.57193374633789
62.46247100830078
66.14778137207031
27.30681037902832
72.0920181274414
28.795787811279297
66.61602783203125
23.640226364135742
49.40458679199219
82.8046875
44.006168365478516
59.349830627441406
38.39087677001953
62.362064361572266
14.362528800964355
51.15243148803711
48.8332405090332
41.791996002197266
31.26089859008789
61.846744537353516
41.495059967041016
53.11583709716797
61.62077713012695
63.51308822631836
38.819915771484375
52.124168395996094
54.93056869506836
34.72306823730469
86.9999008178711
58.82074737548828
29.117774963378906
46.54365158081055
38.67271423339844
40.971893310546875
44.56966018676758
61.1038703918457
53.85077667236328
25.022809982299805
45.52125549316406
38.490623474121094
47.55384063720703
66.2002182006836
46.539302825927734
42.022098541259766
41.330787658691406
47.83979034423828
22.882099151611328
61.13764953613281
79.88011169433594
65.1070556640625
35.19493865966797
49.63814926147461
42.127174377441406
44.01580047607422
36.911338806152344
21.428951263427734
54.28810119628906
56.57685089111328
33.32106399536133
67.4549560546875
62.01902389526367
42.43033981323242
39.83245086669922
61.299137115478516
36.66164779663086
19.973125457763672
89.39716339111328
19.233917236328125
46.12222671508789
86.21424102783203
59.11316680908203
16.86902618408203
75.76345825195312
52.22177505493164
35.13179016113281
66.45673370361328
57.41499710083008
71.89176177978516
54.25067138671875
48.4266357421875
25.770055770874023
54.00205612182617
37.3758659362793
61.5584831237793
49.098915100097656
55.18070983886719
30.418935775756836
33.57632827758789
48.0359992980957
30.26421546936035
46.338748931884766
61.607521057128906
48.24982833862305
50.5262565612793
64.80169677734375
49.887794494628906
68.39015197753906
50.600040435791016
21.954057693481445
41.443115234375
48.892826080322266
74.28564453125
76.0939712524414
58.670631408691406
49.209205627441406
51.127586364746094
64.8350830078125
54.7387809753418
70.80950927734375
77.61064910888672
32.94581985473633
38.30281066894531
50.9911994934082
35.22909927368164
41.34647750854492
43.36387252807617
54.92268753051758
35.839969635009766
27.265079498291016
32.51206970214844
46.11033248901367
72.35970306396484
32.26619338989258
67.30974578857422
66.65322875976562
75.0307846069336
65.56104278564453
66.35811614990234
32.57621765136719
52.40528869628906
36.872745513916016
33.22075653076172
62.30692672729492
83.40033721923828
49.65379333496094
58.32231521606445
82.60992431640625
82.69839477539062
40.614803314208984
21.315446853637695
53.71071243286133
31.71198081970215
52.2791748046875
43.00148010253906
45.504642486572266
40.958518981933594
45.06840515136719
70.56867980957031
25.7680606842041
62.67818832397461
49.46146774291992
31.206741333007812
13.896577835083008
29.7446346282959
47.20158386230469
40.59162521362305
41.941036224365234
59.95071029663086
42.56972122192383
43.27083969116211
44.638427734375
46.24498748779297
47.19717788696289
49.94166946411133
65.0546875
43.26521301269531
33.40276336669922
54.672149658203125
55.22325134277344
62.069400787353516
39.57716369628906
29.26015853881836
31.346811294555664
77.54363250732422
76.474609375
15.568540573120117
57.99052047729492
57.1651611328125
36.36212158203125
59.410186767578125
54.16038513183594
31.366926193237305
26.2180118560791
47.42047119140625
45.17710494995117
76.20707702636719
77.4476547241211
81.1258544921875
32.787384033203125
35.849124908447266
44.93376159667969
48.74027633666992
39.316368103027344
64.32572174072266
17.02246856689453
47.699951171875
47.15976333618164
62.58453369140625
38.97145080566406
37.47476577758789
32.53683853149414
52.806514739990234
30.243356704711914
54.50257110595703
37.56224822998047
80.43040466308594
37.619895935058594
72.11761474609375
19.72991943359375
66.97310638427734
82.2082748413086
27.2878475189209
56.600704193115234
59.13753890991211
35.802459716796875
71.55057525634766
66.87953186035156
68.33445739746094
60.991432189941406
21.51993179321289
48.607818603515625
45.75979232788086
41.245906829833984
31.42522430419922
29.890241622924805
72.58586883544922
54.07880783081055
41.768733978271484
57.91120910644531
33.26090621948242
45.42262268066406
26.790149688720703
43.5847053527832
38.57122802734375
64.83769989013672
58.94200897216797
67.41207122802734
73.88992309570312
25.31223487854004
89.6380615234375
45.97083282470703
43.8724250793457
52.62759780883789
37.65023422241211
70.36026763916016
62.24155807495117
52.27218246459961
44.00117111206055
38.609405517578125
44.612152099609375
29.792367935180664
30.92856788635254
27.880342483520508
57.60406494140625
54.64584732055664
40.69590377807617
41.90061950683594
36.842811584472656
45.96989059448242
30.395450592041016
36.042274475097656
82.37116241455078
29.82445526123047
80.77362060546875
74.19319152832031
75.86736297607422
62.76383590698242
65.09168243408203
62.093597412109375
47.70966339111328
64.7543716430664
43.32565689086914
32.420101165771484
38.440696716308594
72.07009887695312
60.21257781982422
47.02798843383789
51.41474533081055
35.559410095214844
39.23844909667969
66.35444641113281
60.15342712402344
40.96574401855469
51.81957244873047
59.68443298339844
56.307674407958984
55.22121810913086
43.018306732177734
71.98896026611328
62.92809295654297
66.6121826171875
58.01813888549805
30.212629318237305
53.459716796875
35.36709213256836
45.616127014160156
47.70009231567383
58.876441955566406
81.66024017333984
46.916893005371094
49.52080535888672
39.30250930786133
55.70956039428711
68.93036651611328
89.43718719482422
66.66580200195312
53.37367630004883
45.51922607421875
50.05797576904297
66.7228775024414
50.8857536315918
63.78334045410156
28.385976791381836
40.48073959350586
66.77096557617188
25.01712989807129
28.591814041137695
77.19500732421875
36.06678009033203
55.621543884277344
72.99683380126953
37.44977569580078
48.4846076965332
61.555870056152344
30.07058334350586
60.438873291015625
42.852596282958984
57.40205001831055
55.877689361572266
69.69784545898438
34.36780548095703
54.94784927368164
40.59934997558594
36.35933303833008
44.86748123168945
59.65069580078125
87.31192016601562
47.767127990722656
42.99321365356445
86.13098907470703
24.60789680480957
70.61881256103516
41.56460189819336
84.81548309326172
34.09046936035156
41.100379943847656
53.38539505004883
40.118526458740234
63.28738784790039
41.50665283203125
57.62948226928711
72.21837615966797
59.27425003051758
37.97998809814453
90.58255004882812
54.31549835205078
62.84994888305664
54.82325744628906
55.87411880493164
54.69364547729492
38.86018753051758
53.19719314575195
39.17586898803711
35.171905517578125
59.065242767333984
42.637664794921875
52.882205963134766
81.3439712524414
42.04759979248047
69.2984619140625
64.04176330566406
35.42396926879883
23.280609130859375
31.489608764648438
46.14348220825195
59.96903610229492
33.51185989379883
48.25065612792969
65.78591918945312
73.0688247680664
43.29737854003906
30.258554458618164
66.85533905029297
63.33113098144531
40.658302307128906
55.06148910522461
49.82795333862305
62.47957992553711
36.42905807495117
37.60017776489258
57.06406784057617
37.44853210449219
68.86325073242188
43.78125762939453
55.818199157714844
73.61901092529297
60.54338836669922
60.96426773071289
65.62418365478516
65.40802764892578
5.7691330909729
50.99127960205078
57.26666259765625
48.9837646484375
74.98582458496094
48.590030670166016
55.02174377441406
63.126365661621094
40.83074951171875
57.293697357177734
25.509733200073242
68.64815521240234
53.991851806640625
56.72089385986328
53.9339599609375
50.348487854003906
43.377445220947266
30.964649200439453
48.68255615234375
83.9953842163086
38.94153594970703
57.38981628417969
50.740379333496094
54.64007568359375
51.02528381347656
40.1025276184082
42.22837448120117
43.47142791748047
32.685752868652344
72.516357421875
72.95791625976562
44.90544891357422
58.520408630371094
31.449037551879883
48.23946762084961
42.82954406738281
76.3452377319336
60.408973693847656
64.22789001464844
40.06599044799805
51.0391731262207
40.4984130859375
32.83614730834961
79.62605285644531
85.3177719116211
35.690086364746094
65.88444519042969
38.654518127441406
47.20439147949219
22.070207595825195
11.885857582092285
49.545772552490234
52.14067459106445
44.44213104248047
44.680850982666016
50.786155700683594
72.46470642089844
48.34209060668945
28.160411834716797
48.1575813293457
53.901283264160156
25.005420684814453
62.98284149169922
64.88727569580078
38.734920501708984
52.9138069152832
47.224361419677734
51.55532455444336
31.064088821411133
59.01298141479492
74.20317840576172
19.60980796813965
41.51333999633789
52.40986633300781
88.8869857788086
50.8869743347168
41.53017044067383
57.30680465698242
38.415992736816406
85.97915649414062
38.14265060424805
57.3920783996582
46.095542907714844
58.48703384399414
75.12570190429688
42.64776611328125
55.957366943359375
30.504581451416016
60.81896209716797
64.1504135131836
69.3954849243164
23.69117546081543
36.88298034667969
75.51477813720703
52.35836410522461
77.89498138427734
49.76642608642578
47.1929931640625
45.324012756347656
57.626625061035156
44.50507736206055
72.16680145263672
71.62945556640625
59.163055419921875
24.286376953125
48.06938552856445
75.19474029541016
52.517093658447266
58.371456146240234
58.5411262512207
37.141883850097656
48.48006820678711
51.67646789550781
42.01982116699219
32.51626205444336
49.96453094482422
44.303768157958984
37.090721130371094
15.41685676574707
39.30589294433594
55.41740798950195
46.26052474975586
36.41312789916992
47.090003967285156
67.68328857421875
40.00271224975586
61.83972930908203
45.497039794921875
37.0745735168457
24.943880081176758
18.045461654663086
54.15885925292969
48.5726432800293
28.619718551635742
70.24929809570312
48.82377243041992
40.81690979003906
50.92146301269531
46.92764663696289
68.19010162353516
26.318235397338867
53.488590240478516
45.911705017089844
29.78443145751953
44.807430267333984
46.153812408447266
41.07492446899414
48.12731170654297
45.30707931518555
66.36885833740234
57.304481506347656
50.897117614746094
28.406387329101562
58.92941665649414
44.728759765625
58.42242431640625
55.56875228881836
28.572437286376953
35.177589416503906
56.0638427734375
64.66692352294922
52.93062973022461
72.12601470947266
44.75655746459961
38.201332092285156
44.3591194152832
34.1937370300293
65.93816375732422
41.44318771362305
91.84781646728516
51.272010803222656
22.254365921020508
42.277042388916016
20.85480308532715
42.996883392333984
43.53652572631836
48.7646598815918
31.706918716430664
41.5054931640625
75.82410430908203
70.9468994140625
72.16783905029297
41.250362396240234
81.7756118774414
81.92092895507812
44.53468322753906
58.2625617980957
59.70056915283203
36.63488006591797
74.23697662353516
68.63427734375
77.19829559326172
72.19795989990234
65.83654022216797
52.55726623535156
84.49659729003906
51.23299026489258
50.05408477783203
57.26857376098633
72.13127136230469
46.443572998046875
50.806148529052734
46.65461730957031
32.5128059387207
55.15437698364258
52.79617691040039
40.07466125488281
56.53312683105469
42.82362365722656
74.4748764038086
43.85550308227539
66.0378646850586
38.87574768066406
69.2796859741211
64.80320739746094
67.33708190917969
49.092185974121094
65.77483367919922
47.283504486083984
51.98046112060547
30.664958953857422
37.9565544128418
67.45677185058594
32.27805709838867
44.220542907714844
47.38427734375
49.75041961669922
55.23977279663086
85.95104217529297
68.9009017944336
59.62740707397461
97.09636688232422
46.05742263793945
65.14979553222656
43.16276550292969
40.00318908691406
74.39232635498047
79.61341094970703
45.87129211425781
62.91788864135742
45.91211700439453
36.908748626708984
88.49752807617188
50.136756896972656
52.51935577392578
30.057025909423828
28.68353843688965
26.54581069946289
78.19588470458984
35.994693756103516
52.332977294921875
45.991363525390625
47.254112243652344
36.42380905151367
11.396245956420898
49.80607986450195
48.020320892333984
56.837730407714844
59.20800018310547
43.07218551635742
44.96236801147461
30.80506706237793
45.04304504394531
49.518028259277344
35.12355422973633
48.37969970703125
42.90808868408203
55.000099182128906
42.436649322509766
39.196388244628906
31.988601684570312
53.928619384765625
52.540504455566406
66.48573303222656
86.29966735839844
35.78418731689453
32.61814880371094
51.04401779174805
54.518836975097656
32.664939880371094
57.13222122192383
63.20353698730469
27.85764503479004
51.28252029418945
58.2080192565918
19.255855560302734
75.37301635742188
51.426292419433594
43.86642074584961
42.762516021728516
42.27633285522461
51.57848358154297
69.42940521240234
54.76628112792969
39.238243103027344
46.458194732666016
50.45862579345703
54.50780487060547
35.03926086425781
69.26285552978516
63.38936996459961
32.222530364990234
54.05673599243164
40.357505798339844
60.286354064941406
49.70428466796875
30.60978126525879
69.08186340332031
47.36901092529297
53.31390380859375
51.74551010131836
58.51661682128906
48.634429931640625
47.73157501220703
43.04072570800781
75.69447326660156
38.12030029296875
32.80849075317383
54.94197082519531
42.85194396972656
75.06158447265625
24.53062629699707
39.83031463623047
60.25553894042969
40.00188446044922
80.07273864746094
60.736412048339844
71.97517395019531
50.46274948120117
37.09342956542969
66.41461181640625
56.675201416015625
70.28470611572266
45.253482818603516
58.061065673828125
19.230289459228516
47.91604995727539
62.09447479248047
48.54970169067383
32.52739715576172
21.349519729614258
47.173580169677734
65.78839111328125
36.631046295166016
72.11788940429688
51.50581359863281
48.913116455078125
56.155029296875
44.79042053222656
38.84929275512695
53.209564208984375
26.419479370117188
48.162940979003906
36.7117919921875
46.45590591430664
53.252052307128906
66.42027282714844
61.617042541503906
25.587677001953125
29.644149780273438
34.64888000488281
37.58242416381836
28.0399112701416
73.8962631225586
26.604955673217773
36.666133880615234
58.74949264526367
59.286319732666016
45.25694274902344
45.64602279663086
43.067325592041016
55.916500091552734
52.14482879638672
53.68505096435547
65.2245864868164
74.19612121582031
61.63428497314453
79.97563934326172
60.85821533203125
32.2374382019043
30.085498809814453
83.12126922607422
51.223209381103516
49.83464431762695
32.668033599853516
37.57817840576172
71.99261474609375
28.358957290649414
49.71988296508789
44.59006881713867
57.856842041015625
59.46934509277344
42.79752731323242
44.193626403808594
51.77246856689453
49.88040542602539
61.1761589050293
50.2755126953125
52.73586654663086
44.04366683959961
32.1011848449707
46.93967819213867
30.144641876220703
103.19831085205078
34.67950439453125
66.66397094726562
34.236968994140625
19.781442642211914
67.57682037353516
47.672943115234375
52.39707946777344
49.06631088256836
42.90470504760742
46.100860595703125
31.985794067382812
57.60625076293945
65.01827239990234
74.24928283691406
60.787193298339844
61.092323303222656
85.41012573242188
32.268585205078125
37.010650634765625
40.377681732177734
41.66318893432617
62.91804885864258
66.7405776977539
24.162818908691406
44.581329345703125
36.54421615600586
44.54670715332031
69.57001495361328
83.83226013183594
59.474365234375
68.23204040527344
46.42201614379883
44.838218688964844
63.83992385864258
59.32831954956055
53.390838623046875
36.667518615722656
65.11376953125
42.40086364746094
60.87244415283203
68.62523651123047
53.398406982421875
61.45096206665039
47.024070739746094
50.06169891357422
46.94230651855469
60.57331085205078
55.56412887573242
62.01685333251953
57.76626205444336
50.97898483276367
47.03797912597656
49.17962646484375
67.33717346191406
79.07325744628906
43.37934494018555
49.27153396606445
37.803226470947266
27.405271530151367
33.755611419677734
40.62665939331055
41.15462875366211
75.10995483398438
23.923595428466797
51.370670318603516
63.514312744140625
65.28562927246094
31.450395584106445
26.359813690185547
66.16191864013672
49.78401565551758
36.88699722290039
47.19046401977539
73.66394805908203
63.98538589477539
27.01665496826172
56.43330001831055
75.83587646484375
56.95949172973633
55.83213806152344
79.93766021728516
51.5653190612793
49.1525993347168
80.44864654541016
34.562469482421875
65.13665008544922
59.54721450805664
49.354347229003906
52.57029724121094
48.46571350097656
41.37262725830078
55.86111068725586
52.03384780883789
36.584068298339844
39.57524108886719
47.887481689453125
69.7046127319336
57.87516403198242
69.5562973022461
63.95742416381836
49.28023910522461
57.272552490234375
36.10485076904297
96.16131591796875
37.86949157714844
57.78731918334961
54.90741729736328
32.64826965332031
71.02729034423828
61.99330139160156
42.098182678222656
42.9672966003418
44.41761779785156
40.8170280456543
22.758207321166992
41.41987609863281
38.00040817260742
48.175933837890625
54.536869049072266
27.779035568237305
37.84037399291992
45.358970642089844
45.30841827392578
32.10498046875
63.61741256713867
46.155513763427734
55.942195892333984
49.299346923828125
47.37366485595703
63.84362030029297
68.07154846191406
52.09567642211914
70.49268341064453
51.74452209472656
61.611019134521484
56.51536560058594
51.041046142578125
36.32062530517578
55.917640686035156
72.01011657714844
36.261573791503906
23.88585662841797
55.85210418701172
48.86186981201172
48.945987701416016
42.66653823852539
43.29632568359375
24.506729125976562
52.5985221862793
38.380069732666016
36.6503791809082
33.43205261230469
62.14015579223633
52.958885192871094
39.880252838134766
42.23257064819336
61.037620544433594
76.57803344726562
46.308624267578125
54.916751861572266
46.47324752807617
55.63230514526367
56.4025993347168
57.514854431152344
62.48938751220703
30.92978858947754
63.338966369628906
62.833045959472656
59.337223052978516
66.4779281616211
56.9105110168457
47.74406433105469
69.1689682006836
62.835914611816406
44.53623962402344
22.13878059387207
34.29216003417969
31.71993064880371
58.60512161254883
65.19269561767578
33.879859924316406
72.77347564697266
16.315818786621094
40.952369689941406
42.35627365112305
49.65225601196289
29.919193267822266
42.97968673706055
55.02495193481445
31.592296600341797
55.52216339111328
62.84149169921875
90.24442291259766
44.807594299316406
68.19559478759766
40.101539611816406
39.495033264160156
48.449501037597656
40.08208465576172
58.43722152709961
31.44300079345703
43.49585723876953
70.31212615966797
50.65785598754883
61.67420959472656
58.711605072021484
74.33905029296875
43.47937774658203
61.27690124511719
58.254512786865234
37.62747573852539
57.65129852294922
38.85320281982422
49.550540924072266
63.44839859008789
63.534854888916016
71.35237884521484
41.714115142822266
26.411273956298828
38.976749420166016
44.08414077758789
64.4437484741211
83.82909393310547
36.37744903564453
39.34961700439453
38.34540939331055
1.261700987815857
51.46367263793945
43.670894622802734
46.032623291015625
32.31183624267578
55.3015251159668
35.88037109375
52.291507720947266
43.34499740600586
41.635009765625
64.25870513916016
53.216552734375
53.84701156616211
43.00319290161133
45.118247985839844
43.68084716796875
55.199615478515625
31.045780181884766
60.97456741333008
50.42518997192383
33.73185729980469
53.63268280029297
52.67035675048828
53.32673263549805
38.432044982910156
76.2509536743164
40.387237548828125
82.67388916015625
59.193695068359375
39.26908493041992
39.59551239013672
59.20912170410156
69.93385314941406
63.604522705078125
44.23190689086914
65.73927307128906
87.28966522216797
59.131492614746094
68.6357650756836
18.34486198425293
34.132049560546875
37.30982971191406
56.05149459838867
76.34727478027344
39.86406326293945
33.2180290222168
38.12990188598633
65.75211334228516
50.14282989501953
17.426589965820312
78.32426452636719
73.1485595703125
96.9900131225586
24.143327713012695
49.23787307739258
64.2353286743164
49.22349548339844
47.55848693847656
71.65513610839844
59.07448959350586
30.977924346923828
34.399635314941406
32.909278869628906
40.725772857666016
40.67064666748047
41.948875427246094
30.101926803588867
57.73295593261719
70.8670883178711
36.922767639160156
68.8568115234375
42.7912712097168
52.69243240356445
57.7982063293457
50.14005661010742
45.340816497802734
46.83535385131836
68.82291412353516
38.307716369628906
44.17424774169922
81.53893280029297
73.81924438476562
57.3160285949707
52.7105712890625
36.15082931518555
53.64699935913086
69.44933319091797
59.25054168701172
22.78466796875
32.01358413696289
28.800630569458008
58.859458923339844
39.305477142333984
56.70954895019531
46.1285400390625
55.89048767089844
50.51066589355469
35.729820251464844
94.73731231689453
70.3773193359375
45.565128326416016
40.7218132019043
34.275238037109375
68.9916000366211
11.136089324951172
69.53441619873047
64.16712951660156
48.82744598388672
56.996952056884766
30.23688507080078
31.294343948364258
28.300813674926758
74.47799682617188
42.40602493286133
70.07479095458984
36.74900817871094
58.803279876708984
49.61054611206055
39.718353271484375
37.39822006225586
50.73652267456055
57.760833740234375
61.364925384521484
34.080718994140625
54.03078079223633
67.82232666015625
50.28962326049805
68.00908660888672
57.697994232177734
86.58170318603516
58.45585632324219
71.64106750488281
39.131202697753906
31.754703521728516
50.047706604003906
57.91373825073242
56.6934700012207
68.73481750488281
59.45303726196289
65.72029113769531
56.71406555175781
63.673439025878906
53.92717742919922
49.73874282836914
46.95391082763672
39.98528289794922
39.70338439941406
57.601295471191406
33.68722915649414
38.3760871887207
81.37938690185547
42.60554504394531
32.89993667602539
35.16667938232422
77.66722869873047
65.78412628173828
30.326175689697266
45.79437255859375
61.32710647583008
55.11961364746094
56.69252014160156
58.47077560424805
69.76747131347656
73.1008071899414
50.31574630737305
36.74385070800781
18.67133903503418
49.27523422241211
32.109249114990234
39.13526916503906
83.34342193603516
55.9113883972168
51.45478057861328
79.60806274414062
69.61337280273438
67.72173309326172
79.26387786865234
49.67188262939453
88.73727416992188
76.31111145019531
18.89444351196289
46.14889907836914
38.483150482177734
48.115543365478516
54.584678649902344
49.99093246459961
55.56027603149414
56.49817657470703
47.06863784790039
52.25168228149414
28.811708450317383
75.06311798095703
52.369258880615234
59.13288879394531
53.775428771972656
40.069129943847656
53.69364929199219
14.317195892333984
52.354366302490234
22.426128387451172
32.451637268066406
45.59465408325195
26.47754669189453
70.07359313964844
74.78543853759766
35.01559066772461
54.03296661376953
47.38495635986328
81.00527954101562
84.99238586425781
61.43264389038086
68.50132751464844
29.839153289794922
70.4033203125
93.17520141601562
38.372859954833984
46.44974899291992
33.81831741333008
55.19453811645508
53.72113037109375
56.33002471923828
42.48237609863281
46.86237716674805
50.4397087097168
61.140018463134766
28.158687591552734
50.58106994628906
55.407470703125
39.08298873901367
73.35686492919922
39.082942962646484
79.75298309326172
31.486919403076172
62.27288818359375
36.27212142944336
49.63703536987305
35.39434814453125
47.93292236328125
44.03878402709961
66.25848388671875
52.27983856201172
65.79147338867188
44.631500244140625
33.934574127197266
42.97815704345703
31.545486450195312
58.427616119384766
35.46352767944336
39.4203987121582
79.2824478149414
17.84758949279785
29.645692825317383
73.42274475097656
88.16128540039062
32.521183013916016
56.671077728271484
63.71747589111328
17.73487663269043
66.60819244384766
33.347084045410156
41.611778259277344
36.40143966674805
34.60919952392578
80.64630889892578
61.05039978027344
67.07508087158203
41.08955001831055
52.24819564819336
25.81178855895996
48.11836624145508
29.725557327270508
80.58467864990234
32.408329010009766
49.67247009277344
55.372684478759766
81.67786407470703
58.91289138793945
65.57896423339844
51.421539306640625
54.90425109863281
63.58453369140625
61.40074920654297
30.323808670043945
61.51945114135742
41.32014846801758
38.08781814575195
35.41471481323242
68.59037017822266
62.173458099365234
53.96164321899414
86.37019348144531
49.27421188354492
44.898197174072266
68.18257141113281
54.712623596191406
61.502845764160156
55.3141975402832
29.895715713500977
