80.01529693603516
82.83750915527344
25.892284393310547
68.95487976074219
81.18638610839844
26.483583450317383
39.6744384765625
56.42902755737305
79.48455047607422
76.46353149414062
48.13557052612305
45.9658088684082
71.97423553466797
53.37184143066406
80.02422332763672
112.52873229980469
51.55887222290039
63.33253479003906
84.72557830810547
104.62525177001953
51.50471878051758
89.35427856445312
108.73481750488281
76.94453430175781
65.95177459716797
48.26136779785156
94.68800354003906
86.16700744628906
73.52310180664062
67.39540100097656
46.310245513916016
51.16181182861328
77.42217254638672
77.06111145019531
49.4963264465332
75.5220947265625
62.5643310546875
43.22895050048828
83.5049819946289
46.07858657836914
55.664649963378906
54.38981628417969
63.34120178222656
78.22986602783203
32.610923767089844
104.45420837402344
88.775390625
43.43393325805664
86.60692596435547
94.84729766845703
48.99284362792969
55.90956497192383
49.91791534423828
77.45452880859375
80.7463607788086
93.92665100097656
73.07990264892578
80.80259704589844
51.780250549316406
37.399391174316406
70.96793365478516
76.30765533447266
60.165042877197266
77.85948181152344
75.88113403320312
52.012168884277344
80.2428970336914
44.2149658203125
102.29161834716797
91.34679412841797
64.7561264038086
93.33055877685547
70.53862762451172
101.53206634521484
69.27323913574219
101.1397705078125
63.016841888427734
35.96831512451172
69.15673828125
56.6147575378418
80.55415344238281
49.34074020385742
47.425941467285156
45.90102767944336
49.4344367980957
82.69979095458984
80.05035400390625
70.34032440185547
53.622745513916016
85.63670349121094
55.2979736328125
54.70682144165039
97.7751235961914
66.5386734008789
71.13471984863281
62.8173828125
60.5984001159668
82.22518920898438
80.29735565185547
56.058349609375
66.36748504638672
70.88233184814453
68.57172393798828
56.257469177246094
77.66188049316406
91.17179870605469
78.28558349609375
74.21992492675781
71.94710540771484
38.65822982788086
83.7626724243164
64.57093048095703
60.98179244995117
64.24349975585938
62.07595443725586
37.25285339355469
83.10143280029297
76.42652130126953
35.22265625
57.99829864501953
109.64840698242188
81.2620620727539
58.86883544921875
53.589569091796875
36.63970947265625
74.73410034179688
86.22505950927734
57.05954360961914
75.12615203857422
68.12665557861328
93.62688446044922
47.23540115356445
72.7012939453125
46.32804489135742
17.24857521057129
92.28678131103516
47.91969299316406
60.20964813232422
48.48695373535156
84.56089782714844
81.10657501220703
77.18074035644531
67.18174743652344
92.25393676757812
73.7235336303711
79.3992691040039
50.59237289428711
86.10481262207031
55.455814361572266
56.52223587036133
74.158203125
69.13130187988281
61.77383041381836
58.86060333251953
72.21536254882812
90.54859924316406
69.86642456054688
35.28326416015625
63.216129302978516
46.103458404541016
98.05582427978516
65.83976745605469
63.810733795166016
73.25371551513672
73.54523468017578
89.04609680175781
68.48711395263672
46.44138717651367
64.01344299316406
80.0987319946289
87.67900085449219
35.18244171142578
26.814905166625977
52.13107681274414
27.689977645874023
70.79618835449219
41.55594253540039
61.883697509765625
57.469417572021484
75.84976959228516
59.84121322631836
69.9356689453125
50.201148986816406
42.47380065917969
77.27242279052734
94.29820251464844
56.93486404418945
58.41872024536133
105.29646301269531
78.03142547607422
40.05105209350586
66.03157806396484
47.55563735961914
69.97000122070312
77.26396942138672
66.719970703125
82.46013641357422
47.29480743408203
86.66848754882812
78.4203109741211
24.140470504760742
37.24262237548828
68.00608825683594
42.497886657714844
95.28667449951172
62.027347564697266
63.07590103149414
39.84703063964844
41.413673400878906
80.48970794677734
60.877899169921875
82.42694091796875
15.683133125305176
63.684322357177734
35.45488739013672
59.68434524536133
61.36520767211914
40.9586067199707
59.33790588378906
69.67192077636719
46.01678466796875
51.76308059692383
80.92928314208984
42.53141784667969
71.1646957397461
55.06828689575195
44.15851593017578
76.17584991455078
85.74356842041016
44.431724548339844
87.994384765625
66.37821960449219
56.102535247802734
72.46489715576172
92.69727325439453
37.9283447265625
43.6107177734375
55.15283203125
73.47918701171875
58.68574142456055
72.98738861083984
78.45700073242188
67.64807891845703
102.24638366699219
87.97970581054688
69.83325958251953
54.398685455322266
74.35484313964844
53.2203369140625
90.18138122558594
38.30453109741211
57.69062042236328
52.36767578125
37.897499084472656
81.83682250976562
44.95759963989258
57.43928146362305
64.3673095703125
44.79141616821289
103.63570404052734
68.05919647216797
88.82154846191406
80.73307037353516
66.25209045410156
86.93070983886719
84.00299072265625
41.42361068725586
99.2654037475586
79.6866226196289
55.79108428955078
76.99646759033203
69.91606903076172
65.01065063476562
84.22032928466797
84.41649627685547
88.02603912353516
53.41807556152344
41.80562210083008
60.42037582397461
54.74019241333008
65.46561431884766
68.37760162353516
77.49043273925781
39.05905532836914
74.62217712402344
78.56869506835938
78.02513885498047
71.2124252319336
60.287906646728516
95.80858612060547
75.42754364013672
56.37410354614258
92.64653015136719
80.12203216552734
64.69267272949219
54.92485046386719
67.74437713623047
64.3133316040039
82.24739074707031
34.93231964111328
72.48294830322266
64.01671600341797
76.22919464111328
77.5225601196289
105.04630279541016
64.61727142333984
70.62986755371094
86.27758026123047
86.31205749511719
71.17084503173828
60.095855712890625
61.71953582763672
49.412261962890625
94.15165710449219
59.0938720703125
55.916316986083984
77.3301010131836
74.96856689453125
73.23965454101562
68.728271484375
75.2205581665039
63.11260986328125
80.49404907226562
73.36843872070312
84.49632263183594
66.86929321289062
43.4218864440918
8.31096076965332
61.534889221191406
37.53063201904297
66.52639770507812
63.03232955932617
53.076541900634766
56.31283187866211
29.2221736907959
42.424285888671875
77.87371826171875
76.37601470947266
81.149658203125
73.51388549804688
66.3521728515625
99.57389068603516
65.27236938476562
46.75212860107422
65.43698120117188
42.325138092041016
98.66350555419922
43.085609436035156
55.149757385253906
56.00784683227539
59.10477828979492
68.01264190673828
77.16569519042969
45.554595947265625
56.301055908203125
82.81959533691406
50.83626174926758
45.12384033203125
41.95195770263672
75.35250854492188
72.99527740478516
40.25531768798828
55.8430290222168
89.01117706298828
82.3020248413086
54.78965759277344
76.66211700439453
74.9973373413086
63.827606201171875
58.794837951660156
105.13243103027344
105.22691345214844
37.95076370239258
79.29602813720703
75.02313232421875
32.61561965942383
41.446624755859375
78.9930419921875
40.374755859375
75.43534088134766
35.87545394897461
87.27445983886719
64.62120056152344
53.9439697265625
98.2656478881836
69.0936508178711
69.85372161865234
67.61044311523438
68.76425170898438
77.83351135253906
68.53330993652344
44.010719299316406
77.52662658691406
73.3986587524414
71.04483795166016
64.75308990478516
46.77051544189453
61.423194885253906
56.49382781982422
66.2320785522461
107.02903747558594
80.23721313476562
84.81533813476562
61.39791488647461
98.08321380615234
80.21666717529297
47.948970794677734
55.86517333984375
95.08660888671875
84.11847686767578
80.12867736816406
38.58245849609375
75.6101303100586
102.7332992553711
68.84490966796875
52.36837387084961
62.16770935058594
44.77709197998047
59.758567810058594
44.70112609863281
118.62875366210938
47.091854095458984
69.0887680053711
63.87647247314453
96.04490661621094
66.48237609863281
81.66596984863281
65.55517578125
63.65933609008789
67.03328704833984
75.56810760498047
49.67900848388672
93.09662628173828
51.91547775268555
70.9266586303711
62.76237487792969
72.01488494873047
63.59150695800781
73.74214935302734
86.91644287109375
66.18611907958984
82.67420959472656
65.10501861572266
65.81732940673828
84.46720886230469
72.4866943359375
73.07246398925781
70.07096862792969
84.21370697021484
50.76320266723633
45.31862258911133
41.64095687866211
76.32664489746094
49.99199295043945
86.28921508789062
64.08006286621094
82.34954833984375
64.43951416015625
71.39558410644531
74.51360321044922
74.14187622070312
10.786506652832031
83.39871978759766
18.837709426879883
80.57342529296875
73.54307556152344
57.69239044189453
59.2940559387207
74.801025390625
90.36920928955078
65.38164520263672
48.00510787963867
86.82427215576172
37.730133056640625
72.24291229248047
68.47627258300781
67.00469207763672
70.54924774169922
101.64435577392578
74.0870361328125
113.84894561767578
66.27985382080078
42.763545989990234
107.21772766113281
51.47815704345703
59.57931900024414
78.26421356201172
58.70187759399414
50.20993423461914
68.22747802734375
52.76774597167969
42.465965270996094
58.19224166870117
55.796382904052734
75.83552551269531
68.3040771484375
32.26740646362305
80.00137329101562
34.197059631347656
59.24079513549805
52.76685333251953
77.60548400878906
31.513885498046875
41.88206100463867
38.39742660522461
93.76702117919922
32.310157775878906
51.95767593383789
88.5992431640625
49.521026611328125
83.92679595947266
67.61711883544922
73.33065032958984
77.33523559570312
58.52996063232422
69.01275634765625
45.64893341064453
80.0216064453125
64.27621459960938
53.519561767578125
64.39806365966797
65.06924438476562
65.32588195800781
43.78374481201172
63.999916076660156
48.592830657958984
95.3512191772461
89.22462463378906
61.02831268310547
89.38614654541016
63.68117141723633
47.98776626586914
62.93843460083008
88.98526763916016
80.36409759521484
68.51139068603516
66.41556549072266
48.40168762207031
48.99123764038086
82.54843139648438
63.78093719482422
76.5918197631836
59.63154983520508
88.67127990722656
70.18053436279297
65.28609466552734
52.51020050048828
73.59910583496094
44.03319549560547
67.83988952636719
19.8212833404541
79.62625885009766
83.25130462646484
71.62189483642578
57.75198745727539
69.50333404541016
58.44907760620117
53.614322662353516
72.6991195678711
65.93584442138672
47.4828987121582
107.42152404785156
63.84583282470703
80.97737121582031
77.0634536743164
73.37945556640625
41.37311553955078
54.76412582397461
54.19158935546875
47.13786315917969
43.92670822143555
62.136470794677734
53.92018127441406
74.37150573730469
51.46162033081055
63.81363296508789
81.27468872070312
86.04143524169922
56.470664978027344
63.85234832763672
64.85248565673828
87.44617462158203
54.87373733520508
77.7357406616211
22.312400817871094
51.67637634277344
51.2547721862793
72.48609924316406
57.02799606323242
65.2844009399414
29.935394287109375
77.89694213867188
82.37605285644531
61.71669387817383
43.0962028503418
75.19800567626953
79.13036346435547
65.78617095947266
77.26028442382812
41.131473541259766
75.39332580566406
29.099157333374023
45.60981369018555
83.62195587158203
55.13713836669922
51.15988540649414
71.55445098876953
98.8539047241211
70.3583984375
49.15896224975586
51.090606689453125
82.67964172363281
68.08522033691406
52.85145950317383
52.63858413696289
74.78018188476562
79.64189910888672
28.633808135986328
66.12210083007812
81.50748443603516
92.60089874267578
59.41899108886719
63.17307662963867
69.59251403808594
96.21194458007812
64.96330261230469
87.83523559570312
70.51872253417969
87.44184875488281
48.44639205932617
63.210044860839844
108.06684875488281
77.97465515136719
79.6571273803711
83.94172668457031
69.52243041992188
36.393798828125
55.6392822265625
42.526546478271484
64.22274780273438
34.821929931640625
54.8187141418457
42.92512130737305
45.410057067871094
66.98821258544922
24.33232879638672
83.99784851074219
61.80753707885742
82.36878204345703
36.91460037231445
82.33067321777344
81.73188018798828
59.905487060546875
48.89899826049805
54.268367767333984
45.71376037597656
78.95655059814453
73.99691009521484
63.15530014038086
48.59416580200195
116.03228759765625
73.45548248291016
43.04116439819336
57.830501556396484
73.76681518554688
50.69072723388672
113.26397705078125
63.32236862182617
49.349143981933594
71.59391021728516
79.39454650878906
48.49878692626953
77.42410278320312
40.109161376953125
66.81927490234375
68.31266784667969
45.736846923828125
77.38579559326172
78.05046081542969
41.426856994628906
38.68558883666992
66.9758071899414
72.78773498535156
71.03561401367188
82.43657684326172
66.90221405029297
65.10053253173828
73.45159912109375
47.6939811706543
96.86830139160156
71.9998550415039
74.09872436523438
65.87652587890625
98.87068176269531
83.37322998046875
70.16697692871094
59.89884567260742
96.5050048828125
60.26078414916992
52.29694366455078
77.10922241210938
33.884605407714844
65.31768035888672
61.76542663574219
65.21217346191406
19.170869827270508
88.05519104003906
57.12419128417969
55.484100341796875
71.23469543457031
72.75627136230469
74.70603942871094
97.10648345947266
52.21490478515625
74.5438003540039
84.54350280761719
56.2244873046875
36.46778869628906
63.89617156982422
92.83673858642578
89.53260040283203
47.783939361572266
65.23414611816406
63.75297927856445
25.40270233154297
69.57848358154297
52.41468811035156
35.18767547607422
88.1888656616211
61.35346603393555
55.63517379760742
71.45917510986328
51.388492584228516
59.07396697998047
54.93024444580078
123.78569793701172
63.814327239990234
47.0643196105957
85.9875717163086
62.84153747558594
83.73999786376953
72.8638916015625
74.36334228515625
69.19680786132812
64.75800323486328
46.47624969482422
66.23371887207031
78.26939392089844
79.49388122558594
51.526371002197266
60.11225509643555
59.773704528808594
69.72129821777344
72.87775421142578
35.8745002746582
79.36138153076172
73.58367919921875
102.62081909179688
84.42520141601562
68.44967651367188
59.94016647338867
53.237709045410156
79.05699920654297
60.75276184082031
67.98944091796875
48.30332946777344
50.167579650878906
79.20623779296875
63.46174621582031
54.1207389831543
68.09476470947266
67.07524108886719
14.221724510192871
88.32865905761719
66.16108703613281
43.0424690246582
25.66215705871582
73.63965606689453
60.20555877685547
75.86495208740234
94.62821960449219
69.72857666015625
77.26010131835938
39.02765655517578
107.10954284667969
48.692806243896484
78.34635162353516
57.019020080566406
68.09063720703125
69.14027404785156
90.18897247314453
84.86408233642578
31.953155517578125
65.54792022705078
58.453216552734375
97.53884887695312
70.1285400390625
41.81749725341797
69.86336517333984
59.52779006958008
76.23374938964844
55.878746032714844
70.40579223632812
83.88838195800781
54.98855972290039
74.02336883544922
35.54991149902344
64.47515869140625
81.20287322998047
66.6396255493164
67.0533218383789
51.74263000488281
96.67194366455078
79.62369537353516
94.52944946289062
71.04011535644531
51.9632682800293
69.39759063720703
45.07154083251953
74.25190734863281
48.35572052001953
74.04846954345703
67.2943344116211
53.72370910644531
23.55523109436035
48.501556396484375
60.09009552001953
50.47011184692383
100.94354248046875
65.78573608398438
49.347320556640625
77.6869888305664
19.521602630615234
73.3520278930664
23.337331771850586
70.9075698852539
55.39518356323242
60.570247650146484
48.47035217285156
76.76229095458984
44.32978820800781
49.31106948852539
57.02882766723633
71.68736267089844
98.6717758178711
39.45463943481445
32.14137268066406
51.179080963134766
49.570735931396484
23.487667083740234
56.94207763671875
95.07061004638672
56.814422607421875
56.67134094238281
33.903717041015625
121.78042602539062
32.22507095336914
23.47280502319336
81.93152618408203
66.31661987304688
39.46891403198242
68.03739929199219
82.65155029296875
58.48188018798828
98.63585662841797
98.90840911865234
46.45435333251953
93.65897369384766
53.81667709350586
71.70704650878906
70.48360443115234
89.89883422851562
33.23097610473633
78.81085968017578
60.39957046508789
59.594600677490234
34.881622314453125
77.46077728271484
74.72160339355469
67.43524169921875
67.56985473632812
84.21693420410156
46.496421813964844
68.92931365966797
72.0649642944336
68.01995849609375
87.24346923828125
100.4518051147461
72.67817687988281
93.69136810302734
40.6718635559082
57.17300033569336
74.31248474121094
35.55143356323242
59.30799102783203
53.997501373291016
87.30575561523438
67.60137939453125
52.45756912231445
105.24403381347656
85.82917785644531
74.03279113769531
74.99974822998047
58.204532623291016
65.91072845458984
77.63862609863281
54.94852828979492
74.17119598388672
49.78285598754883
64.77253723144531
50.58665084838867
63.184234619140625
57.48775863647461
68.89886474609375
43.88976287841797
55.018104553222656
55.55324172973633
26.200485229492188
102.56378936767578
70.05474090576172
46.91423034667969
81.37199401855469
87.78146362304688
66.54684448242188
41.502891540527344
71.14664459228516
27.062307357788086
44.30287551879883
65.93456268310547
61.43111801147461
36.97824478149414
54.8946647644043
104.12726593017578
80.15312957763672
34.80015182495117
45.172847747802734
72.30695343017578
39.82276916503906
49.73118209838867
27.441680908203125
30.113126754760742
65.09659576416016
73.37088012695312
87.54248046875
90.59934997558594
60.2755012512207
51.091461181640625
67.5365219116211
81.61211395263672
46.547935485839844
44.544498443603516
58.287349700927734
43.63368225097656
58.52372360229492
80.7945327758789
79.03932189941406
66.77367401123047
61.16556167602539
80.08206176757812
48.161277770996094
57.58723831176758
98.92144012451172
69.9971923828125
76.71009826660156
98.38799285888672
68.28740692138672
46.75347900390625
55.74141311645508
68.44244384765625
47.98631286621094
90.71991729736328
35.37054443359375
72.65733337402344
65.8497543334961
63.524269104003906
70.87905883789062
62.19761276245117
101.63797760009766
70.16802215576172
78.56353759765625
30.210540771484375
67.46534729003906
48.33256530761719
96.04600524902344
70.8090591430664
74.07047271728516
56.091041564941406
45.394737243652344
58.681636810302734
92.70599365234375
11.367069244384766
60.63480758666992
37.61170196533203
68.33707427978516
90.4300537109375
61.17039108276367
45.73581314086914
71.4609375
76.3968276977539
53.37004852294922
81.75086975097656
79.05443572998047
67.99354553222656
75.6292724609375
77.474609375
70.51285552978516
92.17181396484375
74.2681884765625
51.104820251464844
72.87237548828125
54.27465057373047
81.76461029052734
69.20149230957031
51.80073547363281
54.45976257324219
82.66960144042969
47.801727294921875
76.33718872070312
44.30366134643555
56.313175201416016
56.49586486816406
69.94684600830078
34.55458450317383
73.36841583251953
78.59089660644531
51.69992446899414
61.42205810546875
86.68730926513672
68.84982299804688
66.89830017089844
60.5615119934082
83.86780548095703
56.24714279174805
65.51858520507812
61.703678131103516
54.92911148071289
76.5723876953125
56.557838439941406
67.00237274169922
67.236572265625
67.46154022216797
67.34844970703125
62.172637939453125
65.47164154052734
61.47024154663086
69.50361633300781
50.80610656738281
84.52350616455078
48.923744201660156
44.80036544799805
84.1187515258789
37.45894241333008
86.603515625
66.86164093017578
55.830116271972656
61.477088928222656
90.82725524902344
79.33607482910156
82.68084716796875
67.63433074951172
74.34307098388672
69.80307006835938
31.609560012817383
70.57162475585938
47.91716003417969
47.29220199584961
70.64281463623047
78.43392944335938
62.758056640625
86.37100982666016
50.933963775634766
37.764381408691406
71.57884216308594
93.03773498535156
65.19368743896484
63.26691436767578
63.69087600708008
32.239498138427734
72.17681884765625
79.1939468383789
44.60991287231445
109.09876251220703
86.6977310180664
59.71803665161133
39.75186538696289
66.1402816772461
82.98735046386719
39.40144348144531
44.578121185302734
81.20817565917969
72.79081726074219
93.5297622680664
60.01766586303711
29.867889404296875
57.668182373046875
55.76408386230469
69.59160614013672
46.99907302856445
101.62201690673828
83.48213195800781
48.40022277832031
58.27391815185547
41.55883026123047
77.10572052001953
48.81143569946289
82.62146759033203
68.6037826538086
66.2199935913086
53.85126495361328
78.12264251708984
73.45502471923828
46.879669189453125
98.46482849121094
90.50946044921875
46.823219299316406
64.94107818603516
75.0560073852539
73.3836898803711
58.11967468261719
58.54991912841797
64.87027740478516
74.59426879882812
47.89581298828125
71.2285385131836
77.0584487915039
51.196083068847656
81.80924224853516
50.25599670410156
64.27118682861328
85.75843811035156
88.5409164428711
71.09564971923828
83.8568115234375
48.898555755615234
78.10433959960938
56.59701156616211
87.33338928222656
58.78350830078125
54.987876892089844
37.33672332763672
58.14603805541992
53.4278450012207
52.71561813354492
53.355010986328125
67.63623046875
73.80418395996094
90.1478042602539
68.52375030517578
51.871456146240234
51.61579513549805
77.40233612060547
74.16211700439453
69.12346649169922
57.113643646240234
68.72267150878906
57.23094177246094
82.63529968261719
82.57262420654297
87.6693344116211
59.48906707763672
52.78856658935547
79.59204864501953
50.453407287597656
58.49091339111328
75.99156951904297
58.9375
20.02155303955078
81.54611206054688
56.44770050048828
84.9889144897461
22.08873176574707
34.919281005859375
56.73778533935547
58.230838775634766
43.01300048828125
119.0511703491211
56.60069274902344
104.6053466796875
68.166259765625
79.09649658203125
76.18685913085938
115.22994232177734
68.95764923095703
85.30682373046875
54.32904815673828
66.429931640625
42.54058074951172
76.6476821899414
77.40391540527344
33.81894302368164
59.882102966308594
57.99541091918945
58.14031219482422
100.19597625732422
62.435604095458984
71.4494857788086
67.06470489501953
83.11966705322266
54.71633529663086
61.32353591918945
50.12466812133789
68.25379943847656
65.56909942626953
40.62151336669922
44.59128952026367
63.172821044921875
49.045799255371094
52.76722717285156
63.848052978515625
58.688053131103516
60.402706146240234
63.918697357177734
78.71857452392578
98.66381072998047
55.54147720336914
57.346927642822266
85.52154541015625
63.62042999267578
73.61603546142578
40.47687911987305
30.980762481689453
16.732187271118164
65.44881439208984
94.54061889648438
67.0772476196289
82.95654296875
69.82733917236328
43.081382751464844
62.167442321777344
30.674728393554688
72.07081604003906
29.373268127441406
66.133544921875
54.393768310546875
39.96024703979492
62.73884582519531
43.9754638671875
73.59418487548828
84.07354736328125
59.85902404785156
99.49151611328125
76.25621795654297
65.62428283691406
72.20374298095703
32.23698043823242
103.99541473388672
64.80174255371094
57.145633697509766
56.69694137573242
63.293907165527344
68.20429229736328
85.58186340332031
53.68220901489258
83.53994750976562
49.08833312988281
91.48957061767578
57.84497833251953
66.0483627319336
58.83992385864258
64.58655548095703
50.61134338378906
70.42591094970703
49.14322280883789
66.81404113769531
28.61528205871582
76.88884735107422
47.477474212646484
49.6408576965332
84.77350616455078
69.14606475830078
58.808834075927734
76.39059448242188
55.46540069580078
48.98587417602539
47.309532165527344
30.247591018676758
81.38548278808594
66.99485778808594
89.94160461425781
70.16985321044922
68.41648864746094
71.0219497680664
59.00940704345703
50.454917907714844
53.274131774902344
72.31124114990234
91.2076416015625
69.14857482910156
36.2260856628418
55.938804626464844
63.90885543823242
57.36869812011719
65.40335845947266
74.03485870361328
42.12588882446289
45.774986267089844
76.54024505615234
45.82672882080078
88.76175689697266
44.55928039550781
92.95675659179688
92.04926300048828
73.75814819335938
54.117347717285156
92.29505157470703
47.450801849365234
65.63070678710938
85.29454803466797
66.14625549316406
86.87969207763672
52.5703125
86.74803924560547
40.984493255615234
75.93359375
99.26104736328125
46.3648796081543
57.95250701904297
102.5910873413086
72.35380554199219
63.20811080932617
58.02531051635742
83.0467758178711
112.46627044677734
78.29241180419922
90.65571594238281
70.6454849243164
93.99872589111328
63.61875915527344
36.98303985595703
89.18966674804688
72.81114959716797
105.69263458251953
62.30508041381836
64.49893951416016
48.63280487060547
45.52546691894531
74.28251647949219
49.093971252441406
81.8961410522461
64.36298370361328
85.44522094726562
70.48567199707031
47.660064697265625
32.095157623291016
95.10149383544922
72.8746566772461
44.87235641479492
42.57946014404297
64.28189849853516
82.0585708618164
77.11973571777344
55.74098205566406
81.23074340820312
80.38903045654297
64.58129119873047
49.23591995239258
51.5462532043457
84.16734313964844
101.50312805175781
74.75747680664062
52.79604721069336
59.4351806640625
75.46676635742188
74.87887573242188
43.78375244140625
55.77472686767578
56.719154357910156
84.76615142822266
59.35767364501953
31.997407913208008
64.24032592773438
37.17463302612305
81.43238067626953
77.2555160522461
41.21747589111328
45.30314636230469
74.55126190185547
55.7663688659668
44.35772705078125
75.4648666381836
54.13385009765625
47.81986618041992
56.49212646484375
69.1087417602539
60.09990310668945
84.05033874511719
68.31012725830078
45.980960845947266
71.60855102539062
69.99286651611328
80.51897430419922
55.497947692871094
80.13343811035156
53.168800354003906
90.00363159179688
56.62928771972656
29.46413803100586
64.20671081542969
76.24878692626953
60.052490234375
62.10199737548828
68.69121551513672
20.2960262298584
87.36027526855469
72.92166900634766
80.6448974609375
97.05033111572266
70.87071990966797
50.62396240234375
38.65095138549805
59.52363204956055
63.76342010498047
45.62143325805664
94.41842651367188
85.25131225585938
72.77360534667969
38.03577423095703
76.15294647216797
54.58599090576172
54.423030853271484
95.37522888183594
62.095008850097656
85.06937408447266
83.73479461669922
58.501712799072266
64.94686126708984
47.924293518066406
87.52833557128906
19.673748016357422
75.5087661743164
67.92333984375
94.97273254394531
32.756988525390625
59.7678108215332
45.6867790222168
49.98598098754883
57.17094421386719
67.21685791015625
82.57456970214844
54.024635314941406
52.84064483642578
34.448238372802734
55.96312713623047
80.2174301147461
66.5624008178711
73.59342956542969
84.7470932006836
86.64978790283203
80.66828155517578
98.42868041992188
44.04001235961914
96.18572998046875
49.59271240234375
66.67716979980469
74.46116638183594
28.98198890686035
49.12562942504883
52.807647705078125
84.57548522949219
53.08193588256836
40.33543014526367
49.5101432800293
57.281490325927734
98.88406372070312
73.36944580078125
57.30961990356445
45.46506881713867
45.515289306640625
72.77371215820312
94.80925750732422
59.68349838256836
46.75590133666992
40.00871658325195
67.14347839355469
72.4259262084961
33.195865631103516
78.5418472290039
85.97512817382812
79.95089721679688
50.620845794677734
84.71183776855469
95.87491607666016
34.156490325927734
68.63133239746094
58.77180099487305
80.21198272705078
49.57978057861328
95.51673889160156
68.3271255493164
85.69026184082031
60.2632942199707
65.66393280029297
46.439170837402344
49.3283576965332
42.103271484375
70.18196868896484
78.31816101074219
46.4487419128418
68.17514038085938
54.70527267456055
58.705291748046875
39.562294006347656
110.02886962890625
60.189022064208984
37.994686126708984
69.1207275390625
73.73338317871094
63.47557830810547
85.05201721191406
84.36073303222656
54.73250198364258
70.71736907958984
60.9781608581543
44.214759826660156
73.69197082519531
93.9194107055664
81.83384704589844
93.26835632324219
36.583946228027344
62.48192596435547
73.4652099609375
98.16226196289062
56.02824020385742
39.065616607666016
60.04166793823242
42.209388732910156
60.27735900878906
83.02811431884766
42.12306213378906
31.674053192138672
37.77736282348633
62.83149337768555
55.967960357666016
39.32661056518555
107.76651000976562
71.50788879394531
73.75264739990234
74.26432800292969
91.99600219726562
75.33094024658203
57.027923583984375
78.66094207763672
56.753047943115234
72.93083953857422
68.65428924560547
93.30775451660156
119.20310974121094
62.76774215698242
98.04850769042969
82.46135711669922
53.02900314331055
46.29084777832031
37.319976806640625
68.65917205810547
90.64543914794922
60.36232376098633
64.3737564086914
72.60198974609375
85.2055435180664
42.77273941040039
92.83373260498047
61.80098342895508
56.37129592895508
48.06026840209961
71.55613708496094
43.99544143676758
72.83981323242188
51.512577056884766
49.93244552612305
46.65420150756836
45.55331802368164
75.92073822021484
74.73615264892578
70.96623992919922
49.76034164428711
69.01617431640625
59.30325698852539
72.45501708984375
80.83952331542969
106.79353332519531
80.65126037597656
69.18559265136719
65.97238159179688
105.74813842773438
103.94004821777344
68.64273834228516
33.21964645385742
39.32512664794922
53.10319137573242
70.29498291015625
64.46249389648438
54.776424407958984
87.52413177490234
49.63892364501953
65.30882263183594
88.95619201660156
59.728919982910156
77.21771240234375
89.78327178955078
104.71105194091797
75.97904968261719
71.3775634765625
67.90406799316406
104.9980239868164
76.42108917236328
47.88212203979492
64.93186950683594
42.64271545410156
53.533782958984375
79.66078186035156
73.33995056152344
39.34096908569336
78.65120697021484
104.60271453857422
80.19255828857422
45.383079528808594
60.304046630859375
56.343379974365234
80.61617279052734
61.3848876953125
57.458473205566406
78.28160095214844
27.895475387573242
90.12416076660156
72.86724090576172
13.96074390411377
82.67619323730469
82.67282104492188
64.1578598022461
52.679412841796875
91.36920166015625
86.3172607421875
53.95962142944336
37.076148986816406
70.52216339111328
78.51962280273438
61.801551818847656
111.17030334472656
76.33074188232422
25.455904006958008
75.133056640625
48.95453643798828
83.28893280029297
59.113529205322266
45.43614959716797
85.55154418945312
60.03514099121094
68.41351318359375
82.13063049316406
68.69913482666016
71.16197204589844
52.70914077758789
60.712120056152344
72.72880554199219
70.31810760498047
46.52421951293945
46.999881744384766
91.04489135742188
42.03364562988281
75.69831848144531
63.33390426635742
71.03710174560547
57.36910629272461
58.50015640258789
85.47285461425781
75.10514831542969
57.291038513183594
86.87857055664062
81.2805404663086
77.86048126220703
64.9273910522461
91.33381652832031
57.12532043457031
57.971824645996094
83.61436462402344
73.77037048339844
56.83717727661133
44.277259826660156
34.99878692626953
73.91704559326172
94.41902923583984
50.10627746582031
67.77928161621094
78.70259857177734
89.72406768798828
96.98497009277344
64.4953384399414
29.95450782775879
70.74168395996094
73.30908203125
110.48444366455078
112.9530029296875
46.42607116699219
80.87501525878906
36.917789459228516
58.415767669677734
64.12686920166016
61.447452545166016
58.15192794799805
72.37984466552734
30.246686935424805
46.78926086425781
59.228885650634766
75.95890045166016
41.25475311279297
55.833648681640625
94.73331451416016
37.35633850097656
48.5854606628418
34.609981536865234
64.44930267333984
98.06829071044922
86.11371612548828
71.04839324951172
78.50396728515625
65.43565368652344
54.76274490356445
60.81462860107422
67.01258850097656
14.119122505187988
41.40922546386719
64.1766128540039
76.12919616699219
25.139543533325195
63.534645080566406
74.23954772949219
41.428855895996094
78.6213607788086
36.73866653442383
62.52894973754883
73.43421173095703
89.17147827148438
69.81453704833984
59.4964485168457
78.21178436279297
41.52322769165039
64.21453094482422
57.364837646484375
44.565589904785156
57.79090118408203
66.52233123779297
60.52425765991211
65.00492858886719
109.43343353271484
72.31505584716797
67.9443588256836
46.23481369018555
90.6094970703125
97.36937713623047
72.40858459472656
103.96365356445312
64.62615203857422
80.38067626953125
52.97221374511719
76.64774322509766
91.47724914550781
88.83354949951172
66.73641204833984
63.022422790527344
40.412628173828125
64.90962982177734
57.976463317871094
49.70336151123047
84.99091339111328
62.41313552856445
42.918434143066406
93.00503540039062
51.91314697265625
78.4563217163086
71.44205474853516
90.683349609375
72.62151336669922
95.63886260986328
64.99459838867188
82.2629165649414
70.74462890625
73.67927551269531
85.81098175048828
66.74312591552734
88.7528305053711
53.69133758544922
65.28498077392578
59.40769958496094
75.19464874267578
44.435386657714844
75.35393524169922
94.097900390625
65.84552001953125
65.1436996459961
71.19938659667969
66.29158020019531
73.79366302490234
62.507381439208984
51.234375
72.14093017578125
52.25123596191406
78.6201400756836
58.42953872680664
64.23609924316406
56.53040313720703
92.39677429199219
78.48089599609375
92.83670043945312
91.93889617919922
58.1307373046875
90.7094955444336
47.863895416259766
45.55200958251953
90.6673812866211
68.89611053466797
61.63444900512695
64.84192657470703
84.05474853515625
100.68305969238281
26.496782302856445
104.17738342285156
55.51892852783203
46.77444076538086
81.00166320800781
82.28089141845703
53.91399002075195
84.59178924560547
73.6141128540039
73.59349060058594
32.769439697265625
76.58267974853516
71.53182220458984
53.15828323364258
68.43492889404297
82.1490707397461
79.92864990234375
98.15631866455078
57.29840850830078
60.02628707885742
89.66937255859375
89.51529693603516
66.13377380371094
83.5469741821289
64.75123596191406
60.257564544677734
80.08863067626953
65.26049041748047
43.920982360839844
65.73587036132812
71.0830307006836
66.50604248046875
75.87456512451172
81.43234252929688
75.34683990478516
74.59264373779297
77.33263397216797
77.6352767944336
26.790016174316406
60.908443450927734
58.916316986083984
20.792179107666016
59.97512435913086
64.390380859375
91.3503646850586
81.51370239257812
57.622474670410156
81.1352767944336
76.21153259277344
74.70013427734375
51.406009674072266
68.74766540527344
76.65503692626953
66.78968811035156
66.85429382324219
49.201480865478516
47.40861892700195
31.59623908996582
46.138790130615234
70.21065521240234
56.847286224365234
74.94641876220703
24.614479064941406
65.02163696289062
58.88611602783203
62.695098876953125
73.81745910644531
49.07829284667969
65.56549835205078
80.50357818603516
51.20079040527344
78.09595489501953
37.571014404296875
75.60343170166016
53.06582260131836
56.774070739746094
69.7158432006836
43.56047439575195
70.00927734375
76.40608978271484
107.79232788085938
75.83058166503906
54.663272857666016
38.47409439086914
69.23604583740234
80.23777770996094
45.04480743408203
65.10548400878906
40.45138168334961
73.29290771484375
67.91251373291016
62.99861145019531
94.54085540771484
60.99460983276367
62.10484313964844
42.85979080200195
62.511817932128906
63.44744110107422
86.56782531738281
72.87026977539062
75.06048583984375
110.0553970336914
71.91419219970703
72.65007019042969
45.77312088012695
64.05284881591797
36.160423278808594
66.98060607910156
69.1061019897461
64.34539031982422
43.65802001953125
92.55302429199219
60.90855407714844
62.87883377075195
102.02691650390625
72.75614166259766
44.02897644042969
79.99549865722656
67.79158782958984
46.66623306274414
63.600162506103516
60.16838073730469
106.33229064941406
91.32327270507812
84.59894561767578
47.642948150634766
78.45074462890625
76.10716247558594
64.64323425292969
106.89620971679688
83.13291931152344
22.40315055847168
48.223201751708984
35.26374053955078
85.2433090209961
81.14952087402344
57.729820251464844
47.703086853027344
42.85130310058594
95.64933776855469
93.9376220703125
60.40166091918945
53.660465240478516
85.24271392822266
60.7834587097168
45.05353927612305
80.86630249023438
57.551143646240234
82.72022247314453
64.7591781616211
52.25843048095703
72.89472961425781
109.13801574707031
96.20095825195312
53.72660446166992
68.8031005859375
46.445777893066406
50.93699645996094
99.86750030517578
77.07959747314453
52.15163803100586
51.78533935546875
69.86290740966797
79.99431610107422
90.39329528808594
54.53861618041992
65.78959655761719
54.57545471191406
74.50038146972656
99.25918579101562
82.0396957397461
74.10393524169922
83.50881958007812
55.76151657104492
76.58531951904297
60.15801239013672
92.89696502685547
37.31842041015625
61.75021743774414
105.38410949707031
98.55279541015625
45.658058166503906
87.61885070800781
51.50831604003906
97.57860565185547
61.97275161743164
58.521671295166016
68.96208953857422
84.82292938232422
47.54161071777344
43.727264404296875
60.85401916503906
40.14113998413086
69.19702911376953
86.4534912109375
53.681793212890625
52.091068267822266
44.161006927490234
48.558753967285156
48.24269104003906
45.347286224365234
89.90242004394531
22.707073211669922
50.32432556152344
56.328399658203125
39.45613098144531
45.40849685668945
67.18611907958984
55.773284912109375
34.41684341430664
69.1200942993164
82.65287780761719
34.353721618652344
95.6746597290039
37.66175842285156
69.909423828125
100.92858123779297
55.65057373046875
44.43535614013672
101.94535064697266
45.99883270263672
93.29854583740234
71.3985366821289
40.46164321899414
76.80603790283203
33.142127990722656
71.34233856201172
67.05242919921875
61.19352340698242
95.33488464355469
67.01652526855469
70.55224609375
39.382408142089844
64.71806335449219
41.984981536865234
37.649993896484375
69.79818725585938
38.40628433227539
102.99281311035156
38.66767501831055
51.68001174926758
55.43729019165039
44.38035202026367
37.16739273071289
60.47614288330078
70.74871826171875
33.671749114990234
58.97365188598633
55.74091339111328
67.54459381103516
90.62432098388672
59.277435302734375
47.81773376464844
101.40023803710938
85.44037628173828
83.95462036132812
60.40265655517578
71.552490234375
92.70594024658203
50.635169982910156
72.42601776123047
66.89163970947266
38.583492279052734
63.215972900390625
74.2706069946289
86.60364532470703
26.5750789642334
88.86702728271484
79.00218200683594
62.89046859741211
66.7582778930664
57.43730926513672
33.51242446899414
79.31084442138672
39.54936218261719
60.51676559448242
63.2403564453125
59.65635299682617
96.4116439819336
65.33607482910156
73.82896423339844
52.16094970703125
67.22977447509766
34.72343826293945
106.63262939453125
74.00537109375
18.170490264892578
30.095151901245117
47.78017807006836
72.0325927734375
51.565269470214844
75.21395874023438
51.52777862548828
71.97636413574219
46.621192932128906
66.4402847290039
41.73044204711914
97.63639831542969
76.64993286132812
48.7000732421875
101.62091827392578
49.50135803222656
74.56886291503906
54.363521575927734
53.45014572143555
62.678001403808594
88.0584716796875
48.32079315185547
72.66635131835938
66.00554656982422
63.62085723876953
83.86653137207031
87.5047607421875
53.38206481933594
47.57294845581055
63.72478485107422
60.34733963012695
96.13838195800781
52.22055435180664
56.756126403808594
73.47051239013672
61.901695251464844
87.71165466308594
65.58211517333984
68.63636779785156
82.21855163574219
32.156524658203125
89.5214614868164
83.22734069824219
64.21054077148438
65.48897552490234
57.72426986694336
98.67573547363281
88.25228118896484
68.79087829589844
68.07999420166016
35.71544647216797
78.34369659423828
86.00467681884766
91.37952423095703
87.30470275878906
62.758235931396484
77.33821868896484
70.97846221923828
98.67256927490234
65.8644027709961
85.83526611328125
41.77571487426758
68.02314758300781
46.56416320800781
81.91242980957031
28.804628372192383
56.12008285522461
37.7060546875
52.10249328613281
48.94382858276367
85.84154510498047
67.72605895996094
74.61056518554688
49.51980209350586
53.09008026123047
57.464439392089844
58.15644073486328
46.05467224121094
57.499053955078125
44.606014251708984
44.63737106323242
57.355194091796875
67.27244567871094
56.12334060668945
84.85183715820312
68.4781265258789
75.3861312866211
69.67415618896484
63.09226608276367
33.93731689453125
83.72627258300781
82.1072998046875
79.83519744873047
66.23281860351562
51.766902923583984
42.92488479614258
73.9259033203125
57.38908004760742
54.52301025390625
74.05659484863281
84.98573303222656
71.27503967285156
85.8371353149414
67.56034088134766
73.99881744384766
69.85918426513672
31.547557830810547
78.42892456054688
78.67440795898438
25.563589096069336
68.89738464355469
53.82941818237305
41.389564514160156
34.193695068359375
58.791107177734375
89.13240051269531
46.183677673339844
80.94332122802734
89.31171417236328
68.18991088867188
78.47978210449219
51.39691162109375
82.87937927246094
74.53746032714844
79.58496856689453
53.1722526550293
71.5262222290039
34.63208770751953
47.49314498901367
76.23805236816406
31.281049728393555
49.56300354003906
74.06207275390625
58.452877044677734
60.00218200683594
40.5604248046875
84.3360366821289
95.73910522460938
52.218849182128906
63.171783447265625
74.92765045166016
71.81468200683594
47.281982421875
73.43074798583984
59.026641845703125
66.6009292602539
80.69812774658203
64.71271514892578
26.169395446777344
38.115909576416016
61.38557052612305
64.80513000488281
53.42778778076172
38.0128059387207
67.7310562133789
75.95789337158203
53.894775390625
102.18315887451172
44.90419387817383
51.211910247802734
89.36353302001953
42.425743103027344
70.20701599121094
63.819557189941406
64.91403198242188
66.04106903076172
73.66813659667969
90.2259521484375
97.91036987304688
69.14221954345703
66.3224868774414
52.38667678833008
53.1107063293457
56.62958526611328
50.85097885131836
55.0703239440918
80.39639282226562
79.93728637695312
51.30863952636719
46.640113830566406
79.33072662353516
83.85803985595703
73.65929412841797
94.76473999023438
88.7129135131836
91.9034194946289
73.97147369384766
39.53990936279297
68.75580596923828
77.26907348632812
57.27894592285156
73.47952270507812
85.44312286376953
60.808658599853516
61.416603088378906
76.980224609375
81.57148742675781
64.85247802734375
43.784706115722656
116.76566314697266
101.11859893798828
53.40522766113281
93.3841781616211
58.37155532836914
58.59866714477539
88.20957946777344
78.80691528320312
92.32179260253906
37.52256393432617
25.20950698852539
58.0726318359375
55.02058792114258
49.66800308227539
69.39717102050781
65.205078125
93.90902709960938
52.930091857910156
37.204200744628906
66.54352569580078
58.932350158691406
76.16602325439453
55.915531158447266
56.65882110595703
95.63719177246094
59.37255096435547
96.42241668701172
77.7429428100586
37.38884735107422
45.089988708496094
102.70433044433594
45.763580322265625
102.3058090209961
60.1331901550293
85.63151550292969
60.507720947265625
69.51921081542969
56.264015197753906
52.29326629638672
72.12353515625
42.142154693603516
72.99530029296875
53.3730583190918
57.18170928955078
71.84563446044922
47.49750518798828
41.6843147277832
56.99308395385742
93.64556884765625
50.824825286865234
62.89649200439453
59.22403335571289
26.803409576416016
65.80205535888672
68.90116119384766
45.62029266357422
51.44056701660156
72.27460479736328
72.53917694091797
77.63914489746094
46.97285842895508
65.65045166015625
60.657588958740234
22.825002670288086
89.44256591796875
57.771148681640625
62.59714889526367
95.01878356933594
73.7538070678711
76.17047882080078
65.01067352294922
81.06390380859375
58.76732635498047
71.93679809570312
30.790342330932617
56.962440490722656
60.610679626464844
66.45977783203125
57.37403106689453
83.40445709228516
76.03036499023438
72.37313842773438
72.4797134399414
64.31803131103516
45.07406234741211
72.57634735107422
42.74274826049805
50.359535217285156
73.52952575683594
66.86741638183594
67.20079040527344
79.70780944824219
86.62882995605469
88.5335464477539
63.574249267578125
82.07876586914062
76.45326232910156
52.87471008300781
84.0489730834961
116.33003997802734
48.844215393066406
46.397377014160156
55.178470611572266
73.14700317382812
63.69129943847656
96.18949890136719
41.50925827026367
73.89183044433594
64.31353759765625
52.88200759887695
53.8759765625
70.77310943603516
66.26563262939453
38.668190002441406
76.9642562866211
49.14376449584961
104.34159088134766
50.824440002441406
59.96718978881836
87.4197006225586
48.647010803222656
60.515071868896484
98.09058380126953
39.0986442565918
45.06188201904297
69.73721313476562
21.271453857421875
63.51325988769531
63.52431106567383
94.66204833984375
40.61030960083008
64.95897674560547
16.33244514465332
46.9162483215332
81.84762573242188
62.75718307495117
76.05638885498047
69.15026092529297
65.39080047607422
59.90024185180664
62.14869689941406
36.10145950317383
90.17301177978516
88.82524108886719
46.04402542114258
66.57746887207031
98.27638244628906
50.83148956298828
46.7775993347168
94.43836975097656
68.56625366210938
89.0198974609375
65.87555694580078
75.7391357421875
112.92919158935547
83.53532409667969
41.09438705444336
54.927154541015625
49.44719314575195
53.10453414916992
78.1083984375
50.966217041015625
61.4722900390625
84.55915832519531
66.53838348388672
88.78681945800781
66.26477813720703
52.23495864868164
75.3739013671875
40.436363220214844
56.84577560424805
37.4058723449707
92.5730972290039
32.3282356262207
55.28968811035156
105.46057891845703
54.665489196777344
48.76884460449219
64.69668579101562
71.4775161743164
73.90277099609375
110.48543548583984
122.14091491699219
69.47418212890625
75.92716979980469
73.80522918701172
103.14148712158203
49.87801742553711
59.86511993408203
26.892118453979492
52.100440979003906
64.45842742919922
25.68778419494629
42.828731536865234
40.45209884643555
76.05168914794922
42.32024383544922
57.62178039550781
44.55754089355469
54.30619812011719
47.77531051635742
65.87848663330078
59.8735237121582
49.87636184692383
78.38920593261719
65.9557113647461
34.08256530761719
103.74797058105469
93.39051055908203
38.5872688293457
49.936519622802734
97.42577362060547
75.24320983886719
67.0040283203125
104.73998260498047
38.748329162597656
110.7992935180664
57.852134704589844
41.95664978027344
75.90412902832031
44.2152099609375
47.65531539916992
100.93785858154297
32.65288162231445
79.5028076171875
70.71082305908203
53.23359680175781
52.31880187988281
68.04347229003906
54.494903564453125
112.57001495361328
51.883480072021484
93.00067138671875
75.87602233886719
49.66066360473633
46.52398681640625
79.63363647460938
48.266109466552734
33.58498001098633
72.28255462646484
31.646133422851562
77.28034973144531
63.15231704711914
79.93067932128906
60.95630645751953
61.49222946166992
43.62504196166992
71.52117156982422
74.82794189453125
71.005859375
48.7450065612793
49.09151077270508
83.69371032714844
78.78099060058594
52.676979064941406
27.40612030029297
46.88404083251953
56.05192184448242
96.32816314697266
62.580177307128906
63.640872955322266
63.56291198730469
74.76777648925781
49.32358169555664
68.1092758178711
64.33190155029297
117.08138275146484
52.70378494262695
90.76790618896484
77.41130065917969
78.4083023071289
96.95946502685547
68.7850112915039
78.24049377441406
34.96694564819336
85.59803009033203
67.14044952392578
78.78119659423828
49.83681106567383
78.26691436767578
104.181884765625
40.968772888183594
65.78014373779297
46.058570861816406
53.397544860839844
23.75165557861328
83.15161895751953
86.04769897460938
45.8228645324707
73.90090942382812
82.66362762451172
87.33830261230469
89.86778259277344
38.56092071533203
72.8660659790039
62.89690017700195
55.80280303955078
54.22231674194336
46.35263442993164
81.07865142822266
74.725830078125
58.71569061279297
69.87682342529297
75.33887481689453
49.57098388671875
54.863956451416016
88.07028198242188
71.1613998413086
77.3375244140625
72.65215301513672
103.54122924804688
12.717976570129395
65.96070861816406
49.07250213623047
80.96456909179688
85.57901763916016
43.03103256225586
69.03135681152344
56.51932907104492
71.62136840820312
93.77237701416016
66.5285873413086
70.56158447265625
77.64725494384766
32.44023132324219
87.76996612548828
25.616689682006836
71.08637237548828
78.57196044921875
82.56502532958984
71.94515228271484
65.98846435546875
84.90199279785156
84.29920196533203
45.442657470703125
66.36173248291016
69.38197326660156
72.60877227783203
52.813846588134766
98.12401580810547
88.89534759521484
39.07916259765625
70.02290344238281
79.52520751953125
50.029541015625
84.00652313232422
58.77809524536133
75.0054931640625
94.84920501708984
73.19502258300781
36.05086898803711
72.88530731201172
56.95228958129883
52.921329498291016
84.5943603515625
66.34281921386719
78.0567398071289
37.06159973144531
86.22637939453125
71.68209838867188
56.17313766479492
84.9609146118164
42.592063903808594
69.46348571777344
67.43487548828125
58.12032699584961
35.63718795776367
58.13465881347656
53.07938003540039
77.43590545654297
55.29829406738281
58.70429229736328
44.057228088378906
83.60018157958984
73.81828308105469
52.939849853515625
78.5365982055664
68.32567596435547
60.1264533996582
97.41976928710938
55.705074310302734
76.77369689941406
73.1033935546875
83.82906341552734
62.65642166137695
56.0709114074707
69.38568878173828
32.79960250854492
78.29269409179688
60.44280242919922
66.65727233886719
67.55474853515625
51.41627502441406
52.19350051879883
65.49850463867188
67.46060180664062
96.11502838134766
53.66733932495117
75.1589126586914
64.7943115234375
45.1102180480957
81.35829162597656
83.99669647216797
100.72124481201172
68.0226821899414
84.97760772705078
81.83057403564453
69.56646728515625
80.14407348632812
68.72480773925781
79.83929443359375
77.13334655761719
98.90071105957031
91.8962631225586
71.69009399414062
75.06948852539062
66.62085723876953
85.16704559326172
60.86043930053711
54.87388610839844
76.34532928466797
89.09902954101562
47.830604553222656
25.84589385986328
76.37980651855469
105.71571350097656
27.599960327148438
62.48664855957031
45.42938232421875
39.10982894897461
46.14552688598633
63.72514724731445
69.98878479003906
62.76353454589844
61.45060729980469
48.17599868774414
90.51618957519531
75.28425598144531
71.41680145263672
74.29096221923828
106.18355560302734
52.42823028564453
25.72792625427246
83.1270980834961
57.11540985107422
79.19834899902344
71.8908462524414
38.98939895629883
22.169252395629883
60.85884094238281
49.715187072753906
39.81538391113281
55.65570068359375
71.19740295410156
69.4571533203125
46.280189514160156
78.11669921875
71.04873657226562
69.09149932861328
87.17588806152344
47.76690673828125
55.65144729614258
73.40428924560547
42.34341049194336
67.39643859863281
101.12010192871094
107.33075714111328
61.74269104003906
52.70011901855469
63.248802185058594
93.82182312011719
42.531715393066406
51.714439392089844
32.006656646728516
60.940975189208984
76.08428955078125
53.74726867675781
73.99730682373047
97.27265930175781
102.14264678955078
53.096656799316406
57.775596618652344
68.0040512084961
57.80662155151367
71.56715393066406
116.27265930175781
52.51378631591797
76.58488464355469
77.00840759277344
84.10154724121094
64.58007049560547
79.2535400390625
61.869224548339844
49.7619743347168
77.41844177246094
78.98741149902344
45.37229537963867
125.72860717773438
76.83970642089844
81.09304809570312
67.52222442626953
54.81425476074219
79.96341705322266
67.25360107421875
41.460968017578125
37.707984924316406
75.07967376708984
92.39772033691406
66.15765380859375
113.31961822509766
40.88220977783203
56.420127868652344
73.39205932617188
64.71778869628906
56.21442413330078
50.53349304199219
104.74664306640625
68.55302429199219
39.26795959472656
78.34707641601562
90.13876342773438
68.32836151123047
67.3345718383789
60.61570739746094
43.58462905883789
57.42536544799805
51.038475036621094
59.879180908203125
72.23043060302734
66.05672454833984
56.72509765625
42.01688766479492
59.46080780029297
52.313011169433594
49.6142692565918
58.80007553100586
109.25359344482422
58.63006591796875
61.363250732421875
75.88682556152344
49.03160095214844
80.0814437866211
64.0588150024414
61.09029769897461
102.52235412597656
85.27043151855469
55.18208694458008
60.444210052490234
52.533363342285156
72.08573150634766
44.70791244506836
50.53913879394531
67.72720336914062
62.79967498779297
86.90767669677734
63.71702194213867
45.711143493652344
60.24131774902344
30.953380584716797
90.17263793945312
91.50658416748047
76.23811340332031
39.9211540222168
63.57705307006836
58.73707962036133
73.01110076904297
130.3192901611328
73.3912124633789
89.07546997070312
76.03784942626953
101.32652282714844
56.03297424316406
87.9436264038086
77.35419464111328
77.50666046142578
78.36236572265625
80.836669921875
78.4954605102539
39.54121398925781
50.07361602783203
52.17094802856445
71.93029022216797
75.99089050292969
84.93560028076172
60.87009811401367
100.651123046875
60.660579681396484
27.344947814941406
61.82033920288086
61.18449783325195
66.73029327392578
87.07513427734375
66.15628051757812
54.49952697753906
67.79537200927734
49.88986587524414
80.6906967163086
33.7941780090332
56.48909378051758
42.24119567871094
