50.23490524291992
38.726531982421875
31.06931495666504
64.68013000488281
38.39364242553711
76.04052734375
27.119731903076172
62.1190299987793
53.28031539916992
43.73880386352539
37.751808166503906
66.1124267578125
40.76307678222656
37.995445251464844
75.36652374267578
66.34637451171875
52.15177536010742
46.290740966796875
60.477176666259766
38.61273956298828
56.570526123046875
76.61617279052734
39.93517303466797
45.540287017822266
54.698463439941406
63.71337127685547
77.19979858398438
51.50421142578125
50.73133850097656
62.065792083740234
57.26387405395508
38.03630828857422
20.104726791381836
43.54419708251953
71.889892578125
43.15739059448242
26.898181915283203
65.82661437988281
60.08131408691406
85.43416595458984
34.354915618896484
32.256927490234375
48.15806579589844
67.31851959228516
78.55099487304688
49.09613037109375
39.54899597167969
42.43315887451172
40.86090850830078
50.397830963134766
58.64612579345703
37.6815071105957
36.45976638793945
52.40835952758789
59.996009826660156
48.584354400634766
20.549896240234375
64.7945785522461
40.048118591308594
50.09502410888672
64.43980407714844
44.05266189575195
58.763362884521484
39.57712173461914
75.42732238769531
29.072492599487305
86.97445678710938
48.67718505859375
40.65447235107422
42.484039306640625
46.612632751464844
48.34629440307617
46.67279815673828
63.25031280517578
57.08562088012695
43.84428405761719
42.34490203857422
71.07337188720703
32.140892028808594
61.955284118652344
64.30525970458984
58.38473129272461
26.810531616210938
43.851097106933594
30.672080993652344
56.21952438354492
61.09016799926758
54.8845329284668
66.91178894042969
37.32029724121094
33.56190490722656
69.19798278808594
66.20490264892578
43.34449768066406
49.04045867919922
57.60110092163086
24.19314956665039
92.52560424804688
25.689350128173828
63.65699768066406
55.52057647705078
58.7567253112793
33.430816650390625
22.852005004882812
40.98943328857422
67.27235412597656
77.74472045898438
42.71072006225586
54.26704025268555
21.973983764648438
15.129118919372559
44.06892395019531
61.737892150878906
41.94629669189453
45.80586242675781
72.88864135742188
35.25638198852539
57.41996383666992
80.04017639160156
43.76341247558594
52.92718505859375
72.97750091552734
53.60215759277344
74.78221893310547
35.991355895996094
68.41012573242188
42.670074462890625
44.47957229614258
32.71747589111328
53.439701080322266
37.83903884887695
32.35716247558594
67.4691390991211
48.3011474609375
41.291683197021484
51.50605392456055
68.67745208740234
20.054176330566406
52.505882263183594
64.69693756103516
52.888389587402344
71.13202667236328
57.39448928833008
60.184696197509766
67.9943618774414
51.94331741333008
25.25714683532715
72.90757751464844
60.96268844604492
57.974552154541016
42.06983947753906
18.288633346557617
65.74217224121094
37.600799560546875
54.857879638671875
73.96334838867188
44.24559020996094
61.589603424072266
31.74407386779785
80.78034210205078
39.95787811279297
85.84010314941406
52.30659866333008
41.88285446166992
77.25669860839844
47.147945404052734
48.36235046386719
69.41183471679688
32.189273834228516
54.205352783203125
38.73018264770508
36.419883728027344
74.35054016113281
54.16230010986328
51.98808670043945
39.80382537841797
70.93482971191406
89.86602020263672
67.03173828125
57.26319122314453
60.00068283081055
44.13511657714844
44.43238830566406
47.97671127319336
59.67771911621094
59.814781188964844
61.15188980102539
25.43459129333496
42.442935943603516
39.262691497802734
63.75836944580078
99.34149169921875
54.25103759765625
53.66115951538086
57.607791900634766
71.0472183227539
43.66615295410156
76.67190551757812
77.845703125
58.46297836303711
63.8407096862793
52.708133697509766
41.32517623901367
61.45841979980469
33.66828155517578
34.90872573852539
33.71742248535156
48.7012825012207
42.66828536987305
52.32398986816406
48.67610168457031
67.09374237060547
62.41960906982422
39.66094970703125
56.10004425048828
69.04925537109375
68.70084381103516
51.00252914428711
53.94221115112305
64.48448181152344
62.31473159790039
45.943180084228516
66.3880844116211
28.780101776123047
54.28529357910156
36.59149169921875
49.0203742980957
52.85175323486328
69.34197235107422
51.61210632324219
60.958740234375
60.585575103759766
57.334449768066406
51.59661102294922
60.91862487792969
47.46574783325195
41.76234817504883
62.887062072753906
50.878074645996094
31.867069244384766
67.71463775634766
46.34150695800781
47.232975006103516
61.929874420166016
26.45525550842285
20.364639282226562
39.69074249267578
23.00423240661621
22.95664405822754
31.264083862304688
39.48768615722656
42.523921966552734
48.55362319946289
77.71166229248047
24.215984344482422
58.07754898071289
54.55253219604492
35.59987258911133
47.97872543334961
46.94075012207031
50.12054443359375
54.7628173828125
36.70476531982422
43.87087631225586
78.17108154296875
63.41566848754883
50.385498046875
47.705257415771484
9.374187469482422
48.55662155151367
53.73175048828125
79.4179458618164
46.6038818359375
58.797237396240234
61.2856330871582
59.92558670043945
48.04674530029297
61.185150146484375
37.54660415649414
45.01260757446289
60.80350875854492
47.386474609375
47.67863464355469
54.771026611328125
43.65986633300781
41.07617950439453
6.724241256713867
24.93357276916504
52.45973587036133
37.7722282409668
33.567386627197266
67.052001953125
58.50657272338867
66.61394500732422
44.86932373046875
40.902645111083984
40.14604949951172
34.19947052001953
63.74348449707031
60.23109817504883
84.9394302368164
94.79033660888672
80.90970611572266
61.21795654296875
62.97169876098633
40.99169158935547
74.58674621582031
63.363800048828125
45.1678581237793
47.123069763183594
44.05427551269531
46.83799743652344
53.108558654785156
31.211986541748047
69.74627685546875
28.800777435302734
94.79908752441406
52.163299560546875
70.18760681152344
64.25767517089844
39.849334716796875
69.06744384765625
45.8356819152832
26.022140502929688
43.7188606262207
83.9186019897461
49.6484489440918
65.6396713256836
41.3960075378418
35.6619987487793
40.85310745239258
41.69609069824219
50.41666030883789
65.99905395507812
41.61874771118164
56.56086349487305
55.8594856262207
45.35671615600586
40.538352966308594
45.654354095458984
44.417076110839844
73.43761444091797
52.7160758972168
39.830379486083984
49.13276290893555
36.17597579956055
57.62175750732422
50.900230407714844
81.97360229492188
30.1832332611084
29.284395217895508
38.569122314453125
50.70146942138672
62.45634460449219
69.82372283935547
29.568029403686523
45.09941864013672
52.25098419189453
48.122596740722656
67.99150848388672
42.588253021240234
45.6796875
91.90997314453125
32.69606018066406
68.07894897460938
35.85593795776367
49.464019775390625
53.0402717590332
51.30120086669922
23.495319366455078
63.71694564819336
56.630924224853516
47.274112701416016
44.24991989135742
24.773351669311523
74.2050552368164
78.14088439941406
62.11192321777344
18.010520935058594
27.00551986694336
55.372947692871094
67.82618713378906
37.37786102294922
69.33599090576172
53.01591491699219
36.89384841918945
93.34136962890625
45.9041748046875
31.85379409790039
40.92555236816406
45.326019287109375
18.692012786865234
56.6786003112793
52.6534538269043
55.931488037109375
32.82991027832031
47.36037826538086
46.81654739379883
37.46674728393555
41.678619384765625
33.555355072021484
55.32673263549805
45.0959358215332
57.9739875793457
29.05622100830078
37.1530647277832
34.955318450927734
41.5906982421875
64.7004623413086
57.31879425048828
57.34629440307617
45.292869567871094
46.08953094482422
48.95215606689453
45.13085174560547
71.81555938720703
57.64920425415039
46.182281494140625
55.42427062988281
67.63324737548828
57.695247650146484
40.11096954345703
41.38039016723633
56.115966796875
59.73479461669922
54.05180358886719
48.49545669555664
46.22341537475586
68.45524597167969
66.52957916259766
64.7334213256836
66.53854370117188
39.667354583740234
68.19371032714844
68.66325378417969
61.551116943359375
67.76464080810547
40.96966552734375
40.4238166809082
45.623870849609375
64.50067138671875
40.717342376708984
71.54246520996094
44.18354797363281
59.53776550292969
45.76101303100586
20.346477508544922
52.28363037109375
41.59084701538086
65.51551818847656
73.72238159179688
53.46302032470703
64.00711822509766
78.14938354492188
41.18893051147461
50.893653869628906
29.513994216918945
56.7849235534668
92.0648193359375
36.88850021362305
61.722068786621094
50.74409484863281
71.86073303222656
45.68375015258789
68.76374816894531
45.131080627441406
67.23426818847656
33.70534133911133
82.63333129882812
69.59650421142578
60.21806335449219
77.4896240234375
33.61853790283203
71.52845764160156
54.242313385009766
31.04054832458496
34.138267517089844
53.37108612060547
72.08350372314453
71.94056701660156
80.15438079833984
46.86647415161133
70.18109893798828
83.45372772216797
52.84064483642578
55.94977951049805
36.58699035644531
50.00351333618164
67.7091064453125
20.248275756835938
46.79354476928711
69.58881378173828
69.84381103515625
50.14720916748047
47.32601547241211
24.471908569335938
22.37934112548828
35.02653503417969
44.15825653076172
74.3193359375
36.11287307739258
60.48308563232422
73.85546875
50.75242233276367
84.87909698486328
67.7289047241211
49.0302734375
60.31521224975586
39.87356185913086
44.57258987426758
35.49856185913086
36.42850875854492
56.351219177246094
65.00814819335938
52.09031677246094
40.49641799926758
46.553436279296875
75.21458435058594
56.963558197021484
51.10129928588867
33.47608184814453
46.78165054321289
51.089630126953125
58.78242492675781
29.619873046875
38.97535705566406
50.02802658081055
47.31018829345703
44.51018524169922
48.85649871826172
55.12641906738281
48.83481216430664
59.64005661010742
53.14945602416992
56.49585723876953
37.09185791015625
91.4819564819336
47.209625244140625
87.04022979736328
69.09756469726562
45.34447479248047
27.5513858795166
59.25251007080078
47.29988098144531
56.65107727050781
43.857460021972656
24.366649627685547
37.848453521728516
35.63957977294922
56.851173400878906
60.87096405029297
25.8403377532959
51.02631759643555
42.686004638671875
38.695438385009766
21.755043029785156
45.788578033447266
56.267181396484375
29.894012451171875
26.39175033569336
79.08357238769531
48.223487854003906
34.50618362426758
69.93791961669922
62.496360778808594
73.61141204833984
78.41783142089844
60.71422576904297
46.840301513671875
43.96369934082031
37.330230712890625
53.650299072265625
44.680328369140625
24.64737319946289
110.22822570800781
64.12666320800781
75.5077133178711
51.425132751464844
67.00537109375
55.80632400512695
68.0431137084961
39.221778869628906
40.01039123535156
53.290794372558594
60.8470344543457
52.96431350708008
66.79994201660156
72.02643585205078
53.18361282348633
62.44050979614258
68.04086303710938
51.69334411621094
18.086395263671875
28.380481719970703
51.334739685058594
31.936683654785156
48.57318878173828
56.446983337402344
45.44557189941406
66.12433624267578
50.43149948120117
64.01808166503906
76.57262420654297
73.88031005859375
67.83529663085938
21.856138229370117
45.71104049682617
39.658348083496094
72.42889404296875
52.09609603881836
42.86582565307617
38.88875198364258
38.75776672363281
59.61351776123047
23.77627944946289
49.917686462402344
60.682762145996094
41.92854309082031
43.222320556640625
50.230796813964844
35.1105842590332
63.61058044433594
65.94721984863281
49.017337799072266
50.46499252319336
84.53254699707031
69.83760070800781
43.33037567138672
35.0679931640625
68.60725402832031
50.11200714111328
64.90911102294922
64.4296875
50.400325775146484
47.63129806518555
61.11118698120117
42.14899826049805
81.23267364501953
26.634828567504883
56.33802795410156
64.31985473632812
44.256900787353516
60.14983367919922
49.7434196472168
37.548973083496094
52.928035736083984
59.1610221862793
58.666683197021484
72.22518920898438
25.039167404174805
34.25251388549805
48.17633819580078
24.72762107849121
20.24490737915039
11.61961555480957
58.362892150878906
29.205507278442383
82.33644104003906
56.875389099121094
44.01078414916992
63.66813278198242
36.487667083740234
66.88751983642578
45.73789978027344
70.13042449951172
41.463314056396484
79.97735595703125
61.62507247924805
72.0400161743164
27.559982299804688
58.172794342041016
38.009525299072266
30.183591842651367
35.8239860534668
79.6896743774414
71.85751342773438
46.69102478027344
57.52584457397461
47.77629089355469
69.47250366210938
60.475120544433594
53.76762390136719
42.351837158203125
32.77368927001953
61.45768356323242
16.353729248046875
22.24246597290039
59.30831527709961
49.01679611206055
53.43354415893555
60.72133255004883
75.19829559326172
56.423770904541016
63.70039367675781
48.09322738647461
35.31585693359375
69.4610824584961
40.87651443481445
33.00048828125
39.83656311035156
50.02818298339844
42.821022033691406
54.45376205444336
33.95655059814453
52.250118255615234
50.48494338989258
57.95995330810547
70.24040985107422
79.30597686767578
45.238258361816406
58.37550354003906
20.451501846313477
43.664005279541016
54.512664794921875
57.72904968261719
71.81803131103516
65.88909912109375
40.198394775390625
51.5206184387207
43.594093322753906
56.457889556884766
64.18116760253906
40.91044998168945
36.9940299987793
60.781211853027344
92.56124114990234
49.53727340698242
61.89525604248047
50.694217681884766
41.510353088378906
80.99531555175781
46.56051254272461
50.43999481201172
47.98407745361328
62.17258834838867
35.53511047363281
27.53490447998047
34.871246337890625
64.15766906738281
46.66584014892578
35.73954772949219
41.7884407043457
71.60260009765625
29.956594467163086
33.2846565246582
41.93317413330078
53.333709716796875
41.74609375
48.888607025146484
84.72514343261719
54.20326614379883
34.254520416259766
47.28059387207031
79.81228637695312
16.826879501342773
45.27930450439453
44.529335021972656
60.11201477050781
32.23385238647461
78.3427963256836
40.688114166259766
52.274681091308594
32.00257110595703
53.43647384643555
29.248332977294922
34.78956604003906
39.160972595214844
58.285396575927734
62.3033561706543
56.946197509765625
35.8186149597168
46.311824798583984
33.31608581542969
64.6603012084961
52.96317672729492
66.91728210449219
43.42060470581055
22.398399353027344
37.15431213378906
37.46577453613281
39.861759185791016
33.437416076660156
48.095245361328125
14.940793991088867
20.645828247070312
58.83645248413086
48.91164016723633
38.764686584472656
48.06372833251953
36.741790771484375
45.17158889770508
39.787357330322266
52.45320129394531
103.46578216552734
39.04710388183594
73.55319213867188
35.38986587524414
47.93648910522461
39.922183990478516
80.94290924072266
37.412025451660156
52.96000671386719
36.07416534423828
31.325231552124023
52.16582489013672
58.59252166748047
27.40110206604004
63.741214752197266
37.51701736450195
45.64018630981445
41.136539459228516
57.267669677734375
49.282047271728516
50.34182357788086
52.48443603515625
54.70248794555664
65.0882568359375
47.512779235839844
36.31895065307617
35.09757995605469
40.44613265991211
92.27288055419922
48.68825149536133
35.20025634765625
32.655609130859375
24.61566925048828
48.86041259765625
58.31832504272461
40.89077377319336
42.722835540771484
86.75474548339844
41.87672805786133
37.40245819091797
60.003440856933594
52.844139099121094
54.385467529296875
73.0282974243164
92.60542297363281
34.97585678100586
78.09745025634766
27.470754623413086
60.79636001586914
49.274322509765625
37.6365852355957
72.5483169555664
63.84244918823242
42.58751678466797
66.76792907714844
42.01799011230469
72.78700256347656
51.21324157714844
61.8560905456543
26.225574493408203
47.503318786621094
66.5210952758789
62.80744171142578
35.87849044799805
33.984493255615234
43.198974609375
62.91110610961914
69.12635803222656
54.785064697265625
42.91293716430664
80.43926239013672
47.303436279296875
78.82501983642578
45.07590866088867
37.253692626953125
20.67452621459961
58.927757263183594
88.15544891357422
38.49041748046875
63.409942626953125
35.01940155029297
35.299713134765625
103.6710433959961
67.38911437988281
35.97151565551758
59.84893798828125
33.19121170043945
48.321861267089844
58.763736724853516
72.5650863647461
73.48619842529297
56.29901123046875
64.73111724853516
93.91682434082031
35.03794479370117
76.07537078857422
51.12311553955078
22.327756881713867
25.53716278076172
75.3116226196289
75.7699203491211
84.7766342163086
72.86954498291016
36.90085220336914
42.7003059387207
49.905029296875
31.5698299407959
56.81447219848633
50.03020477294922
65.25926971435547
74.39264678955078
17.022808074951172
50.428565979003906
42.167144775390625
63.23647689819336
45.78160095214844
46.505550384521484
29.628028869628906
43.88831329345703
70.65530395507812
38.71220779418945
41.88325119018555
28.860092163085938
85.20558166503906
24.725608825683594
36.84038162231445
51.088356018066406
46.16584014892578
71.49688720703125
73.43605041503906
47.69081115722656
43.50520706176758
75.86929321289062
54.75044631958008
44.27423858642578
84.1466293334961
26.945575714111328
59.2885627746582
73.60523223876953
96.2455062866211
45.52485275268555
46.11461639404297
51.55949401855469
67.15182495117188
54.11982345581055
65.02867126464844
52.8021354675293
59.429012298583984
53.533695220947266
92.10623168945312
49.20773696899414
55.298004150390625
61.346736907958984
34.086669921875
65.78439331054688
38.42356872558594
46.664588928222656
52.97721862792969
45.61046600341797
52.756473541259766
48.02523422241211
47.445220947265625
33.1337890625
48.28845977783203
70.49267578125
30.769311904907227
57.42898178100586
10.265006065368652
29.29082489013672
23.92534637451172
40.355987548828125
31.436960220336914
55.530757904052734
42.80930709838867
78.7538070678711
57.35426712036133
37.384769439697266
45.02882385253906
24.843353271484375
50.61972427368164
22.875789642333984
38.04531478881836
36.75044250488281
45.04285430908203
30.6718692779541
94.44120788574219
49.44744873046875
48.70697784423828
50.464786529541016
33.506900787353516
40.08319854736328
59.90519332885742
45.134246826171875
66.4854736328125
63.42903137207031
86.09584045410156
49.519989013671875
51.126373291015625
73.11883544921875
68.7511215209961
18.865083694458008
84.64835357666016
34.58396530151367
22.584768295288086
82.76222229003906
38.03497314453125
51.72342300415039
62.70258331298828
46.14439010620117
46.94575119018555
51.10505294799805
78.42371368408203
45.42412567138672
52.738365173339844
76.38038635253906
53.79891586303711
60.79616928100586
36.987186431884766
73.32547760009766
28.689905166625977
61.327125549316406
40.015296936035156
62.65686798095703
43.62665557861328
21.794649124145508
42.38738250732422
35.06611633300781
36.90038299560547
61.1411018371582
51.293182373046875
52.018802642822266
49.475643157958984
51.009090423583984
41.017578125
64.14583587646484
48.76626968383789
81.52953338623047
37.144798278808594
38.7247200012207
83.19952392578125
58.60280990600586
75.67635345458984
31.408153533935547
60.429962158203125
57.69007110595703
28.281129837036133
1.742160677909851
45.293270111083984
43.56816482543945
36.661285400390625
42.98933410644531
42.12926483154297
61.88129425048828
29.519987106323242
70.14210510253906
33.886863708496094
44.318294525146484
22.296112060546875
64.48359680175781
32.168617248535156
66.1849136352539
36.16566467285156
31.723386764526367
83.37152099609375
72.45307922363281
53.43289566040039
77.08732604980469
17.036645889282227
81.21299743652344
55.772499084472656
23.850618362426758
72.32530975341797
56.051666259765625
57.02922821044922
48.542930603027344
58.3578987121582
83.77985382080078
60.392059326171875
76.47877502441406
54.43611526489258
45.28593444824219
58.920982360839844
38.97677993774414
25.058107376098633
37.97670364379883
79.01285552978516
78.03095245361328
41.67015075683594
21.19209098815918
66.81402587890625
36.92774963378906
65.64665985107422
35.261131286621094
36.07683563232422
63.10527420043945
24.50658416748047
103.8712387084961
88.01248931884766
48.640220642089844
33.34260559082031
45.22561264038086
59.64713668823242
56.215354919433594
53.353092193603516
59.3084831237793
69.30911254882812
43.456050872802734
41.268306732177734
51.441463470458984
38.13218307495117
61.95675277709961
30.614896774291992
52.99028015136719
90.94754791259766
25.178630828857422
60.68220520019531
51.49106979370117
31.906644821166992
46.67028045654297
16.889251708984375
61.140506744384766
61.666439056396484
29.048490524291992
57.670806884765625
40.28012466430664
44.698265075683594
65.43254852294922
67.50963592529297
52.402400970458984
53.24421691894531
60.28642654418945
48.22528839111328
53.71995162963867
64.85981750488281
59.923484802246094
40.563961029052734
64.15296173095703
40.60933303833008
58.24074935913086
54.06772994995117
45.56439971923828
58.281490325927734
61.06892776489258
39.470279693603516
50.17979431152344
59.80492401123047
68.38805389404297
23.799297332763672
65.2464599609375
38.008827209472656
69.86193084716797
62.3011474609375
40.41255187988281
48.9468879699707
72.75447082519531
30.538549423217773
64.34989166259766
25.623098373413086
56.31482696533203
31.803674697875977
44.38311004638672
53.07249450683594
41.065860748291016
60.2957878112793
30.041975021362305
51.69149398803711
39.795284271240234
57.05402755737305
53.64754104614258
43.50690841674805
45.5534553527832
72.84439086914062
43.41048812866211
39.43935012817383
29.50324058532715
32.57400894165039
40.69943618774414
28.974445343017578
61.394840240478516
87.12718963623047
34.688377380371094
80.15415954589844
38.67828369140625
57.13159942626953
61.03272247314453
60.68837356567383
38.955055236816406
72.98431396484375
38.00666809082031
35.51799774169922
48.62020492553711
56.876705169677734
72.83507537841797
30.234851837158203
32.763999938964844
35.68463897705078
64.188232421875
46.51377868652344
65.58590698242188
63.721405029296875
51.89309310913086
34.91508102416992
59.24788284301758
49.52534866333008
64.70311737060547
38.41072463989258
55.18972396850586
13.976347923278809
42.54616165161133
47.83159637451172
47.19838333129883
60.71524429321289
47.805702209472656
63.92534255981445
52.83261489868164
38.08761978149414
36.32210159301758
56.646766662597656
38.44696044921875
41.11923599243164
21.225231170654297
82.59222412109375
43.329864501953125
61.00058364868164
70.3997573852539
76.00436401367188
60.139583587646484
32.508663177490234
41.452903747558594
47.51114273071289
42.63071060180664
58.82575988769531
46.59394454956055
45.83560562133789
42.1207275390625
44.639556884765625
55.26277160644531
46.69179916381836
45.70844650268555
37.68775939941406
58.72074508666992
39.10182189941406
52.87955093383789
38.86470413208008
40.958194732666016
36.76459884643555
62.61459732055664
24.728116989135742
85.29015350341797
42.80570602416992
56.82224655151367
43.71421813964844
75.18061065673828
52.384761810302734
54.827388763427734
96.55953216552734
21.39177894592285
57.416568756103516
69.25187683105469
73.35320281982422
42.243743896484375
31.094362258911133
72.27816772460938
56.22624588012695
60.150794982910156
75.71466064453125
66.53179931640625
52.21775817871094
51.25946044921875
42.013492584228516
74.17091369628906
41.77085876464844
35.972293853759766
50.60136413574219
66.92352294921875
65.51731872558594
66.1338119506836
64.9979476928711
62.300724029541016
72.98478698730469
50.23876190185547
50.212162017822266
45.66584777832031
23.94069480895996
56.17487335205078
52.102272033691406
69.44368743896484
33.510406494140625
48.17729949951172
39.583927154541016
50.21464157104492
60.418331146240234
58.92043685913086
58.168190002441406
52.562171936035156
57.02812957763672
67.36825561523438
61.7964973449707
43.23093032836914
26.683650970458984
47.83834457397461
78.95137023925781
35.40414047241211
16.67889404296875
42.270103454589844
62.66232681274414
63.72489547729492
29.310937881469727
65.64472961425781
59.28284454345703
81.9032974243164
56.28895950317383
43.02970504760742
47.83869171142578
28.975082397460938
17.300241470336914
56.5377311706543
42.52306365966797
78.260498046875
64.93363952636719
49.84159851074219
57.34731674194336
64.46574401855469
70.81623840332031
54.12904357910156
51.15427780151367
42.54667282104492
51.29353332519531
59.97829055786133
58.04115295410156
59.23392105102539
56.685157775878906
51.980194091796875
43.103206634521484
34.93327713012695
44.5700798034668
89.53787231445312
25.223413467407227
58.93925857543945
43.52681350708008
52.241432189941406
78.0898666381836
34.68736267089844
72.54523468017578
58.317970275878906
66.33781433105469
25.461214065551758
55.641578674316406
34.18269348144531
33.420249938964844
61.709716796875
46.863914489746094
65.9036636352539
54.303733825683594
48.3484992980957
51.63410568237305
43.01191711425781
59.973514556884766
37.38511657714844
72.3272476196289
55.24913024902344
53.53394317626953
50.068172454833984
43.8788948059082
46.53922653198242
52.6989860534668
65.67742919921875
55.07159423828125
39.9410514831543
52.019222259521484
74.2979736328125
18.763113021850586
47.58803939819336
74.68584442138672
87.7409439086914
43.955196380615234
18.361726760864258
41.970787048339844
76.31920623779297
33.15672302246094
27.36332893371582
26.5947208404541
79.01481628417969
39.1805419921875
74.01018524169922
27.972074508666992
50.43662643432617
79.6541748046875
85.3094482421875
40.8271369934082
67.48693084716797
63.59624481201172
49.15438461303711
71.29069519042969
38.10219955444336
49.22626495361328
36.932369232177734
64.97297668457031
25.98560333251953
46.734519958496094
36.10023498535156
41.16557312011719
69.80248260498047
75.1274642944336
38.91279602050781
28.43597984313965
55.738914489746094
30.172374725341797
65.01860046386719
56.795291900634766
41.177371978759766
20.56940460205078
51.461463928222656
62.901397705078125
41.56227493286133
34.050048828125
66.94093322753906
53.790321350097656
54.960205078125
40.58009338378906
90.61812591552734
32.97602462768555
48.54197692871094
51.565956115722656
24.416824340820312
33.13481521606445
60.75611877441406
79.57344055175781
41.372833251953125
60.132205963134766
45.62138366699219
72.13135528564453
33.12630844116211
32.75901412963867
68.55907440185547
21.617414474487305
67.63807678222656
48.07802963256836
48.33518600463867
53.76377487182617
51.23691177368164
26.444108963012695
39.01898956298828
42.425167083740234
32.19820785522461
56.82773208618164
58.49551010131836
36.716732025146484
50.553428649902344
10.724328994750977
43.516170501708984
37.34354019165039
49.93415832519531
71.73667907714844
50.30336380004883
71.89503479003906
75.00979614257812
61.441349029541016
71.97772216796875
62.275634765625
55.23119354248047
62.49459457397461
28.48923110961914
79.03518676757812
38.99472427368164
48.74872589111328
52.975059509277344
45.35246658325195
59.47037887573242
16.535724639892578
42.27968215942383
64.99154663085938
29.168394088745117
42.93778991699219
74.6285400390625
46.37300491333008
54.9689826965332
79.37022399902344
70.96251678466797
35.03642272949219
65.34644317626953
58.45072937011719
41.10128402709961
64.81736755371094
25.970659255981445
62.37242889404297
48.239845275878906
56.58979797363281
39.68158721923828
64.879638671875
76.86479187011719
63.4208869934082
25.57796859741211
54.1879768371582
39.673194885253906
63.45343780517578
42.807334899902344
31.606124877929688
57.33308410644531
67.53411865234375
94.86124420166016
63.766136169433594
50.974365234375
37.2812614440918
54.39411926269531
63.263362884521484
71.97357177734375
48.17481994628906
55.673553466796875
64.16106414794922
29.84072494506836
24.210552215576172
42.9036865234375
74.6215591430664
55.848167419433594
57.56182098388672
91.07118225097656
34.80774688720703
44.861690521240234
48.1351432800293
12.13560676574707
48.59783172607422
52.75933074951172
49.75196075439453
54.89077377319336
36.0485954284668
30.799087524414062
73.28641510009766
37.101627349853516
49.224639892578125
65.85260009765625
51.83776092529297
26.491575241088867
80.84075927734375
71.32263946533203
47.38412857055664
44.87705612182617
45.20302200317383
38.33900451660156
41.920875549316406
24.52718734741211
51.43778991699219
60.361820220947266
56.97153854370117
61.64418411254883
40.55729675292969
13.001482963562012
58.42899703979492
61.908390045166016
49.542724609375
47.731964111328125
48.74175262451172
64.30978393554688
45.924644470214844
80.86678314208984
46.042537689208984
33.28309631347656
48.67254638671875
38.66410446166992
69.01660919189453
74.42339324951172
66.88033294677734
70.8082046508789
45.89323043823242
76.59696960449219
48.69569778442383
68.29811096191406
63.8329963684082
31.0548152923584
60.39690017700195
51.07464599609375
23.96375846862793
40.11300277709961
54.158573150634766
58.12755584716797
32.52357482910156
51.14667510986328
54.61106872558594
42.13904571533203
65.54407501220703
29.23632049560547
43.42521286010742
40.07026672363281
66.37474822998047
38.515018463134766
45.68748474121094
18.392332077026367
64.25865936279297
20.257537841796875
50.8878059387207
74.80188751220703
45.04562759399414
49.426753997802734
39.35013961791992
76.20333099365234
45.41006088256836
64.40635681152344
46.711509704589844
61.03065872192383
64.89835357666016
46.476654052734375
29.647985458374023
25.177780151367188
58.84931945800781
54.60507583618164
50.172550201416016
54.43004608154297
41.04334259033203
74.1435317993164
37.06612014770508
43.32712173461914
42.1272087097168
74.03889465332031
60.69062805175781
57.9654655456543
64.38235473632812
95.8299331665039
44.26593780517578
54.54025650024414
61.131813049316406
42.882938385009766
65.12633514404297
72.0247573852539
48.81590270996094
49.37828826904297
84.35265350341797
33.57919692993164
47.507484436035156
47.329368591308594
48.57344436645508
53.943668365478516
40.87447738647461
49.20067596435547
34.94987869262695
47.56232452392578
74.23509979248047
58.4063606262207
57.364253997802734
57.38786315917969
15.644038200378418
36.67083740234375
61.64608383178711
51.555477142333984
37.179527282714844
39.88542556762695
55.02155303955078
65.24358367919922
50.03265380859375
32.96894073486328
40.48168182373047
60.399417877197266
31.861797332763672
57.413551330566406
53.73387908935547
24.552255630493164
48.848419189453125
46.14052963256836
88.93086242675781
48.559486389160156
62.924476623535156
50.19556427001953
47.38322448730469
35.96387481689453
69.14092254638672
66.25830841064453
39.70534133911133
47.606014251708984
55.210533142089844
37.038082122802734
51.98567199707031
80.55033874511719
49.8604621887207
20.548484802246094
82.32073974609375
65.6773452758789
57.680633544921875
39.15095520019531
49.35336685180664
66.70193481445312
64.7402572631836
70.83226013183594
54.78852462768555
43.9423713684082
69.63196563720703
31.749820709228516
62.40928268432617
58.4210205078125
34.73368835449219
57.69612503051758
53.61188888549805
65.30069732666016
67.80085754394531
33.89522933959961
43.66443634033203
30.64789390563965
89.8614501953125
19.34990882873535
48.02779006958008
44.14725875854492
55.34101867675781
72.72843170166016
33.69538497924805
37.40941619873047
74.41248321533203
34.35124969482422
45.93233108520508
30.089685440063477
37.69863510131836
58.24829864501953
59.7296142578125
75.49706268310547
31.797147750854492
60.21571731567383
57.22441482543945
76.18120574951172
61.81155776977539
37.35329055786133
44.04065704345703
40.18024826049805
57.4259147644043
42.249603271484375
40.13794708251953
71.93501281738281
19.97093963623047
36.4050178527832
59.286319732666016
47.94171905517578
60.572574615478516
42.925724029541016
58.568267822265625
78.73069763183594
75.91399383544922
31.89078712463379
40.828887939453125
51.61795425415039
48.75291061401367
29.927352905273438
32.331275939941406
37.94108200073242
14.923836708068848
71.15310668945312
55.60139083862305
59.65736389160156
57.709449768066406
57.266334533691406
35.46663284301758
54.18620681762695
58.23468017578125
47.10663986206055
48.89529800415039
50.76052474975586
40.81975555419922
75.95436096191406
21.125349044799805
51.51544189453125
66.08573913574219
71.96057891845703
61.89400863647461
33.13672637939453
55.69194030761719
56.458648681640625
40.28595733642578
44.06797790527344
47.65599060058594
56.13331985473633
53.309593200683594
42.42369079589844
27.84834861755371
39.741756439208984
69.25569915771484
49.28374481201172
61.990509033203125
46.20338821411133
48.492271423339844
60.73117446899414
38.414894104003906
82.17789459228516
79.03939819335938
105.02742004394531
56.003665924072266
32.150115966796875
47.38298034667969
79.2944564819336
78.65729522705078
54.22727584838867
79.95365905761719
44.63186264038086
65.72789764404297
73.90167999267578
42.62390899658203
45.53815460205078
59.0790901184082
56.926025390625
33.33168411254883
15.684319496154785
59.40512466430664
51.25300216674805
52.150169372558594
33.77360916137695
62.17295837402344
62.99258804321289
35.771724700927734
60.02821350097656
42.1890869140625
48.726314544677734
44.22758865356445
56.248695373535156
98.61290740966797
48.806888580322266
49.913944244384766
61.14085006713867
47.8506965637207
48.49395751953125
66.55806732177734
38.384891510009766
60.50837707519531
45.469810485839844
48.06702423095703
56.405006408691406
64.42063903808594
31.618349075317383
52.97977066040039
51.37415313720703
40.18266296386719
64.43106079101562
40.77739715576172
72.54528045654297
55.7761116027832
33.79959487915039
86.4271469116211
52.51845932006836
87.33940124511719
62.03316116333008
36.7899284362793
30.392688751220703
63.958595275878906
26.343706130981445
31.12176513671875
55.36076736450195
61.2100944519043
31.849252700805664
41.15178298950195
26.818193435668945
42.1405143737793
32.648738861083984
60.6767692565918
53.50880432128906
52.780059814453125
50.79729461669922
76.64913177490234
84.32144927978516
24.515459060668945
37.910438537597656
51.159889221191406
49.00640106201172
60.92925262451172
54.69332504272461
61.409706115722656
98.51959228515625
51.066097259521484
49.32373046875
58.672454833984375
46.406639099121094
13.18362808227539
40.07926940917969
28.08524513244629
57.51320266723633
51.96166229248047
71.07496643066406
55.172298431396484
55.3104362487793
47.849510192871094
73.65644073486328
64.26387023925781
35.99528503417969
50.88194274902344
71.76949310302734
56.271217346191406
67.51468658447266
50.112998962402344
28.77715301513672
33.23503494262695
76.3418960571289
86.45567321777344
65.24978637695312
41.513389587402344
44.02722930908203
54.62697219848633
57.72659683227539
41.090389251708984
91.09107971191406
42.10593032836914
57.473323822021484
33.3551025390625
36.49477005004883
65.88768768310547
38.437744140625
32.52680206298828
58.781715393066406
44.544212341308594
61.30648422241211
56.10429763793945
67.81537628173828
50.951168060302734
48.828529357910156
61.34028244018555
53.8751106262207
28.578739166259766
57.84257507324219
49.0079460144043
54.222415924072266
34.07442855834961
55.58526611328125
46.242923736572266
63.596885681152344
71.69835662841797
52.01069259643555
32.354408264160156
48.90069580078125
55.760372161865234
47.517494201660156
89.9664306640625
74.02558135986328
44.43075942993164
62.887046813964844
49.600345611572266
45.81425476074219
46.094058990478516
64.69318389892578
52.98839569091797
85.75214385986328
95.03809356689453
41.269195556640625
26.24942398071289
71.2313232421875
45.748592376708984
42.219722747802734
38.673301696777344
22.74574089050293
38.44194793701172
39.68010330200195
29.942548751831055
58.98701858520508
68.7826919555664
51.516544342041016
45.849609375
66.42822265625
43.81100845336914
71.94685363769531
75.90143585205078
36.974422454833984
60.37910461425781
59.48564910888672
49.53829574584961
35.62234115600586
68.41995239257812
44.03920364379883
30.30351448059082
43.00920867919922
75.61389923095703
62.11288070678711
57.54236602783203
34.03632354736328
79.04076385498047
64.09829711914062
61.21809387207031
35.9066047668457
37.950775146484375
40.32669448852539
46.76777648925781
51.77079772949219
87.79379272460938
41.625614166259766
26.34677505493164
75.04988098144531
55.80403518676758
63.167755126953125
40.848533630371094
21.310863494873047
78.71528625488281
15.001603126525879
48.027244567871094
66.10734558105469
76.18284606933594
41.87611389160156
19.109601974487305
66.5054931640625
44.10749816894531
83.78328704833984
51.40372085571289
22.96668815612793
48.98485565185547
65.49604034423828
34.6269416809082
46.270851135253906
80.15776824951172
48.664886474609375
38.929100036621094
50.927127838134766
90.06121826171875
10.675008773803711
88.30775451660156
70.07832336425781
54.91466522216797
74.35912322998047
60.40693283081055
56.86488723754883
48.7349739074707
39.37949752807617
55.820194244384766
24.521278381347656
40.256893157958984
54.202754974365234
83.07275390625
39.269378662109375
46.9982795715332
21.24402618408203
59.810203552246094
72.7481918334961
40.72130584716797
25.84308624267578
68.17007446289062
49.88837432861328
60.62380599975586
30.287479400634766
35.88756561279297
42.3150634765625
72.941650390625
54.54093551635742
22.89596939086914
54.00507736206055
27.12908363342285
35.15782928466797
31.154727935791016
32.81194305419922
53.08926010131836
39.410152435302734
80.59813690185547
38.51991271972656
56.2523307800293
61.42478561401367
38.46651840209961
44.77239990234375
41.76149368286133
41.080875396728516
39.32798385620117
61.109622955322266
76.37020874023438
25.0251407623291
47.78110122680664
34.31167984008789
67.45629119873047
23.795936584472656
54.33866882324219
60.8017578125
55.724918365478516
41.168212890625
63.1690788269043
36.79322052001953
65.84371948242188
55.2983512878418
44.599735260009766
62.03026580810547
87.11006927490234
88.35482788085938
53.4645881652832
50.98723220825195
68.91222381591797
72.06832122802734
57.76123809814453
54.35586929321289
34.505985260009766
31.542179107666016
56.91770553588867
37.32196807861328
42.56453323364258
43.07377243041992
31.86612319946289
40.26531219482422
68.34693908691406
45.816795349121094
58.875518798828125
56.770606994628906
66.19288635253906
66.02269744873047
23.026582717895508
38.73922348022461
70.56695556640625
50.84115219116211
66.06700897216797
55.01838684082031
47.766197204589844
85.9650650024414
26.314550399780273
53.96814727783203
70.4664535522461
39.87473678588867
53.99467468261719
52.466495513916016
79.5064697265625
46.58506774902344
38.67325210571289
81.93699645996094
49.2574462890625
63.05206298828125
41.26192855834961
40.96757507324219
52.46868896484375
44.537635803222656
65.28632354736328
58.32471466064453
41.29397964477539
43.40323257446289
33.50963592529297
44.81906509399414
60.426902770996094
43.38869857788086
14.869131088256836
52.58313751220703
53.08900833129883
42.652076721191406
61.42502975463867
46.447105407714844
49.198848724365234
64.4363784790039
77.23417663574219
44.85478591918945
34.745182037353516
19.796588897705078
39.78852844238281
31.17266082763672
29.40631866455078
31.40931510925293
68.37085723876953
74.12767028808594
12.82380485534668
45.37710952758789
39.10051727294922
36.02085494995117
58.851139068603516
44.588706970214844
41.2803955078125
49.76438903808594
32.472496032714844
20.651765823364258
39.6793212890625
45.84595489501953
57.74972152709961
30.266693115234375
31.564022064208984
50.23921585083008
80.97064208984375
42.07208251953125
58.38572692871094
73.70650482177734
48.26552200317383
49.132293701171875
70.0763168334961
75.89840698242188
30.8817138671875
60.75992965698242
37.03667449951172
53.473907470703125
85.00119018554688
50.47132873535156
47.82861328125
76.10264587402344
52.18007278442383
54.16551971435547
53.81431198120117
28.765884399414062
30.09952735900879
58.678733825683594
37.87111282348633
45.943115234375
44.927947998046875
80.55150604248047
50.750770568847656
61.792789459228516
38.274417877197266
98.82422637939453
50.43413543701172
51.927330017089844
54.497711181640625
74.01624298095703
45.0297966003418
48.494869232177734
31.31922721862793
50.6764030456543
28.51688575744629
36.12306213378906
55.66700744628906
58.946136474609375
29.7600154876709
34.51545333862305
40.597503662109375
68.83429718017578
38.552879333496094
48.01631546020508
42.03919219970703
58.687381744384766
60.80912780761719
39.1527099609375
23.960079193115234
19.46021842956543
38.031211853027344
82.35409545898438
43.77717590332031
37.436832427978516
61.33085250854492
87.33393096923828
32.85110092163086
58.80375671386719
76.07482147216797
29.819072723388672
63.2979621887207
57.04952621459961
68.40917205810547
35.3724479675293
48.48955154418945
58.385948181152344
57.27740478515625
90.9935302734375
59.55200958251953
33.697303771972656
53.09626770019531
64.72584533691406
57.10166931152344
68.85164642333984
53.8598518371582
38.136348724365234
37.31141662597656
66.45486450195312
49.451759338378906
34.06179428100586
67.45947265625
72.88795471191406
55.34502410888672
39.11557388305664
57.880619049072266
70.4851303100586
45.41380310058594
52.43074417114258
62.916358947753906
56.68711471557617
81.08860778808594
66.01476287841797
77.4283218383789
73.2261734008789
47.476768493652344
35.875465393066406
87.73017120361328
25.978282928466797
59.61994934082031
65.384033203125
59.0407600402832
61.72018051147461
57.47270584106445
61.295066833496094
32.6929817199707
34.74627685546875
68.0058364868164
47.51058578491211
32.59223175048828
45.14265060424805
52.37898254394531
60.208194732666016
72.1739273071289
36.8847541809082
29.138090133666992
32.548606872558594
35.612300872802734
39.34175491333008
56.97747039794922
11.763775825500488
65.53401184082031
62.75341796875
18.931758880615234
36.456748962402344
45.3840217590332
69.1142349243164
55.92194366455078
51.7801399230957
71.15339660644531
80.19000244140625
82.91140747070312
22.660778045654297
55.8940315246582
60.7845344543457
56.32216262817383
53.744964599609375
88.98180389404297
48.07268142700195
84.65037536621094
35.0569953918457
50.831275939941406
78.41954040527344
24.377079010009766
37.32750701904297
34.045188903808594
46.65667724609375
67.29373168945312
48.4483757019043
38.66051483154297
41.57865524291992
41.609458923339844
33.835628509521484
51.06694793701172
23.711410522460938
56.98152160644531
40.955078125
55.57069396972656
44.96078109741211
37.74394989013672
41.834327697753906
62.34347915649414
29.368526458740234
38.501216888427734
47.65846252441406
46.79330062866211
62.6379280090332
59.80127716064453
73.42403411865234
34.259735107421875
45.75521469116211
50.52906799316406
56.78752899169922
45.64922332763672
78.55403900146484
52.08903503417969
28.76026725769043
50.4890251159668
61.72268295288086
71.06759643554688
71.521484375
57.93775177001953
27.614290237426758
56.87534713745117
48.86015701293945
66.55512237548828
49.561668395996094
48.820919036865234
53.74089431762695
65.63536834716797
51.35190963745117
63.56645965576172
33.377716064453125
39.78307342529297
57.69011688232422
54.61891555786133
52.120994567871094
35.224849700927734
39.119449615478516
49.436832427978516
77.53191375732422
43.91946792602539
61.52989196777344
48.03487014770508
70.87128448486328
60.07944107055664
54.43449020385742
43.02705001831055
25.97871208190918
43.750823974609375
15.770608901977539
34.3293342590332
80.11637115478516
53.3844108581543
65.25106048583984
76.53150177001953
55.25704574584961
26.799283981323242
53.33502960205078
44.53751754760742
41.08920669555664
68.2194595336914
44.64891052246094
52.99019241333008
38.36458206176758
19.51201629638672
25.24492073059082
64.8018569946289
8.56156063079834
50.216949462890625
42.46907043457031
40.448177337646484
92.0830078125
44.42961502075195
77.45135498046875
56.217716217041016
65.0667724609375
45.91511535644531
43.96531295776367
41.96833419799805
32.69756317138672
67.75535583496094
60.273216247558594
62.35866165161133
43.48627853393555
83.2625961303711
40.6126823425293
37.422847747802734
41.13270950317383
53.84858703613281
17.84609603881836
38.69906234741211
75.3311538696289
44.337947845458984
59.32925033569336
57.25082778930664
48.84954071044922
52.95115280151367
23.91738510131836
76.06809997558594
46.60026550292969
44.029083251953125
49.168426513671875
46.9227180480957
53.03141784667969
44.811607360839844
39.72432327270508
51.584991455078125
57.641422271728516
44.01383590698242
44.83799743652344
56.525821685791016
72.38561248779297
64.97862243652344
73.22085571289062
52.91416931152344
35.786338806152344
45.53278350830078
36.2737922668457
51.78005599975586
49.4565315246582
45.32383728027344
64.66625213623047
28.520387649536133
37.12059783935547
69.72235107421875
20.789779663085938
64.64202117919922
65.29435729980469
39.47624588012695
23.181608200073242
62.45124053955078
54.49064254760742
83.97698211669922
59.124732971191406
62.84291076660156
70.36112976074219
67.25099182128906
47.242733001708984
40.60979080200195
67.530517578125
46.80403137207031
44.10033416748047
38.59299087524414
58.974510192871094
60.89482879638672
49.022613525390625
46.34986114501953
61.11675262451172
80.34349060058594
82.16259002685547
60.23074722290039
29.950965881347656
62.193115234375
63.296470642089844
51.65764236450195
69.65648651123047
33.733219146728516
65.04954528808594
27.61187744140625
38.71996307373047
51.021148681640625
66.974609375
60.63302230834961
40.26030731201172
44.02045440673828
45.86012268066406
59.63234329223633
42.6419677734375
74.33570861816406
31.94603729248047
40.81373596191406
39.531211853027344
57.20372009277344
50.134620666503906
36.82637023925781
57.188716888427734
66.88640594482422
84.30839538574219
33.55394744873047
53.20426559448242
49.441673278808594
58.19234848022461
61.081844329833984
64.67420196533203
80.77256774902344
46.59661102294922
59.5089111328125
44.9514274597168
76.64767456054688
48.838050842285156
36.76111602783203
36.934844970703125
49.5682487487793
33.1508903503418
51.1993522644043
63.72943878173828
33.49589157104492
49.5928955078125
57.00069046020508
48.68159484863281
46.05571365356445
68.37890625
86.85333251953125
46.52503204345703
83.44429779052734
62.91865158081055
42.453311920166016
36.02821731567383
33.7132682800293
32.075706481933594
73.30284118652344
37.602447509765625
72.38531494140625
50.83707809448242
96.24803161621094
41.060821533203125
56.36634063720703
50.49188995361328
64.02628326416016
42.5351676940918
39.83417892456055
67.24910736083984
52.695960998535156
59.96617889404297
72.49758911132812
53.442405700683594
57.948516845703125
42.02983093261719
28.782852172851562
30.208608627319336
70.65856170654297
50.09884262084961
32.44537353515625
62.3497428894043
45.653236389160156
73.79100799560547
76.88253021240234
48.2534065246582
56.46700668334961
72.98120880126953
46.70663070678711
80.057373046875
66.8095703125
80.12608337402344
69.1258316040039
51.99436950683594
51.381465911865234
68.00180053710938
57.617820739746094
67.86958312988281
62.666221618652344
49.54603958129883
39.828468322753906
79.74581909179688
69.14059448242188
35.86015319824219
46.79301452636719
52.85254669189453
45.17683410644531
62.325469970703125
28.882579803466797
64.84109497070312
67.80551147460938
27.475065231323242
49.83693313598633
63.2151985168457
67.22967529296875
33.33357238769531
58.48249435424805
43.71714401245117
42.59952926635742
35.294368743896484
50.45585632324219
89.416015625
58.44117736816406
52.595115661621094
16.39765167236328
39.188453674316406
65.63710021972656
64.49015808105469
28.91085433959961
41.70014572143555
67.7235336303711
51.53632736206055
63.0078239440918
49.006385803222656
40.31555938720703
51.595436096191406
71.45515441894531
36.532161712646484
44.736995697021484
50.290443420410156
44.53363800048828
88.74808502197266
76.67471313476562
74.04296112060547
46.75521469116211
57.131927490234375
89.79476928710938
33.50579071044922
42.857444763183594
76.4333267211914
28.158201217651367
65.26704406738281
44.109493255615234
40.641815185546875
48.54681396484375
56.58415985107422
42.595054626464844
44.61760711669922
91.43717956542969
31.153820037841797
57.56544494628906
63.22166061401367
44.31032943725586
71.46007537841797
28.448810577392578
66.50794219970703
38.088951110839844
35.323299407958984
31.401105880737305
64.14561462402344
66.13371276855469
38.59300994873047
38.10752868652344
69.1479263305664
53.52278518676758
24.572345733642578
36.059234619140625
52.62620162963867
59.883262634277344
74.10596466064453
46.633995056152344
35.62865447998047
72.4201431274414
49.41093063354492
39.08441162109375
69.58031463623047
46.24710464477539
37.052207946777344
67.16529846191406
69.40390014648438
50.15034866333008
22.690387725830078
32.2855339050293
40.80791091918945
40.009944915771484
40.806358337402344
36.28071212768555
49.23067092895508
50.242271423339844
46.180301666259766
47.616146087646484
45.24480056762695
73.49534606933594
57.99376678466797
38.162864685058594
78.89366149902344
50.202430725097656
65.50238037109375
41.58130645751953
43.044376373291016
39.50544357299805
31.861608505249023
65.7478256225586
84.62007141113281
66.38884735107422
76.82872009277344
61.010379791259766
38.30072784423828
81.69673919677734
31.80564308166504
51.70283889770508
53.45988082885742
64.86023712158203
53.42387771606445
38.017539978027344
37.67197036743164
58.90457534790039
72.73290252685547
29.038164138793945
47.10128402709961
30.56637954711914
77.24353790283203
55.95177459716797
72.006591796875
68.55577087402344
52.26842498779297
51.182769775390625
32.64744567871094
57.842838287353516
38.90901184082031
69.24374389648438
48.3061637878418
56.695716857910156
27.00872039794922
60.67133331298828
35.34416198730469
44.16326904296875
50.679420471191406
60.178123474121094
62.38402557373047
54.3841552734375
42.90827560424805
57.78803253173828
63.10052490234375
74.22046661376953
57.43776321411133
61.91611862182617
38.5880012512207
50.16413879394531
32.371395111083984
34.49989318847656
56.9495964050293
50.19312286376953
54.83255386352539
54.24304962158203
33.23721694946289
58.326473236083984
44.29795837402344
44.27210235595703
64.78742218017578
51.68159866333008
39.07762145996094
49.625457763671875
70.63675689697266
52.01142501831055
44.87327575683594
40.0373420715332
32.24904251098633
36.631683349609375
86.22895050048828
73.07091522216797
37.734764099121094
47.25753402709961
15.865316390991211
53.46599197387695
12.854717254638672
29.65359115600586
65.33395385742188
30.573476791381836
25.289640426635742
42.5497932434082
25.763765335083008
83.3760757446289
57.2711067199707
73.7542953491211
62.09227752685547
25.148059844970703
41.532928466796875
47.1707649230957
64.15159606933594
53.954376220703125
46.845062255859375
47.10554122924805
39.48359298706055
67.15108489990234
64.62974548339844
26.378557205200195
50.562400817871094
59.25211715698242
39.16178512573242
64.58572387695312
31.41942024230957
40.11164855957031
48.4600830078125
13.060430526733398
76.3145523071289
74.63402557373047
63.078041076660156
65.46548461914062
81.8042984008789
53.50474548339844
63.610809326171875
31.27887535095215
50.29743576049805
42.39354705810547
57.378173828125
65.16364288330078
64.81031036376953
66.11174774169922
46.47900390625
35.22214126586914
52.796791076660156
39.0762825012207
32.7579231262207
45.42637634277344
63.81940841674805
97.47792053222656
33.087562561035156
30.95685577392578
42.29986572265625
64.77943420410156
62.23458480834961
38.72764205932617
55.98526382446289
64.54206085205078
50.20854568481445
65.54132843017578
40.055870056152344
54.88651657104492
74.8347396850586
61.65925216674805
51.40437698364258
60.727622985839844
39.744422912597656
54.14655303955078
65.07662963867188
69.30718231201172
73.30036163330078
32.51686096191406
74.49343872070312
47.5988883972168
29.357189178466797
45.02388381958008
45.72621154785156
49.22272491455078
30.533050537109375
55.25731658935547
53.19681167602539
38.259742736816406
51.5733528137207
28.593822479248047
45.66090774536133
45.81317138671875
70.84965515136719
19.207557678222656
48.00843811035156
58.4882926940918
65.3628921508789
80.16873931884766
61.38615417480469
68.71560668945312
74.86295318603516
49.071292877197266
29.39156150817871
65.57564544677734
87.38726043701172
50.37892532348633
33.27669906616211
61.646873474121094
19.512874603271484
56.42377471923828
67.82080078125
56.135658264160156
71.26178741455078
57.61949157714844
73.07374572753906
52.264652252197266
62.18016815185547
42.20918655395508
44.924049377441406
51.43180847167969
48.14973449707031
85.9613037109375
25.18260383605957
47.08964920043945
61.29146957397461
40.95473861694336
56.5806770324707
53.499412536621094
50.56060028076172
62.1912956237793
44.88041305541992
42.36857604980469
61.769744873046875
52.16461181640625
50.384422302246094
22.367401123046875
39.25404357910156
75.95536041259766
53.85449981689453
36.949310302734375
43.51276397705078
38.329952239990234
72.40103149414062
41.55180358886719
36.02177429199219
69.31434631347656
33.181705474853516
45.88911056518555
73.02481842041016
54.847965240478516
71.59454345703125
59.364559173583984
56.62202453613281
45.930992126464844
66.0147476196289
44.69690704345703
49.8359489440918
40.10845947265625
