45.66971206665039
61.44548416137695
34.820404052734375
49.60369873046875
26.78177833557129
64.90391540527344
75.58563995361328
37.729949951171875
64.18480682373047
95.60609436035156
64.65887451171875
49.023704528808594
62.47658157348633
76.4182357788086
56.2108154296875
63.246673583984375
68.6241683959961
37.120792388916016
88.88168334960938
35.40785217285156
79.05121612548828
78.51837921142578
41.45967483520508
65.80561828613281
86.28996276855469
104.46215057373047
61.28247833251953
52.39323806762695
55.58226013183594
65.24089050292969
48.827171325683594
80.61665344238281
36.102867126464844
58.20691680908203
70.80824279785156
92.304931640625
53.61361312866211
74.61109924316406
84.0304946899414
65.25122833251953
56.788429260253906
64.4267349243164
58.64268112182617
59.506752014160156
51.69588851928711
53.08692169189453
48.528045654296875
85.97772979736328
43.73265838623047
53.820350646972656
83.26828002929688
67.13103485107422
53.20046615600586
52.44158172607422
51.6678466796875
71.94341278076172
49.49549102783203
82.89348602294922
65.96843719482422
17.660429000854492
88.13536071777344
58.20246887207031
87.25192260742188
70.4480209350586
54.39446258544922
29.84394645690918
71.91898345947266
84.09742736816406
75.60537719726562
75.8189697265625
62.44247055053711
55.0802001953125
90.8603744506836
41.93307876586914
42.65676498413086
62.091888427734375
82.96443176269531
59.940799713134766
79.03543090820312
52.41474914550781
39.48310852050781
92.69634246826172
66.65506744384766
40.1253776550293
58.962257385253906
84.1991958618164
55.19444274902344
82.84324645996094
59.485740661621094
32.111637115478516
27.34424591064453
67.00148010253906
54.395809173583984
65.06757354736328
46.07867431640625
58.65291213989258
68.55729675292969
51.09164810180664
55.60041809082031
55.73737335205078
64.3169937133789
56.70316696166992
91.1471939086914
39.126583099365234
59.768699645996094
51.06597137451172
61.842811584472656
74.5017318725586
64.70001983642578
81.44062805175781
42.68903732299805
88.83268737792969
34.469383239746094
49.327327728271484
20.0264949798584
26.517555236816406
73.6538314819336
46.90812683105469
43.765296936035156
30.040912628173828
72.00748443603516
69.4280776977539
20.821231842041016
53.11300277709961
82.1827392578125
51.561458587646484
62.47347640991211
73.35063171386719
76.64683532714844
55.83477783203125
82.17642974853516
46.4624137878418
45.73039245605469
73.37682342529297
51.7669677734375
26.435699462890625
79.41048431396484
70.22679138183594
62.153263092041016
49.74900817871094
65.8507308959961
35.324424743652344
42.4237174987793
54.532649993896484
51.053287506103516
65.78799438476562
65.34122467041016
38.97018814086914
62.97933578491211
50.90157699584961
60.226932525634766
76.13388061523438
47.05028533935547
65.70293426513672
34.674041748046875
43.889503479003906
92.11418151855469
88.21440887451172
52.52507781982422
50.719764709472656
44.23967742919922
75.56238555908203
59.842552185058594
71.27771759033203
25.829465866088867
69.87104034423828
95.37498474121094
56.55489730834961
57.27666473388672
47.57573318481445
60.49203872680664
77.4149169921875
57.3343620300293
44.28022766113281
61.5230598449707
33.49232864379883
76.19960021972656
50.40597152709961
70.44306945800781
57.2504768371582
68.72135925292969
57.98067092895508
55.42627716064453
45.817012786865234
62.0467414855957
78.75252532958984
71.127197265625
29.512813568115234
44.620361328125
66.16536712646484
92.4670181274414
32.48566818237305
42.327213287353516
49.1060676574707
69.09883117675781
56.60148239135742
48.48521423339844
51.53196716308594
50.092769622802734
68.44573974609375
84.07158660888672
77.36715698242188
64.24508666992188
38.91511535644531
52.468936920166016
67.03936004638672
62.24213409423828
64.2761459350586
55.579288482666016
73.9653549194336
61.238712310791016
50.485172271728516
86.87252044677734
66.47299194335938
42.025020599365234
36.800052642822266
68.1100845336914
55.789329528808594
84.27031707763672
68.285888671875
56.838714599609375
67.9836196899414
34.584476470947266
38.71902084350586
42.19428634643555
81.40239715576172
41.5528450012207
111.00404357910156
99.1958236694336
59.005245208740234
60.70506286621094
60.05827713012695
79.92568969726562
65.978271484375
58.72809600830078
77.48899841308594
41.26671600341797
76.24854278564453
64.32386779785156
45.38309860229492
68.33386993408203
56.85733413696289
72.20940399169922
49.90501022338867
58.903656005859375
50.64179229736328
49.279502868652344
29.319608688354492
72.11915588378906
42.012088775634766
42.51622009277344
77.98846435546875
76.1826400756836
57.667022705078125
77.1168441772461
23.703725814819336
33.077301025390625
69.6393814086914
80.44914245605469
99.22998046875
52.741493225097656
67.47631072998047
62.39206314086914
45.12862777709961
57.222259521484375
47.54386901855469
58.70455551147461
41.81005859375
33.84551239013672
95.07087707519531
56.38466262817383
63.96555709838867
67.09288787841797
77.48706817626953
83.2150650024414
120.77201080322266
62.454830169677734
57.308380126953125
74.31378173828125
79.67034149169922
51.62702560424805
63.07138442993164
47.1811408996582
86.50384521484375
69.85636901855469
61.14825439453125
50.96381759643555
76.33264923095703
45.32107162475586
54.25897216796875
27.546205520629883
49.13812255859375
65.01878356933594
67.44253540039062
69.35099029541016
40.5234489440918
40.605079650878906
56.753204345703125
50.195804595947266
61.69451904296875
53.74406814575195
79.33494567871094
64.88761138916016
52.659427642822266
56.114376068115234
82.27318572998047
83.6370620727539
75.12165069580078
42.5759162902832
76.76100158691406
92.79741668701172
94.96745300292969
52.68354034423828
85.24349212646484
80.73358154296875
52.43717575073242
45.12600326538086
71.23943328857422
50.92990493774414
67.23323822021484
28.132747650146484
59.75532913208008
25.42818260192871
76.52408599853516
69.8717041015625
40.25273513793945
39.72947311401367
44.37462615966797
52.35462188720703
72.47175598144531
82.97372436523438
31.29413604736328
54.291080474853516
71.74530792236328
59.92876052856445
51.29102325439453
58.76911163330078
35.65610885620117
77.19110107421875
64.9048080444336
30.73092269897461
75.2680892944336
50.87458801269531
61.05897903442383
67.3956298828125
68.40373992919922
57.552940368652344
58.61410903930664
51.22134780883789
81.83256530761719
81.73694610595703
44.48530578613281
81.34756469726562
95.30055236816406
59.14521026611328
66.74060821533203
42.884883880615234
49.08531188964844
40.19014358520508
48.822608947753906
67.08817291259766
72.54066467285156
63.53777313232422
80.13774871826172
53.89299774169922
81.51142883300781
50.59699630737305
81.8586654663086
89.09053802490234
98.24190521240234
41.50328063964844
78.24567413330078
50.087711334228516
77.87462615966797
55.05878829956055
84.27222442626953
56.514217376708984
54.30915832519531
84.83296203613281
15.592681884765625
64.00811004638672
51.392784118652344
49.04798126220703
37.420753479003906
64.50394439697266
42.39664840698242
36.461700439453125
72.68405151367188
50.931884765625
75.74788665771484
69.02505493164062
46.4471435546875
52.75397491455078
78.46549224853516
64.11469268798828
113.42205810546875
51.777523040771484
88.21041107177734
53.749942779541016
77.77603149414062
65.66767883300781
65.245849609375
45.800777435302734
47.92668914794922
76.96467590332031
46.54826354980469
49.60321044921875
84.59529876708984
43.85770034790039
86.32777404785156
84.28668975830078
58.390708923339844
61.59797668457031
91.53947448730469
52.64743423461914
38.88380813598633
40.62423324584961
85.81707763671875
62.11874771118164
50.282649993896484
62.8454704284668
53.672607421875
59.945980072021484
48.380409240722656
48.83488464355469
49.80881881713867
48.75428009033203
60.96872329711914
70.79634094238281
63.97428512573242
70.79842376708984
72.59383392333984
58.69815444946289
83.4048843383789
59.621803283691406
64.67437744140625
61.720558166503906
55.170249938964844
79.65946960449219
43.30397033691406
69.68242645263672
24.72479248046875
35.73778533935547
76.32044982910156
33.74797821044922
71.5784912109375
54.15932846069336
46.53387451171875
67.23468780517578
52.489803314208984
44.92172622680664
50.051780700683594
77.42317199707031
58.674747467041016
48.996742248535156
73.37760162353516
77.86275482177734
44.0243034362793
49.46613311767578
66.956787109375
74.168701171875
57.457855224609375
46.321014404296875
63.39398956298828
78.74827575683594
78.39015197753906
52.524112701416016
81.71131896972656
75.44859313964844
36.00160598754883
87.83085632324219
103.07705688476562
60.320091247558594
71.24771118164062
45.02568817138672
82.76886749267578
75.11133575439453
93.64733123779297
52.951637268066406
62.965572357177734
85.7340316772461
55.15751647949219
54.494625091552734
66.0438003540039
42.55168914794922
54.15494918823242
47.61687469482422
62.6089973449707
51.118778228759766
41.55911636352539
38.064613342285156
77.15443420410156
87.01224517822266
98.46511840820312
69.08235168457031
49.40188217163086
52.343502044677734
78.27375030517578
43.15238952636719
91.09138488769531
80.08300018310547
57.287052154541016
23.560081481933594
35.72890090942383
78.67973327636719
68.62028503417969
65.99866485595703
79.51741790771484
76.89679718017578
48.09182357788086
67.0908203125
95.3918228149414
56.56660842895508
70.55966186523438
59.315303802490234
83.18558502197266
46.370574951171875
43.65188980102539
57.3949089050293
53.498172760009766
84.6541519165039
68.75479888916016
55.53689193725586
99.91081237792969
88.971435546875
69.01063537597656
83.97553253173828
47.57505798339844
51.49150466918945
102.42150115966797
32.657047271728516
91.6850814819336
43.314937591552734
95.3548812866211
53.58079147338867
58.8209114074707
81.80530548095703
42.35054016113281
31.458179473876953
45.238677978515625
61.90617752075195
53.81733703613281
67.12060546875
51.8200569152832
56.42603302001953
76.81737518310547
43.345279693603516
49.6782341003418
83.9661865234375
64.98250579833984
55.51539611816406
71.58961486816406
94.61781311035156
49.28201675415039
67.17123413085938
63.49141311645508
78.9254150390625
68.09552764892578
55.03065872192383
82.68944549560547
46.35381317138672
57.096004486083984
63.80550765991211
64.16436767578125
67.44965362548828
71.7315902709961
18.210153579711914
66.53827667236328
73.93708801269531
68.41889190673828
37.54706573486328
61.21876907348633
40.5174446105957
34.7263069152832
80.55595397949219
54.635005950927734
41.65415573120117
60.77184295654297
70.19596862792969
71.59526824951172
83.82949829101562
43.90541076660156
69.64151763916016
30.699207305908203
42.8525505065918
51.14312744140625
48.1202507019043
47.586090087890625
57.54439926147461
59.8114013671875
62.655975341796875
66.99806213378906
68.96980285644531
54.88964080810547
100.90740203857422
63.70326614379883
45.74024963378906
71.66996002197266
29.37407112121582
40.839656829833984
97.97601318359375
51.40028381347656
103.08332824707031
58.981414794921875
82.61563110351562
56.79396057128906
54.436439514160156
61.51353073120117
48.8617057800293
28.20391845703125
56.213279724121094
64.85980987548828
28.09541130065918
70.94966888427734
39.68932342529297
44.839290618896484
81.4974594116211
36.180233001708984
47.41423416137695
57.932621002197266
37.76055908203125
81.96382141113281
99.42346954345703
66.5
93.40322875976562
25.46658706665039
80.13180541992188
67.1014633178711
50.56916427612305
41.708282470703125
66.45292663574219
63.77177810668945
94.19681549072266
58.99493408203125
56.959716796875
32.17795944213867
74.80166625976562
76.73979949951172
82.55565643310547
58.749629974365234
86.24446105957031
78.41224670410156
47.975868225097656
68.68473052978516
43.99375915527344
30.27171516418457
41.4345817565918
59.60769271850586
17.493837356567383
88.94857788085938
74.77359771728516
69.33416748046875
84.57534790039062
58.87218475341797
70.7021713256836
79.01869201660156
92.77251434326172
99.98487854003906
87.03357696533203
42.53591537475586
69.75076293945312
50.35531234741211
85.40479278564453
40.17948532104492
67.44664764404297
79.1847915649414
59.18517303466797
42.994590759277344
70.3934555053711
89.09033203125
50.730098724365234
50.17351531982422
66.72612762451172
66.0350112915039
53.41291046142578
43.940608978271484
66.43378448486328
78.62640380859375
42.040283203125
54.90230178833008
55.37830352783203
92.42391967773438
77.2981185913086
50.297176361083984
50.8153076171875
63.25054168701172
93.33985137939453
101.6424560546875
53.2853889465332
49.11875915527344
92.05032348632812
48.06500244140625
84.65385437011719
35.038734436035156
64.57494354248047
54.908878326416016
54.25458908081055
74.6583023071289
87.10734558105469
88.55101776123047
52.05678939819336
71.59263610839844
84.80547332763672
41.17381286621094
67.33747100830078
114.17969512939453
66.05168151855469
28.992427825927734
46.37319564819336
44.73695373535156
64.19796752929688
46.41599655151367
41.833946228027344
72.713134765625
44.23141098022461
35.68406677246094
32.0376091003418
47.56652069091797
71.15965270996094
40.33844757080078
70.41207122802734
35.36863327026367
53.34942626953125
70.00601196289062
72.09691619873047
54.560333251953125
77.22994995117188
52.480960845947266
65.37096405029297
39.525390625
60.485923767089844
49.13079833984375
33.76137161254883
89.1060562133789
70.99291229248047
79.55713653564453
34.1378173828125
83.45985412597656
63.13373565673828
36.99081802368164
71.45496368408203
94.01223754882812
22.48097801208496
100.14335632324219
86.1221694946289
95.61449432373047
52.17109298706055
60.474979400634766
48.56329345703125
114.88850402832031
77.85933685302734
59.383541107177734
71.1890640258789
60.03510284423828
67.93106842041016
20.265193939208984
85.48385620117188
95.00638580322266
75.06293487548828
77.45193481445312
76.1262435913086
42.78962707519531
65.86817932128906
75.22564697265625
46.446163177490234
52.47565460205078
49.891239166259766
45.073951721191406
53.95292282104492
68.2737045288086
64.04365539550781
74.02572631835938
57.93647384643555
57.52196502685547
67.73741149902344
64.4185562133789
78.53264617919922
64.25907897949219
15.215130805969238
69.66100311279297
102.05077362060547
96.21095275878906
58.34921646118164
87.36042022705078
45.651893615722656
69.18780517578125
44.99230194091797
57.8421630859375
59.324398040771484
44.44992446899414
51.21438217163086
75.39918518066406
65.14501190185547
46.574222564697266
68.08403015136719
48.967247009277344
48.81138229370117
66.46038055419922
70.41265106201172
67.20303344726562
33.03744888305664
51.260101318359375
94.55378723144531
69.5390625
61.66225051879883
68.18276977539062
67.08518981933594
75.27696990966797
101.48748779296875
56.83964157104492
46.43595504760742
43.706634521484375
60.86103057861328
56.9779167175293
83.9913101196289
52.5588264465332
63.0281982421875
45.6576042175293
91.72341918945312
61.60569763183594
39.8992919921875
57.40825271606445
90.61029052734375
38.16933822631836
67.27622985839844
48.24357604980469
100.4635009765625
31.24842643737793
69.96831512451172
59.17316818237305
93.50983428955078
64.2949447631836
49.678768157958984
79.1624755859375
77.19471740722656
69.21776580810547
56.927921295166016
40.46987533569336
80.91753387451172
65.71324157714844
54.89822006225586
26.754018783569336
53.23630905151367
67.66773986816406
74.90072631835938
67.11681365966797
59.814422607421875
50.49056625366211
61.572933197021484
64.4888687133789
26.650556564331055
61.12528610229492
83.95152282714844
64.19194030761719
38.878456115722656
41.85099411010742
74.98049926757812
50.62565612792969
41.806007385253906
36.03371810913086
72.8073959350586
41.7203254699707
63.414329528808594
30.106489181518555
82.75660705566406
30.041950225830078
82.66862487792969
56.4910774230957
59.2215690612793
57.42951965332031
57.74859619140625
47.09379959106445
47.80637741088867
54.65461730957031
59.318538665771484
41.15224838256836
59.90421676635742
38.262367248535156
58.07086944580078
68.10033416748047
49.50321578979492
66.92713928222656
46.808284759521484
54.246360778808594
57.71738052368164
60.12009048461914
75.10116577148438
65.3204345703125
54.94077682495117
45.94595718383789
50.559234619140625
47.62726593017578
60.306007385253906
71.73310089111328
75.9795150756836
79.06915283203125
48.258155822753906
34.33951950073242
51.78758239746094
37.619110107421875
60.54393005371094
73.7531509399414
41.02497482299805
47.50958251953125
83.12627410888672
77.16661071777344
74.69621276855469
89.07132720947266
46.25768280029297
61.997650146484375
89.3095932006836
73.47699737548828
112.1817626953125
71.87657165527344
73.65243530273438
65.87112426757812
58.15647888183594
68.9898452758789
49.703773498535156
46.75603103637695
63.1326904296875
79.1311264038086
88.2020263671875
47.267578125
73.6253433227539
56.66360092163086
68.13993835449219
69.64371490478516
55.29702377319336
70.63261413574219
95.88590240478516
31.99356460571289
95.94904327392578
92.50181579589844
47.95284652709961
36.9058952331543
26.754365921020508
42.03483581542969
65.53460693359375
52.19073486328125
64.471435546875
65.05946350097656
93.45028686523438
67.1537857055664
50.472930908203125
50.73947525024414
89.47457885742188
39.092010498046875
89.89781951904297
98.00143432617188
75.68440246582031
88.4447250366211
83.38874053955078
30.038034439086914
80.9254150390625
32.978763580322266
65.69895935058594
54.73824691772461
49.02175521850586
52.7634391784668
47.107398986816406
49.59907531738281
59.82939147949219
42.15765380859375
64.70364379882812
74.71057891845703
83.1099624633789
54.67749786376953
97.02143859863281
63.11568069458008
48.572391510009766
93.4246597290039
78.33629608154297
28.10489845275879
79.47762298583984
56.80315399169922
36.83811569213867
67.32552337646484
71.92427062988281
66.27997589111328
69.3373031616211
61.66019058227539
43.96923828125
70.3460693359375
68.35279846191406
55.63548278808594
82.22663116455078
49.568729400634766
106.0987777709961
88.38565063476562
44.4541015625
75.23162078857422
61.729698181152344
41.96439743041992
76.22825622558594
78.4847412109375
50.45167541503906
61.07500076293945
87.13035583496094
55.49199295043945
55.28605651855469
89.3547592163086
72.8427505493164
61.87065887451172
75.37953186035156
41.88449478149414
105.07345581054688
35.55537033081055
66.15435791015625
62.978023529052734
65.9082260131836
58.10895538330078
30.704853057861328
58.716548919677734
68.26148986816406
59.479312896728516
73.05836486816406
52.65556716918945
89.12808227539062
69.8697738647461
66.13683319091797
62.37825012207031
41.672706604003906
49.44265365600586
50.89326477050781
100.55811309814453
67.4800033569336
53.255435943603516
69.06455993652344
52.017066955566406
78.09535217285156
56.552677154541016
49.872291564941406
78.31756591796875
42.18691635131836
91.89710235595703
31.743663787841797
81.01292419433594
37.251583099365234
31.96863555908203
75.01717376708984
50.77895736694336
55.74123001098633
68.45227813720703
67.3185806274414
92.65802001953125
74.50907897949219
47.88669967651367
88.26348114013672
42.66221618652344
44.37921905517578
75.04083251953125
82.72978973388672
40.22347640991211
43.96689987182617
45.252357482910156
41.81270980834961
43.813560485839844
74.37616729736328
37.194068908691406
77.80622863769531
78.88833618164062
67.14019775390625
25.03815460205078
51.421409606933594
72.9951400756836
47.77525329589844
73.42477416992188
73.83393859863281
65.49869537353516
43.51748275756836
73.44507598876953
47.57003402709961
65.67179870605469
84.85612487792969
53.57547378540039
65.01952362060547
46.64511489868164
74.14551544189453
58.2187614440918
41.586326599121094
26.005815505981445
64.90709686279297
100.855712890625
61.34782791137695
66.89996337890625
81.13529968261719
61.93009567260742
42.78342819213867
45.132080078125
100.50646209716797
38.509239196777344
74.11997985839844
63.357337951660156
50.04801559448242
56.24528884887695
74.84339904785156
55.889190673828125
60.34345626831055
51.330326080322266
30.968591690063477
42.44881820678711
49.662071228027344
38.17888641357422
50.661808013916016
46.23983383178711
67.24313354492188
72.08399963378906
80.958740234375
54.54814147949219
61.51395797729492
52.86090850830078
54.834388732910156
38.08448028564453
76.70289611816406
44.521121978759766
77.31016540527344
70.71710968017578
51.890262603759766
40.297367095947266
74.20824432373047
83.70316314697266
66.4249496459961
59.951080322265625
79.18792724609375
49.29275894165039
54.94304656982422
52.57270050048828
43.55875778198242
88.04388427734375
83.35131072998047
52.935359954833984
93.27623748779297
47.9232063293457
66.66917419433594
38.45260238647461
95.53726196289062
36.99584197998047
89.86112213134766
97.85067749023438
47.16486740112305
73.32678985595703
79.08906555175781
71.48683166503906
112.82637786865234
74.34551239013672
32.877376556396484
54.338539123535156
87.35039520263672
42.010223388671875
50.3148193359375
58.74195098876953
99.30757141113281
62.33114242553711
50.90855407714844
64.88284301757812
47.618927001953125
102.39389038085938
80.89048767089844
53.786888122558594
39.32761001586914
83.06426239013672
46.1616325378418
56.87832260131836
70.06452178955078
81.76628875732422
38.305240631103516
81.0904769897461
22.268404006958008
61.74029541015625
82.17427062988281
55.04315185546875
53.523704528808594
75.16741943359375
43.99745559692383
40.87847900390625
66.31690216064453
90.96985626220703
60.66623306274414
91.29694366455078
67.53538513183594
105.85735321044922
85.92166900634766
41.925899505615234
61.70839309692383
53.31819152832031
55.959041595458984
61.134429931640625
43.49325180053711
75.38472747802734
105.530517578125
86.26183319091797
68.69366455078125
25.672731399536133
48.66067886352539
45.524044036865234
72.39710998535156
48.36093521118164
62.38491439819336
52.768218994140625
56.71422576904297
65.0584716796875
40.014869689941406
64.87042999267578
77.64501953125
46.57566452026367
46.39636993408203
48.32341766357422
79.03355407714844
89.73785400390625
33.590335845947266
42.84206008911133
68.76595306396484
89.33123779296875
45.50596618652344
35.19502639770508
41.245399475097656
62.67222595214844
64.70065307617188
96.63518524169922
63.21002197265625
69.86785888671875
96.38932800292969
62.326324462890625
57.752994537353516
45.107662200927734
51.586917877197266
55.9964485168457
48.64858627319336
42.60053634643555
91.2246322631836
64.03073120117188
63.389984130859375
47.854862213134766
21.40154457092285
81.3158950805664
53.39698791503906
47.60221481323242
70.89280700683594
99.03515625
54.472564697265625
56.440155029296875
43.194759368896484
67.0506591796875
64.97618103027344
44.75289535522461
37.04522705078125
64.59566497802734
28.093982696533203
59.77872848510742
39.507293701171875
60.70873260498047
47.399627685546875
80.87128448486328
83.79257202148438
65.96784973144531
67.48639678955078
55.848995208740234
53.16482162475586
86.2463607788086
20.240488052368164
82.95711517333984
39.289634704589844
55.77293395996094
83.10218811035156
105.88398742675781
47.918357849121094
85.5335922241211
40.08906555175781
42.87398910522461
62.46001434326172
60.99755096435547
81.41561889648438
68.64183044433594
105.44615173339844
57.76890182495117
72.57740020751953
92.1094741821289
57.63814163208008
88.94933319091797
78.50541687011719
54.2405891418457
55.20588684082031
94.49165344238281
59.194480895996094
73.32331085205078
78.93609619140625
27.607723236083984
74.56034851074219
85.53478240966797
47.65251159667969
55.06584548950195
79.85725402832031
61.094032287597656
57.104644775390625
69.96773529052734
71.71916198730469
68.47055053710938
51.6218376159668
28.169876098632812
75.0523681640625
56.8189811706543
24.53941535949707
97.63311767578125
59.21168518066406
33.86334228515625
53.305843353271484
46.10696792602539
79.15594482421875
82.73847198486328
45.64946365356445
54.23684310913086
33.665992736816406
78.16453552246094
53.11235427856445
28.635700225830078
75.9205322265625
74.6071548461914
67.42312622070312
73.80168151855469
79.82051849365234
66.82203674316406
67.609375
52.72231674194336
48.97771072387695
74.64740753173828
54.02198791503906
71.48927307128906
60.88376235961914
68.59293365478516
83.95533752441406
86.95646667480469
74.44536590576172
82.47998809814453
53.31293487548828
34.814823150634766
39.820526123046875
56.313133239746094
57.64643859863281
47.199275970458984
72.07496643066406
58.76945495605469
55.99298095703125
31.08669662475586
69.41940307617188
25.498842239379883
14.093482971191406
69.82728576660156
70.59156799316406
75.80340576171875
84.7007827758789
44.88288497924805
52.47419738769531
45.7890510559082
115.11518859863281
62.30960464477539
51.605255126953125
54.34696960449219
81.08509063720703
52.91779708862305
87.29593658447266
84.80699920654297
63.80113983154297
57.578495025634766
85.05636596679688
75.49706268310547
65.83372497558594
33.37592697143555
71.88383483886719
73.48314666748047
59.89930725097656
41.762638092041016
81.98533630371094
68.53709411621094
60.58355712890625
68.8030776977539
50.21648025512695
61.69140625
63.25372314453125
56.246341705322266
83.77388000488281
57.21995162963867
34.6595458984375
77.17575073242188
70.5440444946289
37.5213508605957
60.79286193847656
68.27896881103516
76.07893371582031
43.045719146728516
67.58016204833984
51.41679763793945
44.173099517822266
86.87939453125
39.048892974853516
43.74778747558594
45.808895111083984
91.73725128173828
39.6983528137207
68.78236389160156
65.51093292236328
66.0924301147461
63.590572357177734
79.22162628173828
57.954708099365234
67.80352783203125
53.06461715698242
36.74689483642578
74.63018035888672
65.37078094482422
54.584712982177734
117.81153106689453
40.44835662841797
62.84419250488281
45.279998779296875
88.42460632324219
36.38514709472656
86.18981170654297
70.2999038696289
47.888790130615234
62.36757278442383
69.52391815185547
62.19130325317383
53.010643005371094
51.18437576293945
45.07706069946289
52.571590423583984
74.08650970458984
25.69276237487793
41.10865020751953
64.16389465332031
67.73158264160156
59.78710174560547
91.65245056152344
74.2996826171875
91.6266860961914
42.961544036865234
64.90411376953125
80.65462493896484
44.04508972167969
36.4357795715332
60.3487548828125
33.49150466918945
53.4777946472168
60.55794143676758
98.45518493652344
74.55198669433594
79.17344665527344
66.55122375488281
58.65894317626953
55.834381103515625
51.45582580566406
89.15363311767578
69.60359191894531
42.443267822265625
55.73752975463867
20.193748474121094
58.01485061645508
49.64955139160156
47.215362548828125
36.26018142700195
75.87540435791016
80.63528442382812
64.56185913085938
77.86804962158203
41.502288818359375
51.534576416015625
85.12012481689453
61.562862396240234
59.281978607177734
72.19715881347656
79.4633560180664
70.90230560302734
69.41120910644531
47.987022399902344
56.95820617675781
103.29048919677734
78.68333435058594
82.25698852539062
85.45158386230469
78.67539978027344
39.68350601196289
43.866336822509766
61.40446090698242
59.66347122192383
59.22950744628906
37.82321548461914
98.43426513671875
76.963623046875
83.92700958251953
64.30569458007812
54.968013763427734
67.93828582763672
26.107091903686523
71.7721176147461
65.68020629882812
52.87484359741211
98.63041687011719
49.527549743652344
79.54549407958984
61.526100158691406
46.96246337890625
63.01980972290039
97.45993041992188
58.757301330566406
77.34431457519531
90.87366485595703
47.47486877441406
45.40281295776367
32.95568084716797
80.95020294189453
63.480098724365234
91.11148071289062
68.14860534667969
33.77200698852539
70.41465759277344
65.11126708984375
82.59941864013672
68.8926773071289
63.88201141357422
58.65422821044922
94.05719757080078
51.2736930847168
80.04224395751953
43.27011489868164
100.17539978027344
43.40393829345703
97.46166229248047
60.7354621887207
64.61467742919922
80.56616973876953
90.26988220214844
68.86634826660156
65.6873779296875
34.22983932495117
31.95771598815918
50.695735931396484
31.57826805114746
48.61301803588867
45.808414459228516
50.338226318359375
59.241695404052734
100.04061889648438
70.53215026855469
45.3044548034668
43.925445556640625
50.64833450317383
85.1375503540039
66.64900970458984
62.50888442993164
54.4586067199707
104.83686828613281
41.770469665527344
57.62083435058594
67.49488067626953
49.434940338134766
71.96720123291016
53.56940460205078
86.06216430664062
55.09717559814453
53.10802459716797
66.64027404785156
74.16271209716797
50.27705383300781
78.62818908691406
70.19034576416016
54.30628967285156
58.30854415893555
23.67043685913086
31.542158126831055
53.95504379272461
37.10515594482422
57.01970672607422
110.45906829833984
64.51333618164062
54.38793182373047
79.0238265991211
95.06851959228516
67.55326843261719
58.97304916381836
74.5614013671875
58.82980728149414
68.71562194824219
58.90601348876953
52.59862518310547
53.824005126953125
70.18661499023438
61.775699615478516
69.76725769042969
63.59722137451172
52.9432258605957
60.26436233520508
90.7134780883789
45.551597595214844
90.29147338867188
50.719608306884766
76.18849182128906
52.87753677368164
93.14364624023438
104.03522491455078
36.60957717895508
28.406843185424805
78.91439056396484
45.635498046875
53.384498596191406
45.702152252197266
38.12009811401367
52.17897033691406
64.51588439941406
107.58953094482422
58.104652404785156
61.32661437988281
40.68145751953125
60.254981994628906
58.768096923828125
45.45761489868164
63.142425537109375
52.38849639892578
106.53758239746094
25.587291717529297
84.61463165283203
77.40150451660156
76.09050750732422
88.75294494628906
48.34528350830078
69.42127990722656
77.18578338623047
26.611513137817383
70.0391845703125
85.72425842285156
32.40160369873047
54.11900329589844
76.49211883544922
45.81772232055664
60.84755325317383
58.792930603027344
65.45346069335938
35.258567810058594
48.10926055908203
54.167232513427734
109.66248321533203
68.2672119140625
58.29812240600586
99.11500549316406
80.18648529052734
68.99533081054688
81.12530517578125
35.70927047729492
79.12911987304688
38.68775939941406
69.67412567138672
69.88585662841797
51.87102508544922
62.03276062011719
66.91439819335938
54.2996826171875
75.37198638916016
76.0616683959961
82.59584045410156
79.7762222290039
61.44529342651367
49.99764633178711
50.22422790527344
58.74150085449219
75.03206634521484
99.10707092285156
91.43095397949219
93.91983795166016
58.38993453979492
56.388404846191406
60.42498779296875
62.51060104370117
28.16266441345215
77.18576049804688
69.33340454101562
62.46422576904297
33.377010345458984
58.5448112487793
81.41671752929688
64.79806518554688
37.31721878051758
83.67179870605469
99.00135040283203
62.15810012817383
55.81746292114258
71.8319091796875
35.74149703979492
38.15868377685547
51.804805755615234
53.88911056518555
67.62173461914062
64.5239028930664
74.84754943847656
76.6579360961914
43.10385513305664
46.34385681152344
39.846351623535156
59.73295593261719
89.2813720703125
87.6631851196289
68.41358184814453
59.55897903442383
47.88184356689453
70.20655059814453
70.62578582763672
64.10856628417969
68.01306915283203
40.22980880737305
64.28829193115234
56.75888442993164
66.4118881225586
72.6055908203125
64.44429779052734
78.41189575195312
62.750858306884766
56.13437271118164
57.784942626953125
58.38692855834961
32.53009796142578
41.05314636230469
56.63233947753906
71.59552764892578
50.186988830566406
38.33180236816406
48.0089225769043
69.98912048339844
70.08419799804688
32.65007019042969
65.15740966796875
70.65768432617188
32.559722900390625
60.57771682739258
86.7117691040039
90.49205017089844
59.557376861572266
61.28761291503906
69.2049789428711
40.96921920776367
45.42787551879883
34.332454681396484
61.91469192504883
68.28356170654297
46.179901123046875
47.34939193725586
62.96427536010742
79.74052429199219
66.27882385253906
37.016483306884766
49.279518127441406
66.19898223876953
65.7666244506836
52.56087112426758
90.96302795410156
69.0332260131836
88.82361602783203
57.60284423828125
87.64730834960938
63.23230743408203
43.262699127197266
46.34519577026367
53.7424430847168
79.71505737304688
46.87605667114258
99.10531616210938
52.856563568115234
95.86298370361328
71.34684753417969
75.64885711669922
57.9411506652832
46.03939437866211
53.37088394165039
87.8212661743164
75.42858123779297
39.17002487182617
30.056610107421875
69.4474105834961
67.35541534423828
60.868682861328125
37.585914611816406
61.925567626953125
41.30081558227539
56.872413635253906
65.91410064697266
56.02644348144531
72.69358825683594
40.55065155029297
57.49186706542969
71.7023696899414
44.33320617675781
39.311866760253906
35.6373176574707
35.91019821166992
38.984649658203125
62.086456298828125
66.709228515625
72.12964630126953
64.9898452758789
30.113853454589844
76.35148620605469
54.58439636230469
67.1817626953125
54.301822662353516
77.53150177001953
65.79403686523438
50.110511779785156
77.31710052490234
48.96888732910156
53.72189712524414
55.17790603637695
53.35637283325195
59.65616226196289
50.34684753417969
62.07142639160156
75.45344543457031
36.11101150512695
38.68522644042969
77.45613098144531
50.038360595703125
76.28189086914062
65.22808074951172
68.60372161865234
33.4588623046875
51.368858337402344
40.86443328857422
51.41487121582031
70.05326080322266
47.368927001953125
14.612617492675781
48.48249435424805
61.76971435546875
39.43324279785156
92.2645034790039
31.434215545654297
46.99442672729492
75.04972076416016
56.32332992553711
82.18626403808594
76.25725555419922
59.32664489746094
70.71869659423828
82.09211730957031
65.3446273803711
45.71082305908203
61.402976989746094
57.82331085205078
58.94429397583008
89.42167663574219
51.658756256103516
85.87211608886719
47.908267974853516
48.27145004272461
55.357566833496094
55.67732238769531
74.03504943847656
96.89637756347656
40.04640579223633
84.8955307006836
62.012516021728516
52.6562614440918
63.508277893066406
76.2615737915039
52.61377716064453
70.39576721191406
60.35170364379883
53.54391098022461
53.382896423339844
28.80707359313965
87.86808776855469
86.22998046875
88.88489532470703
60.42308807373047
88.63252258300781
75.68233489990234
49.74525833129883
49.666717529296875
71.03596496582031
37.379730224609375
75.02127838134766
78.54698944091797
79.22404479980469
101.19627380371094
30.12493896484375
71.22782897949219
48.93889617919922
76.16665649414062
97.43458557128906
67.8516845703125
73.26362609863281
58.95172882080078
69.64067840576172
84.28377532958984
53.44091033935547
81.01219177246094
66.39018249511719
36.90241241455078
44.07525634765625
52.848533630371094
33.920448303222656
74.63616943359375
75.6105728149414
54.83566665649414
94.12825775146484
52.65989303588867
77.09220123291016
85.26481628417969
61.172176361083984
77.69776153564453
101.58853149414062
62.34321975708008
47.68138885498047
78.61759948730469
59.119937896728516
82.99381256103516
80.11054992675781
64.0076675415039
63.14339828491211
65.90860748291016
98.70732116699219
39.21589660644531
44.25516128540039
41.4505615234375
27.328426361083984
73.37165069580078
56.20979309082031
77.14096069335938
48.661659240722656
76.4117660522461
45.06525421142578
84.22906494140625
48.911624908447266
46.459075927734375
30.98359489440918
68.09959411621094
72.82501983642578
61.279747009277344
74.64596557617188
44.91229248046875
72.92407989501953
81.3508529663086
40.36104202270508
62.352813720703125
52.625484466552734
85.7359619140625
49.466766357421875
42.75910949707031
72.28447723388672
56.972591400146484
49.321388244628906
54.933555603027344
91.27729797363281
92.84718322753906
71.3775405883789
56.211708068847656
51.22609329223633
38.91236877441406
82.57042694091797
61.13505935668945
96.52918243408203
29.296497344970703
44.45752716064453
75.88512420654297
44.295310974121094
41.975189208984375
81.68566131591797
77.37055969238281
47.91344451904297
80.28395080566406
41.42716598510742
60.87026596069336
41.27029800415039
78.2333984375
77.26050567626953
55.14575958251953
66.87744140625
61.82316589355469
74.8174057006836
53.438533782958984
36.36660385131836
50.9934196472168
73.290771484375
65.95085906982422
32.16657257080078
43.24674606323242
67.69438934326172
96.00395965576172
83.28125762939453
67.68159484863281
73.66144561767578
66.35575103759766
53.26802062988281
57.65530776977539
44.84901428222656
80.04859161376953
51.24714279174805
65.99909973144531
38.089134216308594
82.75526428222656
22.721250534057617
85.48253631591797
34.085052490234375
74.6556625366211
83.75984191894531
53.54792785644531
55.104522705078125
95.9240951538086
65.06755065917969
80.06432342529297
51.185546875
62.39486312866211
54.681583404541016
37.32187271118164
25.648433685302734
48.169185638427734
58.30878829956055
55.156410217285156
54.356685638427734
54.7105712890625
47.45732116699219
73.16783905029297
87.34264373779297
87.45046997070312
48.900611877441406
38.82353973388672
21.99203109741211
53.14051818847656
53.55247116088867
94.85065460205078
64.85255432128906
36.36252212524414
72.89514923095703
39.32865905761719
35.28236389160156
71.83482360839844
49.670196533203125
52.48973846435547
52.64336395263672
58.8557014465332
72.63236236572266
19.567880630493164
97.45967102050781
102.59900665283203
58.49728012084961
90.81400299072266
63.89300537109375
79.61646270751953
67.14085388183594
77.71192169189453
58.227073669433594
89.1331558227539
53.929771423339844
70.74142456054688
83.60193634033203
43.17219924926758
58.21940231323242
39.792659759521484
48.618202209472656
82.49303436279297
102.19093322753906
50.78441619873047
85.54915618896484
45.705257415771484
52.65677261352539
90.55115509033203
53.57896423339844
73.97066497802734
94.07462310791016
72.94236755371094
59.40431594848633
83.53976440429688
52.695648193359375
76.04450225830078
69.65926361083984
55.448219299316406
73.64012908935547
67.1878433227539
82.84490203857422
30.54490089416504
53.10248565673828
63.95936965942383
60.57221603393555
65.53897857666016
53.46555709838867
56.729942321777344
83.17777252197266
53.2408447265625
51.8285026550293
68.72554779052734
57.24320983886719
21.337526321411133
40.247798919677734
72.19268798828125
89.82718658447266
33.8045768737793
87.23825073242188
47.69114685058594
55.80797576904297
47.40155029296875
40.15747833251953
55.107505798339844
65.80181121826172
56.79972839355469
42.56502914428711
87.23865509033203
51.98563766479492
32.836029052734375
33.752872467041016
51.830772399902344
74.017333984375
58.21807861328125
59.456642150878906
50.02751541137695
44.3785514831543
72.68519592285156
80.29523468017578
101.50384521484375
46.21942138671875
61.99938201904297
82.14004516601562
102.71517944335938
71.25706481933594
72.01199340820312
73.99030303955078
42.789222717285156
81.5174331665039
44.58284378051758
52.51571273803711
76.88292694091797
57.051944732666016
48.849979400634766
53.323360443115234
27.409215927124023
71.4358901977539
98.31957244873047
60.95561218261719
64.6648941040039
25.526424407958984
108.99991607666016
60.79502868652344
43.051090240478516
72.5477523803711
70.9784164428711
28.21957778930664
66.10469055175781
28.63816261291504
44.199066162109375
76.59719848632812
71.51407623291016
33.51895523071289
68.89146423339844
61.73197937011719
88.48414611816406
42.94855499267578
20.436979293823242
27.86138153076172
42.491920471191406
74.11182403564453
53.692718505859375
92.41365814208984
66.63478088378906
55.88005447387695
50.181610107421875
47.71363067626953
69.83273315429688
47.26670837402344
57.02508544921875
42.362369537353516
69.04399108886719
71.23580932617188
69.44609832763672
70.97518920898438
80.46906280517578
30.95511245727539
9.84853458404541
46.54067611694336
79.99714660644531
43.78334426879883
61.84949493408203
73.610107421875
48.63613510131836
70.40994262695312
48.65904235839844
76.65350341796875
40.36326599121094
48.93890380859375
44.716819763183594
41.74626922607422
64.94391632080078
74.48505401611328
85.75350189208984
49.870208740234375
40.985992431640625
22.35453987121582
27.684486389160156
50.04898452758789
65.94834899902344
77.0330581665039
36.681522369384766
85.92264556884766
107.53617095947266
68.30526733398438
68.60710906982422
48.358646392822266
45.329933166503906
69.22282409667969
75.93063354492188
57.63180160522461
74.99439239501953
62.19248962402344
43.55539321899414
38.79934310913086
66.26910400390625
87.07771301269531
43.29188919067383
80.45503234863281
84.31369018554688
98.13695526123047
73.63694763183594
64.06639862060547
80.08831024169922
42.727943420410156
47.12654113769531
96.63204956054688
62.6184196472168
73.26519775390625
37.80146026611328
34.523048400878906
73.66397094726562
50.7560920715332
86.70643615722656
72.38258361816406
47.91722869873047
44.07229232788086
41.7191162109375
60.41592788696289
58.19255828857422
90.47945404052734
70.06498718261719
52.01702117919922
79.3467788696289
83.19690704345703
40.20265197753906
46.40858840942383
31.484394073486328
48.290679931640625
37.6862907409668
54.538368225097656
113.7203598022461
44.11626052856445
70.3442153930664
68.52408599853516
13.229926109313965
59.31950759887695
53.35777282714844
71.4801254272461
64.77751922607422
36.81248092651367
70.18124389648438
56.52638244628906
84.0323715209961
51.73154830932617
49.67107009887695
53.491859436035156
40.32484436035156
45.6258544921875
70.13003540039062
85.1871109008789
69.02963256835938
62.59368896484375
63.766578674316406
59.63380813598633
47.61579895019531
31.3123779296875
67.85015869140625
48.020721435546875
32.086997985839844
81.80330657958984
55.057090759277344
64.07810974121094
92.4871826171875
44.169525146484375
73.35655212402344
60.86820983886719
87.31449127197266
67.84586334228516
62.40496826171875
61.36894607543945
54.00223159790039
78.26932525634766
58.73841857910156
40.87522506713867
82.22470092773438
74.00115203857422
40.58540725708008
79.2166519165039
79.06204986572266
66.07192993164062
61.76062774658203
47.7510871887207
76.0077896118164
72.20978546142578
50.04800796508789
94.81143951416016
68.99906921386719
93.85478973388672
44.30394744873047
65.92768859863281
42.946903228759766
14.965408325195312
32.99064254760742
74.30106353759766
35.898765563964844
77.56857299804688
45.4114990234375
30.19899559020996
55.78973388671875
77.24411010742188
69.58332824707031
44.75618362426758
64.29692840576172
75.6725845336914
42.18775939941406
56.65739822387695
72.30170440673828
61.43787384033203
94.78938293457031
84.39747619628906
58.92167663574219
72.12565612792969
70.32839965820312
81.06765747070312
60.724342346191406
69.4939193725586
57.293209075927734
55.58256912231445
46.45220947265625
53.195804595947266
52.62348937988281
62.54817199707031
77.57829284667969
47.198646545410156
70.95569610595703
87.97691345214844
56.34733200073242
54.19987869262695
84.76244354248047
70.07402801513672
81.3948745727539
56.537071228027344
43.85456848144531
49.73455810546875
41.60530090332031
48.89017105102539
32.610015869140625
103.76858520507812
34.63973617553711
44.97743225097656
27.782920837402344
62.28397750854492
64.14230346679688
75.84342956542969
30.91824722290039
54.99687194824219
73.57911682128906
26.032852172851562
73.82491302490234
39.40482711791992
61.478675842285156
63.98923873901367
51.759037017822266
39.7735710144043
60.72492218017578
44.70098876953125
60.93293762207031
60.46031188964844
66.18082427978516
64.80657196044922
53.504859924316406
47.24953079223633
32.2926025390625
41.71575927734375
62.201358795166016
51.484283447265625
57.665283203125
41.66925811767578
71.20270538330078
71.91275787353516
48.33291244506836
41.07600021362305
57.251712799072266
58.6687126159668
32.39341354370117
74.97240447998047
51.70756912231445
70.0702896118164
63.66847610473633
18.479267120361328
46.44270706176758
64.87074279785156
41.61112976074219
54.121482849121094
29.680463790893555
76.366943359375
54.14558029174805
80.75636291503906
52.0297737121582
47.27175521850586
87.0190200805664
55.85347366333008
67.48165130615234
91.53520965576172
47.995391845703125
59.116153717041016
45.417362213134766
80.90560913085938
44.38644790649414
66.33051300048828
81.25382232666016
109.17216491699219
40.807918548583984
68.54997253417969
83.37477111816406
39.232887268066406
56.73929977416992
96.2442398071289
77.59207916259766
49.06939697265625
70.48823547363281
57.272003173828125
97.96189880371094
37.82036590576172
75.09690856933594
62.02859878540039
66.16828155517578
68.58137512207031
69.49874877929688
58.85586929321289
78.86256408691406
59.168148040771484
46.93174743652344
62.9114990234375
85.09321594238281
62.42850875854492
108.88745880126953
85.76310729980469
97.72354888916016
16.213499069213867
74.05882263183594
71.05152130126953
66.9057388305664
42.36323547363281
69.01625061035156
90.10749053955078
44.073455810546875
71.35491180419922
71.50039672851562
118.25884246826172
64.2420654296875
63.23796081542969
70.44457244873047
101.44005584716797
85.09661102294922
49.293373107910156
19.303010940551758
72.65581512451172
46.81458282470703
87.28408813476562
75.57559204101562
72.03690338134766
74.89309692382812
53.6309814453125
48.16015625
85.771240234375
15.91330623626709
94.6534652709961
44.388511657714844
39.991004943847656
45.092838287353516
54.501678466796875
52.277103424072266
41.4421501159668
53.96931076049805
62.81863021850586
75.06403350830078
69.439697265625
73.70291137695312
67.95732116699219
49.93440628051758
56.16680908203125
76.99095153808594
69.07128143310547
51.62498474121094
57.81048583984375
53.73334503173828
39.456546783447266
90.15349578857422
51.3880729675293
67.9813232421875
39.29896926879883
66.80310821533203
70.65160369873047
59.982364654541016
88.46190643310547
71.79688262939453
77.83842468261719
70.44804382324219
49.493770599365234
72.78006744384766
41.60383224487305
57.24989700317383
54.06086730957031
74.52980041503906
77.54499816894531
80.34107208251953
72.86065673828125
65.46395111083984
72.11447143554688
51.059837341308594
47.32843780517578
40.997520446777344
46.81655502319336
35.54246139526367
81.90188598632812
57.977760314941406
43.41962814331055
99.91403198242188
88.24436950683594
59.920772552490234
67.7245864868164
64.58830261230469
73.6380386352539
52.22428894042969
48.286373138427734
55.12562561035156
52.56534194946289
52.104061126708984
62.728126525878906
94.95830535888672
84.0225830078125
50.151336669921875
64.58185577392578
67.24485778808594
64.32084655761719
44.114036560058594
48.94196319580078
45.6801872253418
35.01298904418945
35.85371780395508
94.40118408203125
64.67759704589844
79.12293243408203
48.503238677978516
76.66033172607422
48.45927429199219
57.61105728149414
68.47402954101562
57.355403900146484
49.9478645324707
104.94744873046875
78.70509338378906
43.182044982910156
57.268741607666016
20.77521324157715
74.88475799560547
61.580440521240234
53.97612762451172
79.1873550415039
88.1906967163086
58.12120056152344
91.9649887084961
66.3338623046875
75.52997589111328
38.933753967285156
49.3757209777832
62.82286834716797
88.30574035644531
58.87389373779297
57.165138244628906
28.692955017089844
60.473514556884766
34.65364456176758
79.62533569335938
56.440582275390625
58.009151458740234
32.279850006103516
58.58624267578125
58.15895080566406
66.9349594116211
73.48234558105469
65.65760040283203
73.03142547607422
71.094970703125
74.59862518310547
42.00007247924805
67.45288848876953
64.62273406982422
50.813148498535156
86.5468521118164
48.02994155883789
58.68303680419922
39.26999282836914
73.99585723876953
96.20525360107422
34.228858947753906
67.1592025756836
53.255096435546875
69.18191528320312
84.64909362792969
42.704715728759766
71.84078979492188
68.11102294921875
72.95186614990234
63.2211799621582
93.00480651855469
69.49275207519531
66.2256088256836
74.8909683227539
35.48639678955078
75.17334747314453
63.62662124633789
68.6806640625
15.592153549194336
70.5948486328125
45.870784759521484
41.76231384277344
46.31441116333008
43.077335357666016
16.2745304107666
49.950340270996094
68.884765625
62.216224670410156
46.37950134277344
60.647605895996094
66.04212951660156
37.18619155883789
54.65081787109375
28.06023406982422
31.79644012451172
45.31778335571289
49.30944061279297
58.23221969604492
82.10577392578125
16.387680053710938
45.685707092285156
71.33548736572266
44.748104095458984
77.34835815429688
53.023414611816406
54.00767135620117
67.2904281616211
63.630393981933594
69.70484924316406
57.63215637207031
37.44439697265625
51.967620849609375
62.87784194946289
63.627994537353516
55.56288528442383
74.66600799560547
30.848379135131836
68.82797241210938
86.88864135742188
53.41400909423828
68.88666534423828
80.90315246582031
23.94230842590332
50.722267150878906
68.89274597167969
48.61510467529297
50.440635681152344
80.19940185546875
74.13751983642578
53.81658172607422
62.87337875366211
76.78581237792969
35.13402557373047
49.765689849853516
73.75334167480469
64.86701202392578
34.13157653808594
62.29856872558594
81.21925354003906
62.927913665771484
92.24153137207031
49.33068084716797
51.285404205322266
83.46347045898438
68.0992202758789
54.31504440307617
48.497459411621094
50.18307113647461
56.276885986328125
67.2760238647461
72.07943725585938
36.11064529418945
52.897491455078125
63.03537368774414
54.78153610229492
71.08416748046875
54.73335647583008
76.86322021484375
68.08448791503906
78.05308532714844
75.04804992675781
73.88372802734375
72.85015869140625
43.71752166748047
60.40359878540039
96.12115478515625
23.496850967407227
41.36568069458008
112.79595184326172
112.86541748046875
73.77923583984375
52.600093841552734
70.61744689941406
47.300323486328125
42.41017532348633
76.0488510131836
19.342533111572266
52.63691711425781
37.561378479003906
81.18973541259766
40.0814323425293
63.01200485229492
84.43748474121094
97.3849868774414
61.1286735534668
54.446205139160156
65.9670181274414
45.00814437866211
53.539791107177734
54.90922164916992
53.80805206298828
52.593231201171875
43.76839065551758
85.6175308227539
71.4968032836914
58.18626403808594
63.09267044067383
28.455188751220703
61.6607551574707
80.66018676757812
77.61782836914062
45.08159637451172
79.07270050048828
53.59206771850586
70.06461334228516
55.490264892578125
62.131675720214844
62.76527404785156
64.64442443847656
60.48921585083008
79.06873321533203
29.71717643737793
29.83356475830078
58.64557647705078
36.170066833496094
44.363643646240234
65.06623840332031
37.13414001464844
69.1620864868164
57.54901123046875
44.624393463134766
81.47026824951172
51.08338165283203
81.38793182373047
69.4839859008789
49.89390563964844
69.06366729736328
102.22911834716797
54.22307205200195
64.74476623535156
36.797607421875
63.67870330810547
79.27307891845703
57.93538284301758
39.54187774658203
88.5372085571289
71.85444641113281
36.01472854614258
84.29267120361328
69.83756256103516
42.17522048950195
86.40056610107422
34.9200553894043
55.66233825683594
52.7441291809082
73.06930541992188
93.1524658203125
81.23863220214844
40.22862243652344
102.88776397705078
25.94578742980957
47.842403411865234
79.45420837402344
57.0041618347168
66.80072021484375
70.45510864257812
65.31513214111328
57.46471405029297
27.452136993408203
51.740970611572266
40.38643264770508
88.15940856933594
89.25977325439453
51.99195098876953
61.69260787963867
97.15392303466797
105.3031005859375
82.11824798583984
60.2169189453125
98.80587005615234
61.93303298950195
75.54277038574219
60.08080291748047
64.19758605957031
61.03726577758789
55.877986907958984
60.748870849609375
83.0853500366211
71.01121520996094
56.231231689453125
58.677276611328125
51.21954345703125
29.33624267578125
45.663631439208984
44.64232635498047
62.383060455322266
71.78473663330078
48.868289947509766
62.464195251464844
49.890220642089844
62.503536224365234
43.774452209472656
87.80829620361328
53.98282241821289
58.29701614379883
35.42621994018555
52.605323791503906
41.194332122802734
81.2181625366211
60.216651916503906
49.23073959350586
89.61460876464844
55.385990142822266
65.25723266601562
81.65559387207031
30.068466186523438
70.77609252929688
51.9114875793457
42.018672943115234
65.032958984375
65.35967254638672
53.631141662597656
44.590538024902344
56.97718811035156
39.3137092590332
56.61115646362305
101.51712799072266
54.227203369140625
75.35508728027344
62.640987396240234
40.01149368286133
39.96111297607422
68.01177978515625
79.0370864868164
78.64081573486328
62.214881896972656
60.426849365234375
75.43888092041016
59.75992202758789
75.85733795166016
48.0299186706543
44.96955871582031
63.052886962890625
57.426368713378906
47.139896392822266
79.38966369628906
48.641937255859375
56.46381759643555
53.341575622558594
22.711862564086914
53.745697021484375
44.09665298461914
43.5638427734375
71.75360107421875
53.01176834106445
69.22784423828125
42.88050842285156
66.21989440917969
85.08379364013672
69.83990478515625
36.53423309326172
29.704730987548828
26.219993591308594
74.68933868408203
52.39915466308594
44.8629150390625
79.57521057128906
