79.7800521850586
77.7373046875
60.76129150390625
52.288604736328125
60.94004440307617
60.40615463256836
45.749820709228516
54.566009521484375
59.64792251586914
52.63308334350586
62.29304885864258
40.70187759399414
48.9105110168457
73.54036712646484
59.175323486328125
64.4645767211914
60.86122131347656
43.800445556640625
78.29314422607422
102.4766845703125
70.71893310546875
72.32960510253906
76.81615447998047
50.37256622314453
77.18263244628906
90.30479431152344
60.58534622192383
96.99320983886719
68.9728012084961
36.95364761352539
54.55397033691406
82.82696533203125
67.95572662353516
73.99740600585938
72.84857177734375
37.95365524291992
65.46495056152344
86.41631317138672
74.33209228515625
54.05374526977539
61.38963317871094
88.70321655273438
83.41185760498047
40.650177001953125
64.84513854980469
60.801795959472656
64.45642852783203
64.00445556640625
82.20204162597656
114.58716583251953
41.29286193847656
75.27186584472656
85.74966430664062
91.26481628417969
49.220340728759766
61.318912506103516
62.3851203918457
79.0897216796875
68.51499938964844
82.88761138916016
87.41031646728516
43.3885498046875
81.4544677734375
72.95182037353516
53.99999237060547
59.87936782836914
56.87722396850586
74.97655487060547
67.78885650634766
86.3528823852539
77.69029235839844
85.1790542602539
66.84400939941406
45.18059158325195
47.130531311035156
60.7198486328125
92.66822814941406
61.39174270629883
60.790645599365234
53.15188217163086
49.13694763183594
72.95830535888672
65.65352630615234
44.11079406738281
40.46366500854492
34.00525665283203
65.82079315185547
89.39826202392578
103.0699462890625
71.54181671142578
80.38568115234375
71.72403717041016
63.24626159667969
42.693077087402344
114.49665832519531
48.36595153808594
79.56610870361328
45.021297454833984
74.21930694580078
93.47853088378906
38.52880096435547
70.44982147216797
84.67462158203125
71.54176330566406
97.57036590576172
62.242393493652344
50.44950485229492
111.00642395019531
43.395652770996094
63.7234001159668
65.19073486328125
99.00312042236328
64.40673828125
50.79005813598633
90.68270874023438
54.731868743896484
71.33183288574219
58.35548782348633
69.19696044921875
70.60742950439453
63.66266632080078
64.12958526611328
64.64873504638672
86.5393295288086
37.74592590332031
99.54402160644531
52.29292678833008
87.54725646972656
78.42267608642578
70.2888412475586
48.54519271850586
85.48363494873047
68.1677017211914
79.77499389648438
51.1766357421875
62.91532516479492
53.74061965942383
74.17061614990234
55.65793228149414
75.51020812988281
92.48674774169922
78.31377410888672
96.1795425415039
75.96995544433594
111.63240814208984
77.09339904785156
36.27292251586914
76.78951263427734
80.56617736816406
110.76264190673828
96.9732666015625
69.44932556152344
64.40837860107422
87.1295394897461
75.13475036621094
81.82319641113281
66.6573715209961
47.38566589355469
64.40147399902344
46.05274963378906
70.52041625976562
53.41196823120117
65.22660064697266
47.28767013549805
70.86424255371094
57.076210021972656
95.26860046386719
82.68038177490234
35.56380844116211
43.26182556152344
93.25624084472656
45.5670166015625
46.398536682128906
73.51028442382812
94.79671478271484
103.37532043457031
48.04637145996094
88.6645278930664
71.16112518310547
88.65265655517578
86.81002044677734
54.042720794677734
72.38771057128906
76.63986206054688
41.052734375
74.46745300292969
68.9441909790039
72.7495346069336
96.58499145507812
53.130374908447266
82.57442474365234
111.67693328857422
55.96971893310547
68.724365234375
48.033058166503906
43.34552764892578
90.57846069335938
90.08070373535156
73.23943328857422
68.36851501464844
69.24494171142578
66.799560546875
46.18299102783203
63.194679260253906
96.48199462890625
48.65460205078125
73.96852111816406
102.47309112548828
51.31570816040039
61.27819061279297
77.17659759521484
97.38096618652344
59.120357513427734
33.545135498046875
92.34656524658203
86.15162658691406
65.56002044677734
86.45896911621094
40.759193420410156
67.95403289794922
79.69646453857422
79.15308380126953
78.35143280029297
47.92930603027344
84.07859802246094
81.74858856201172
82.14761352539062
60.551937103271484
56.46094512939453
67.06112670898438
62.61396789550781
50.10713195800781
66.58010864257812
78.64226531982422
67.2451171875
81.73231506347656
37.09859848022461
90.13113403320312
64.28754425048828
78.2967529296875
56.589141845703125
67.4809799194336
79.357666015625
43.849056243896484
45.97227478027344
105.8204574584961
71.84820556640625
44.35670852661133
55.773033142089844
71.52922058105469
48.18894958496094
85.533935546875
53.06745910644531
87.31969451904297
64.70975494384766
83.74456787109375
50.4729118347168
100.48900604248047
67.12979888916016
84.63549041748047
60.59646224975586
49.827877044677734
50.82170104980469
49.736392974853516
56.21432876586914
115.08636474609375
66.7984619140625
60.63477325439453
54.10902786254883
110.53822326660156
117.01268005371094
97.99057006835938
40.27946853637695
62.517250061035156
104.14533233642578
58.27659606933594
68.90347290039062
89.01881408691406
94.19976043701172
47.989139556884766
83.38016510009766
48.045310974121094
69.60610961914062
53.98063278198242
72.43310546875
87.6990966796875
77.45880126953125
82.09690856933594
72.09491729736328
82.365234375
42.66331100463867
92.7867431640625
79.90239715576172
61.82566833496094
76.9097900390625
59.7089729309082
55.42274475097656
71.69969177246094
61.84160232543945
85.20532989501953
32.65501403808594
38.48103332519531
67.54167175292969
71.02499389648438
77.44634246826172
76.21199798583984
53.34063720703125
74.95001220703125
39.85966110229492
57.0102424621582
96.57328033447266
42.53314971923828
74.41139221191406
65.94795227050781
55.29140853881836
73.22572326660156
43.72187423706055
79.23941040039062
87.4291000366211
101.2907485961914
89.69465637207031
65.77739715576172
49.1445426940918
81.8059310913086
50.04872131347656
79.80122375488281
42.17965316772461
79.93695831298828
66.61434173583984
54.440067291259766
90.54138946533203
73.6685562133789
90.56084442138672
61.57060623168945
75.98959350585938
70.86730194091797
76.57929992675781
56.10292053222656
90.72258758544922
60.63971710205078
42.5791130065918
31.977203369140625
85.13408660888672
51.73887252807617
53.687198638916016
71.8373794555664
59.33755111694336
79.65023803710938
72.1632080078125
81.9171142578125
80.43479919433594
48.045406341552734
59.47931671142578
53.692787170410156
63.51691818237305
67.79359436035156
97.4170150756836
72.13566589355469
88.50682067871094
49.73072052001953
86.5547103881836
53.7905158996582
82.38489532470703
82.61156463623047
56.77197265625
94.73321533203125
50.412086486816406
91.69476318359375
88.02313995361328
77.56434631347656
83.41719055175781
32.94586944580078
47.014259338378906
76.34487915039062
102.58999633789062
57.300167083740234
64.25220489501953
50.31313705444336
33.9864616394043
70.5454330444336
61.56743240356445
80.16405487060547
75.36859130859375
59.177669525146484
108.87985229492188
99.66043090820312
50.66377639770508
75.79601287841797
83.07830047607422
79.45381927490234
83.80899047851562
61.00689697265625
101.74698638916016
82.76756286621094
42.08550262451172
55.66110610961914
83.99662017822266
102.17743682861328
55.00925064086914
92.42520904541016
77.18238830566406
71.64189910888672
53.20454788208008
71.83224487304688
41.18000411987305
46.556640625
34.49797821044922
50.882808685302734
49.24501037597656
63.83458709716797
45.870262145996094
91.68732452392578
52.718875885009766
105.60272979736328
60.09645080566406
65.43704986572266
58.55402374267578
84.35127258300781
56.627960205078125
19.185571670532227
84.67134857177734
81.2552490234375
101.47273254394531
86.63373565673828
40.75224304199219
70.60645294189453
42.51321792602539
59.8858528137207
31.976778030395508
90.2522964477539
71.72200012207031
90.77364349365234
88.0087890625
68.0924072265625
81.89205932617188
106.7109146118164
76.51081848144531
71.60433197021484
44.24364471435547
110.69975280761719
84.72381591796875
59.148048400878906
81.43289184570312
65.08412170410156
36.41481018066406
68.99566650390625
76.12183380126953
82.58576202392578
76.40623474121094
71.8603515625
92.46354675292969
68.7908706665039
80.34135437011719
49.71776580810547
89.03788757324219
74.32113647460938
69.09129333496094
105.3553237915039
35.1204948425293
57.80323791503906
112.98287963867188
53.903263092041016
42.234291076660156
64.60921478271484
47.72703170776367
57.121253967285156
67.56227111816406
115.78414916992188
33.98820877075195
100.31146240234375
80.14431762695312
87.44383239746094
70.41144561767578
64.89095306396484
55.979915618896484
33.94028091430664
82.69025421142578
48.464229583740234
46.91752243041992
72.99842071533203
72.72212982177734
96.14450073242188
48.79825210571289
84.8081283569336
57.52995300292969
64.09758758544922
48.50373077392578
102.54986572265625
61.21063995361328
85.38321685791016
42.074581146240234
77.43729400634766
93.7613525390625
86.79000854492188
75.16715240478516
96.64395904541016
71.81373596191406
117.76847839355469
82.42428588867188
77.54800415039062
73.94808959960938
57.636531829833984
99.03099822998047
64.44481658935547
47.61931228637695
44.075714111328125
47.155029296875
58.924652099609375
34.75849914550781
94.41085815429688
58.761695861816406
86.04851531982422
43.07400131225586
72.53157806396484
79.97856903076172
58.84922790527344
78.86272430419922
38.920684814453125
42.69001388549805
64.85311889648438
63.01047897338867
74.37346649169922
108.73248291015625
87.55200958251953
95.88593292236328
83.28353118896484
65.91172790527344
78.55493927001953
22.04976463317871
97.50065612792969
64.38982391357422
77.06507110595703
53.177215576171875
60.733455657958984
51.595436096191406
66.06360626220703
47.39756774902344
34.75638961791992
74.16150665283203
64.5540771484375
47.07465744018555
64.11583709716797
21.672731399536133
34.97909164428711
59.628482818603516
63.18632125854492
102.0891342163086
93.2700424194336
54.21117401123047
96.48905944824219
65.18513488769531
71.9815673828125
101.84976959228516
56.33713912963867
40.81249237060547
72.45516967773438
70.29928588867188
97.37862396240234
52.29588317871094
72.72882843017578
65.87486267089844
64.30558776855469
60.29907989501953
97.34194946289062
83.64175415039062
62.41736602783203
60.55937576293945
97.48474884033203
67.9578628540039
63.356483459472656
54.783363342285156
46.751502990722656
81.44883728027344
56.0579719543457
54.86492156982422
54.16035079956055
70.2349624633789
78.46344757080078
61.93461227416992
57.907066345214844
45.910545349121094
64.0765380859375
77.86084747314453
54.20759201049805
74.7147445678711
78.87934112548828
23.452341079711914
65.58142852783203
37.927852630615234
50.220130920410156
57.339046478271484
88.06397247314453
101.42559051513672
77.99634552001953
64.44918823242188
85.26264190673828
45.316280364990234
90.39057159423828
46.31301498413086
61.078453063964844
48.72615051269531
92.64237213134766
75.27345275878906
77.94171142578125
101.00164794921875
64.38641357421875
46.0418586730957
43.073089599609375
56.98259353637695
75.84271240234375
56.71329116821289
58.249908447265625
90.05899810791016
103.9743881225586
47.483707427978516
83.56597137451172
70.15611267089844
82.12406921386719
78.14881134033203
57.501197814941406
48.72829818725586
60.47283935546875
86.56782531738281
59.80375289916992
82.69244384765625
70.16624450683594
49.76526641845703
68.7899169921875
78.22015380859375
74.919189453125
64.43881225585938
49.25775146484375
52.596187591552734
81.88923645019531
84.73046875
70.44879150390625
66.49771118164062
73.78276824951172
64.2568359375
73.15628814697266
67.02567291259766
54.6923942565918
48.380027770996094
85.9389877319336
95.03173065185547
47.274681091308594
47.28030776977539
68.88209533691406
64.87853240966797
49.57585525512695
45.00644302368164
71.16768646240234
50.290828704833984
64.69682312011719
54.72682189941406
82.34807586669922
65.52058410644531
66.52889251708984
84.3160171508789
62.949623107910156
62.377296447753906
48.74751281738281
50.83540725708008
42.28166580200195
73.8281021118164
53.65443420410156
52.96067810058594
61.17620849609375
93.07819366455078
88.83992767333984
99.13013458251953
63.713134765625
55.20979690551758
85.47730255126953
77.19422912597656
51.3187370300293
51.23108673095703
66.57666778564453
62.09424591064453
42.62413024902344
69.51470184326172
72.58106994628906
52.23573684692383
41.76783752441406
88.2554931640625
76.19170379638672
69.90666961669922
105.03773498535156
46.147308349609375
71.24529266357422
88.59741973876953
75.78479766845703
69.09690856933594
94.65779876708984
70.87530517578125
66.4940414428711
86.44438934326172
75.68002319335938
84.39545440673828
72.53543853759766
66.0130386352539
67.13739013671875
79.97036743164062
92.75927734375
53.81667709350586
47.73228073120117
106.68143463134766
75.58777618408203
70.09161376953125
74.27717590332031
67.94762420654297
103.2996826171875
86.51898956298828
64.31633758544922
88.82440948486328
123.78375244140625
93.00979614257812
55.73076629638672
86.38282775878906
71.63440704345703
61.09492111206055
48.935699462890625
94.31876373291016
78.75495910644531
69.84501647949219
64.67510223388672
63.362449645996094
85.62841033935547
66.7981948852539
89.64620971679688
57.662960052490234
91.14253234863281
66.58589935302734
59.63082504272461
63.66395568847656
51.52534866333008
37.425106048583984
91.20233917236328
80.06324005126953
45.834716796875
57.33332824707031
53.838130950927734
38.427284240722656
86.89044189453125
76.2308578491211
64.03466796875
102.7021484375
93.60189056396484
90.43751525878906
102.9789810180664
113.80767059326172
129.8927764892578
70.37749481201172
59.72140884399414
73.6080093383789
66.5308609008789
79.90872192382812
60.80838394165039
54.02684783935547
45.84269714355469
69.71501159667969
57.810787200927734
96.9623794555664
86.54340362548828
61.508941650390625
59.104801177978516
109.10308074951172
74.30768585205078
93.94662475585938
76.43376159667969
64.70230102539062
52.08744430541992
86.3818588256836
66.4339599609375
51.95903778076172
121.09890747070312
45.90013885498047
60.0556755065918
80.83570098876953
72.58375549316406
60.46894073486328
53.888946533203125
87.06486511230469
65.245361328125
107.55321502685547
54.0881462097168
90.78075408935547
71.57980346679688
59.97531509399414
74.60291290283203
58.00201416015625
78.20420837402344
85.35636901855469
73.96002197265625
64.22614288330078
40.29214859008789
62.3465461730957
80.7803955078125
90.67928314208984
61.81734848022461
68.2662124633789
60.56303405761719
91.80825805664062
76.73579406738281
54.253116607666016
77.39237213134766
76.00272369384766
54.80112075805664
63.26122283935547
97.17562103271484
54.16806411743164
86.77336883544922
93.02674102783203
69.43504333496094
73.63107299804688
67.67186737060547
74.111083984375
66.36670684814453
55.98151779174805
63.66447448730469
40.41582489013672
33.522239685058594
73.84640502929688
56.51892852783203
85.17832946777344
87.61903381347656
38.91572189331055
92.88571166992188
103.03309631347656
65.25984191894531
49.983489990234375
75.26480865478516
50.04985046386719
71.21778869628906
95.7603530883789
64.01853942871094
77.72877502441406
119.60137176513672
55.212615966796875
74.22884368896484
107.4728012084961
100.64472961425781
80.2087173461914
51.12740707397461
110.65991973876953
77.8040542602539
63.0079345703125
27.333829879760742
69.0856704711914
39.55945587158203
84.55435943603516
58.07949447631836
70.53407287597656
56.252052307128906
79.2032699584961
35.17828369140625
55.4189567565918
65.11553955078125
55.76596450805664
51.68203353881836
88.66508483886719
64.62235260009766
47.70099639892578
68.5264892578125
76.44633483886719
81.21717834472656
42.841575622558594
42.05121994018555
51.47426223754883
16.967214584350586
69.28547668457031
48.75966262817383
78.90875244140625
76.74983978271484
52.73174285888672
64.64607238769531
97.40534210205078
63.94036102294922
47.7223014831543
89.32328796386719
62.10805130004883
61.5461540222168
77.82767486572266
46.24821472167969
101.24807739257812
88.03257751464844
42.1826171875
66.26106262207031
55.46326446533203
64.02214813232422
64.36123657226562
89.86925506591797
66.89696502685547
58.89580535888672
55.80949401855469
88.52459716796875
81.9146957397461
69.8299331665039
52.07548522949219
70.96527099609375
65.08601379394531
83.80412292480469
38.30936813354492
107.8191146850586
96.62179565429688
57.24528884887695
114.49662017822266
40.36205291748047
56.98723602294922
71.86406707763672
85.0834732055664
104.55416107177734
61.92485809326172
27.95335578918457
31.485258102416992
66.72716522216797
70.90275573730469
52.24132537841797
55.28970718383789
73.1038818359375
63.882598876953125
76.80265045166016
60.40534591674805
54.6400146484375
64.37510681152344
40.80298614501953
63.60652542114258
42.62845993041992
57.97457504272461
51.3978157043457
59.74344253540039
56.85918045043945
66.15605163574219
81.68403625488281
105.13892364501953
37.84999465942383
83.54493713378906
81.00241088867188
108.77559661865234
75.94120788574219
86.35423278808594
114.25785827636719
92.69669342041016
56.246734619140625
80.29796600341797
89.3356704711914
90.334228515625
81.97888946533203
64.8056411743164
51.83327865600586
56.737396240234375
63.70673370361328
86.5155258178711
34.558006286621094
73.972900390625
86.77037811279297
59.34968566894531
106.53797149658203
108.76133728027344
113.263427734375
66.34239196777344
54.35795593261719
102.98685455322266
93.55438995361328
82.23165130615234
71.28190612792969
57.12932205200195
58.41542053222656
65.409423828125
86.01602172851562
58.65667724609375
73.32207489013672
71.7872085571289
36.15810012817383
67.75347137451172
64.44781494140625
85.43093872070312
22.490638732910156
47.90217590332031
66.9192123413086
51.38756561279297
101.42835998535156
59.37179946899414
74.5924072265625
94.04058837890625
61.51751708984375
42.32981491088867
36.875282287597656
86.5568618774414
42.308006286621094
58.78927230834961
82.15690612792969
89.61000061035156
70.3895263671875
83.38199615478516
82.08370971679688
37.60689926147461
81.7498550415039
58.4139404296875
72.88876342773438
69.67588806152344
69.37086486816406
69.65144348144531
75.17708587646484
93.34087371826172
76.59822845458984
68.2213363647461
77.39337158203125
60.71808624267578
73.0149154663086
71.97303009033203
33.932708740234375
74.7387924194336
71.2730484008789
82.74678802490234
68.3786392211914
81.58197021484375
59.83684539794922
50.19678497314453
74.40699005126953
72.98551940917969
23.087203979492188
78.08100891113281
97.43522644042969
63.080081939697266
58.98038101196289
55.85154342651367
96.15702056884766
85.32688903808594
97.1255874633789
80.45184326171875
62.07455825805664
36.15690612792969
58.760555267333984
56.748779296875
78.03592681884766
38.332237243652344
66.38563537597656
58.986839294433594
50.77804183959961
65.98284912109375
75.71573638916016
75.48163604736328
36.5228385925293
73.13204956054688
54.436920166015625
109.57653045654297
68.52566528320312
67.6562271118164
71.59796142578125
54.62194061279297
103.81990814208984
49.79515838623047
67.99030303955078
52.274173736572266
40.34981918334961
77.77808380126953
50.97249984741211
33.667137145996094
38.51247787475586
74.8505859375
56.420631408691406
63.503623962402344
54.370704650878906
51.172943115234375
61.341854095458984
62.91668701171875
98.37847900390625
40.07767105102539
26.317794799804688
90.7841567993164
39.10728073120117
63.831504821777344
56.748958587646484
95.28880310058594
80.94279479980469
77.8143310546875
86.31420135498047
54.25432205200195
94.11190795898438
81.32444763183594
71.694580078125
67.92752838134766
69.50379180908203
60.92824172973633
61.01253890991211
115.403564453125
34.7996826171875
92.34457397460938
65.16609954833984
86.64244079589844
58.11153793334961
99.00047302246094
68.68682861328125
87.21907806396484
43.09967041015625
90.29368591308594
51.10143280029297
21.11231803894043
68.42050170898438
43.16754150390625
47.5029411315918
84.61943817138672
65.83405303955078
81.17224884033203
65.6865005493164
98.29093170166016
85.406494140625
91.64131164550781
69.59471130371094
87.65593719482422
55.241172790527344
55.0119514465332
54.57036590576172
66.59400939941406
31.32601547241211
103.12089538574219
94.76683807373047
50.10966110229492
77.46894073486328
49.69877243041992
36.88532257080078
56.063724517822266
84.82463836669922
65.85651397705078
32.71944808959961
83.87421417236328
63.532955169677734
71.13197326660156
41.044944763183594
69.89344787597656
79.92533111572266
26.5124454498291
110.77635192871094
31.81732749938965
69.02924346923828
95.04499816894531
64.69003295898438
53.03455352783203
47.800167083740234
53.05071258544922
65.93623352050781
74.7190933227539
73.24539184570312
96.9419174194336
102.40735626220703
65.789794921875
52.779544830322266
101.56013488769531
85.0041732788086
63.66315841674805
28.44253921508789
73.14817810058594
91.06594848632812
40.96123123168945
76.53253936767578
61.4946403503418
78.40077209472656
69.37242889404297
102.0553207397461
72.35677337646484
96.45685577392578
33.65924072265625
52.881160736083984
66.42549133300781
47.53989028930664
83.5513687133789
51.04593276977539
52.52428436279297
99.31876373291016
45.15195083618164
47.210838317871094
78.41082000732422
76.0451431274414
52.247013092041016
49.640201568603516
42.29075622558594
50.864280700683594
78.21516418457031
74.30160522460938
49.85985565185547
61.72653579711914
74.55876922607422
87.52027130126953
44.616329193115234
70.75428771972656
83.851318359375
55.481422424316406
83.51512145996094
69.6036605834961
32.005615234375
78.61489868164062
95.78645324707031
62.41888427734375
54.74226760864258
67.20515441894531
68.618408203125
42.20890426635742
36.60641860961914
101.34495544433594
70.8556137084961
67.3857192993164
101.0934829711914
62.4743766784668
64.54144287109375
75.22480010986328
77.8267822265625
76.432861328125
62.79033279418945
74.92575073242188
74.50108337402344
75.12139129638672
78.0970687866211
65.63040161132812
64.51100158691406
34.606082916259766
63.1779899597168
75.46863555908203
91.93403625488281
44.929054260253906
19.048274993896484
76.08333587646484
68.25163269042969
97.75252532958984
51.47578811645508
86.64997863769531
44.931785583496094
72.2913589477539
54.66781997680664
55.65161895751953
83.83212280273438
65.78949737548828
69.34782409667969
75.9394302368164
89.68510437011719
59.34150314331055
36.576499938964844
56.67747116088867
41.20216751098633
78.14471435546875
51.3893928527832
86.60729217529297
65.82612609863281
45.77523422241211
102.44773864746094
29.742918014526367
85.48480224609375
72.99006652832031
64.85619354248047
46.835243225097656
87.89347076416016
36.8766975402832
82.50053405761719
71.52949523925781
111.87212371826172
84.71185302734375
89.28736114501953
66.84222412109375
114.17071533203125
81.41381072998047
71.86660766601562
73.33268737792969
91.27827453613281
47.7231559753418
99.26215362548828
79.77915954589844
77.5341567993164
58.937843322753906
47.50275421142578
109.53596496582031
101.2444076538086
81.85862731933594
54.94327163696289
66.9358901977539
52.18550109863281
81.15711212158203
68.13734436035156
63.68414306640625
49.088653564453125
43.054927825927734
52.686851501464844
82.88883209228516
63.51198196411133
57.87438201904297
64.41031646728516
71.5225601196289
68.76734161376953
65.89689636230469
100.93663787841797
30.445629119873047
45.173004150390625
80.18354797363281
65.25846099853516
73.6740951538086
44.43316650390625
69.3755874633789
55.42985916137695
77.37248992919922
102.2724838256836
91.21876525878906
75.37643432617188
96.32810974121094
78.4260025024414
64.08817291259766
53.42296600341797
77.835693359375
54.39606857299805
78.4218521118164
39.83989334106445
47.50522232055664
71.34335327148438
71.17398834228516
101.70935821533203
26.15896987915039
58.6338005065918
57.812347412109375
58.0131721496582
29.644304275512695
50.5197639465332
68.55064392089844
52.649513244628906
102.05831909179688
37.257293701171875
86.4102783203125
81.72276306152344
50.748756408691406
46.3797492980957
84.88736724853516
90.37983703613281
60.96612548828125
85.63262176513672
89.7555160522461
46.92040252685547
75.96070861816406
93.33794403076172
52.344974517822266
83.9533462524414
59.27190399169922
57.846092224121094
73.38995361328125
74.2885513305664
69.03738403320312
73.36869812011719
83.06065368652344
77.818359375
52.43900680541992
63.10810470581055
65.2850570678711
104.81265258789062
45.84397506713867
69.5291519165039
62.10185623168945
95.83004760742188
74.50460815429688
77.15843200683594
71.07242584228516
77.11894989013672
70.04122924804688
77.79501342773438
61.91469955444336
85.75543212890625
55.5313606262207
65.83785247802734
73.04887390136719
49.307369232177734
63.060997009277344
53.092254638671875
98.09417724609375
67.72990417480469
43.510292053222656
51.7493782043457
85.59459686279297
35.34206771850586
24.382427215576172
33.631080627441406
48.28657531738281
79.38815307617188
51.806190490722656
38.69560241699219
90.96273040771484
55.57221221923828
71.29139709472656
85.46761322021484
58.13518142700195
51.65863800048828
43.15276336669922
84.5845718383789
37.13665771484375
60.43846893310547
124.63883209228516
74.50716400146484
93.75700378417969
53.035526275634766
63.043880462646484
95.73992919921875
78.7646713256836
104.27845764160156
28.911741256713867
63.19344711303711
89.98881530761719
40.59065628051758
76.8212661743164
80.33377075195312
65.41693115234375
39.31312942504883
32.12273406982422
64.04454040527344
66.75501251220703
59.83711242675781
80.62081909179688
62.51170349121094
53.69088363647461
67.09544372558594
76.09977722167969
39.40242004394531
57.3970832824707
44.842376708984375
14.073089599609375
63.78345489501953
84.93299102783203
74.09674835205078
74.21344757080078
87.00924682617188
67.32379913330078
71.45743560791016
55.97256851196289
73.0419921875
101.69975280761719
78.93745422363281
61.013710021972656
83.09101104736328
66.79736328125
85.9923324584961
95.8385009765625
57.82114028930664
47.73305130004883
44.00670623779297
68.24475860595703
90.90650177001953
77.72721862792969
96.59160614013672
77.55672454833984
87.79280090332031
71.35002136230469
101.4271011352539
57.838043212890625
77.0408935546875
90.82930755615234
87.90967559814453
51.50583267211914
101.91644287109375
71.85579681396484
72.45451354980469
78.55888366699219
77.94265747070312
84.92984771728516
59.958396911621094
71.83369445800781
94.58097076416016
94.07530975341797
95.7502212524414
69.2901840209961
63.11861801147461
74.66496276855469
75.73930358886719
43.94706726074219
46.05061721801758
65.9168472290039
78.38679504394531
49.36970901489258
96.34749603271484
42.51456832885742
42.07521057128906
45.1023063659668
49.09541320800781
33.901954650878906
30.47466278076172
53.736732482910156
68.68737030029297
59.9156608581543
73.29928588867188
67.6834945678711
63.265506744384766
98.4896469116211
64.62368774414062
45.30262756347656
76.23653411865234
68.30175018310547
77.799560546875
73.49838256835938
85.52153015136719
85.34736633300781
32.9083137512207
56.418819427490234
50.151546478271484
87.16548156738281
31.474613189697266
95.70171356201172
75.20061492919922
77.40008544921875
92.41471099853516
53.766536712646484
95.27084350585938
99.51318359375
82.941162109375
93.55672454833984
82.84960174560547
35.23895263671875
59.65029525756836
70.48062896728516
76.38511657714844
61.65797424316406
60.710487365722656
79.09033966064453
45.760826110839844
71.28427124023438
48.293487548828125
77.61060333251953
73.87076568603516
46.580055236816406
59.37229919433594
52.55947494506836
102.21696472167969
52.270042419433594
86.5977783203125
48.229087829589844
77.82865905761719
75.63825988769531
54.23427963256836
76.35211181640625
74.33265686035156
52.825721740722656
50.94215774536133
98.88079071044922
78.17784881591797
63.955902099609375
66.36351776123047
95.61051177978516
58.03774642944336
43.53566360473633
65.12940979003906
74.47163391113281
72.69459533691406
89.45357513427734
62.36710739135742
82.04661560058594
53.55571365356445
22.56885528564453
59.742950439453125
47.83003234863281
48.530967712402344
28.96940040588379
39.5633430480957
101.56871795654297
34.06268310546875
67.38701629638672
56.93517303466797
55.652381896972656
58.602203369140625
74.18512725830078
74.58544921875
82.76689147949219
90.1375961303711
94.70580291748047
85.25060272216797
96.1588363647461
96.48219299316406
86.57542419433594
76.00867462158203
75.90299987792969
70.75179290771484
60.38114929199219
37.1802864074707
115.99766540527344
65.77145385742188
28.833751678466797
74.18260955810547
83.76957702636719
59.593177795410156
113.0593490600586
58.627655029296875
69.69113159179688
36.133216857910156
85.72013854980469
76.04353332519531
43.23752212524414
48.295623779296875
42.992855072021484
46.29911804199219
61.241397857666016
94.61174774169922
93.4701156616211
58.124752044677734
51.72998046875
54.780147552490234
77.78180694580078
65.17655944824219
93.33626556396484
66.45450592041016
98.10603332519531
41.1541748046875
66.83683013916016
36.3442268371582
83.73050689697266
80.40672302246094
56.74618148803711
49.63018798828125
74.58989715576172
43.81719970703125
38.095245361328125
84.43107604980469
73.03605651855469
60.52688217163086
90.31475067138672
46.39190673828125
93.48043060302734
81.1493911743164
78.1733627319336
76.57403564453125
74.46626281738281
67.37133026123047
40.40290832519531
82.09161376953125
63.17727279663086
70.9238510131836
56.09717559814453
69.01426696777344
71.10760498046875
85.6623764038086
98.62905883789062
49.68208312988281
73.46955108642578
81.9279556274414
63.65874099731445
54.1697998046875
93.56919860839844
68.58007049560547
81.5218276977539
25.691715240478516
57.51122283935547
92.49085235595703
80.50264739990234
35.615562438964844
91.2004623413086
58.34366989135742
56.330291748046875
60.39331817626953
74.04256439208984
64.46880340576172
60.499717712402344
58.29743194580078
27.749679565429688
88.27533721923828
68.40716552734375
64.79749298095703
70.07772827148438
50.06966018676758
62.60102462768555
99.30686950683594
82.37006378173828
47.335811614990234
74.0901107788086
80.72184753417969
81.21377563476562
73.71346282958984
52.40238571166992
76.83472442626953
105.11042785644531
64.96156311035156
77.92459869384766
94.06523895263672
25.562000274658203
85.41265106201172
77.15819549560547
66.71430206298828
53.353267669677734
52.46287155151367
36.42664337158203
71.0439453125
52.95343780517578
68.17603302001953
70.7392807006836
74.77737426757812
40.55162048339844
52.975440979003906
75.07416534423828
46.6297721862793
64.19034576416016
54.72722244262695
66.87584686279297
44.95615005493164
64.31890869140625
87.2674331665039
47.47061538696289
71.62198638916016
68.82234954833984
104.85808563232422
58.83743667602539
51.18924331665039
70.75938415527344
37.98680877685547
71.31452178955078
79.85310363769531
73.212158203125
100.87428283691406
75.96472930908203
73.26807403564453
56.4193000793457
48.31096267700195
70.86646270751953
74.02095794677734
68.35778045654297
94.57320404052734
68.39275360107422
58.71419143676758
91.03112030029297
76.26493072509766
52.36338424682617
81.43501281738281
61.490814208984375
47.39692687988281
63.3026123046875
70.60179901123047
62.505775451660156
87.72256469726562
30.68537139892578
46.67201614379883
73.30175018310547
90.83918762207031
71.39156341552734
46.66185760498047
64.6318588256836
101.63655853271484
104.98925018310547
57.716739654541016
77.8922348022461
69.37657165527344
55.62285614013672
57.19487380981445
84.12234497070312
86.59791564941406
63.246334075927734
85.23487091064453
42.19192123413086
84.3838882446289
80.44514465332031
57.25393295288086
106.19224548339844
46.92144775390625
51.3184700012207
32.4906005859375
90.26451110839844
30.873382568359375
56.80533981323242
67.16704559326172
81.0445556640625
44.8589973449707
28.977157592773438
33.020164489746094
71.62390899658203
45.29547882080078
57.241546630859375
61.404518127441406
107.52869415283203
90.70384979248047
65.7142105102539
62.27721405029297
67.94477081298828
93.90211486816406
57.97850036621094
60.678611755371094
34.50004959106445
43.05674743652344
37.350589752197266
68.90226745605469
84.26490783691406
99.7569351196289
93.69799041748047
68.0752182006836
72.24569702148438
88.3661117553711
73.42381286621094
52.115272521972656
57.50503158569336
59.30297088623047
85.94160461425781
25.750646591186523
42.171112060546875
84.92334747314453
92.23607635498047
43.33292770385742
79.93489837646484
52.544586181640625
87.14539337158203
29.002811431884766
68.89068603515625
55.18315124511719
84.18748474121094
95.18690490722656
51.984825134277344
29.101354598999023
80.0655746459961
51.87146759033203
16.48965835571289
100.79428100585938
69.43334197998047
56.776248931884766
118.74996185302734
79.93572998046875
52.33029556274414
79.5333251953125
67.71344757080078
60.53907012939453
58.337852478027344
91.83261108398438
74.92457580566406
90.45671844482422
69.27249908447266
80.84483337402344
53.76741409301758
67.16133880615234
61.47978210449219
95.10160064697266
62.81510925292969
49.3814582824707
83.93746948242188
77.11396789550781
79.67591857910156
46.62166976928711
80.1258773803711
93.04669189453125
90.62364196777344
81.08097839355469
55.71954345703125
90.67047119140625
52.15156936645508
66.3183364868164
87.7603759765625
64.13634490966797
54.43974685668945
32.742313385009766
53.587528228759766
40.790199279785156
57.610774993896484
90.77059936523438
66.06442260742188
67.84257507324219
67.45538330078125
46.25618362426758
103.5828857421875
74.35403442382812
78.75157165527344
53.32568359375
78.73629760742188
81.9854965209961
78.99105072021484
72.7292709350586
57.65699768066406
86.16326904296875
54.775535583496094
39.24949264526367
75.77033233642578
67.30937194824219
73.44416046142578
81.96302032470703
34.66810989379883
38.781803131103516
55.05423355102539
50.82919692993164
52.03268814086914
92.44859313964844
53.34978103637695
93.99488830566406
67.57813262939453
51.25568389892578
53.48353576660156
58.05396270751953
57.85080337524414
109.48358154296875
56.947139739990234
80.32202911376953
68.61677551269531
97.94514465332031
103.74412536621094
62.56453323364258
73.97493743896484
63.129520416259766
58.55165481567383
80.13176727294922
76.98060607910156
72.8341064453125
85.3178482055664
55.78260040283203
84.24173736572266
82.28907775878906
72.34883117675781
85.5216064453125
62.93899154663086
74.33447265625
13.755843162536621
68.2049789428711
93.34934997558594
77.71739959716797
42.924903869628906
88.25890350341797
59.50630187988281
49.445640563964844
75.11475372314453
66.71082305908203
82.66161346435547
51.4896354675293
79.4955825805664
60.840087890625
37.40058898925781
67.88555145263672
79.29661560058594
64.02450561523438
61.49055862426758
59.56253433227539
68.31678771972656
48.23373794555664
33.94704055786133
47.14768981933594
53.52699661254883
52.13977813720703
48.03901672363281
50.185768127441406
78.31489562988281
51.98080062866211
69.35200500488281
69.74241638183594
81.7687759399414
30.420917510986328
40.04949951171875
77.06404113769531
42.73741149902344
103.31855010986328
48.270206451416016
67.06387329101562
125.44335174560547
38.59691619873047
57.78114318847656
108.9588623046875
96.77410888671875
66.431884765625
81.3548812866211
65.44974517822266
66.00491333007812
83.4616470336914
64.35684204101562
66.53019714355469
67.0954818725586
91.85664367675781
78.60070037841797
29.479007720947266
65.28228759765625
83.28465270996094
99.38333129882812
99.14891052246094
59.01893997192383
57.49458312988281
54.76386642456055
70.56836700439453
52.31917953491211
105.61964416503906
62.08101272583008
75.37036895751953
15.098711013793945
86.91413116455078
60.333152770996094
78.44396209716797
38.25002670288086
67.59420776367188
67.24942779541016
63.125797271728516
75.4766616821289
90.0539779663086
55.77729797363281
61.52558898925781
57.57780838012695
80.56324768066406
41.532596588134766
125.75106048583984
63.87812805175781
63.62969970703125
76.35381317138672
44.63252639770508
63.02074432373047
24.015064239501953
78.95530700683594
53.623451232910156
80.61984252929688
96.57695007324219
57.133689880371094
26.976871490478516
66.00920104980469
106.788330078125
57.67409133911133
57.52817153930664
92.37515258789062
50.790733337402344
89.45975494384766
76.78509521484375
73.14916229248047
51.10176467895508
58.784732818603516
50.887054443359375
19.37950325012207
80.92008209228516
56.797847747802734
67.2597427368164
36.465938568115234
107.1965103149414
42.26506042480469
65.52389526367188
70.12445831298828
67.13543701171875
53.17076873779297
55.9578742980957
48.613826751708984
80.14110565185547
78.70862579345703
101.41947937011719
81.99000549316406
57.430213928222656
44.55495071411133
76.37539672851562
60.86151885986328
72.24942016601562
48.378238677978516
58.61089324951172
48.98225784301758
71.85065460205078
56.80022048950195
57.02278137207031
72.63294219970703
65.317138671875
94.78856658935547
62.821144104003906
69.5224838256836
53.54410171508789
18.993257522583008
79.39362335205078
76.37799072265625
101.20075225830078
85.22574615478516
61.231056213378906
61.568660736083984
63.37359619140625
50.19659423828125
65.36927032470703
76.67887115478516
81.8856201171875
64.39309692382812
38.188621520996094
56.50746154785156
122.37645721435547
41.45308303833008
33.9581413269043
48.404510498046875
125.92925262451172
91.21663665771484
80.79479217529297
56.57696533203125
63.25564956665039
17.285146713256836
65.2525863647461
49.553253173828125
61.695159912109375
81.81417846679688
68.62367248535156
107.81707763671875
56.125282287597656
94.38233947753906
58.31135940551758
56.92680740356445
65.10890197753906
67.61430358886719
69.25137329101562
77.67747497558594
82.83808135986328
73.96148681640625
58.223262786865234
60.50636291503906
67.52515411376953
63.485626220703125
68.1309814453125
56.18172836303711
71.93433380126953
60.63496398925781
37.43203353881836
50.63490295410156
98.8145751953125
91.4091567993164
37.53228759765625
32.932472229003906
40.68300247192383
111.09712982177734
73.22949981689453
76.37345123291016
68.8458023071289
67.59427642822266
54.324153900146484
45.357879638671875
109.52046966552734
99.16252899169922
68.97191619873047
87.06072235107422
52.79859924316406
43.21019744873047
76.26729583740234
72.91089630126953
90.85833740234375
72.1017074584961
81.32255554199219
70.42302703857422
76.0578384399414
70.2106704711914
91.71802520751953
62.890472412109375
47.850311279296875
72.00958251953125
75.18831634521484
67.96371459960938
84.6612548828125
73.54692077636719
74.524658203125
87.34159851074219
72.30227661132812
49.19203567504883
68.6194839477539
86.2322998046875
62.9427375793457
82.43567657470703
44.211578369140625
42.08925247192383
72.83977508544922
81.6958999633789
66.47248077392578
82.99286651611328
70.51606750488281
59.15766143798828
28.222518920898438
64.53145599365234
63.92326354980469
81.50662231445312
20.875452041625977
59.425315856933594
72.52041625976562
69.15953063964844
98.49510192871094
62.14845657348633
91.2634506225586
80.86066436767578
75.60169982910156
78.6579360961914
33.4985466003418
113.34803771972656
79.60964965820312
91.77076721191406
75.2638931274414
71.9332046508789
95.66949462890625
80.70498657226562
77.5618667602539
92.78640747070312
82.26185607910156
53.5255241394043
41.34629440307617
48.784217834472656
78.423095703125
101.35140991210938
60.49452590942383
47.332584381103516
62.061378479003906
52.51315689086914
78.92073822021484
82.53386688232422
84.68663787841797
54.77213668823242
77.49156951904297
57.03284454345703
38.51762771606445
55.1424560546875
82.73589324951172
58.90132522583008
54.8529052734375
78.30803680419922
73.19672393798828
55.567752838134766
45.43384552001953
91.79171752929688
72.4141616821289
53.7465705871582
74.69247436523438
91.837646484375
48.82087707519531
100.82232666015625
53.14011001586914
83.12091064453125
53.703651428222656
69.94197845458984
115.23358917236328
46.33466339111328
97.52629089355469
74.89352416992188
98.79725646972656
53.0433235168457
98.3587646484375
81.81177520751953
81.82854461669922
41.84292221069336
39.53660202026367
81.90975189208984
43.98503875732422
86.10347747802734
64.40750122070312
80.92843627929688
66.73229217529297
76.07304382324219
76.35526275634766
58.33896255493164
108.68646240234375
57.80546188354492
74.76451110839844
63.18217849731445
49.67313003540039
51.02418518066406
60.275020599365234
64.81684112548828
55.666786193847656
64.77490997314453
32.45481491088867
74.7273178100586
31.046079635620117
57.35143280029297
114.9074478149414
98.7024154663086
54.237876892089844
46.248653411865234
48.28303527832031
54.67117691040039
64.48612976074219
63.97567367553711
74.4711685180664
74.38824462890625
46.65582275390625
74.47599792480469
55.74425506591797
98.1774673461914
70.9134521484375
70.7539291381836
70.56260681152344
23.998912811279297
91.94420623779297
80.19608306884766
65.21908569335938
46.22920608520508
73.21097564697266
78.58809661865234
75.10485076904297
67.29066467285156
59.55447006225586
40.995182037353516
71.11565399169922
46.71760940551758
61.390682220458984
30.21824836730957
72.31305694580078
96.68001556396484
96.5347900390625
52.86289596557617
20.6486759185791
87.33848571777344
63.74101638793945
89.7317886352539
50.215999603271484
87.67344665527344
56.9496955871582
43.143978118896484
94.3592758178711
62.62859344482422
18.259817123413086
72.31609344482422
87.39933013916016
60.43629455566406
66.2100830078125
52.11638259887695
86.73072814941406
47.64631652832031
79.2008285522461
86.21510314941406
56.52982711791992
54.90049743652344
55.5993766784668
49.440284729003906
73.68318176269531
95.62600708007812
41.40199661254883
63.82939529418945
96.31550598144531
53.316341400146484
102.04467010498047
63.15114212036133
95.09148406982422
86.4072494506836
50.63124084472656
84.88976287841797
112.27626037597656
77.78854370117188
58.08024597167969
68.31342315673828
82.294677734375
95.07217407226562
30.939163208007812
71.73628997802734
52.02029037475586
59.98186111450195
69.05164337158203
87.2713851928711
55.031829833984375
82.91277313232422
69.12364959716797
48.15803909301758
68.27014923095703
78.56727600097656
48.856231689453125
48.17216110229492
89.67306518554688
85.76067352294922
52.3975944519043
68.30850219726562
34.41869354248047
81.31211853027344
64.7418441772461
85.98780822753906
53.93198013305664
17.73796844482422
57.42237091064453
93.49331665039062
45.200870513916016
66.0348129272461
49.15742874145508
65.32284545898438
63.206764221191406
72.88214874267578
55.15863800048828
68.83979034423828
91.6484375
48.79357147216797
50.662322998046875
17.416282653808594
28.675067901611328
50.1479606628418
71.21700286865234
118.1996841430664
71.66201782226562
71.53475189208984
89.81018829345703
85.95210266113281
42.64443588256836
59.9895133972168
69.1902847290039
77.53662872314453
44.332061767578125
85.68939208984375
73.2157974243164
86.11530303955078
67.07157135009766
50.180809020996094
57.754638671875
62.5118522644043
77.21222686767578
59.71367263793945
78.8652572631836
33.989105224609375
96.33658599853516
43.479637145996094
77.18270111083984
98.2203598022461
44.74570846557617
57.02384948730469
57.35580062866211
91.74060821533203
100.18657684326172
78.59474182128906
89.58529663085938
96.78670501708984
71.67076873779297
35.52265930175781
47.54652786254883
90.62805938720703
90.26882934570312
57.648345947265625
63.5096321105957
49.067298889160156
59.15009307861328
55.52909469604492
82.02140045166016
78.90094757080078
74.17201232910156
78.39022827148438
63.89545822143555
109.72154998779297
74.72753143310547
74.4704360961914
41.338035583496094
35.2911262512207
61.37169647216797
86.03738403320312
56.69830322265625
55.59998321533203
74.95574188232422
100.1477279663086
86.81623840332031
80.34318542480469
41.4752197265625
65.21356964111328
95.37451934814453
56.07259750366211
74.0616226196289
104.70439147949219
65.9766845703125
56.900360107421875
53.507568359375
80.3526840209961
34.23159408569336
70.7634048461914
87.89714050292969
54.2121467590332
70.2234115600586
54.67674255371094
47.98100280761719
66.46317291259766
75.31232452392578
37.79857635498047
59.91020202636719
89.15573120117188
83.96830749511719
99.54869079589844
36.7414436340332
83.42034912109375
43.04897689819336
49.35494613647461
89.89772033691406
86.5533676147461
67.02796936035156
64.53665161132812
87.51237487792969
66.15377044677734
75.6999282836914
66.2842788696289
59.95305633544922
36.09626388549805
52.13777542114258
50.58401870727539
15.872236251831055
59.24692916870117
91.98607635498047
44.8551139831543
100.60712432861328
80.09246063232422
87.61947631835938
40.831932067871094
74.72068786621094
74.29241180419922
56.647972106933594
119.7120132446289
56.62421798706055
50.832027435302734
84.7350845336914
58.45509719848633
55.438602447509766
85.26573181152344
68.54417419433594
46.670982360839844
92.60226440429688
103.01042175292969
128.58734130859375
60.03166198730469
85.70471954345703
82.62755584716797
64.51068115234375
46.56803894042969
55.9959716796875
36.6816291809082
75.38541412353516
49.48844909667969
87.4926528930664
60.46834945678711
81.1607666015625
70.76908874511719
41.56364440917969
46.433387756347656
58.43170928955078
80.30990600585938
63.00778579711914
65.88526916503906
70.71095275878906
78.5103759765625
106.42896270751953
61.650821685791016
55.968101501464844
28.87401580810547
90.2642822265625
94.15390014648438
53.92815017700195
47.00392150878906
99.33930969238281
71.65312194824219
59.27490234375
58.37797164916992
73.7404556274414
73.7320785522461
95.10948944091797
71.64985656738281
82.275390625
46.0807991027832
70.02515411376953
72.58038330078125
94.1406478881836
58.6844596862793
71.2149887084961
61.860206604003906
65.2685546875
60.11935043334961
86.29804229736328
54.750308990478516
69.98255920410156
49.61372375488281
106.91974639892578
94.23726654052734
75.42174530029297
78.30229187011719
74.5840835571289
60.55373001098633
86.43595886230469
80.34071350097656
93.50186157226562
54.447906494140625
61.06425476074219
77.14153289794922
65.214111328125
62.33504104614258
82.20272827148438
60.86044692993164
68.1722640991211
75.22857666015625
33.904319763183594
59.94403839111328
50.66521072387695
77.06303405761719
49.10179138183594
74.06423950195312
67.87236022949219
81.84744262695312
84.66879272460938
50.905303955078125
79.55683898925781
56.079132080078125
52.815330505371094
66.4472885131836
64.63201141357422
60.6063346862793
65.80531311035156
74.64920806884766
77.22217559814453
90.08452606201172
57.39569854736328
47.27821731567383
129.9126434326172
93.7519760131836
115.05682373046875
61.27867889404297
70.37677764892578
48.810630798339844
45.39418029785156
60.91049575805664
98.83660888671875
56.601463317871094
65.89037322998047
54.89058303833008
91.99735260009766
61.70521926879883
92.3414306640625
82.951171875
61.07706832885742
53.288841247558594
72.68505859375
91.2986068725586
52.1028938293457
65.33676147460938
83.14022827148438
71.42076110839844
60.241722106933594
68.568359375
62.32122039794922
78.04778289794922
54.71845626831055
83.84085083007812
51.49988555908203
55.64999008178711
46.74140548706055
78.27916717529297
54.8613166809082
96.16358184814453
75.94621276855469
60.54306411743164
97.77677154541016
68.3680191040039
39.02138137817383
75.48938751220703
57.86127471923828
73.98357391357422
53.12611389160156
74.24127960205078
45.67720413208008
74.31121826171875
86.74942779541016
39.76445007324219
96.12432861328125
81.95096588134766
82.02064514160156
61.371368408203125
55.65773391723633
62.93362808227539
33.52981185913086
73.72763061523438
55.5056266784668
60.20298385620117
90.77230834960938
97.66610717773438
76.67438507080078
66.6911392211914
55.47018814086914
44.240352630615234
88.30020904541016
41.12490463256836
70.5162124633789
60.41614532470703
50.38091278076172
61.36573028564453
45.41281509399414
47.263084411621094
59.82595443725586
77.25148010253906
80.04585266113281
67.83209228515625
101.63557434082031
67.04803466796875
64.56001281738281
82.86576080322266
55.971187591552734
51.154441833496094
53.93704605102539
56.868629455566406
55.183380126953125
67.68859100341797
84.76390075683594
67.6232681274414
47.824798583984375
36.675777435302734
82.69964599609375
34.020362854003906
49.7921028137207
39.51018142700195
71.39667510986328
54.83866500854492
66.20068359375
53.95014953613281
96.59561920166016
67.62641143798828
56.69999694824219
81.47455596923828
55.63441467285156
44.888694763183594
64.08851623535156
71.46548461914062
58.856929779052734
39.67645263671875
56.68210983276367
76.10734558105469
58.477237701416016
87.36038970947266
104.0687484741211
92.52393341064453
80.93431854248047
64.65528869628906
71.97013092041016
47.08557891845703
60.58732986450195
70.44483184814453
45.22303771972656
72.73983764648438
77.90591430664062
97.76722717285156
93.90850067138672
69.814453125
50.52793884277344
45.81427764892578
104.8998794555664
73.45448303222656
98.33294677734375
55.217185974121094
60.31953048706055
56.87713623046875
60.1917724609375
34.45063400268555
41.996826171875
74.62703704833984
82.78540802001953
73.42456817626953
89.86915588378906
65.91812133789062
71.45452880859375
11.74974250793457
77.57650756835938
54.013362884521484
103.9227294921875
53.249393463134766
73.40540313720703
35.151668548583984
32.51614761352539
75.25334167480469
57.58678436279297
48.68474197387695
44.74224853515625
60.116188049316406
114.76831817626953
71.21989440917969
71.4949722290039
39.75852584838867
93.81036376953125
64.29976654052734
45.93257522583008
41.78898620605469
69.0562744140625
51.32345962524414
61.50763702392578
55.77397155761719
92.20654296875
86.11713409423828
81.88494873046875
96.65142822265625
31.983200073242188
66.69268798828125
81.34037780761719
102.0361328125
56.825965881347656
79.90765380859375
58.894248962402344
83.00804901123047
106.2876968383789
41.35124206542969
72.35185241699219
75.76370239257812
80.52117919921875
74.36172485351562
72.69636535644531
46.95565414428711
68.16473388671875
80.12356567382812
89.55941009521484
54.85329818725586
59.055084228515625
100.25728607177734
61.73307800292969
75.50829315185547
74.85621643066406
35.859500885009766
60.92863082885742
70.2320785522461
90.69487762451172
80.183837890625
53.21968078613281
73.04515075683594
69.55641174316406
89.09930419921875
58.746604919433594
105.81117248535156
79.25959014892578
45.04249954223633
41.26287841796875
80.57606506347656
106.07823181152344
86.29596710205078
87.4488525390625
69.89586639404297
69.82131958007812
40.75362014770508
41.12677764892578
57.459625244140625
120.44964599609375
61.372928619384766
85.16075897216797
59.7127571105957
87.69476318359375
78.8443832397461
47.2390022277832
54.5162467956543
60.64328384399414
83.67515563964844
66.36022186279297
72.8573989868164
92.14673614501953
84.79431915283203
62.39113998413086
36.504154205322266
89.6932373046875
67.97721862792969
86.58363342285156
64.56336212158203
80.9559326171875
110.02375793457031
63.49505615234375
47.979000091552734
70.43030548095703
64.1155014038086
50.46468734741211
67.33596801757812
87.6958236694336
46.26742172241211
74.38053131103516
48.87196350097656
37.86669158935547
79.47563934326172
46.50048828125
38.362735748291016
57.47917175292969
64.2807846069336
56.62896728515625
80.08504486083984
53.688682556152344
107.30062103271484
88.82710266113281
79.36648559570312
51.49457931518555
69.29945373535156
63.22260284423828
72.81705474853516
84.47259521484375
81.40634155273438
76.9241943359375
63.54108428955078
70.49785614013672
68.6531982421875
75.75651550292969
87.09343719482422
62.53133773803711
26.662771224975586
64.76719665527344
87.66386413574219
51.87700653076172
82.61100006103516
41.1961669921875
92.16605377197266
81.39522552490234
73.4072265625
45.350677490234375
70.29019927978516
74.7394790649414
60.828861236572266
70.15876770019531
94.40640258789062
63.36006164550781
65.87515258789062
50.802886962890625
53.14694595336914
81.13279724121094
72.1201400756836
75.46094512939453
48.781158447265625
67.37919616699219
55.05325698852539
68.66109466552734
87.26651000976562
56.35057830810547
40.41704559326172
60.432403564453125
59.184593200683594
84.29568481445312
97.28710174560547
58.7926139831543
91.156982421875
78.57335662841797
47.271915435791016
66.01948547363281
90.54589080810547
84.28345489501953
94.19823455810547
64.4451675415039
100.38037872314453
90.98680114746094
66.88713073730469
45.43645095825195
57.95103454589844
44.632320404052734
88.93077850341797
45.632747650146484
