58.248653411865234
59.44091796875
41.94975662231445
86.67085266113281
56.436927795410156
96.18771362304688
31.182323455810547
91.35993957519531
64.15743255615234
61.40415573120117
56.90558624267578
78.59941864013672
50.57500076293945
51.54616928100586
98.59190368652344
64.77167510986328
63.25399398803711
55.280555725097656
80.05699920654297
48.693603515625
66.83010864257812
93.48161315917969
55.32675552368164
57.94641876220703
78.5831298828125
81.14537048339844
95.06582641601562
64.47428131103516
72.79933166503906
87.72591400146484
79.39090728759766
59.2093505859375
29.213048934936523
66.66413116455078
90.49761962890625
62.162925720214844
38.87569808959961
88.0052261352539
79.68343353271484
100.60710144042969
51.588626861572266
47.147727966308594
67.27886199951172
80.43656921386719
84.95259094238281
81.17894744873047
56.08039093017578
66.91755676269531
46.5697135925293
58.63223648071289
71.82501983642578
55.42055130004883
64.82243347167969
68.42201232910156
70.69336700439453
75.82054901123047
36.26380920410156
83.01094818115234
54.49665069580078
60.08982467651367
72.73107147216797
66.94330596923828
72.93047332763672
61.57079315185547
83.00790405273438
53.15608215332031
108.26465606689453
70.2960205078125
54.660491943359375
56.23838806152344
62.5714111328125
60.526371002197266
58.91481018066406
75.59039306640625
68.81128692626953
61.21200942993164
51.354347229003906
84.152099609375
41.09498977661133
73.23674011230469
79.29498291015625
81.88391876220703
30.993486404418945
61.3043098449707
43.493465423583984
71.51103973388672
78.8127212524414
69.41079711914062
87.8797607421875
43.8088264465332
44.23982620239258
82.45901489257812
84.57113647460938
60.32994079589844
62.962738037109375
78.83448028564453
36.56285095214844
111.01536560058594
34.71977233886719
88.99315643310547
70.1719741821289
74.7509536743164
40.10161590576172
42.44205093383789
50.93238067626953
83.23221588134766
107.68697357177734
54.16326904296875
68.7007064819336
27.478853225708008
21.906539916992188
55.03620147705078
90.16983795166016
58.75493621826172
46.68608856201172
93.3111801147461
47.11254119873047
63.084964752197266
98.11555480957031
58.29781723022461
62.87580871582031
93.6242446899414
61.16133117675781
98.20600891113281
44.7502555847168
90.04545593261719
66.32611083984375
60.07835006713867
39.921451568603516
60.782257080078125
55.730464935302734
53.438926696777344
82.06660461425781
72.4098129272461
55.84423065185547
67.2665023803711
90.22015380859375
26.55339813232422
64.09636688232422
93.77735137939453
61.143043518066406
91.3134994506836
76.56237030029297
82.49191284179688
92.79478454589844
69.42179870605469
34.580936431884766
92.0690689086914
71.83935546875
85.57809448242188
62.975486755371094
23.867935180664062
77.22955322265625
47.63472366333008
72.30538177490234
103.01246643066406
61.2734375
79.2052001953125
48.80726623535156
107.18492126464844
62.653709411621094
87.03870391845703
66.99816131591797
50.77030563354492
91.2960433959961
62.52165603637695
62.15887451171875
79.54590606689453
42.30233383178711
79.01460266113281
54.4975700378418
58.40843963623047
94.58406066894531
58.7938117980957
79.34205627441406
48.18377685546875
88.67218017578125
108.68008422851562
89.31220245361328
76.67030334472656
77.63449096679688
64.09133911132812
51.183597564697266
59.530033111572266
75.26021575927734
69.82121276855469
80.28919982910156
34.923606872558594
61.49607467651367
49.58687210083008
79.30265045166016
111.88516235351562
71.12022399902344
66.36652374267578
82.47781372070312
84.19416046142578
61.5284309387207
97.39228057861328
119.56926727294922
81.82830047607422
78.55413818359375
73.44573974609375
58.44390869140625
74.0235366821289
44.30208969116211
56.565155029296875
48.89692306518555
61.3132438659668
57.37040328979492
70.3849105834961
75.92497253417969
98.77909088134766
78.9533920288086
51.43476867675781
82.09735870361328
90.7273178100586
94.19022369384766
75.76356506347656
73.21556854248047
84.12288665771484
92.55583190917969
70.6633071899414
89.48194885253906
46.77711486816406
74.37928771972656
56.44165802001953
62.92441177368164
58.377845764160156
91.353759765625
71.87908172607422
74.96630096435547
71.56721496582031
73.24808502197266
67.1996078491211
79.61805725097656
70.00696563720703
53.460594177246094
82.40657806396484
71.81085205078125
53.236412048339844
75.17192077636719
60.15247344970703
71.1097640991211
73.36271667480469
39.58736038208008
27.844541549682617
44.959102630615234
31.8319149017334
34.467220306396484
46.5231819152832
50.45756912231445
55.967777252197266
75.33262634277344
96.4514389038086
29.53139877319336
74.2879638671875
67.42037200927734
52.29233932495117
49.992069244384766
62.70347213745117
75.62165069580078
64.78494262695312
61.001617431640625
54.81629180908203
94.26728820800781
68.99727630615234
67.50726318359375
67.83073425292969
14.398247718811035
67.32259368896484
80.61445617675781
94.30728149414062
65.85772705078125
69.35943603515625
83.32262420654297
77.75486755371094
68.71724700927734
78.41297149658203
48.9947624206543
60.02616882324219
82.97875213623047
68.1046371459961
68.74910736083984
72.6956787109375
60.663230895996094
59.55836486816406
14.350340843200684
36.48427963256836
72.86968231201172
48.36372375488281
41.57916259765625
97.77876281738281
70.4293212890625
87.46208190917969
63.33263397216797
51.2697639465332
58.0185546875
37.11222457885742
63.702369689941406
76.5077896118164
92.29682159423828
119.97537231445312
98.59117889404297
69.67817687988281
70.28734588623047
54.67656707763672
94.65475463867188
86.4770736694336
68.10417175292969
54.713050842285156
56.65245056152344
54.82354736328125
66.92416381835938
44.61866760253906
83.68756866455078
34.619606018066406
116.13988494873047
59.56224060058594
84.30130004882812
68.65604400634766
48.49800109863281
84.59028625488281
59.15950012207031
41.04977035522461
60.348121643066406
105.5994873046875
63.6494140625
86.23211669921875
53.3037223815918
54.04722595214844
41.81233596801758
65.06661224365234
63.35215377807617
93.28536224365234
54.731468200683594
75.50936889648438
63.580894470214844
63.06660461425781
57.332298278808594
63.35700225830078
55.071266174316406
89.73394012451172
77.45723724365234
55.4061164855957
64.40848541259766
48.90080642700195
86.43360900878906
70.12162780761719
93.97257995605469
39.53702926635742
35.78043746948242
51.69544219970703
55.62535858154297
87.60861206054688
84.61872863769531
42.4822883605957
61.48905944824219
83.01984405517578
67.99576568603516
86.19330596923828
64.78295135498047
65.3874282836914
116.22872924804688
46.329280853271484
75.47019958496094
53.38545608520508
60.17686462402344
54.26047134399414
59.828243255615234
27.594804763793945
79.88407135009766
74.85936737060547
63.58246612548828
57.79418182373047
32.7944221496582
88.43653106689453
94.3323745727539
87.41930389404297
28.382423400878906
30.6637020111084
64.43405151367188
92.7304458618164
46.76738739013672
84.54573059082031
80.45823669433594
50.066036224365234
114.06111145019531
64.83011627197266
52.45834732055664
57.56596374511719
67.54366302490234
26.89917755126953
75.9998550415039
69.07244110107422
71.0926284790039
52.06852340698242
63.89300537109375
72.47201538085938
38.066551208496094
57.06672286987305
51.64045333862305
71.95211791992188
58.562294006347656
77.43096923828125
47.28297805786133
49.477684020996094
48.9911994934082
64.34334564208984
86.69530487060547
60.70895004272461
72.08255004882812
62.39221954345703
68.5073471069336
70.4887466430664
54.01798629760742
86.86478424072266
58.23739242553711
66.23516082763672
67.05379486083984
87.58573913574219
73.13050079345703
69.04583740234375
58.57365798950195
82.65099334716797
72.86475372314453
72.69624328613281
53.31855392456055
63.1611442565918
90.3821029663086
83.9473648071289
75.68525695800781
84.07504272460938
64.97608184814453
92.86893463134766
83.60657501220703
68.47209167480469
89.9739990234375
45.25714874267578
44.17704772949219
51.12353515625
78.8644027709961
56.93555450439453
102.66577911376953
59.324241638183594
79.35124969482422
52.361289978027344
34.21940231323242
70.57635498046875
58.648765563964844
70.67605590820312
94.84424591064453
74.01023864746094
93.56262969970703
87.20040893554688
59.02997589111328
58.355072021484375
42.07944869995117
67.1036376953125
115.90282440185547
53.66189193725586
77.02661895751953
67.14156341552734
90.05760955810547
50.82123565673828
80.38096618652344
55.672969818115234
87.71456146240234
51.703636169433594
93.96592712402344
74.53206634521484
85.0959701538086
93.04060363769531
39.462059020996094
94.34845733642578
74.20210266113281
39.37404251098633
50.10839080810547
71.40245819091797
86.08782958984375
79.29256439208984
106.12336730957031
58.56924819946289
101.64633178710938
107.09591674804688
69.28208923339844
83.65837097167969
46.711795806884766
61.36532211303711
72.44376373291016
37.43925094604492
56.694759368896484
81.74047088623047
85.35710906982422
55.56874084472656
60.56955337524414
34.17576599121094
38.555450439453125
51.309814453125
64.03595733642578
97.57142639160156
52.21502685546875
79.07866668701172
87.68183135986328
69.93675231933594
109.2325668334961
74.31075286865234
60.0831298828125
58.814849853515625
51.86983871459961
55.03268814086914
50.06485366821289
55.97233963012695
85.6972885131836
78.01277923583984
74.29850769042969
48.1661376953125
69.17208862304688
90.78871154785156
68.03971862792969
70.10244750976562
51.419273376464844
62.68171310424805
58.801998138427734
65.99810791015625
44.217872619628906
56.396732330322266
62.9776725769043
62.13251876831055
52.79769515991211
68.98413848876953
75.09033966064453
68.96174621582031
83.46852111816406
61.25046920776367
75.44528198242188
55.93861389160156
121.29671478271484
54.24264144897461
86.6213607788086
82.91926574707031
63.464412689208984
38.902313232421875
82.8626708984375
43.532310485839844
76.30352783203125
63.715721130371094
35.34722137451172
51.5631217956543
42.62744140625
67.20403289794922
78.81349182128906
42.42373275756836
51.91445541381836
55.91106414794922
46.18487548828125
28.094655990600586
42.002716064453125
75.60095977783203
48.79546356201172
42.260765075683594
99.521728515625
63.82089614868164
50.449642181396484
84.74044036865234
78.65138244628906
100.96791076660156
103.32266998291016
76.79401397705078
65.59629821777344
51.14332580566406
42.00010681152344
71.8687744140625
63.90492248535156
38.210289001464844
112.98577880859375
79.39630126953125
93.07987213134766
74.94658660888672
82.038818359375
64.87387084960938
76.62030792236328
46.46895980834961
45.94643020629883
61.1661262512207
74.67048645019531
56.87809371948242
79.55886840820312
81.77490997314453
71.90161895751953
62.7280158996582
77.60494995117188
62.5723762512207
37.714298248291016
30.333332061767578
71.0882339477539
39.209903717041016
90.69962310791016
63.69969940185547
53.313087463378906
91.73768615722656
63.95826721191406
93.03593444824219
92.18671417236328
89.7141342163086
91.22587585449219
36.444374084472656
58.4764518737793
43.027809143066406
99.86553192138672
66.11055755615234
55.48124694824219
55.573463439941406
63.792903900146484
74.98571014404297
40.562950134277344
63.6643180847168
70.93230438232422
53.71908187866211
58.4603271484375
67.61087799072266
58.78239822387695
80.46310424804688
75.36967468261719
60.896724700927734
68.90744018554688
107.98497009277344
84.89180755615234
56.57051467895508
47.006839752197266
88.86646270751953
73.60919952392578
82.73905181884766
81.46991729736328
72.13269805908203
58.063720703125
77.79497528076172
53.17971420288086
93.56317901611328
37.36307144165039
60.56725311279297
73.41751098632812
61.24473190307617
77.15658569335938
65.35342407226562
56.8922119140625
75.29724884033203
76.15574645996094
65.54518127441406
96.98809814453125
34.40724563598633
49.21965408325195
49.11433029174805
30.925418853759766
32.95555877685547
19.72288703918457
80.33195495605469
34.489131927490234
89.65666198730469
72.89811706542969
53.669376373291016
84.92344665527344
44.30481719970703
78.06266021728516
63.798179626464844
83.29991912841797
53.06430435180664
88.65241241455078
87.01077270507812
89.97003936767578
39.39990997314453
74.80326843261719
45.53489303588867
43.57122039794922
41.390052795410156
96.8385009765625
88.3314437866211
61.690616607666016
71.879150390625
50.31354522705078
84.76748657226562
79.95235443115234
65.00040435791016
53.908443450927734
43.62567901611328
88.68252563476562
23.81134033203125
33.321128845214844
78.7420883178711
69.96514129638672
70.69725799560547
75.17367553710938
82.17778015136719
68.20262908935547
75.472412109375
58.375850677490234
63.94463348388672
95.62757110595703
59.419715881347656
49.87937927246094
66.36776733398438
58.856807708740234
51.32401657104492
63.47859191894531
53.74396514892578
62.128482818603516
73.62484741210938
73.15717315673828
77.74352264404297
112.43217468261719
70.01403045654297
65.85021209716797
25.977205276489258
58.48680114746094
70.29389190673828
70.2311019897461
82.16266632080078
75.76183319091797
50.67723083496094
72.00614929199219
64.1549072265625
70.85618591308594
64.9695053100586
59.82650375366211
57.851016998291016
84.84723663330078
109.50762939453125
68.52095031738281
68.77306365966797
64.28011322021484
58.066978454589844
91.5726318359375
63.35390853881836
73.11408996582031
60.83806610107422
77.87893676757812
40.85519790649414
28.303817749023438
40.29116439819336
80.57474517822266
56.543582916259766
42.69139099121094
53.810691833496094
77.59823608398438
38.29895782470703
54.28112030029297
52.93740463256836
70.69633483886719
49.697330474853516
58.526485443115234
95.75345611572266
82.33598327636719
32.796451568603516
57.045982360839844
95.92015075683594
18.6766357421875
51.375057220458984
57.81927490234375
68.26750946044922
37.29872131347656
96.65880584716797
55.676429748535156
70.77043914794922
41.09046173095703
71.85001373291016
39.0330810546875
40.64305114746094
54.21095657348633
69.52519226074219
87.33834838867188
83.27577209472656
61.26713180541992
60.327056884765625
53.43407440185547
81.80523681640625
66.00184631347656
80.892578125
53.474403381347656
35.80640411376953
48.2010498046875
44.27214431762695
51.093711853027344
46.48072814941406
61.25690841674805
28.615367889404297
35.30132293701172
92.59213256835938
60.935787200927734
51.86151123046875
63.04055404663086
47.21780014038086
51.926727294921875
54.94206619262695
66.90083312988281
126.9246826171875
48.7755012512207
95.2320785522461
43.327308654785156
69.69844055175781
50.91874313354492
92.43363952636719
61.035255432128906
82.85560607910156
42.65583038330078
35.64347839355469
68.15553283691406
89.58584594726562
37.51416778564453
88.51410675048828
48.557743072509766
60.85942459106445
51.01603317260742
79.50082397460938
66.12249755859375
75.67765045166016
71.78030395507812
70.34375762939453
67.74156951904297
81.42467498779297
51.35403823852539
40.931880950927734
59.25598907470703
107.95388793945312
72.10871124267578
40.262840270996094
53.519954681396484
30.540258407592773
78.83544158935547
64.42737579345703
57.7013053894043
51.59291458129883
102.9725341796875
61.98868179321289
50.21855545043945
87.60086822509766
73.82501983642578
75.1537094116211
93.93204498291016
114.6953125
57.434486389160156
98.57244110107422
42.91203689575195
85.95375061035156
66.64094543457031
38.95127487182617
83.18031311035156
71.7103500366211
52.091617584228516
98.1127700805664
55.5843391418457
89.22557830810547
63.931819915771484
69.52772521972656
28.896162033081055
61.25537872314453
82.50576782226562
77.77740478515625
47.30008316040039
41.57583999633789
57.25291442871094
80.92766571044922
101.99774169921875
81.20636749267578
50.42512512207031
101.27169036865234
65.3290023803711
99.47994232177734
57.568145751953125
48.689613342285156
30.335168838500977
71.7378921508789
111.84623718261719
43.486541748046875
89.68807220458984
46.582767486572266
60.0469970703125
113.74607849121094
90.05461120605469
54.85429382324219
78.73381805419922
50.0157585144043
55.25656509399414
93.99207305908203
87.19810485839844
84.24699401855469
61.78950500488281
89.61282348632812
108.97782897949219
47.52648162841797
102.32329559326172
72.33732604980469
40.89421463012695
38.76008605957031
92.6623306274414
94.32942199707031
102.91676330566406
99.1693344116211
49.80513000488281
53.166805267333984
72.22400665283203
51.73991775512695
70.40714263916016
66.97687530517578
86.56309509277344
93.1992416381836
23.292333602905273
65.79224395751953
54.99136734008789
82.1664810180664
65.1183090209961
72.66549682617188
48.258338928222656
56.367916107177734
88.8687744140625
57.60288619995117
52.69058609008789
33.840755462646484
96.64801788330078
47.79087829589844
59.740333557128906
71.22441864013672
65.5086669921875
83.51582336425781
102.0604019165039
61.650150299072266
54.64619827270508
86.74727630615234
75.91131591796875
56.26167678833008
102.88197326660156
37.09004211425781
66.78153228759766
90.27334594726562
116.43301391601562
61.85508728027344
60.48464584350586
66.98068237304688
77.7514877319336
62.66991424560547
85.64288330078125
62.00360107421875
72.93892669677734
66.85352325439453
113.20622253417969
62.069881439208984
70.25238800048828
88.37482452392578
46.2567024230957
84.4275894165039
65.02713012695312
55.14274215698242
67.32227325439453
67.61103057861328
66.7295913696289
73.02487182617188
56.05199432373047
51.93267822265625
77.63677978515625
89.62708282470703
49.9465217590332
78.64971160888672
18.205135345458984
54.518306732177734
37.23014831542969
48.96377944946289
57.4195556640625
68.04731750488281
58.65731430053711
99.06017303466797
72.35089111328125
58.22872543334961
53.490230560302734
42.398956298828125
73.6834487915039
36.805885314941406
54.713375091552734
63.0345573425293
49.44388961791992
44.68360900878906
108.0580062866211
69.90506744384766
74.104248046875
51.981689453125
40.06013107299805
42.630367279052734
82.84380340576172
59.5578727722168
72.31681060791016
74.47895812988281
106.09922790527344
80.40332794189453
69.62877655029297
85.24327850341797
74.0386962890625
30.9169979095459
94.70616149902344
50.6486930847168
38.28884506225586
96.26700592041016
51.758079528808594
71.82840728759766
66.21800994873047
59.66334533691406
58.35184860229492
56.63615798950195
104.57166290283203
54.39556884765625
66.67996215820312
100.22293853759766
70.85502624511719
58.55242156982422
45.37865447998047
74.77054595947266
38.89795684814453
82.67219543457031
57.8587532043457
72.55068969726562
56.42056655883789
43.63910675048828
56.05686569213867
43.819969177246094
47.3114128112793
82.73867797851562
71.03437805175781
69.86486053466797
64.04606628417969
71.14423370361328
51.61161804199219
87.42082214355469
52.112918853759766
97.2655029296875
40.56922912597656
56.42454528808594
91.85040283203125
73.25155639648438
91.68058776855469
50.03334045410156
79.69707489013672
73.92335510253906
41.93177795410156
5.431503772735596
49.68828201293945
52.37641906738281
51.402381896972656
53.33597183227539
53.70840835571289
74.33262634277344
38.772857666015625
84.90779113769531
41.7686653137207
63.53205108642578
33.96589660644531
83.53527069091797
41.79742431640625
81.1210708618164
53.36348342895508
44.718753814697266
101.63433837890625
92.28751373291016
73.95674133300781
99.55420684814453
22.150718688964844
95.25779724121094
73.58145904541016
39.40663528442383
82.46223449707031
73.99663543701172
78.76705169677734
57.13551330566406
77.45465087890625
102.416748046875
76.69056701660156
95.34418487548828
71.74005889892578
65.62557220458984
88.54325103759766
56.208213806152344
37.018348693847656
56.98540115356445
82.02678680419922
91.3858413696289
50.859249114990234
31.56052589416504
74.56256103515625
44.838226318359375
72.001708984375
50.64199447631836
51.28068923950195
79.1614761352539
37.755531311035156
128.4529266357422
106.06141662597656
66.67311096191406
49.35368728637695
56.6071662902832
69.87638854980469
80.27332305908203
71.95701599121094
79.5715560913086
90.08940124511719
54.61891174316406
52.302303314208984
72.11537170410156
50.38322067260742
73.75828552246094
36.796382904052734
61.66939163208008
122.51522827148438
44.518089294433594
70.85470581054688
63.54902648925781
47.373878479003906
62.96520233154297
22.048749923706055
69.93327331542969
83.490234375
42.22088623046875
75.42352294921875
46.45647048950195
82.69884490966797
83.2322998046875
91.22993469238281
66.32941436767578
71.06216430664062
74.27976989746094
61.407684326171875
71.40621185302734
79.05071258544922
68.21116638183594
53.21807861328125
82.27417755126953
58.038291931152344
71.41145324707031
68.10881805419922
61.01765060424805
76.43997192382812
78.39215087890625
56.103668212890625
75.58536529541016
85.36612701416016
80.43207550048828
33.48905944824219
77.60433959960938
45.92316436767578
84.37291717529297
78.7191162109375
74.06519317626953
61.53593826293945
89.34686279296875
36.2834587097168
88.41410064697266
40.4818229675293
67.24610900878906
44.92021179199219
62.91651916503906
66.50912475585938
53.640594482421875
68.47588348388672
46.115299224853516
69.1836166381836
49.462284088134766
67.81082153320312
65.52073669433594
61.460479736328125
60.75351333618164
97.3742904663086
70.88359069824219
48.32058334350586
48.17266845703125
40.356197357177734
52.31485366821289
36.3868293762207
84.45860290527344
107.76728820800781
43.17776870727539
90.4940185546875
46.715126037597656
72.66537475585938
90.10934448242188
81.8647689819336
48.99787139892578
91.6621322631836
50.290260314941406
50.5865364074707
70.51029968261719
74.67619323730469
82.57766723632812
44.144989013671875
53.376495361328125
52.56875228881836
81.27775573730469
59.910972595214844
82.40948486328125
76.81098175048828
59.7422981262207
35.1615104675293
74.02581787109375
60.017005920410156
86.40532684326172
47.400489807128906
65.54447174072266
25.442523956298828
50.00003433227539
66.73462677001953
62.326866149902344
82.73591613769531
61.65865707397461
89.29058074951172
71.02687072753906
46.950748443603516
61.84671401977539
80.44078063964844
51.37420654296875
54.360599517822266
34.29292297363281
83.52531433105469
61.4740104675293
74.70079803466797
91.41006469726562
87.93804931640625
76.5686264038086
43.40713882446289
52.56803512573242
69.65087127685547
57.59123229980469
83.23930358886719
58.62837219238281
68.2595443725586
56.21393585205078
49.62534713745117
67.17044067382812
63.21549987792969
66.03334045410156
57.472537994384766
65.11536407470703
52.21033477783203
74.31365966796875
56.388431549072266
51.20018768310547
45.94147872924805
73.90074157714844
34.28644561767578
109.28096008300781
52.03155517578125
75.48184967041016
64.07129669189453
78.02678680419922
70.53836059570312
61.628929138183594
118.16484069824219
42.69426345825195
78.81688690185547
91.4018783569336
98.03962707519531
60.501617431640625
43.94917678833008
83.82081604003906
58.343658447265625
76.55426025390625
90.69244384765625
88.9384536743164
76.90144348144531
71.73809051513672
52.84461212158203
84.93062591552734
59.71861267089844
53.50442886352539
56.04556655883789
83.57218933105469
81.5569076538086
87.62699890136719
78.8879623413086
81.46632385253906
86.02273559570312
60.07868194580078
56.55167770385742
60.414573669433594
26.671228408813477
63.10102081298828
66.28633117675781
69.30522155761719
39.33338928222656
63.84394836425781
51.74737548828125
71.48662567138672
73.24427795410156
87.0308609008789
80.959716796875
78.5709457397461
70.53326416015625
85.8338851928711
71.0203628540039
59.824615478515625
38.783851623535156
56.884490966796875
93.00790405273438
47.62935256958008
26.341358184814453
60.993778228759766
91.7999038696289
84.22908020019531
44.237369537353516
77.77877807617188
74.78168487548828
97.2582778930664
70.3525161743164
58.30142593383789
60.62760543823242
37.73558044433594
34.09437942504883
71.20738983154297
60.49262237548828
90.02884674072266
74.66470336914062
71.51969909667969
72.58615112304688
86.59788513183594
92.05355072021484
64.2468032836914
65.20291900634766
53.2562370300293
58.377384185791016
78.96424102783203
65.88835144042969
73.74405670166016
71.32019805908203
72.5574951171875
55.030601501464844
45.28034591674805
53.043087005615234
107.8494644165039
41.84654235839844
70.93241119384766
54.6004753112793
66.56266784667969
97.2221450805664
46.31007385253906
97.7863540649414
82.88719940185547
86.47830963134766
28.322799682617188
70.00519561767578
51.4034309387207
43.5759391784668
83.08900451660156
57.03444290161133
83.54826354980469
76.69637298583984
69.67353820800781
78.89031219482422
58.99085998535156
71.0665054321289
47.504638671875
100.80667877197266
63.2353630065918
62.644447326660156
65.88043212890625
70.09534454345703
59.162723541259766
68.22623443603516
80.19793701171875
69.48568725585938
56.8941535949707
59.634979248046875
86.26434326171875
29.02053451538086
64.10730743408203
79.95503997802734
105.41448974609375
51.500511169433594
22.000091552734375
47.8128662109375
92.20854187011719
43.73616027832031
42.25553894042969
40.03749465942383
90.91656494140625
50.382659912109375
94.28067016601562
43.82548522949219
66.56206512451172
94.21857452392578
109.10371398925781
57.560482025146484
89.35700988769531
85.63799285888672
58.88139724731445
90.03152465820312
53.01077651977539
69.11433410644531
53.108829498291016
80.63701629638672
42.563602447509766
51.86851119995117
44.709632873535156
69.46240234375
71.57102966308594
93.00309753417969
49.30914306640625
38.72235107421875
84.70934295654297
39.56977844238281
82.52084350585938
71.95964813232422
58.204612731933594
36.19487762451172
63.21812438964844
84.78291320800781
51.36811447143555
42.647281646728516
91.5399398803711
66.27054595947266
73.61859893798828
71.94012451171875
109.32109069824219
55.779754638671875
70.40576171875
67.01470947265625
34.411922454833984
38.799156188964844
89.18125915527344
103.32794189453125
52.3394660949707
77.16747283935547
65.7621841430664
88.5573501586914
44.675209045410156
52.63435745239258
91.2446060180664
32.69691848754883
85.46769714355469
62.41880416870117
64.86119079589844
77.26815795898438
85.33915710449219
39.537078857421875
57.88596725463867
58.83659744262695
61.072784423828125
76.73031616210938
72.36544799804688
55.741817474365234
68.98616790771484
17.138813018798828
63.436214447021484
59.255680084228516
66.51372528076172
92.624755859375
58.117103576660156
89.70777130126953
84.90959930419922
90.46399688720703
75.10485076904297
87.18366241455078
78.99474334716797
83.74819946289062
32.25621032714844
91.17556762695312
52.369178771972656
75.55192565917969
70.11679077148438
57.99505615234375
61.17695999145508
29.84343910217285
44.69178771972656
79.57524871826172
38.02101516723633
71.59669494628906
94.1378173828125
71.15926361083984
75.53561401367188
102.33462524414062
91.96753692626953
44.01642608642578
84.07963562011719
92.9493408203125
62.77999496459961
84.29719543457031
40.582340240478516
64.5568618774414
85.0815658569336
70.92894744873047
60.80720901489258
72.43309783935547
94.36295318603516
85.28751373291016
45.324527740478516
64.49122619628906
50.80374526977539
77.43864440917969
60.68516159057617
43.9874382019043
71.72607421875
74.08468627929688
105.78925323486328
80.26577758789062
70.1286849975586
43.4965705871582
80.66551971435547
72.6667709350586
90.8642349243164
61.505348205566406
69.636962890625
76.9979476928711
40.72901916503906
50.81802749633789
64.78157043457031
79.93274688720703
67.00700378417969
66.44042205810547
99.99223327636719
42.54914474487305
54.41740417480469
61.738182067871094
13.89910888671875
55.9704704284668
60.67897033691406
59.03607177734375
71.4061508178711
43.16139221191406
43.038394927978516
93.16461944580078
47.80717086791992
74.2780990600586
93.21195983886719
61.31587600708008
39.43518829345703
106.35133361816406
94.77146911621094
61.29783630371094
57.19150161743164
64.72210693359375
56.02650833129883
58.011756896972656
39.898624420166016
68.71955108642578
85.64775085449219
73.78028106689453
74.55908966064453
46.69781494140625
23.679542541503906
72.824462890625
77.22184753417969
63.56770706176758
54.02710723876953
68.510986328125
85.78278350830078
59.23181915283203
78.51030731201172
65.8914566040039
48.79991912841797
56.58097457885742
54.912818908691406
91.85031127929688
87.30062866210938
81.4560317993164
75.72399139404297
54.002742767333984
100.49784088134766
61.497074127197266
94.12986755371094
89.55287170410156
34.22929763793945
78.27066040039062
71.95133972167969
30.59347152709961
52.679325103759766
67.031005859375
71.85199737548828
45.63604736328125
59.92141342163086
71.26695251464844
60.28983688354492
66.25328063964844
38.307899475097656
59.91967010498047
49.06967544555664
88.25992584228516
49.59209442138672
55.30870819091797
40.47726821899414
77.67301940917969
27.16337776184082
63.93865203857422
102.36304473876953
59.52706527709961
65.1283950805664
54.91502380371094
103.3995132446289
61.333274841308594
86.49456787109375
55.838478088378906
71.97669219970703
84.93706512451172
58.72016143798828
45.868160247802734
40.86402893066406
64.75287628173828
63.0695686340332
63.53657150268555
71.51178741455078
49.79655838012695
93.39444732666016
53.52940368652344
64.53241729736328
62.02394104003906
99.01661682128906
80.46128845214844
77.83538055419922
82.37915802001953
109.21292114257812
48.28483200073242
62.49985885620117
72.5761947631836
64.69843292236328
85.59295654296875
90.63018035888672
49.0379638671875
63.566734313964844
114.91458129882812
46.46531295776367
73.24082946777344
65.45935821533203
77.7320785522461
73.98816680908203
61.3202018737793
68.41670227050781
56.73185348510742
75.09642791748047
93.11263275146484
65.79680633544922
82.49308013916016
70.3291244506836
23.491193771362305
54.67330551147461
77.3070068359375
68.75907897949219
42.33848190307617
49.7188606262207
77.95625305175781
87.400390625
51.39972686767578
42.25267791748047
52.56218719482422
80.06361389160156
42.73603820800781
64.71565246582031
68.70263671875
39.048179626464844
59.57108688354492
61.11954116821289
107.08728790283203
65.21920013427734
89.93678283691406
60.34747314453125
70.17340087890625
55.67942810058594
93.51657104492188
74.89219665527344
49.97307205200195
63.76845169067383
66.28258514404297
46.29648208618164
74.73834228515625
98.1408920288086
61.07646560668945
38.12306213378906
99.75505065917969
75.142333984375
69.8407211303711
57.295738220214844
58.44830322265625
75.69364166259766
81.4144515991211
78.95392608642578
73.4594955444336
55.73031234741211
83.16805267333984
44.46030044555664
90.3742446899414
69.67518615722656
53.93848419189453
73.0943832397461
65.09992980957031
90.0864486694336
90.21724700927734
42.10037612915039
53.08955764770508
37.72427749633789
112.27794647216797
46.52273178100586
59.559017181396484
54.81675720214844
81.66049194335938
88.12571716308594
53.78610610961914
57.72856521606445
90.2711410522461
38.41446304321289
58.906742095947266
41.798545837402344
49.582393646240234
72.26034545898438
96.06829833984375
77.85877227783203
46.28902816772461
79.794921875
83.6511459350586
86.14038848876953
81.96316528320312
62.262550354003906
57.74754333496094
47.676605224609375
85.06495666503906
52.4839973449707
56.66912841796875
79.67803192138672
28.762409210205078
52.953369140625
76.75892639160156
67.1084213256836
88.30516052246094
52.324363708496094
88.07494354248047
98.45590209960938
107.82913970947266
40.995731353759766
55.87932586669922
71.91983795166016
70.13814544677734
49.66043472290039
45.71504211425781
36.56694030761719
29.5205020904541
88.66527557373047
70.77511596679688
72.75894927978516
59.415931701660156
76.50418853759766
51.99153518676758
62.62268829345703
74.07732391357422
53.461029052734375
68.3718490600586
67.16104888916016
65.31954193115234
79.45185852050781
33.67817306518555
75.27930450439453
90.96440124511719
89.67265319824219
67.42039489746094
55.776092529296875
57.98385238647461
76.59351348876953
55.70589828491211
65.91837310791016
56.01113510131836
65.27741241455078
56.70814514160156
49.94096374511719
31.51685333251953
51.37456512451172
91.70529174804688
64.32433319091797
81.67028045654297
56.424652099609375
56.3629035949707
77.22151184082031
48.960811614990234
101.00667572021484
101.0555191040039
116.8759994506836
72.69036102294922
42.76001739501953
62.061279296875
83.98082733154297
102.81659698486328
55.95874786376953
90.15475463867188
61.71286392211914
68.97775268554688
104.29635620117188
56.332176208496094
65.69159698486328
81.91614532470703
67.08809661865234
58.45908737182617
19.820207595825195
66.02124786376953
67.98257446289062
63.910945892333984
51.24940872192383
78.40654754638672
69.89222717285156
49.44731903076172
81.36063385009766
55.838191986083984
55.23229217529297
50.76372146606445
79.60932922363281
106.86442565917969
67.20459747314453
68.79825592041016
75.85739135742188
62.89531326293945
70.10334014892578
84.2229995727539
54.2534065246582
81.83036041259766
56.19235610961914
75.57738494873047
69.8929672241211
72.66102600097656
44.638282775878906
64.4809341430664
69.15214538574219
57.36540985107422
81.86166381835938
59.39698028564453
90.6934814453125
62.9611701965332
46.237281799316406
119.56813049316406
74.59722900390625
104.52976989746094
80.7089614868164
46.14955520629883
41.378841400146484
79.40827941894531
30.612285614013672
38.75339889526367
78.70995330810547
83.92589569091797
57.33864974975586
54.58024978637695
39.19957733154297
51.295406341552734
58.141204833984375
78.20233917236328
73.70702362060547
80.5136947631836
66.14775848388672
86.93763732910156
101.9655990600586
34.66876220703125
46.69798278808594
57.282649993896484
54.412227630615234
66.85426330566406
78.19188690185547
72.81763458251953
110.02012634277344
73.12704467773438
63.43276596069336
67.48267364501953
57.75379180908203
18.47364616394043
59.27323913574219
41.915802001953125
73.51322937011719
65.03008270263672
93.53422546386719
67.85698699951172
68.67753601074219
67.7988510131836
96.94824981689453
79.88139343261719
46.18026351928711
72.66043090820312
96.41992950439453
75.014892578125
90.73075103759766
64.19004821777344
31.49434471130371
50.02645492553711
107.09736633300781
105.02123260498047
91.19691467285156
52.12512969970703
54.07870101928711
82.37028503417969
78.23660278320312
47.02591323852539
104.33811950683594
55.59441375732422
80.44684600830078
48.58073806762695
45.13824462890625
84.00328063964844
55.105403900146484
36.03046417236328
73.6764907836914
57.19009017944336
86.8767318725586
67.40907287597656
78.17837524414062
78.7657241821289
57.38949966430664
70.6222152709961
72.84691619873047
42.15555953979492
78.07736206054688
67.27661895751953
75.47563171386719
47.066402435302734
67.6836929321289
49.802513122558594
91.46810913085938
92.50640106201172
70.06011199951172
40.02363586425781
68.64180755615234
69.2879409790039
69.78551483154297
107.64845275878906
104.20626831054688
70.8429946899414
95.91405487060547
69.60810852050781
51.67026901245117
61.75881576538086
83.22080993652344
64.33165740966797
101.42774963378906
109.7171859741211
55.62037658691406
35.69682312011719
87.42731475830078
49.226173400878906
57.77873229980469
53.43172836303711
29.465076446533203
45.89696502685547
61.76945877075195
47.61396789550781
61.14760208129883
81.83846282958984
77.54373931884766
62.86308288574219
79.3890609741211
56.03068161010742
100.54932403564453
98.93927001953125
47.33509063720703
58.29237747192383
75.3759765625
56.315673828125
40.47061538696289
99.02112579345703
65.85445404052734
39.18201446533203
55.18849182128906
96.8184585571289
72.51168823242188
67.11128234863281
49.083499908447266
88.45513153076172
88.04698944091797
62.89707565307617
53.06450271606445
56.67326736450195
53.65147399902344
51.6802978515625
64.84268188476562
100.69658660888672
54.22182846069336
33.10017395019531
95.46560668945312
64.86449432373047
93.85971069335938
50.52220916748047
25.67011833190918
94.9498519897461
21.063430786132812
63.864288330078125
73.33162689208984
94.05316925048828
54.02074432373047
27.16114616394043
71.15535736083984
61.23506546020508
104.83776092529297
68.26146697998047
31.398225784301758
63.380393981933594
72.51659393310547
43.12019729614258
62.795799255371094
110.01554870605469
64.41329193115234
45.62909698486328
59.56974792480469
108.6066665649414
13.94834041595459
105.23609161376953
81.95874786376953
71.1474380493164
79.3360366821289
81.67855834960938
84.37964630126953
62.93552780151367
53.56281280517578
86.09073638916016
36.91222381591797
59.09455108642578
61.9639892578125
117.18646240234375
41.72987365722656
72.29290771484375
26.65401268005371
68.45064544677734
94.24014282226562
46.728858947753906
38.75675582885742
81.50386810302734
63.7846794128418
77.02962493896484
33.49967956542969
42.05143737792969
57.4606819152832
92.240966796875
72.23743438720703
30.984996795654297
73.75188446044922
36.03977966308594
38.71888732910156
39.68522262573242
45.29462432861328
70.57411193847656
46.50197219848633
103.45153045654297
44.64731979370117
72.24063873291016
74.6334228515625
54.11834716796875
61.91667175292969
69.83014678955078
51.47394943237305
54.75630187988281
76.19851684570312
91.97703552246094
39.26982879638672
57.96329116821289
56.66432189941406
81.98252868652344
32.21992874145508
62.02839660644531
79.1279525756836
84.25088500976562
58.1264762878418
94.55687713623047
43.948768615722656
80.8143539428711
72.52548217773438
52.363224029541016
93.83380889892578
98.35860443115234
103.53984832763672
58.13481140136719
60.917484283447266
87.51853942871094
85.34455108642578
77.06583404541016
59.056976318359375
42.22417449951172
46.168399810791016
66.0289077758789
52.88227081298828
61.65556335449219
54.645050048828125
48.6912727355957
58.62562942504883
95.92049407958984
58.7216682434082
73.58802795410156
69.87166595458984
88.46485137939453
74.26573181152344
36.79484558105469
55.78603744506836
85.09917449951172
60.836997985839844
77.11095428466797
79.42378997802734
69.05763244628906
108.24736785888672
29.42841911315918
71.67414093017578
82.6637191772461
45.51741027832031
73.75448608398438
74.039306640625
95.51616668701172
53.61264419555664
53.69053649902344
99.40752410888672
51.228736877441406
84.44620513916016
47.26398849487305
53.54652786254883
73.7352294921875
56.75594711303711
79.2958755493164
70.89884185791016
54.10547637939453
48.8963508605957
47.61164855957031
60.79206085205078
69.31103515625
51.695762634277344
27.63948631286621
61.73097610473633
63.85647964477539
56.11716079711914
76.12727355957031
55.856014251708984
72.95738220214844
61.94416046142578
97.37653350830078
68.86408996582031
54.712764739990234
38.65057373046875
61.19706344604492
48.47053146362305
38.11161422729492
49.44895935058594
95.93619537353516
95.25641632080078
22.688880920410156
58.65835189819336
49.089229583740234
59.8687744140625
60.92195510864258
59.182098388671875
47.656463623046875
64.84989166259766
50.7669563293457
35.624351501464844
54.361331939697266
63.86903381347656
65.91034698486328
49.478004455566406
47.93086242675781
69.55391693115234
106.8897705078125
55.51936340332031
55.55459213256836
93.1327133178711
65.07469940185547
47.90011215209961
87.6851577758789
86.12407684326172
40.82019805908203
71.83096313476562
50.315086364746094
68.05320739746094
103.87175750732422
53.632286071777344
57.48896026611328
91.4630355834961
62.937965393066406
70.17515563964844
62.12425231933594
39.339481353759766
46.53160095214844
67.36911010742188
51.31013488769531
59.58905792236328
60.5332145690918
93.44300079345703
57.23056411743164
86.19734191894531
58.1561164855957
109.00582885742188
61.733489990234375
68.96099853515625
75.24758911132812
98.33876037597656
60.88162612915039
65.3018798828125
41.08158874511719
71.00316619873047
40.48719024658203
48.077781677246094
86.0689926147461
81.14010620117188
37.150848388671875
47.62892150878906
41.70185852050781
77.47296142578125
57.94415283203125
59.86863708496094
67.3832778930664
74.7286605834961
82.794921875
56.40446853637695
32.122196197509766
27.35771369934082
47.71548080444336
96.42961120605469
51.75646209716797
35.14691925048828
64.31721496582031
108.19863891601562
49.64992904663086
70.53008270263672
102.01817321777344
36.745059967041016
86.6548080444336
76.46576690673828
94.91121673583984
43.6321907043457
64.37763977050781
84.59085845947266
73.30793762207031
122.45023345947266
89.9975357055664
49.32781219482422
66.61840057373047
80.30010223388672
62.89300537109375
90.96873474121094
72.43672180175781
44.26469039916992
50.980525970458984
76.23941040039062
58.48719024658203
40.21845245361328
86.6895980834961
93.25785827636719
60.18589401245117
41.649044036865234
67.39026641845703
91.29513549804688
62.43866729736328
65.90731811523438
76.03530883789062
70.8469467163086
108.4106216430664
65.65189361572266
104.79344177246094
74.47969818115234
70.72093200683594
46.598087310791016
96.53831481933594
38.82805252075195
77.1411361694336
79.57425689697266
81.80203247070312
76.13633728027344
67.42498016357422
82.0597152709961
40.80852508544922
49.65163040161133
82.39248657226562
54.038482666015625
46.58766555786133
53.04420471191406
70.02765655517578
74.093505859375
90.12649536132812
52.740577697753906
37.93159484863281
45.552249908447266
53.59177780151367
52.02598571777344
88.31773376464844
19.760591506958008
72.42472076416016
71.06026458740234
34.63365936279297
48.84619140625
72.14163208007812
85.33964538574219
59.64950180053711
66.95195770263672
82.00984954833984
89.2698974609375
103.49838256835938
38.26959991455078
73.77800750732422
66.61239624023438
72.79761505126953
65.61650848388672
122.84436798095703
64.69278717041016
106.6838150024414
50.45135498046875
65.96318817138672
85.82762908935547
40.97959518432617
45.042964935302734
54.97826385498047
55.4922981262207
85.14012145996094
74.18793487548828
51.497127532958984
67.86565399169922
67.90015411376953
47.49237823486328
65.7442626953125
29.96866226196289
67.25613403320312
47.0161018371582
64.85610961914062
53.13615798950195
58.204505920410156
57.248260498046875
81.47211456298828
28.691164016723633
43.087615966796875
68.15370178222656
62.63013458251953
82.65150451660156
80.70755767822266
93.7705078125
46.25627899169922
55.429359436035156
76.98184967041016
88.23037719726562
61.55396270751953
90.14204406738281
80.49658966064453
43.62134552001953
69.47699737548828
64.9756088256836
82.1211929321289
86.66917419433594
83.70951843261719
45.22740936279297
70.94309997558594
63.7591552734375
78.83738708496094
68.85149383544922
55.087337493896484
63.74284744262695
77.09649658203125
55.9652214050293
100.54407501220703
48.249080657958984
53.97373962402344
69.00617218017578
58.773353576660156
64.73155975341797
44.53934860229492
52.32511520385742
63.80485534667969
95.89622497558594
59.32447814941406
88.96882629394531
63.06393814086914
86.65313720703125
78.82652282714844
69.1906967163086
74.02251434326172
40.25776672363281
63.76572799682617
27.894977569580078
41.356990814208984
96.9863510131836
61.85715103149414
82.48135375976562
95.03426361083984
71.47347259521484
37.37495803833008
76.00787353515625
57.12897491455078
51.013038635253906
74.26234436035156
59.07878494262695
62.861122131347656
55.15190505981445
35.29887008666992
35.35609436035156
80.81391906738281
15.866320610046387
61.517005920410156
60.09783935546875
56.93205261230469
112.90055847167969
53.62010192871094
99.54904174804688
74.58720397949219
87.62010192871094
60.92833709716797
61.17915725708008
43.26240158081055
56.3734016418457
75.8971176147461
62.20394515991211
70.9674301147461
57.41612243652344
83.2579574584961
54.0146369934082
45.466365814208984
59.62237548828125
67.69749450683594
30.01517677307129
47.62929916381836
91.47579193115234
53.61959457397461
71.1207504272461
68.35677337646484
56.02812576293945
81.58375549316406
34.6375846862793
91.12531280517578
56.96723175048828
71.98422241210938
63.041099548339844
63.50714874267578
66.95286560058594
55.30175018310547
57.36415100097656
68.12677001953125
71.49916076660156
53.62205505371094
59.37553405761719
80.52316284179688
90.98614501953125
78.2745132446289
86.92948913574219
75.11975860595703
58.70579528808594
53.26966094970703
44.411170959472656
67.83700561523438
70.1788558959961
67.83313751220703
73.0106430053711
44.74367904663086
44.43440628051758
96.28944396972656
35.23883056640625
80.40084075927734
68.3458251953125
58.95747756958008
33.666770935058594
70.76068878173828
72.40031433105469
102.75209045410156
79.39983367919922
75.82640075683594
92.85830688476562
74.9515609741211
60.929718017578125
50.520912170410156
79.30424499511719
54.37914276123047
49.64796829223633
48.34705352783203
71.05120849609375
76.94174194335938
57.25370407104492
58.1795539855957
86.20816040039062
83.84739685058594
100.55286407470703
64.23982238769531
50.982051849365234
79.44300842285156
89.04879760742188
60.96835708618164
85.34321594238281
47.93141555786133
81.77193450927734
35.09195327758789
45.98787307739258
67.52840423583984
77.35755157470703
77.31057739257812
53.04469299316406
58.98519515991211
66.88745880126953
76.05268096923828
55.71390914916992
93.01495361328125
41.26592254638672
61.07125473022461
60.096839904785156
76.28529357910156
62.518592834472656
56.13935470581055
75.2887954711914
88.66671752929688
102.2837142944336
41.406333923339844
72.75505828857422
71.13016510009766
70.43189239501953
69.76380920410156
79.59638977050781
98.6510009765625
58.251277923583984
75.64891815185547
51.75732421875
94.05020141601562
63.97563171386719
44.09565734863281
36.63275146484375
77.43106079101562
41.5596923828125
54.15204620361328
77.6724853515625
61.7674446105957
65.24217987060547
75.24024200439453
60.154090881347656
60.62351989746094
83.50694274902344
104.54586029052734
51.867919921875
105.19664001464844
82.80918884277344
52.66965866088867
47.1852912902832
45.341983795166016
38.32916259765625
91.40338134765625
44.751121520996094
94.1678695678711
63.593299865722656
111.10397338867188
47.75862121582031
77.24783325195312
69.47532653808594
68.16134643554688
62.781150817871094
52.99622344970703
77.84510803222656
68.51387023925781
81.80503845214844
103.99671173095703
69.91120147705078
69.87156677246094
57.91613006591797
44.327022552490234
36.87165451049805
78.68342590332031
62.638671875
41.050636291503906
81.76957702636719
56.38924789428711
86.30290222167969
101.58605194091797
64.88961791992188
69.24256896972656
87.90422821044922
57.98006057739258
88.76087951660156
84.2323989868164
95.5232162475586
89.74006652832031
68.04352569580078
64.77826690673828
80.89550018310547
72.17003631591797
89.95243835449219
78.4924087524414
66.79042053222656
55.082435607910156
102.28797149658203
89.36045837402344
66.04307556152344
56.46213150024414
70.8517074584961
65.94660949707031
85.58321380615234
52.427520751953125
72.82933044433594
87.55955505371094
39.18613815307617
72.89153289794922
79.73880767822266
85.59654235839844
55.52448272705078
72.59759521484375
60.41667175292969
64.97422790527344
48.75752639770508
65.76948547363281
107.94937133789062
63.33746337890625
64.83934020996094
26.80113410949707
50.08946228027344
84.27609252929688
83.96070861816406
37.81142044067383
55.7169189453125
91.63314056396484
67.98114776611328
75.85822296142578
63.5399055480957
53.593746185302734
54.47429275512695
102.48735809326172
63.50847244262695
64.85679626464844
62.98634719848633
57.23350524902344
96.51695251464844
95.07328796386719
81.5599594116211
49.282249450683594
73.93067932128906
106.86675262451172
47.75654220581055
47.40486145019531
86.11719512939453
38.7744026184082
80.1734390258789
57.32994842529297
47.0088996887207
70.37359619140625
74.77257537841797
52.7928352355957
66.2313003540039
108.02467346191406
35.39680099487305
87.25928497314453
78.7312240600586
63.70282745361328
96.28300476074219
42.489288330078125
75.30221557617188
48.231346130371094
46.706825256347656
41.97214126586914
81.2819595336914
82.72093200683594
48.276756286621094
46.30884552001953
74.51744842529297
61.81044006347656
38.94367599487305
52.539825439453125
68.43688201904297
75.42399597167969
84.2174301147461
55.800540924072266
57.12799072265625
101.80986022949219
65.33312225341797
46.768802642822266
87.52706146240234
56.39132308959961
44.507022857666016
72.10462188720703
91.94928741455078
64.756103515625
35.12851333618164
40.770957946777344
66.4886474609375
54.559505462646484
52.6027717590332
43.1905517578125
71.49687194824219
65.41028594970703
52.6217041015625
57.22284698486328
60.7061882019043
80.28263092041016
67.0801773071289
57.76914978027344
96.99172973632812
76.04501342773438
76.34370422363281
52.45604705810547
51.551177978515625
50.601097106933594
45.05390167236328
85.40155029296875
111.49298095703125
78.98660278320312
91.45000457763672
73.51426696777344
43.5543098449707
112.95782470703125
36.99626922607422
61.51778793334961
60.812137603759766
87.18635559082031
61.38656997680664
49.5842399597168
60.51007080078125
74.66754150390625
98.92755889892578
46.517784118652344
62.217281341552734
48.22975540161133
85.103271484375
70.56175231933594
93.63268280029297
95.83975982666016
69.40753173828125
67.0376205444336
52.480255126953125
56.54982376098633
52.510162353515625
85.4432373046875
68.64138793945312
72.53108215332031
38.52687072753906
64.92450714111328
42.22434616088867
59.671321868896484
64.74539947509766
77.96407318115234
74.14230346679688
63.68663787841797
49.00891876220703
81.87997436523438
82.96104431152344
96.89718627929688
67.38066101074219
68.7115478515625
46.034271240234375
69.19355010986328
51.42959213256836
45.28054428100586
71.92706298828125
68.67120361328125
68.64588165283203
78.34119415283203
48.516517639160156
66.73466491699219
56.595489501953125
51.15233612060547
83.81159210205078
66.97355651855469
48.668113708496094
61.309242248535156
89.87627410888672
65.75209045410156
64.40802001953125
53.32374954223633
43.973968505859375
49.49418640136719
95.40928649902344
90.24238586425781
52.76676940917969
56.31789779663086
22.037275314331055
67.45733642578125
31.57270050048828
35.950599670410156
82.06100463867188
46.15359115600586
37.97743225097656
66.32829284667969
34.54159164428711
100.90614318847656
70.59603118896484
90.7743911743164
69.76905822753906
39.72763442993164
54.41032409667969
64.15818786621094
78.80241394042969
61.007286071777344
59.872642517089844
59.49195098876953
48.8321533203125
91.05261993408203
83.47594451904297
40.02734375
60.75374984741211
61.9554443359375
58.10926055908203
76.07054901123047
42.655311584472656
52.682315826416016
66.88163757324219
15.8412446975708
93.30545806884766
95.05068969726562
71.44831848144531
84.62565612792969
107.25955963134766
54.49839782714844
78.3789291381836
56.49717712402344
65.5352783203125
51.11319351196289
72.00175476074219
85.4286880493164
86.47483825683594
77.75300598144531
62.07901382446289
47.588356018066406
63.356632232666016
51.779090881347656
37.69283676147461
59.777923583984375
91.12920379638672
118.85228729248047
45.245548248291016
49.98894500732422
47.581050872802734
83.1536865234375
70.06961059570312
51.16835403442383
74.77050018310547
77.97935485839844
68.79164123535156
85.31748962402344
53.94704055786133
78.76219940185547
92.26990509033203
77.45519256591797
65.04512023925781
74.86431884765625
51.174320220947266
63.34629440307617
76.08570098876953
96.75016784667969
99.10850524902344
38.943302154541016
92.69522857666016
59.17292404174805
36.70280075073242
63.250919342041016
71.63166046142578
72.31389617919922
38.39174270629883
64.30628967285156
73.84364318847656
50.535438537597656
62.94190216064453
49.30609130859375
58.53439712524414
64.0634765625
78.89738464355469
27.197959899902344
63.06245803833008
75.74791717529297
85.0081787109375
95.40725708007812
81.39261627197266
87.17896270751953
90.8259506225586
67.96528625488281
56.49073028564453
83.04358673095703
97.06061553955078
68.04753112792969
47.5837287902832
72.38964080810547
32.651737213134766
74.7244644165039
94.5506362915039
69.9709701538086
83.95944213867188
80.51968383789062
72.02833557128906
65.67621612548828
72.73265838623047
58.00851821899414
66.92323303222656
66.46265411376953
54.39295196533203
106.96214294433594
51.76127624511719
61.997314453125
84.86122131347656
57.0694465637207
68.88147735595703
64.41443634033203
57.227455139160156
85.15690612792969
53.010658264160156
60.86106872558594
82.9257583618164
73.0304183959961
77.12216186523438
31.421571731567383
51.75889587402344
97.16307830810547
62.053409576416016
47.00191116333008
47.56287384033203
41.55963134765625
85.77348327636719
60.32389450073242
50.62008285522461
70.73384094238281
46.523136138916016
58.3992805480957
86.16819763183594
67.27925872802734
88.57485961914062
76.20115661621094
66.43682098388672
71.04593658447266
81.89389038085938
63.251678466796875
76.73150634765625
44.44472885131836
