78.93009185791016
58.06370162963867
96.03431701660156
55.34828567504883
89.14566040039062
51.2834587097168
77.63362884521484
79.95377349853516
70.21304321289062
65.88943481445312
65.22183227539062
86.63082122802734
87.65298461914062
99.67810821533203
75.04316711425781
99.30804443359375
77.8773193359375
102.2518310546875
76.93878936767578
81.31866455078125
117.51631927490234
82.38363647460938
51.48219299316406
59.750144958496094
66.61692810058594
71.20301055908203
65.8795394897461
75.84934997558594
60.27433776855469
57.20685958862305
115.06678009033203
46.968841552734375
65.63748168945312
95.595458984375
81.7947769165039
22.174875259399414
66.02645111083984
53.8942985534668
68.618408203125
57.652122497558594
65.53123474121094
72.21006774902344
81.66702270507812
47.955322265625
75.63493347167969
66.48522186279297
62.547908782958984
71.97041320800781
59.38701629638672
88.35830688476562
126.45021057128906
52.28793716430664
50.201602935791016
62.85746765136719
93.22820281982422
54.143898010253906
67.70065307617188
94.43429565429688
101.11619567871094
71.59813690185547
39.82823181152344
115.1807861328125
58.977691650390625
58.998836517333984
89.76824188232422
92.9493637084961
64.14673614501953
58.85928726196289
74.43133544921875
72.66448974609375
68.4449234008789
87.13201904296875
77.97132873535156
52.959354400634766
69.6320571899414
25.386627197265625
48.403316497802734
74.30072021484375
74.9958267211914
65.2627182006836
75.6739730834961
83.88885498046875
86.9604263305664
42.97517013549805
62.514678955078125
117.53942108154297
100.09114074707031
58.979888916015625
53.70215606689453
82.32930755615234
105.20548248291016
41.25965881347656
60.459800720214844
50.8901252746582
90.89612579345703
94.19052124023438
54.13462448120117
54.67576599121094
80.39517974853516
63.86509323120117
78.57364654541016
21.79263687133789
97.0173110961914
79.47197723388672
51.45532989501953
67.8257827758789
87.27973937988281
70.00521087646484
52.16721725463867
68.65406799316406
42.49214172363281
54.072845458984375
65.33171081542969
66.40564727783203
86.14813232421875
54.4637565612793
92.36224365234375
88.97216796875
85.80410766601562
91.96316528320312
82.50485229492188
40.345951080322266
76.30396270751953
83.98150634765625
44.23667907714844
103.0281982421875
106.53269958496094
118.59542083740234
53.89451217651367
33.09257125854492
49.32672882080078
61.06415557861328
57.700523376464844
65.60625457763672
92.6863784790039
67.55949401855469
63.50700378417969
89.56229400634766
46.77724075317383
59.510555267333984
55.348670959472656
102.25650024414062
44.701908111572266
94.27886199951172
51.83732223510742
72.72272491455078
77.28042602539062
83.35611724853516
64.30538177490234
69.89801788330078
70.92548370361328
73.48928833007812
105.94996643066406
62.58820724487305
65.70198059082031
77.95513153076172
37.9987907409668
67.00363159179688
87.79883575439453
74.70437622070312
52.78288650512695
78.54560089111328
93.98780059814453
109.66679382324219
65.23536682128906
62.02025604248047
80.560302734375
97.50276184082031
77.82476806640625
54.32976150512695
81.5722427368164
40.85741424560547
66.20378875732422
57.27257537841797
96.06509399414062
33.98908615112305
87.06151580810547
89.46256256103516
75.52257537841797
70.36055755615234
76.12390899658203
62.46236038208008
68.67744445800781
78.78348541259766
59.71954345703125
63.734535217285156
71.01652526855469
81.5193099975586
22.876001358032227
41.0251350402832
99.53367614746094
74.87406921386719
66.12222290039062
75.1092300415039
72.93434143066406
27.237272262573242
55.679443359375
97.79981994628906
64.58291625976562
77.04618072509766
81.40853118896484
105.90597534179688
80.01972198486328
63.42387771606445
43.43277359008789
83.60846710205078
113.15079498291016
40.18880081176758
57.95339584350586
72.6360092163086
65.85435485839844
75.04463958740234
51.11802291870117
82.97632598876953
74.15123748779297
62.802738189697266
70.4478988647461
93.83668518066406
91.81310272216797
85.80915832519531
69.69734191894531
74.51866912841797
89.35546112060547
52.870216369628906
64.2070541381836
34.72277069091797
101.72418212890625
92.69290161132812
70.74313354492188
78.3984603881836
88.90908813476562
83.23067474365234
71.5667495727539
36.31221008300781
49.540645599365234
71.9954833984375
60.054813385009766
59.55995178222656
91.34675598144531
83.02349853515625
48.40686798095703
63.172706604003906
53.51207733154297
119.8836669921875
62.65203094482422
87.77063751220703
91.20872497558594
103.15603637695312
84.89013671875
74.3204345703125
79.74772644042969
75.82199096679688
69.62745666503906
58.65363311767578
109.31700897216797
68.282958984375
103.56861114501953
91.08201599121094
66.62940979003906
95.60786437988281
61.92083740234375
89.46188354492188
93.34944915771484
98.4834213256836
61.82996368408203
63.41264724731445
61.157371520996094
69.0630111694336
86.4305191040039
70.38695526123047
93.3643798828125
76.07305908203125
84.85614013671875
58.97255325317383
78.67570495605469
56.3581657409668
94.58521270751953
59.603370666503906
66.43748474121094
130.1691131591797
85.45841217041016
87.17696380615234
73.53784942626953
61.3896369934082
72.64283752441406
72.75921630859375
45.2724494934082
71.53514099121094
54.84861373901367
50.03993225097656
56.92308044433594
58.49585723876953
91.04387664794922
109.9399185180664
63.54264450073242
80.98955535888672
106.0039291381836
59.12678527832031
79.19954681396484
99.32916259765625
80.28704833984375
87.4964370727539
65.92289733886719
109.10376739501953
55.20697784423828
63.99498748779297
53.81463623046875
101.45457458496094
89.52790832519531
87.35929107666016
57.53947448730469
85.91561126708984
45.63322830200195
69.36994171142578
53.1763916015625
64.672119140625
70.06746673583984
94.60950469970703
56.56264877319336
100.35742950439453
85.41943359375
48.35149383544922
52.26435852050781
65.20655059814453
91.3851089477539
59.930145263671875
75.4871826171875
69.00066375732422
59.09933853149414
70.45794677734375
65.36962127685547
28.891695022583008
69.9117431640625
102.21988677978516
93.1892318725586
43.29383850097656
75.01041412353516
82.18962860107422
77.684814453125
106.33694458007812
104.45149993896484
53.420291900634766
61.421348571777344
92.72066497802734
21.874605178833008
40.058502197265625
84.85372924804688
38.70917510986328
48.79468536376953
85.64350128173828
120.42816162109375
76.9677963256836
92.2874526977539
59.98728561401367
39.876346588134766
64.42594909667969
101.76828002929688
70.70470428466797
82.19832611083984
66.68060302734375
100.39408874511719
87.94654083251953
74.98814392089844
34.23802185058594
66.68783569335938
52.552162170410156
58.28166198730469
91.0189437866211
79.44276428222656
91.45609283447266
46.50778579711914
68.41728973388672
32.2719841003418
55.6057243347168
83.56996154785156
67.18229675292969
67.6884765625
101.13546752929688
68.48954772949219
87.44679260253906
73.90547943115234
98.40076446533203
72.88449096679688
86.79359436035156
66.90693664550781
70.54088592529297
86.46888732910156
61.86402130126953
77.69141387939453
49.74146270751953
61.7238883972168
109.16705322265625
60.695343017578125
88.78681182861328
62.182472229003906
87.20439910888672
70.15499877929688
97.78855895996094
65.21966552734375
57.85603713989258
89.12106323242188
99.13389587402344
97.69009399414062
84.13774871826172
74.58575439453125
79.9965591430664
62.19129943847656
105.03228759765625
58.740966796875
76.66311645507812
80.58113098144531
68.65198516845703
49.3984260559082
93.45467376708984
79.84639739990234
74.26461029052734
93.9490966796875
66.01429748535156
59.86836242675781
66.21642303466797
90.20060729980469
79.85741424560547
107.09566497802734
59.40730667114258
58.653564453125
71.23592376708984
87.71862030029297
80.05211639404297
108.28488159179688
65.81317138671875
88.33155059814453
48.66193771362305
64.49079895019531
125.18855285644531
56.02397155761719
95.76124572753906
41.674461364746094
78.99713134765625
57.258358001708984
83.29421997070312
84.30162048339844
68.83677673339844
85.12786102294922
88.34251403808594
35.53067398071289
47.85118865966797
77.1846694946289
50.03176498413086
75.9536361694336
56.98524475097656
100.99348449707031
39.91565704345703
57.80332946777344
55.8644905090332
91.896240234375
58.67379379272461
87.22528839111328
76.4613265991211
78.0010986328125
89.1794662475586
103.93328094482422
72.88900756835938
95.28518676757812
81.64865112304688
57.77498245239258
53.190120697021484
55.37556457519531
45.25212478637695
62.9777717590332
90.16838073730469
88.22875213623047
93.88579559326172
72.03813171386719
72.01264190673828
85.8103256225586
93.24677276611328
57.896202087402344
108.38957214355469
45.486793518066406
110.19188690185547
72.12142181396484
63.159217834472656
61.94736862182617
75.18965911865234
50.2298698425293
55.159061431884766
95.41310119628906
88.1245346069336
88.5609130859375
49.28652572631836
45.8038215637207
70.56343841552734
77.29515838623047
34.58976745605469
25.9549503326416
51.966461181640625
48.51698303222656
75.95320892333984
91.95157623291016
62.64475631713867
62.52812957763672
52.77254104614258
58.547027587890625
90.4771499633789
83.84271240234375
82.2959213256836
87.8327407836914
63.087158203125
47.48842239379883
41.08390426635742
79.98622131347656
61.184226989746094
71.95481872558594
97.26521301269531
105.71661376953125
70.65312957763672
48.70287322998047
69.14501953125
63.876953125
66.27897644042969
73.49034881591797
143.03311157226562
75.88856506347656
63.30183410644531
58.25761795043945
85.67102813720703
112.24817657470703
80.39765930175781
98.52799987792969
71.01545715332031
55.339447021484375
87.57250213623047
40.628170013427734
104.41413879394531
70.52278900146484
68.14390563964844
68.87409210205078
25.09581756591797
55.7138786315918
78.67161560058594
52.326324462890625
62.891902923583984
98.89964294433594
81.1950912475586
59.50236892700195
87.4767837524414
81.99240112304688
51.60026550292969
65.96147918701172
74.03752899169922
85.07947540283203
73.26678466796875
50.20893096923828
57.034122467041016
76.02882385253906
44.81591033935547
77.86368560791016
81.58441925048828
50.40740966796875
103.19812774658203
79.96504974365234
87.90650177001953
68.4466781616211
56.510406494140625
66.62683868408203
58.013065338134766
99.94039154052734
53.7459602355957
80.61326599121094
91.67518615722656
60.90428161621094
89.11677551269531
83.69412231445312
88.32076263427734
90.15613555908203
67.5753173828125
60.78707504272461
92.4933853149414
92.94140625
41.40230178833008
47.25762939453125
84.67313385009766
80.27040100097656
56.33126449584961
36.7830696105957
68.39781188964844
88.1624984741211
86.45592498779297
84.9141845703125
55.9766845703125
89.33809661865234
72.91634368896484
51.93268966674805
69.23274230957031
72.78888702392578
51.05986022949219
63.89665985107422
56.34061813354492
103.27212524414062
61.81412887573242
71.89312744140625
60.530792236328125
60.36876678466797
100.59026336669922
88.66690826416016
66.28536224365234
91.65550994873047
63.279258728027344
95.78079986572266
61.58596420288086
88.62593078613281
57.812225341796875
88.55064392089844
76.45410919189453
116.80952453613281
86.47114562988281
80.556640625
52.64418411254883
90.93111419677734
94.26683807373047
39.00432586669922
50.452552795410156
116.26849365234375
81.2586898803711
59.17466735839844
60.9171142578125
84.8454360961914
73.12718200683594
73.80879974365234
67.80311584472656
108.2637939453125
61.84782409667969
34.216941833496094
88.71865844726562
61.66923522949219
66.82867431640625
54.9249267578125
77.80513763427734
59.3780403137207
57.58983612060547
71.44950103759766
86.85165405273438
52.632633209228516
69.0845718383789
63.44585037231445
73.21733856201172
87.97911071777344
74.16737365722656
70.96138763427734
48.92744064331055
60.50648498535156
76.32522583007812
89.38174438476562
68.96562957763672
77.79644775390625
62.55375289916992
55.60718536376953
88.84896850585938
84.00566864013672
80.646728515625
62.27095031738281
44.96083068847656
35.220359802246094
48.96620178222656
56.49174118041992
85.70092010498047
51.66950225830078
47.058372497558594
96.33550262451172
85.2219467163086
39.64286804199219
99.00337982177734
61.47634506225586
70.22911834716797
32.889739990234375
100.5252685546875
37.82732391357422
72.2044448852539
92.03638458251953
75.43698120117188
64.68978881835938
103.65143585205078
93.67578887939453
91.38650512695312
81.3652572631836
70.60855865478516
78.52468872070312
118.80255126953125
104.9237289428711
56.571739196777344
57.21384811401367
49.866600036621094
82.27586364746094
90.70272064208984
69.89445495605469
76.7180404663086
104.42220306396484
58.52109909057617
66.45570373535156
60.86185836791992
56.425052642822266
66.22987365722656
64.8134994506836
58.09291076660156
66.49276733398438
69.73249053955078
82.19157409667969
46.51449966430664
65.81900024414062
41.43442153930664
61.14374923706055
52.019287109375
52.234737396240234
99.56950378417969
62.71474838256836
84.21598815917969
43.966060638427734
62.89921188354492
40.149078369140625
59.34531021118164
73.88702392578125
59.039249420166016
57.1053466796875
69.04813385009766
45.113563537597656
64.38129425048828
53.730289459228516
84.4666519165039
79.33682250976562
87.7591552734375
76.25709533691406
36.472957611083984
67.10641479492188
70.43480682373047
34.16789245605469
91.06834411621094
101.3862533569336
86.75877380371094
77.36036682128906
90.0679702758789
95.05005645751953
69.28367614746094
51.30496597290039
56.38125991821289
80.19729614257812
66.45280456542969
74.23997497558594
89.23881530761719
77.0185775756836
55.26559066772461
91.12992858886719
61.16037368774414
58.44280242919922
88.38978576660156
62.730411529541016
35.83457565307617
59.55949020385742
97.904052734375
71.78279113769531
54.388423919677734
82.0428466796875
53.84523010253906
41.71983337402344
85.12522888183594
86.97101593017578
35.38050079345703
52.840904235839844
67.3066177368164
44.33513259887695
57.930171966552734
95.94425964355469
77.9006576538086
55.011348724365234
94.23665618896484
41.0871696472168
87.24934387207031
82.1588363647461
76.01189422607422
45.05731201171875
87.43679809570312
71.31841278076172
91.07817840576172
85.43762969970703
53.2814826965332
73.73457336425781
21.41726303100586
75.91777801513672
79.12362670898438
74.43618774414062
43.77138900756836
62.70749282836914
86.64744567871094
89.1564712524414
105.69192504882812
82.82696533203125
79.90467071533203
37.782814025878906
82.91040802001953
79.41341400146484
84.21324157714844
76.99345397949219
72.57975769042969
57.016441345214844
84.07855987548828
39.01767349243164
84.9157943725586
66.31776428222656
55.307125091552734
119.16258239746094
55.59857177734375
72.29167938232422
73.96644592285156
74.14665222167969
52.796627044677734
85.82659912109375
79.90326690673828
103.48933410644531
54.19336700439453
105.89845275878906
78.313720703125
42.946903228759766
73.46713256835938
41.34687042236328
58.487892150878906
64.12377166748047
91.9134521484375
64.49446105957031
51.72277069091797
71.15508270263672
49.953819274902344
51.384620666503906
72.17924499511719
48.17478942871094
85.59497833251953
64.8051986694336
77.1897201538086
61.39658737182617
82.51387023925781
59.3296012878418
97.00663757324219
65.48358154296875
68.39469146728516
71.69483947753906
104.59839630126953
88.2374038696289
85.0706558227539
82.55426025390625
89.10768127441406
67.66642761230469
57.083473205566406
76.39095306396484
72.62989807128906
57.54984664916992
57.43368911743164
49.134395599365234
74.12432861328125
102.35586547851562
73.93084716796875
88.48060607910156
117.09523010253906
107.55805969238281
80.54794311523438
77.0462875366211
79.37919616699219
91.58660125732422
63.07090759277344
72.63175964355469
107.68406677246094
48.61541748046875
57.103824615478516
96.61488342285156
73.71070098876953
66.23505401611328
60.28658676147461
71.34829711914062
101.71390533447266
63.2491455078125
77.71730041503906
54.0101203918457
35.06904220581055
33.31132888793945
66.19427490234375
61.28179168701172
47.67428970336914
85.25275421142578
106.72472381591797
75.66460418701172
46.8570442199707
74.58206176757812
94.70567321777344
97.86873626708984
111.1148681640625
55.69961166381836
45.81488037109375
82.22117614746094
51.258731842041016
43.184425354003906
79.89950561523438
105.88591003417969
76.6960220336914
112.60419464111328
94.01655578613281
81.5951919555664
74.74397277832031
93.65123748779297
52.6432991027832
64.37335205078125
75.97000885009766
93.51455688476562
63.455936431884766
82.09938049316406
47.97890853881836
69.71826934814453
74.34603118896484
72.21814727783203
62.646907806396484
81.9665756225586
58.733760833740234
96.14353942871094
82.04917907714844
56.79130172729492
68.068115234375
116.65467834472656
72.26207733154297
75.32347106933594
73.8084716796875
61.28329086303711
64.95433807373047
77.40254974365234
38.488548278808594
81.30695343017578
31.322463989257812
90.00326538085938
41.361328125
63.25701904296875
114.19744110107422
67.28759765625
72.51663970947266
68.27909088134766
43.21693420410156
55.6126823425293
101.6452407836914
52.158756256103516
82.27098083496094
67.09977722167969
77.3541488647461
62.472530364990234
81.83568572998047
69.31385803222656
77.14024353027344
75.33390808105469
87.09496307373047
42.60506820678711
82.01449584960938
63.54815673828125
63.526824951171875
72.56327819824219
67.15806579589844
49.674163818359375
53.79777908325195
76.23066711425781
76.11579132080078
94.35346221923828
105.51676177978516
84.30107116699219
54.683570861816406
98.00396728515625
62.25539016723633
58.755374908447266
60.35789489746094
89.6517105102539
51.302490234375
36.71857833862305
76.7410659790039
42.6499137878418
96.76307678222656
87.4498062133789
76.1875228881836
117.93584442138672
94.03629302978516
87.67295837402344
62.439632415771484
89.8414306640625
85.05879211425781
75.9153823852539
78.0407943725586
98.54550170898438
100.24987030029297
71.4897232055664
59.577335357666016
80.16413116455078
84.39887237548828
47.94111633300781
73.93734741210938
111.15643310546875
46.99195861816406
44.73073959350586
61.08628463745117
80.97837829589844
53.32114791870117
46.2675895690918
79.3890609741211
56.80509948730469
87.82320404052734
86.13594818115234
79.47496032714844
100.82763671875
74.88131713867188
95.436279296875
75.4864730834961
73.47598266601562
63.66525650024414
61.40327072143555
94.0739517211914
69.90782165527344
75.5047378540039
67.06041717529297
93.25321197509766
61.87944030761719
70.29910278320312
85.27145385742188
121.4993896484375
85.22282409667969
50.37591552734375
73.08390808105469
82.13627624511719
122.68507385253906
67.5607681274414
103.14035034179688
66.89341735839844
65.87205505371094
61.664573669433594
31.602331161499023
55.8421516418457
108.51775360107422
70.58184051513672
54.37556076049805
87.3232192993164
108.25946807861328
58.97145462036133
71.75288391113281
102.41850280761719
56.67903137207031
58.691253662109375
89.75924682617188
104.86550903320312
76.45548248291016
108.54632568359375
50.89320755004883
128.51377868652344
86.5252914428711
40.90122985839844
26.361291885375977
68.65553283691406
58.254817962646484
67.24126434326172
50.85969924926758
71.77042388916016
107.04154968261719
68.26122283935547
84.47914123535156
58.34613800048828
54.974205017089844
92.101318359375
104.52667999267578
56.433441162109375
76.87316131591797
58.90467071533203
86.58729553222656
44.27989959716797
77.98760223388672
89.61957550048828
62.34971237182617
101.30608367919922
78.38802337646484
86.23649597167969
79.56109619140625
90.570556640625
39.68791961669922
90.80467224121094
48.70241165161133
113.48451232910156
94.9898910522461
77.83332824707031
82.78286743164062
87.84544372558594
72.29271697998047
105.44544219970703
59.22001266479492
78.99751281738281
72.17023468017578
58.60835647583008
73.48677825927734
92.65457153320312
79.68097686767578
73.3702621459961
40.44270324707031
89.53109741210938
59.50210189819336
46.925209045410156
77.09477233886719
79.47467803955078
55.41735076904297
94.90956115722656
94.21424865722656
54.42646408081055
89.260986328125
58.59953689575195
50.73762130737305
49.844635009765625
50.266605377197266
81.62971496582031
64.84447479248047
62.47795486450195
74.61231231689453
72.0321273803711
92.64722442626953
95.90611267089844
84.37462615966797
49.47901916503906
62.017059326171875
68.59288787841797
48.604026794433594
78.7311782836914
71.22862243652344
85.04057312011719
71.08379364013672
52.717132568359375
88.74786376953125
64.12275695800781
78.7106704711914
88.61210632324219
49.885719299316406
54.8027458190918
44.55979537963867
84.90301513671875
89.67582702636719
89.67737579345703
60.036922454833984
55.66415023803711
58.55382537841797
61.23173141479492
64.71234130859375
49.31189727783203
95.11248779296875
73.3400650024414
74.53605651855469
51.74923324584961
62.938350677490234
121.58856201171875
48.58518600463867
62.715309143066406
76.0467300415039
104.43693542480469
76.4823226928711
69.29613494873047
37.547019958496094
100.77198028564453
85.11181640625
68.89544677734375
69.73373413085938
55.79517364501953
42.05561065673828
38.35272979736328
51.64701461791992
53.43011474609375
69.55723571777344
67.24903106689453
44.86561965942383
67.42842102050781
36.4943733215332
93.0789794921875
94.1892318725586
91.69497680664062
52.6701774597168
92.5325927734375
55.3571891784668
81.21967315673828
66.67759704589844
40.4630126953125
98.49354553222656
99.53738403320312
108.58409118652344
47.83427810668945
84.11405181884766
62.70808792114258
63.84868621826172
107.3152084350586
84.60274505615234
70.56817626953125
73.69541931152344
72.15367126464844
61.8292121887207
85.65348815917969
67.64668273925781
76.65372467041016
68.42182159423828
97.53396606445312
65.2253646850586
79.37191009521484
69.78052520751953
74.05690002441406
87.64420318603516
88.12873077392578
52.138614654541016
46.09987258911133
74.43661499023438
45.979454040527344
52.60903549194336
86.9544448852539
45.940853118896484
86.4527359008789
57.58226776123047
83.23454284667969
71.60043334960938
60.34184646606445
57.01863098144531
72.24676513671875
95.1722183227539
103.90381622314453
68.294677734375
86.32161712646484
48.540618896484375
52.159812927246094
43.158634185791016
56.478271484375
64.64289855957031
66.73486328125
106.36848449707031
108.01874542236328
104.99498748779297
75.11880493164062
71.01406860351562
77.4639892578125
60.97983932495117
73.16893768310547
97.3869400024414
65.5535888671875
88.0518798828125
57.629661560058594
87.7007827758789
61.307979583740234
97.40282440185547
85.6363296508789
80.63311004638672
118.21974182128906
87.67481231689453
57.85930633544922
60.72511291503906
37.18670654296875
79.9113540649414
63.51905822753906
89.48284912109375
64.29522705078125
64.94000244140625
41.73966598510742
65.98580169677734
70.62834930419922
45.84444808959961
66.33565521240234
76.91891479492188
47.11947250366211
78.68792724609375
59.46715545654297
48.96935272216797
76.01216888427734
41.90370178222656
75.70823669433594
87.41460418701172
65.82979583740234
91.8807601928711
88.85604858398438
82.11841583251953
80.04379272460938
102.6533203125
95.29912567138672
76.69252014160156
77.35757446289062
74.13491821289062
111.2029037475586
79.60649108886719
47.27869415283203
62.487701416015625
57.07587814331055
92.59217071533203
54.151390075683594
70.66368865966797
115.48863220214844
49.609615325927734
70.99722290039062
62.72419357299805
85.56904602050781
102.37005615234375
98.1905288696289
59.457733154296875
57.12800979614258
76.31381225585938
50.01073455810547
40.667266845703125
59.561134338378906
84.8077621459961
58.03677749633789
91.14864349365234
77.92272186279297
58.226715087890625
76.47437286376953
91.04067993164062
51.72333908081055
69.47606658935547
59.44633102416992
56.33161163330078
64.24654388427734
69.02381134033203
40.584259033203125
50.146949768066406
97.8768539428711
55.37583541870117
64.68002319335938
34.59314727783203
75.10684204101562
94.39112854003906
47.6591796875
76.1574935913086
98.72310638427734
96.3377456665039
65.33818054199219
81.88641357421875
85.68559265136719
66.92710876464844
62.31681823730469
81.77274322509766
52.014530181884766
40.52275466918945
79.02542114257812
71.61023712158203
82.13140869140625
38.08491516113281
41.90867233276367
66.67928314208984
58.5748405456543
65.8545913696289
78.82252502441406
94.38277435302734
106.5052490234375
95.80297088623047
67.35145568847656
109.7094955444336
65.52784729003906
53.3693962097168
63.99599838256836
80.32200622558594
94.50464630126953
75.33942413330078
43.08778381347656
82.53668975830078
78.81979370117188
96.37203216552734
86.18290710449219
46.28082275390625
98.3924560546875
71.69317626953125
73.91377258300781
70.63442993164062
81.39977264404297
81.16329956054688
82.62594604492188
90.2436294555664
70.823486328125
83.91108703613281
65.02240753173828
65.9718246459961
58.399269104003906
72.74622344970703
75.66546630859375
54.36214828491211
90.86479187011719
54.28059387207031
54.95941162109375
74.56022644042969
99.03764343261719
89.40238952636719
61.15092849731445
51.06140899658203
92.73704528808594
64.18688201904297
91.89813995361328
83.32997131347656
71.13064575195312
90.00794982910156
53.9822998046875
98.212890625
109.31538391113281
82.71160888671875
49.02891159057617
49.46941375732422
97.52742004394531
92.92074584960938
54.23265075683594
79.72367095947266
33.291873931884766
88.1299057006836
57.35003662109375
39.878482818603516
76.94554901123047
50.97389221191406
93.42453002929688
66.90812683105469
42.595638275146484
68.55879974365234
66.02684783935547
34.0643310546875
63.10984802246094
104.17219543457031
67.1649169921875
66.02500915527344
86.35176086425781
100.48248291015625
97.44519805908203
88.15128326416016
20.053627014160156
47.559112548828125
53.96350860595703
89.52310180664062
90.50491333007812
92.88105010986328
94.99160766601562
81.9050521850586
78.08001708984375
81.5418472290039
74.30538177490234
67.66898345947266
42.35926818847656
73.97225952148438
60.34672164916992
79.84978485107422
59.667724609375
78.71314239501953
68.64108276367188
82.26254272460938
57.06118392944336
60.85867691040039
39.098876953125
65.52764129638672
96.82942962646484
42.29130935668945
89.2204818725586
50.705543518066406
78.51009368896484
85.87583923339844
94.03929138183594
69.64459991455078
76.33177185058594
76.44285583496094
63.45889663696289
80.44522094726562
72.11714935302734
77.23904418945312
71.4577865600586
63.03816604614258
88.2199935913086
87.6391372680664
75.94528198242188
54.12522506713867
61.22754669189453
92.7427978515625
50.66391372680664
65.41095733642578
42.401100158691406
68.3561782836914
67.91970825195312
119.69161224365234
71.14785766601562
106.32381439208984
68.57756805419922
36.38164138793945
88.43588256835938
65.9447250366211
79.61383056640625
113.3763656616211
70.82461547851562
56.21738815307617
49.933509826660156
76.82374572753906
78.1744384765625
73.72354125976562
47.68946075439453
89.20594024658203
44.2195930480957
53.61933135986328
100.24832153320312
105.0675277709961
59.937870025634766
40.988365173339844
64.0150146484375
57.282535552978516
62.077125549316406
106.83002471923828
96.75270080566406
59.95826721191406
63.43257141113281
49.72550964355469
66.5877456665039
85.11133575439453
63.09138488769531
111.51885986328125
63.36544418334961
80.79862213134766
72.95670318603516
67.88045501708984
96.12419128417969
86.33709716796875
57.00896453857422
59.50905990600586
81.14615631103516
87.44526672363281
93.65129089355469
31.44651985168457
28.559301376342773
57.64311218261719
81.01480102539062
80.84178161621094
50.51646423339844
76.17414855957031
89.1189956665039
67.39411926269531
69.32135009765625
78.68911743164062
64.72454071044922
72.17507934570312
39.182861328125
44.48340606689453
76.8021240234375
115.14669799804688
55.8115348815918
37.796531677246094
108.41255187988281
94.77837371826172
82.18453216552734
86.8410415649414
67.97710418701172
82.69274139404297
49.77845001220703
44.3499641418457
93.85738372802734
98.94547271728516
72.46350860595703
81.01676177978516
50.63060760498047
33.815887451171875
82.39592742919922
56.82016372680664
59.25390625
79.53949737548828
78.39276123046875
60.102298736572266
77.04061889648438
76.60662841796875
82.3760986328125
62.5751953125
80.87505340576172
89.6749267578125
35.284690856933594
89.85330200195312
94.23126220703125
53.1055793762207
64.43814849853516
81.212646484375
88.6240234375
61.30943298339844
62.289642333984375
60.998023986816406
62.843299865722656
31.85348892211914
60.215579986572266
69.0946273803711
92.57194519042969
72.66405487060547
82.627685546875
45.07969284057617
56.83229446411133
54.38749313354492
94.7662582397461
69.33757019042969
90.95704650878906
76.71693420410156
42.43743896484375
64.65885925292969
89.95264434814453
36.509849548339844
67.12523651123047
81.03880310058594
85.48455810546875
69.05641174316406
87.3327407836914
58.27927780151367
66.12508392333984
89.71993255615234
93.43746948242188
65.27043914794922
94.1708984375
78.1496353149414
45.54415512084961
53.56828308105469
104.59185791015625
75.82994079589844
86.05284881591797
25.541500091552734
56.40281677246094
69.30718231201172
47.001922607421875
78.35742950439453
126.79825592041016
73.99767303466797
97.59728240966797
72.59864044189453
57.038719177246094
31.616039276123047
43.73771286010742
79.4653091430664
67.07085418701172
54.510135650634766
72.0630111694336
74.48230743408203
90.2182846069336
69.9564437866211
94.87741088867188
56.26939010620117
97.9745864868164
75.61835479736328
74.87387084960938
61.0687370300293
41.900020599365234
90.63359069824219
99.89186096191406
89.7347183227539
58.52538299560547
74.1983413696289
57.41486740112305
110.64604949951172
86.91818237304688
45.78650665283203
82.37398529052734
113.034423828125
72.30423736572266
71.38318634033203
98.5321273803711
129.5253448486328
61.542667388916016
64.03468322753906
47.98994064331055
67.83515167236328
91.96762084960938
55.726192474365234
49.26249694824219
61.397369384765625
94.54865264892578
105.79034423828125
65.166259765625
47.18408203125
81.70223236083984
72.96940612792969
78.82182312011719
19.314987182617188
116.5002670288086
56.36414337158203
50.08879852294922
47.07197952270508
81.31758880615234
82.13323211669922
76.38504791259766
60.7955322265625
61.66094207763672
49.23003387451172
76.9725112915039
81.6785888671875
79.9762954711914
65.21815490722656
57.36555862426758
48.77655029296875
96.14543914794922
85.64031982421875
73.04904174804688
102.43668365478516
91.99578094482422
34.622642517089844
57.03211212158203
89.4467544555664
85.881591796875
95.5994873046875
113.77152252197266
96.62882232666016
43.67714309692383
87.03253173828125
48.93941879272461
68.095458984375
70.56318664550781
67.8604736328125
81.52581787109375
100.00470733642578
78.48575592041016
75.77388000488281
64.22862243652344
88.05979919433594
85.53463745117188
58.81847381591797
68.39889526367188
95.9879379272461
41.79346466064453
107.16049194335938
47.95771789550781
42.06990432739258
108.59672546386719
99.38147735595703
71.6307601928711
67.20191955566406
64.0336685180664
85.60517120361328
73.20040893554688
18.157028198242188
71.53153228759766
78.47000885009766
96.16588592529297
72.15713500976562
51.742305755615234
51.477516174316406
103.92745208740234
27.828346252441406
73.62965393066406
75.81328582763672
63.75345993041992
66.41475677490234
45.7548942565918
97.96429443359375
23.7431697845459
91.77804565429688
55.534881591796875
69.15554809570312
25.562877655029297
69.5650405883789
86.99443817138672
84.9306640625
86.38322448730469
70.27215576171875
67.25348663330078
35.30633544921875
106.68026733398438
64.0077896118164
92.83043670654297
58.51089859008789
80.05804443359375
80.2912826538086
92.58477020263672
78.82302856445312
71.45269012451172
83.60875701904297
92.82775115966797
73.71896362304688
83.42524719238281
49.07978820800781
86.41688537597656
85.88908386230469
44.87591552734375
95.65874481201172
69.98174285888672
99.18364715576172
78.25020599365234
72.88410949707031
80.9760971069336
73.5621109008789
62.47529602050781
68.73941040039062
97.28866577148438
85.18170166015625
84.73521423339844
47.40350341796875
77.76421356201172
62.802406311035156
50.60826110839844
69.15653991699219
91.10865783691406
81.04722595214844
53.658180236816406
77.68333435058594
66.71858978271484
93.94246673583984
48.22532653808594
80.315185546875
65.95455169677734
98.7181625366211
52.38394546508789
38.004364013671875
98.3671875
85.97319793701172
51.64297103881836
60.52813720703125
82.86202239990234
91.83182525634766
80.72038269042969
64.30755615234375
99.42647552490234
44.797393798828125
56.1714973449707
60.48060607910156
65.95384979248047
63.04156494140625
113.50920104980469
101.3194580078125
75.97308349609375
69.18377685546875
74.98468017578125
26.187423706054688
106.6997299194336
84.93903350830078
85.08184814453125
80.79573822021484
96.46350860595703
73.30111694335938
78.55044555664062
32.36478805541992
73.70626068115234
78.45775604248047
88.67816925048828
87.51473999023438
55.268436431884766
47.513004302978516
67.37346649169922
75.73995208740234
71.88751220703125
85.54618072509766
63.64168167114258
100.52031707763672
95.32112121582031
104.11019897460938
60.87575912475586
47.795082092285156
40.512264251708984
71.0909652709961
102.93467712402344
111.01654815673828
66.63603973388672
33.69725799560547
78.31834411621094
74.16434478759766
98.05267333984375
91.60911560058594
84.24122619628906
60.61634826660156
48.77657699584961
95.89449310302734
64.81390380859375
90.30626678466797
92.61536407470703
50.097354888916016
68.82836151123047
81.63949584960938
75.60982513427734
50.54844665527344
75.27728271484375
83.79261016845703
79.25508117675781
30.49547004699707
63.530662536621094
82.17680358886719
63.94432067871094
73.6427993774414
68.2672348022461
63.102073669433594
43.03239059448242
59.49081802368164
82.49401092529297
76.41368103027344
70.71869659423828
87.63748168945312
79.72209167480469
77.58106994628906
66.37422180175781
51.05793380737305
51.5523681640625
84.63646697998047
51.288883209228516
71.41349792480469
47.675270080566406
74.68817901611328
63.26403045654297
107.94416046142578
74.91996002197266
101.47058868408203
79.40267944335938
62.09054183959961
65.69876861572266
47.33123779296875
62.997589111328125
60.64268493652344
56.32097625732422
50.15509033203125
97.06130981445312
78.7948989868164
70.3206558227539
66.83780670166016
58.95915222167969
64.45711517333984
91.04808807373047
61.139251708984375
62.49042510986328
51.768497467041016
67.87666320800781
90.36418914794922
112.01673126220703
58.34858703613281
59.5436897277832
74.82194519042969
64.09986114501953
53.953765869140625
21.754270553588867
57.91057205200195
71.91637420654297
48.25035858154297
70.95210266113281
100.75688171386719
57.52230453491211
35.70756149291992
50.9496955871582
91.95887756347656
96.7083511352539
67.23439025878906
31.132083892822266
77.12080383300781
84.97064971923828
65.08777618408203
56.77511978149414
55.7109489440918
68.92012786865234
74.3885726928711
60.180381774902344
72.90599060058594
75.29322814941406
78.92706298828125
87.33345794677734
80.07875061035156
56.054847717285156
66.3082275390625
61.968448638916016
92.1455307006836
94.1705093383789
78.58463287353516
89.3976821899414
65.34581756591797
91.25498962402344
68.89717864990234
67.2483901977539
89.58910369873047
75.25711059570312
70.42194366455078
60.2149772644043
39.64435577392578
77.29078674316406
58.19920349121094
80.91866302490234
61.921119689941406
67.91681671142578
85.05905151367188
76.85417938232422
83.7123031616211
86.80570983886719
88.7228012084961
51.45322799682617
43.92219924926758
39.9569091796875
57.84394836425781
56.955936431884766
68.67046356201172
62.70388412475586
51.06296920776367
81.73456573486328
66.85504913330078
60.95170974731445
84.2021484375
70.47225952148438
68.7686767578125
69.35678100585938
85.62969970703125
83.47123718261719
93.6007308959961
69.68570709228516
91.34349060058594
79.99214935302734
97.09953308105469
50.66208267211914
74.25685119628906
98.86383056640625
86.76615905761719
76.6159896850586
64.87921142578125
84.80693054199219
87.12826538085938
75.95274353027344
67.7679443359375
47.5761833190918
56.052001953125
39.94920349121094
89.21758270263672
71.7925033569336
50.38771438598633
54.52804946899414
89.65101623535156
98.7767333984375
60.363956451416016
60.86909484863281
92.4177474975586
91.5821762084961
62.93608474731445
67.26190185546875
49.0797119140625
49.26123809814453
97.10211181640625
70.47053527832031
104.94650268554688
90.18515014648438
69.47825622558594
72.62044525146484
122.62882232666016
46.01783752441406
65.68443298339844
78.63153839111328
96.31564331054688
72.43073272705078
69.73649597167969
73.99360656738281
65.30364227294922
97.03471374511719
62.40061950683594
55.66104507446289
55.31934356689453
54.275779724121094
63.75783920288086
106.3523178100586
59.24959945678711
60.31496047973633
64.9427490234375
83.717041015625
59.06391906738281
67.44510650634766
106.41813659667969
65.65892791748047
80.0809326171875
77.87140655517578
42.18319320678711
73.26799011230469
77.15467834472656
50.30747604370117
121.96527099609375
83.64898681640625
103.42597198486328
64.51809692382812
41.21388626098633
80.17259979248047
89.86883544921875
69.14480590820312
94.38157653808594
70.37425994873047
98.574462890625
57.690460205078125
57.39808654785156
64.62026977539062
76.73377227783203
48.3020133972168
74.60240173339844
56.881954193115234
72.14576721191406
49.623077392578125
59.33632278442383
82.51406860351562
72.26908874511719
95.44851684570312
126.95687866210938
41.317596435546875
73.94082641601562
101.0508041381836
68.79621124267578
83.77913665771484
68.18318176269531
69.56204223632812
57.219356536865234
37.073944091796875
73.01679992675781
84.90850067138672
115.45767211914062
71.80025482177734
52.80731964111328
82.71350860595703
49.22475051879883
71.91764068603516
79.89632415771484
62.57366943359375
57.896053314208984
62.83837127685547
51.69110870361328
41.160099029541016
93.37469482421875
51.59244155883789
49.93621063232422
108.11383819580078
66.45447540283203
68.03467559814453
33.16912078857422
48.85395431518555
73.8953628540039
78.95565795898438
77.455322265625
89.70516967773438
57.47488021850586
77.962890625
47.29327392578125
79.87845611572266
52.67627716064453
81.1695556640625
80.47042083740234
74.88760375976562
75.71085357666016
83.18706512451172
80.39527130126953
84.12653350830078
107.38404083251953
81.6479263305664
103.62305450439453
68.69621276855469
60.78099822998047
99.7471694946289
67.05545806884766
57.90782928466797
94.94538116455078
52.952579498291016
55.77973937988281
50.43918991088867
59.037052154541016
77.77513122558594
14.739468574523926
63.39790344238281
107.77013397216797
37.541229248046875
40.83193588256836
68.51930236816406
35.7426643371582
90.87129211425781
115.98370361328125
88.56011199951172
10.687540054321289
71.68685913085938
134.41162109375
63.1964111328125
75.7801742553711
81.04422760009766
63.08903121948242
61.52779769897461
101.73265838623047
34.018245697021484
55.20723342895508
129.81155395507812
46.88204574584961
75.82591247558594
71.15266418457031
46.43727111816406
106.61045837402344
84.78327941894531
60.800010681152344
87.25341796875
54.57047653198242
85.2727279663086
102.10833740234375
38.405269622802734
92.1828842163086
43.84116744995117
84.30802917480469
55.54700469970703
56.171993255615234
74.73575592041016
84.71501922607422
62.13853454589844
103.12227630615234
99.7511215209961
52.287109375
60.16541290283203
63.2946662902832
46.386112213134766
71.31336975097656
88.35686492919922
77.5237045288086
50.868896484375
93.28545379638672
92.93218231201172
74.81916809082031
93.14002227783203
67.56695556640625
106.19029235839844
45.13663101196289
40.911277770996094
75.39265441894531
76.45744323730469
38.90669250488281
87.47631072998047
34.516883850097656
72.15737915039062
64.06058502197266
44.77952575683594
50.57620620727539
62.47743606567383
62.07023239135742
69.97590637207031
81.25676727294922
42.87339782714844
117.01495361328125
80.41897583007812
68.60711669921875
60.52521896362305
64.61188507080078
59.01081466674805
61.407920837402344
57.81034851074219
49.562862396240234
84.13143920898438
59.89194107055664
66.96575164794922
32.881431579589844
59.4671516418457
83.80859375
58.60219955444336
47.895442962646484
65.42950439453125
67.03822326660156
92.86724090576172
37.18726348876953
76.89641571044922
94.71867370605469
59.765411376953125
89.69441986083984
92.23290252685547
70.08589172363281
82.85901641845703
73.06710815429688
72.12570190429688
89.64739227294922
63.6566047668457
99.57437133789062
79.01241302490234
75.10919189453125
74.36341857910156
51.62211227416992
79.08687591552734
86.83702850341797
101.35267639160156
61.877925872802734
46.868186950683594
132.2857666015625
57.020328521728516
53.89272689819336
78.78794860839844
77.51618194580078
46.91462326049805
64.70681762695312
52.08195877075195
74.57454681396484
105.26111602783203
56.486183166503906
86.99839782714844
98.40135955810547
85.86144256591797
109.78765869140625
90.56044006347656
68.46234893798828
91.536865234375
81.95912170410156
48.12748336791992
56.68548583984375
69.42728424072266
81.17654418945312
83.16104125976562
45.61035919189453
75.95726776123047
64.66596984863281
65.74014282226562
83.62615203857422
62.02589416503906
74.40719604492188
37.49140548706055
56.052154541015625
76.17035675048828
70.7612075805664
45.13218688964844
59.45341873168945
55.74504852294922
79.9097671508789
69.96349334716797
71.11497497558594
97.5384292602539
88.5194091796875
87.9083023071289
59.370296478271484
57.7639274597168
81.2572250366211
78.57451629638672
73.47703552246094
94.16283416748047
84.24718475341797
84.27088165283203
84.01768493652344
100.05805206298828
46.60051345825195
29.060121536254883
72.28575897216797
47.39837646484375
54.96761703491211
77.73286437988281
83.76687622070312
85.79513549804688
74.40721130371094
99.56017303466797
59.668399810791016
95.34477233886719
94.1596908569336
47.260162353515625
45.87106704711914
68.4051742553711
89.0877914428711
59.778499603271484
80.85043334960938
92.97754669189453
92.1131362915039
36.598052978515625
98.48623657226562
84.13739776611328
108.59359741210938
66.05403900146484
58.49761199951172
50.107086181640625
89.7637710571289
47.25646209716797
64.87604522705078
66.592529296875
79.03504943847656
85.66785430908203
97.13936614990234
66.20492553710938
37.90998840332031
85.3228530883789
73.46751403808594
58.663509368896484
55.57423782348633
73.84013366699219
83.00968170166016
72.31871032714844
78.58282470703125
56.96859359741211
63.95224380493164
67.84508514404297
52.746551513671875
57.400081634521484
96.87274169921875
107.73170471191406
105.31987762451172
53.741275787353516
40.045963287353516
48.56175231933594
31.72585678100586
45.148643493652344
84.01109313964844
61.88919448852539
81.68603515625
95.66523742675781
105.31132507324219
81.90314483642578
75.55342102050781
46.60852813720703
55.15459060668945
77.17636108398438
86.99344635009766
64.89535522460938
70.53031158447266
92.25603485107422
67.91380310058594
73.01074981689453
74.93933868408203
65.17535400390625
64.80790710449219
86.31681823730469
68.1932373046875
66.61070251464844
78.72889709472656
47.14571762084961
67.06623077392578
92.96003723144531
56.634037017822266
52.0423469543457
97.94425964355469
83.37007141113281
89.52574920654297
92.98516845703125
90.05574035644531
87.55615997314453
87.31781005859375
72.7073745727539
69.08458709716797
50.17917251586914
76.98336029052734
91.79601287841797
82.5343246459961
65.8034439086914
111.75498962402344
70.8299331665039
96.25621032714844
57.72689437866211
64.21722412109375
86.6939697265625
49.433441162109375
75.09149932861328
65.272216796875
102.66421508789062
64.46495056152344
87.23219299316406
69.72887420654297
52.32098388671875
66.65047454833984
122.95912170410156
77.90530395507812
88.40531158447266
50.6781005859375
78.61347961425781
89.64360046386719
79.62210845947266
35.21137237548828
69.54727172851562
84.60527038574219
61.35615539550781
67.91937255859375
54.3578987121582
55.792564392089844
79.5678939819336
52.195579528808594
60.84928512573242
83.14461517333984
96.93421936035156
51.591983795166016
39.544612884521484
67.71141815185547
34.14619827270508
34.80754089355469
65.4660873413086
65.335693359375
95.57696533203125
76.08724212646484
86.12675476074219
62.45940017700195
70.2243881225586
76.85191345214844
32.70588684082031
77.75308227539062
75.87513732910156
71.33094024658203
98.65348052978516
60.124935150146484
57.55489730834961
81.16548156738281
65.34272003173828
75.09590911865234
86.77991485595703
74.41695404052734
82.99295043945312
57.563865661621094
64.26206970214844
62.40439224243164
57.07278823852539
113.69583892822266
34.36451721191406
82.47553253173828
36.72175216674805
67.96136474609375
102.64936065673828
80.28746795654297
40.42276382446289
71.24195861816406
70.82756805419922
83.22708129882812
110.65036010742188
74.53985595703125
67.85948944091797
94.7004165649414
49.31740951538086
72.79432678222656
70.04842376708984
66.13536071777344
50.603973388671875
70.34032440185547
65.21146392822266
91.58087158203125
118.65248107910156
88.0444564819336
101.92508697509766
42.496978759765625
91.89440155029297
49.8843879699707
100.90764617919922
87.55889129638672
97.80579376220703
72.39559936523438
88.020263671875
69.41968536376953
75.2193603515625
57.54882049560547
89.31229400634766
68.3200454711914
51.128456115722656
101.75019836425781
78.2072982788086
85.64752960205078
68.91777038574219
62.023658752441406
90.22184753417969
82.31390380859375
62.03791046142578
67.55889892578125
77.13516998291016
42.086299896240234
102.01866912841797
73.79244995117188
53.835166931152344
63.26754379272461
81.7488784790039
39.76934814453125
91.90255737304688
28.554304122924805
63.016998291015625
88.71612548828125
114.79467010498047
79.424072265625
55.4508171081543
88.21662139892578
77.37056732177734
85.21001434326172
78.83792877197266
82.3153305053711
79.60101318359375
91.42740631103516
72.95166015625
37.44403839111328
71.2010269165039
80.29132080078125
82.17135620117188
83.94971466064453
49.37886047363281
54.704830169677734
108.78572082519531
134.50173950195312
97.95438385009766
86.4640884399414
113.71908569335938
113.26405334472656
80.3944320678711
66.79139709472656
70.2660140991211
86.52368927001953
70.05230712890625
71.86323547363281
73.65547180175781
57.82572555541992
63.48222732543945
56.798553466796875
90.70307922363281
62.512882232666016
77.79959869384766
109.70122528076172
69.46696472167969
95.74874114990234
98.64537811279297
65.39861297607422
74.05635833740234
54.8193359375
50.907291412353516
71.2269515991211
78.19073486328125
84.2864761352539
51.628814697265625
77.5029296875
79.2175521850586
47.176353454589844
129.08689880371094
76.70337677001953
60.97673416137695
95.19935607910156
91.61274719238281
82.46833801269531
76.4314193725586
55.27281951904297
46.555145263671875
70.38221740722656
81.48592376708984
90.33399200439453
84.28083038330078
83.5009994506836
104.59326934814453
72.82642364501953
55.7983512878418
65.64947509765625
83.37214660644531
61.7896728515625
58.26151657104492
60.66496276855469
75.32469940185547
65.88616943359375
66.4364013671875
103.49137878417969
70.19628143310547
49.15477752685547
82.79666900634766
54.71332931518555
53.51136779785156
124.12199401855469
65.2029800415039
75.08920288085938
64.09854888916016
113.17151641845703
106.18416595458984
57.40865707397461
64.79995727539062
86.13912200927734
103.03797149658203
59.897117614746094
89.59566497802734
104.53619384765625
88.06395721435547
92.6684341430664
52.944339752197266
53.94595718383789
59.54637145996094
94.9435806274414
49.45931625366211
55.30295944213867
86.44446563720703
64.55029296875
80.8182373046875
83.38175964355469
98.64183044433594
69.75531005859375
76.46219635009766
89.28872680664062
98.26548767089844
93.07077026367188
93.2740707397461
40.68827438354492
42.37212371826172
89.52357482910156
95.47572326660156
89.75807189941406
60.84020233154297
68.04551696777344
107.89156341552734
56.441673278808594
47.430870056152344
66.0094985961914
35.43904113769531
66.08809661865234
48.35889434814453
78.295166015625
77.57849884033203
86.69053649902344
64.80126953125
95.8919677734375
67.28872680664062
73.62784576416016
83.70378875732422
94.49639129638672
65.97364044189453
75.72809600830078
106.80533599853516
44.10661315917969
81.23812866210938
68.38775634765625
87.26323699951172
68.41326904296875
88.67357635498047
81.30208587646484
99.09112548828125
64.83810424804688
82.84394836425781
78.18009185791016
61.61907958984375
89.40388488769531
78.19329833984375
57.88179016113281
87.12396240234375
88.68313598632812
42.053367614746094
71.90122985839844
46.241573333740234
66.46477508544922
76.4892578125
83.85514068603516
81.03730010986328
81.36135864257812
64.06087493896484
63.40153121948242
67.24376678466797
16.877182006835938
95.35579681396484
78.34244537353516
56.54582214355469
86.97618865966797
67.59130859375
64.1312255859375
58.881343841552734
81.79007720947266
59.22812271118164
59.948612213134766
75.80902099609375
70.94911193847656
96.31948852539062
62.354305267333984
70.34492492675781
60.12900924682617
68.51518249511719
79.88311767578125
67.08050537109375
63.84101486206055
80.06883239746094
39.74961471557617
74.48705291748047
53.178287506103516
102.34249877929688
60.26545715332031
84.69195556640625
60.10374450683594
44.82880401611328
74.29512023925781
63.143951416015625
49.90336227416992
77.4307632446289
25.61344337463379
53.333213806152344
91.87774658203125
63.33754348754883
80.57958984375
73.09245300292969
81.23246765136719
70.40390014648438
53.22243881225586
99.98741149902344
82.13359832763672
73.75931549072266
73.18888092041016
69.02620697021484
50.2908821105957
76.47490692138672
72.5355453491211
55.307594299316406
89.64849090576172
67.63166046142578
56.700225830078125
72.5784683227539
70.73627471923828
45.803382873535156
32.34676742553711
58.43083953857422
71.85123443603516
76.17789459228516
68.83221435546875
47.03495788574219
75.49750518798828
55.90787887573242
47.617923736572266
68.22321319580078
48.63139724731445
67.06055450439453
93.65987396240234
60.696617126464844
73.38640594482422
54.41680908203125
55.87701416015625
30.342832565307617
48.00497055053711
69.1463851928711
78.32013702392578
71.6476821899414
50.71976089477539
70.99205780029297
104.55317687988281
88.20584869384766
119.42768859863281
96.43832397460938
69.331298828125
50.22924041748047
98.86891174316406
94.90392303466797
41.7338752746582
104.82775115966797
53.576377868652344
58.79405212402344
66.98207092285156
94.8224868774414
75.42236328125
69.70821380615234
89.282470703125
82.38544464111328
61.77826690673828
77.44154357910156
110.40985870361328
62.22389221191406
61.01433563232422
100.1224136352539
55.893978118896484
77.74447631835938
96.36395263671875
56.697086334228516
120.61446380615234
70.9368667602539
108.49082946777344
74.20735168457031
104.3653335571289
34.56696319580078
42.26317596435547
98.2776870727539
56.02167892456055
46.666412353515625
100.11991882324219
86.27436065673828
73.93473815917969
105.37623596191406
47.23521423339844
112.0719985961914
48.94563674926758
52.2685661315918
38.974769592285156
91.80528259277344
82.37046813964844
49.17805862426758
94.79388427734375
58.308963775634766
60.31648635864258
67.79061889648438
76.40388488769531
40.043643951416016
77.39967346191406
73.21448516845703
93.50467681884766
86.1387939453125
108.38655853271484
82.84183502197266
77.89861297607422
101.50653839111328
44.80902099609375
90.6209945678711
57.568763732910156
55.30933380126953
78.8480453491211
51.3859748840332
87.57213592529297
46.83876419067383
31.183181762695312
66.09284210205078
57.199581146240234
62.198421478271484
56.000221252441406
109.22002410888672
54.074649810791016
83.9726333618164
61.605831146240234
45.47256088256836
92.84515380859375
70.59806060791016
51.6761360168457
55.188575744628906
76.62012481689453
50.15032958984375
19.938833236694336
85.21489715576172
78.07452392578125
70.11543273925781
85.82984924316406
68.58097076416016
90.4089126586914
66.15019226074219
61.18549728393555
64.83271026611328
79.55531311035156
48.275516510009766
116.66546630859375
83.109619140625
111.09790802001953
58.64558792114258
36.89992904663086
63.88922119140625
75.20260620117188
57.045406341552734
83.41514587402344
69.99981689453125
69.87039184570312
91.8755874633789
51.598453521728516
57.23208236694336
79.5371322631836
89.40752410888672
69.10944366455078
