23.819461822509766
9.096441268920898
14.581035614013672
6.102456569671631
18.30752944946289
30.664600372314453
7.444741249084473
22.615285873413086
22.057615280151367
17.254600524902344
5.611908912658691
8.144440650939941
12.254632949829102
13.639300346374512
20.887529373168945
30.79083824157715
19.432302474975586
7.912905216217041
29.603330612182617
24.112728118896484
35.927249908447266
14.876830101013184
17.958574295043945
26.128664016723633
8.701452255249023
20.226139068603516
20.421966552734375
9.548216819763184
12.35889720916748
14.876839637756348
24.638639450073242
12.876847267150879
28.695632934570312
19.91969871520996
14.814763069152832
11.945192337036133
16.90896987915039
14.832883834838867
26.90038299560547
14.695524215698242
21.801931381225586
27.362438201904297
27.227182388305664
21.67607879638672
20.11951446533203
29.704967498779297
45.104984283447266
15.19572925567627
20.005615234375
12.697112083435059
27.668262481689453
7.210453510284424
22.056127548217773
24.666648864746094
14.433740615844727
13.051006317138672
17.630516052246094
24.1854248046875
10.527119636535645
16.453824996948242
9.912797927856445
6.941102981567383
9.123416900634766
16.507740020751953
9.85658073425293
9.128376007080078
12.057733535766602
13.911558151245117
21.19843101501465
16.83250617980957
11.4459867477417
14.349743843078613
14.654459953308105
30.57278823852539
13.190170288085938
11.782541275024414
16.235307693481445
43.3856086730957
8.790742874145508
15.457296371459961
24.617563247680664
32.547149658203125
12.432201385498047
16.695486068725586
14.984687805175781
17.304218292236328
13.797038078308105
27.1678466796875
16.246538162231445
18.46937370300293
19.046276092529297
14.731358528137207
7.537233352661133
14.625168800354004
20.4686279296875
17.304244995117188
26.496807098388672
10.930192947387695
24.025545120239258
6.427303314208984
9.52314567565918
16.748661041259766
33.03691864013672
14.970488548278809
12.41131591796875
11.753877639770508
23.442590713500977
20.809986114501953
18.55739402770996
33.11573028564453
18.97085952758789
17.692766189575195
16.32663345336914
9.926984786987305
15.020360946655273
18.765911102294922
15.467384338378906
18.934070587158203
16.55173683166504
17.94452667236328
15.296854972839355
22.022132873535156
6.850352764129639
12.32043743133545
5.695911407470703
18.31702995300293
30.843490600585938
22.574214935302734
10.837603569030762
14.270727157592773
14.736679077148438
12.555023193359375
17.075700759887695
19.50667381286621
8.390674591064453
15.122389793395996
9.499358177185059
4.7541937828063965
19.354625701904297
13.179853439331055
22.014423370361328
40.469024658203125
30.441181182861328
15.496817588806152
9.212939262390137
18.13448143005371
10.132186889648438
24.719188690185547
13.084238052368164
46.94405746459961
17.6212158203125
3.6404995918273926
27.429269790649414
5.376173496246338
7.602804183959961
17.83001708984375
11.605843544006348
24.127822875976562
11.259949684143066
12.200615882873535
10.612577438354492
15.356827735900879
29.243772506713867
14.184284210205078
14.568029403686523
18.204025268554688
15.808365821838379
30.411489486694336
13.352028846740723
13.988838195800781
18.127445220947266
13.92099666595459
11.96910285949707
15.865920066833496
14.898859024047852
6.092822551727295
31.28544044494629
7.188041687011719
12.783193588256836
22.879438400268555
19.97846794128418
15.477582931518555
12.319128036499023
16.56711196899414
24.023868560791016
11.676664352416992
30.40848731994629
30.752613067626953
3.3158183097839355
12.586679458618164
18.29047966003418
26.455354690551758
18.986995697021484
9.429222106933594
17.829620361328125
11.816736221313477
25.265724182128906
7.4890642166137695
13.524529457092285
20.420682907104492
12.587410926818848
12.935463905334473
9.800613403320312
12.134679794311523
9.892868041992188
15.130392074584961
11.254602432250977
9.25424861907959
10.748556137084961
11.550450325012207
17.271474838256836
18.005037307739258
16.661413192749023
12.248475074768066
17.2143611907959
6.008577346801758
12.828126907348633
18.37026023864746
15.52544116973877
18.290395736694336
8.526604652404785
3.327354907989502
8.699551582336426
15.462818145751953
17.940641403198242
17.83680534362793
22.804357528686523
30.0881290435791
5.797132968902588
23.98932647705078
9.968276023864746
16.1009578704834
12.685525894165039
20.140886306762695
16.397565841674805
12.922141075134277
34.04240417480469
6.78879976272583
22.451335906982422
4.557138919830322
11.062504768371582
15.720821380615234
7.78009557723999
29.851177215576172
13.825078964233398
15.850467681884766
13.137252807617188
16.812353134155273
22.319293975830078
4.478355407714844
7.338657855987549
6.8146443367004395
30.018726348876953
6.607048988342285
19.558969497680664
14.450360298156738
9.131606101989746
18.933794021606445
12.182244300842285
23.50432586669922
24.562026977539062
16.57754135131836
29.014419555664062
29.339677810668945
24.08806610107422
14.220900535583496
37.57777786254883
27.195114135742188
24.014270782470703
22.32329750061035
29.714962005615234
10.904358863830566
21.183488845825195
15.378933906555176
9.253223419189453
20.726774215698242
2.6721835136413574
24.738542556762695
23.088651657104492
5.322091102600098
17.142475128173828
13.256427764892578
23.020830154418945
29.10580825805664
13.15676212310791
23.446372985839844
9.08720588684082
11.97551155090332
7.931439399719238
15.082098960876465
3.174795150756836
9.292165756225586
40.12432098388672
9.031403541564941
17.345504760742188
9.327507019042969
9.322898864746094
22.139022827148438
25.661766052246094
11.417573928833008
13.842779159545898
17.88499641418457
24.996492385864258
11.817680358886719
18.70314598083496
32.615352630615234
27.078147888183594
16.839231491088867
9.883474349975586
16.87866973876953
26.306873321533203
14.574708938598633
26.17685317993164
14.837973594665527
19.445383071899414
11.682546615600586
25.378551483154297
4.744946002960205
25.26957130432129
7.869969367980957
16.411611557006836
0.8373225331306458
12.839155197143555
16.380918502807617
20.766334533691406
12.2272367477417
6.613542556762695
23.743240356445312
12.082016944885254
19.2764949798584
10.98406982421875
9.263529777526855
18.08492088317871
24.190608978271484
20.472187042236328
16.350107192993164
11.87348747253418
14.650948524475098
30.328811645507812
26.30434799194336
21.669689178466797
20.58043098449707
19.079296112060547
15.476785659790039
24.55300521850586
27.799163818359375
19.490440368652344
21.329042434692383
25.24546241760254
9.650635719299316
22.552051544189453
22.21743392944336
18.676958084106445
15.834716796875
13.87528133392334
25.216617584228516
12.192185401916504
12.050884246826172
18.03792381286621
24.303966522216797
27.185352325439453
9.882352828979492
20.778417587280273
9.404685974121094
30.556425094604492
26.567367553710938
22.930604934692383
14.300765991210938
28.8175048828125
18.361330032348633
15.161148071289062
20.52937126159668
19.082365036010742
18.273042678833008
22.029380798339844
25.67289924621582
14.223982810974121
13.054113388061523
11.927096366882324
8.421870231628418
22.441469192504883
30.737468719482422
7.597217082977295
18.028644561767578
10.662216186523438
14.433361053466797
9.740948677062988
11.345085144042969
11.706672668457031
7.998499393463135
10.827452659606934
26.336103439331055
5.723432540893555
8.337838172912598
30.57449722290039
14.433798789978027
20.322694778442383
23.78158187866211
9.824797630310059
22.6873722076416
21.060319900512695
10.049492835998535
25.434009552001953
15.919515609741211
19.651203155517578
16.952899932861328
23.90176773071289
15.70712661743164
15.054945945739746
6.619907379150391
18.567941665649414
18.389020919799805
33.773189544677734
10.971125602722168
11.08024787902832
16.25848960876465
18.051198959350586
26.178138732910156
17.758079528808594
10.670639991760254
15.088530540466309
11.29147720336914
12.991852760314941
19.955251693725586
25.04926300048828
22.32095718383789
11.121965408325195
13.170170783996582
17.80705451965332
37.37305450439453
13.946261405944824
31.4642391204834
13.54254150390625
14.72038459777832
21.221424102783203
14.466160774230957
14.773285865783691
27.647274017333984
15.085776329040527
21.54705047607422
11.753952026367188
18.888532638549805
16.06138038635254
13.181977272033691
32.350040435791016
19.389860153198242
19.70869255065918
18.22377586364746
32.225467681884766
15.094793319702148
19.436992645263672
29.50007438659668
22.02103042602539
23.033287048339844
20.773542404174805
19.25978660583496
15.141740798950195
18.471250534057617
10.477476119995117
7.354403972625732
20.204591751098633
22.49779510498047
10.943461418151855
8.94473648071289
31.027711868286133
17.037080764770508
12.857171058654785
19.521820068359375
5.973250389099121
6.93728494644165
18.105958938598633
20.09285545349121
9.10414981842041
6.295439720153809
5.009988307952881
19.02692413330078
19.95561981201172
25.28420639038086
9.367486000061035
14.406960487365723
28.13808822631836
14.224723815917969
9.922964096069336
29.56490135192871
9.34315013885498
24.488771438598633
37.946739196777344
7.315792560577393
13.48448657989502
35.45680618286133
17.083280563354492
18.32931900024414
13.910959243774414
27.666982650756836
18.069801330566406
22.303808212280273
19.914247512817383
14.104443550109863
26.340410232543945
18.280677795410156
34.48200607299805
17.674213409423828
17.92413330078125
7.209701061248779
15.520515441894531
24.631053924560547
9.057968139648438
18.658748626708984
36.9412956237793
20.0058536529541
10.93152904510498
10.89752197265625
10.902770042419434
9.69735050201416
23.938199996948242
19.141273498535156
17.66209602355957
28.876310348510742
17.773117065429688
8.803010940551758
10.424684524536133
24.098772048950195
30.47470474243164
30.638826370239258
11.266935348510742
17.606950759887695
27.928653717041016
30.81231117248535
26.855974197387695
16.990909576416016
35.84385681152344
26.052488327026367
14.763690948486328
18.80530548095703
15.475374221801758
21.324710845947266
13.697811126708984
7.401192665100098
12.24138069152832
23.314870834350586
5.913772106170654
9.103793144226074
22.36708641052246
18.28896141052246
27.08519744873047
8.794333457946777
21.225189208984375
12.513408660888672
27.333559036254883
21.34389877319336
6.908597946166992
35.639957427978516
17.935314178466797
23.130840301513672
21.307636260986328
4.778556823730469
32.5429801940918
9.556822776794434
11.318591117858887
21.870174407958984
17.5738468170166
23.63590431213379
22.36341667175293
11.365479469299316
14.701675415039062
20.852384567260742
7.306713104248047
11.780821800231934
18.7991886138916
5.974663734436035
21.32957649230957
21.308719635009766
15.625300407409668
12.534789085388184
12.076972961425781
10.54445743560791
20.31072235107422
15.544565200805664
27.704010009765625
18.672069549560547
7.755868434906006
27.41598129272461
15.331022262573242
24.702499389648438
32.17731475830078
29.37532615661621
41.974212646484375
12.748579025268555
29.70274543762207
12.658994674682617
30.17555046081543
9.149499893188477
21.80328941345215
19.486083984375
8.40596866607666
11.222249984741211
17.002275466918945
24.09340476989746
46.557010650634766
14.937314987182617
20.854703903198242
14.432971000671387
23.302703857421875
9.990720748901367
19.210926055908203
21.02943229675293
19.598711013793945
4.756425380706787
16.81642723083496
6.768283843994141
9.512551307678223
11.620494842529297
22.192163467407227
15.919973373413086
9.901524543762207
21.35667610168457
11.848162651062012
16.344297409057617
10.04524040222168
21.263980865478516
16.47710418701172
10.244667053222656
14.578699111938477
8.961084365844727
28.565279006958008
21.384029388427734
22.892332077026367
14.360891342163086
20.62029266357422
5.9988322257995605
16.572616577148438
33.192832946777344
42.23503112792969
10.961209297180176
7.718861103057861
22.714508056640625
11.428906440734863
4.14887809753418
23.174144744873047
21.872880935668945
10.465895652770996
16.48489761352539
19.71796417236328
2.722524881362915
22.85796546936035
18.15816879272461
13.989986419677734
48.30129623413086
14.005199432373047
22.061281204223633
20.099119186401367
29.201614379882812
10.403413772583008
13.841693878173828
13.134706497192383
16.070249557495117
14.03732681274414
18.96369743347168
25.991012573242188
14.457698822021484
34.81886672973633
16.843645095825195
5.258699417114258
10.025528907775879
8.75970458984375
2.6229238510131836
19.998964309692383
15.56373405456543
22.373910903930664
11.49619197845459
7.102308750152588
13.445523262023926
17.1124267578125
1.2420217990875244
9.59036922454834
25.33681869506836
11.733133316040039
19.900575637817383
20.467815399169922
27.051057815551758
12.406576156616211
15.131616592407227
17.752166748046875
12.004531860351562
12.79357624053955
15.877151489257812
16.930068969726562
12.206944465637207
14.939603805541992
10.650882720947266
27.860071182250977
26.604524612426758
14.096758842468262
24.655527114868164
24.45296287536621
13.542717933654785
18.23496437072754
17.72589874267578
8.46018123626709
31.46566390991211
16.89598846435547
15.252453804016113
13.078750610351562
13.338006973266602
22.108200073242188
6.994871616363525
6.491269588470459
15.248729705810547
32.30458450317383
7.339515209197998
17.663660049438477
6.438931465148926
25.611827850341797
11.76940631866455
9.25989818572998
13.793262481689453
30.329513549804688
15.821431159973145
14.876505851745605
11.364795684814453
11.25076961517334
18.3082275390625
17.31050682067871
23.465787887573242
9.292461395263672
19.421899795532227
26.74803352355957
4.239410400390625
22.74416160583496
23.01161766052246
28.526229858398438
11.566680908203125
38.771484375
33.1265754699707
26.634891510009766
27.791147232055664
22.252487182617188
21.970399856567383
23.32382583618164
12.106664657592773
18.567716598510742
22.047609329223633
19.368728637695312
20.098190307617188
28.793380737304688
17.050907135009766
8.725272178649902
8.316668510437012
26.047693252563477
26.629779815673828
13.297508239746094
15.200931549072266
5.930582046508789
18.71715545654297
25.284584045410156
33.706947326660156
7.239887237548828
10.527262687683105
29.616607666015625
17.1800537109375
5.609818935394287
24.550161361694336
23.636432647705078
30.546619415283203
10.188401222229004
31.270980834960938
0.5833801031112671
18.35660171508789
13.951754570007324
16.978588104248047
11.003881454467773
35.35706329345703
8.740723609924316
11.982102394104004
34.027496337890625
16.373300552368164
20.059814453125
13.784568786621094
17.999208450317383
14.360163688659668
12.39765453338623
7.863265514373779
23.451030731201172
5.7043023109436035
18.3472957611084
13.568961143493652
17.474302291870117
22.011810302734375
26.46080780029297
19.152149200439453
20.954748153686523
18.721546173095703
33.099884033203125
19.55908203125
28.37672996520996
7.845743656158447
24.494016647338867
14.11368179321289
18.410829544067383
20.68699836730957
0.9941109418869019
30.271106719970703
18.802473068237305
29.184606552124023
20.717304229736328
18.05400848388672
20.500356674194336
24.775196075439453
15.975692749023438
25.239078521728516
29.944246292114258
19.704708099365234
3.0974621772766113
27.393590927124023
24.300888061523438
21.083406448364258
22.685138702392578
13.817426681518555
15.421499252319336
9.74812126159668
5.15065860748291
19.780061721801758
9.380818367004395
13.870641708374023
10.849723815917969
13.488579750061035
10.6265287399292
13.426275253295898
10.9575777053833
10.765046119689941
17.79604148864746
15.163040161132812
26.527963638305664
12.8759126663208
6.300288200378418
13.622001647949219
14.38815689086914
12.284159660339355
23.642719268798828
24.744848251342773
13.153881072998047
14.088018417358398
13.4868803024292
12.353514671325684
8.220178604125977
30.805500030517578
12.369806289672852
8.904719352722168
23.977874755859375
7.0336527824401855
12.852655410766602
8.147502899169922
26.00946617126465
6.633655548095703
9.8572359085083
11.564775466918945
19.040950775146484
22.943605422973633
31.69188117980957
6.882508277893066
11.367674827575684
22.138729095458984
4.002779960632324
5.779346466064453
7.809883117675781
19.946779251098633
13.292524337768555
14.84823989868164
2.236981153488159
10.060382843017578
15.778305053710938
18.633031845092773
26.633079528808594
22.033409118652344
26.28635597229004
20.03227996826172
12.770905494689941
29.976421356201172
18.239038467407227
14.053852081298828
9.752140998840332
14.174527168273926
9.216419219970703
10.834556579589844
19.3404541015625
11.12336540222168
5.306637763977051
21.860851287841797
4.003878593444824
16.715290069580078
28.839073181152344
16.190805435180664
13.363755226135254
22.04076385498047
16.968664169311523
9.48660659790039
30.253583908081055
10.86549186706543
19.751842498779297
11.293972969055176
24.192302703857422
6.447168350219727
25.93741798400879
32.38887023925781
10.573326110839844
17.667957305908203
24.139158248901367
29.964170455932617
20.779987335205078
19.38457679748535
21.220928192138672
31.77393913269043
12.81161880493164
27.007169723510742
18.234281539916992
10.100027084350586
19.793949127197266
24.571977615356445
21.945606231689453
16.415573120117188
4.921874523162842
17.082786560058594
19.608732223510742
5.933960437774658
10.344955444335938
36.75044631958008
12.870288848876953
19.10195541381836
8.93364429473877
25.148359298706055
13.466466903686523
8.85690689086914
22.871734619140625
4.4098734855651855
15.791604995727539
15.759245872497559
23.0900821685791
6.9378838539123535
9.302367210388184
11.956390380859375
5.206034183502197
15.184183120727539
19.369098663330078
22.781335830688477
20.744874954223633
23.595027923583984
13.598952293395996
17.410400390625
21.47687530517578
9.645546913146973
11.544650077819824
27.81886100769043
12.566316604614258
10.057449340820312
19.173707962036133
21.605621337890625
27.983278274536133
19.043277740478516
25.06759262084961
21.204132080078125
12.859353065490723
13.405858039855957
29.05423355102539
12.203802108764648
12.54550838470459
8.958061218261719
11.245519638061523
9.536684036254883
21.287025451660156
5.761725425720215
12.419319152832031
23.04246711730957
35.48045349121094
7.586013317108154
27.091087341308594
13.694600105285645
16.723783493041992
13.075632095336914
43.847286224365234
11.107358932495117
22.964269638061523
19.79056739807129
27.364614486694336
17.559062957763672
13.07722282409668
13.079544067382812
13.59145736694336
6.6086626052856445
10.101278305053711
17.974132537841797
20.391460418701172
15.55215835571289
14.90339469909668
15.975492477416992
19.14289665222168
29.470666885375977
18.55191421508789
18.4116268157959
22.64992904663086
11.32335090637207
7.402682781219482
14.6798734664917
4.524111747741699
6.772310256958008
19.222707748413086
8.393033027648926
13.68299388885498
26.701425552368164
16.536144256591797
4.997579097747803
32.346981048583984
12.050315856933594
4.062951564788818
7.474959850311279
23.202911376953125
7.493527889251709
1.567041277885437
23.321260452270508
12.210678100585938
18.058963775634766
41.07614517211914
17.66017723083496
16.513952255249023
29.464157104492188
19.38344383239746
19.628232955932617
26.638729095458984
14.470868110656738
26.13612174987793
21.43522834777832
14.086135864257812
13.564556121826172
27.2857666015625
16.90748405456543
15.08768367767334
3.960019111633301
19.613969802856445
10.840662956237793
15.364206314086914
10.835238456726074
17.29684066772461
13.476019859313965
4.750682830810547
12.393203735351562
12.909711837768555
8.223742485046387
17.8856258392334
18.08519172668457
10.735763549804688
30.42984962463379
21.2403564453125
15.144847869873047
10.017843246459961
3.468993902206421
26.75132179260254
11.851125717163086
5.980183124542236
17.99143409729004
13.251952171325684
16.865463256835938
23.67820167541504
10.313267707824707
11.450331687927246
24.882667541503906
7.615325450897217
25.704559326171875
37.76522445678711
12.668607711791992
30.83389663696289
31.030141830444336
7.187527179718018
39.66225051879883
21.076025009155273
15.631415367126465
16.544649124145508
27.52645492553711
10.474128723144531
25.909259796142578
30.78058624267578
22.128068923950195
19.10479736328125
16.16753578186035
7.550059795379639
20.301794052124023
7.060278415679932
16.867721557617188
15.951623916625977
14.074854850769043
3.3121466636657715
13.04029369354248
26.976184844970703
10.641692161560059
16.74932289123535
11.421092987060547
18.546775817871094
25.48525047302246
10.17337703704834
23.865142822265625
12.3467378616333
9.413138389587402
10.794336318969727
17.694934844970703
16.79714012145996
21.970144271850586
14.801816940307617
33.520545959472656
30.88981819152832
41.86946487426758
18.884008407592773
17.63875961303711
38.40895462036133
10.176390647888184
10.337392807006836
31.089096069335938
24.092010498046875
21.772695541381836
7.503780841827393
22.83577537536621
8.601736068725586
27.391674041748047
26.68720245361328
28.93392562866211
29.525297164916992
17.90196990966797
28.879520416259766
20.427120208740234
14.01893138885498
23.97480583190918
18.34320640563965
26.766681671142578
18.849077224731445
11.056280136108398
7.967900276184082
14.127717018127441
17.614574432373047
17.35856056213379
18.855484008789062
18.416431427001953
12.001300811767578
18.81538200378418
7.706309795379639
10.80290412902832
17.475696563720703
18.186298370361328
30.116840362548828
21.574195861816406
8.905390739440918
18.130138397216797
12.688301086425781
9.225680351257324
20.277748107910156
11.906608581542969
5.295977592468262
26.1207218170166
30.296100616455078
13.250617980957031
18.2911434173584
7.366432189941406
20.07162094116211
20.520729064941406
12.550676345825195
13.249419212341309
12.88172435760498
20.336271286010742
25.432947158813477
10.767075538635254
28.56964874267578
20.14261817932129
22.36269760131836
11.668571472167969
38.65763854980469
34.126258850097656
7.376443862915039
17.6461124420166
27.39016342163086
26.155576705932617
19.26584815979004
7.925083160400391
18.709630966186523
4.298112869262695
22.725412368774414
10.02104663848877
31.028404235839844
11.044039726257324
23.96727180480957
20.10319709777832
13.571198463439941
7.794694900512695
20.17177391052246
15.477523803710938
27.448978424072266
13.048785209655762
18.507755279541016
12.144829750061035
11.119853019714355
31.52487564086914
17.851688385009766
5.54244327545166
11.044425010681152
29.4466552734375
6.811843395233154
28.163558959960938
16.248863220214844
18.781906127929688
25.41732406616211
18.044233322143555
31.998838424682617
10.394845962524414
15.674788475036621
9.502645492553711
22.976228713989258
25.257116317749023
11.459782600402832
29.85767936706543
19.850200653076172
9.510354995727539
20.70766258239746
30.0648250579834
8.443015098571777
34.6149787902832
15.45744800567627
27.300369262695312
16.215227127075195
14.27043342590332
19.33606719970703
15.835010528564453
11.855657577514648
19.477670669555664
18.472450256347656
44.082420349121094
15.162392616271973
30.610149383544922
28.602231979370117
12.809062957763672
24.42291259765625
12.376404762268066
24.918148040771484
21.458906173706055
16.361143112182617
16.6198673248291
12.318920135498047
18.449594497680664
34.47416305541992
24.1893367767334
7.751748561859131
3.900625228881836
22.470455169677734
31.32124900817871
39.61251449584961
22.870393753051758
16.76732063293457
17.047895431518555
19.730459213256836
15.191679000854492
35.287750244140625
17.732816696166992
26.320119857788086
12.592577934265137
12.659706115722656
15.152874946594238
13.79647445678711
25.11058235168457
19.01152992248535
13.039921760559082
9.275933265686035
23.51069450378418
36.301513671875
16.75663185119629
11.113966941833496
8.422410011291504
28.232295989990234
19.27177619934082
29.042686462402344
18.194961547851562
17.153514862060547
20.96485137939453
8.586339950561523
3.620371103286743
15.019068717956543
10.912379264831543
27.495288848876953
18.652366638183594
20.671157836914062
14.392027854919434
13.070050239562988
16.452621459960938
22.41777229309082
27.544574737548828
5.958576679229736
9.583296775817871
11.003556251525879
18.42813491821289
21.75876808166504
14.358637809753418
5.5324530601501465
9.381473541259766
25.870452880859375
24.183435440063477
22.10085678100586
16.102468490600586
6.049610137939453
9.639793395996094
27.627485275268555
13.443507194519043
21.413883209228516
14.656545639038086
25.63825225830078
24.261993408203125
23.275632858276367
23.978116989135742
11.303543090820312
25.29119300842285
11.419617652893066
20.441028594970703
10.817166328430176
6.9226298332214355
29.67010498046875
17.80974006652832
26.487869262695312
27.70562171936035
4.658498764038086
23.483102798461914
27.017810821533203
27.56175994873047
16.948049545288086
10.056375503540039
3.0881412029266357
6.27258825302124
14.483485221862793
33.70261764526367
15.1875581741333
20.396942138671875
42.97910690307617
28.818471908569336
22.60747718811035
17.59906768798828
11.2138032913208
7.33540153503418
23.02776527404785
5.225512504577637
13.259867668151855
26.04180335998535
20.675376892089844
10.864914894104004
20.443679809570312
18.51803970336914
18.843822479248047
18.584718704223633
33.428550720214844
15.854377746582031
31.39645767211914
15.14686107635498
13.085979461669922
10.76758098602295
9.528946876525879
23.637653350830078
9.178117752075195
24.11253547668457
26.34821319580078
20.28424835205078
48.19102096557617
19.665502548217773
28.033185958862305
8.181012153625488
10.722158432006836
16.608665466308594
28.557828903198242
15.830304145812988
15.650215148925781
22.759498596191406
9.356709480285645
21.093135833740234
15.599390029907227
10.599156379699707
56.829132080078125
15.713371276855469
26.876972198486328
15.859813690185547
20.5726375579834
29.332914352416992
9.119189262390137
19.753389358520508
30.924945831298828
24.03135871887207
15.851959228515625
10.470064163208008
14.216752052307129
4.361387252807617
5.829335689544678
18.34994125366211
30.08043098449707
20.929996490478516
22.574234008789062
32.305145263671875
25.6614990234375
22.0554141998291
19.98234748840332
8.177618980407715
12.589837074279785
20.817882537841797
18.12540054321289
18.03489875793457
19.88225555419922
23.241209030151367
28.133214950561523
17.071996688842773
10.481515884399414
25.313404083251953
8.310881614685059
23.74485969543457
24.592205047607422
14.645025253295898
4.843351364135742
12.143861770629883
12.333897590637207
19.518468856811523
8.547316551208496
34.13242721557617
15.240281105041504
23.2656192779541
17.46733283996582
13.599132537841797
8.425945281982422
10.801733016967773
24.220626831054688
35.27371597290039
21.390586853027344
4.309377193450928
25.168977737426758
19.327651977539062
14.081019401550293
36.60272979736328
6.491702556610107
19.35886573791504
6.5943779945373535
9.545289039611816
21.68770408630371
18.16269874572754
22.51424789428711
14.462386131286621
4.65668249130249
28.14988136291504
28.673471450805664
14.920982360839844
36.079994201660156
10.290583610534668
5.524605751037598
20.571237564086914
16.741458892822266
22.721752166748047
11.000822067260742
18.615053176879883
31.875089645385742
8.193592071533203
5.889638900756836
19.732059478759766
19.361408233642578
13.522279739379883
13.913996696472168
10.700576782226562
20.494468688964844
11.779340744018555
15.527961730957031
19.621124267578125
22.63550567626953
19.72096061706543
11.429153442382812
19.633222579956055
20.902616500854492
38.9212646484375
13.112404823303223
20.620033264160156
29.087421417236328
29.24165153503418
15.710516929626465
9.551036834716797
22.45083999633789
44.1435661315918
12.059676170349121
18.09212875366211
24.60077476501465
16.724124908447266
16.534677505493164
25.06515884399414
31.985483169555664
22.59362030029297
13.147509574890137
26.137121200561523
21.10603904724121
26.711179733276367
18.229406356811523
16.358951568603516
14.324524879455566
33.873836517333984
19.858543395996094
14.324874877929688
8.06200885772705
11.968803405761719
17.73796272277832
9.197969436645508
20.557157516479492
17.049741744995117
10.284952163696289
15.356184959411621
15.177660942077637
13.36901569366455
18.049413681030273
24.483488082885742
13.483526229858398
22.07213592529297
15.454431533813477
9.733124732971191
18.18765640258789
35.40182113647461
18.1411190032959
11.660713195800781
7.8486127853393555
11.250697135925293
6.168754577636719
14.154936790466309
15.013154029846191
18.071908950805664
25.168489456176758
36.28867721557617
39.8807258605957
6.798548221588135
13.25655746459961
11.472138404846191
19.840641021728516
32.570396423339844
18.442874908447266
6.62013053894043
17.341760635375977
16.140430450439453
14.533565521240234
19.432931900024414
17.500011444091797
12.841423988342285
11.410187721252441
10.505391120910645
7.988977432250977
10.591899871826172
21.95173454284668
39.17988586425781
8.225997924804688
9.72883129119873
17.756534576416016
8.562180519104004
11.650605201721191
20.414134979248047
35.27767562866211
9.949603080749512
37.05738830566406
24.478595733642578
10.799086570739746
31.914133071899414
10.09799575805664
17.61256980895996
19.75556755065918
13.36281681060791
22.78725242614746
12.001753807067871
24.937129974365234
15.953705787658691
46.83657455444336
11.55286693572998
23.266868591308594
32.19811248779297
9.926928520202637
26.256242752075195
9.962017059326172
19.03000831604004
12.875510215759277
18.38412094116211
16.801755905151367
3.8771023750305176
15.555614471435547
12.25595474243164
27.09122085571289
10.996428489685059
32.082210540771484
25.82756996154785
30.692947387695312
24.654264450073242
12.142728805541992
22.868772506713867
10.661611557006836
25.76314353942871
19.862775802612305
12.341888427734375
13.741217613220215
17.708160400390625
29.41780662536621
13.199185371398926
14.930079460144043
13.239830017089844
21.898649215698242
20.375999450683594
11.7761812210083
26.003278732299805
9.77213191986084
3.6603894233703613
23.920150756835938
17.59693717956543
18.508485794067383
21.20426368713379
7.482954978942871
20.840991973876953
18.556413650512695
28.893903732299805
16.432342529296875
23.565942764282227
16.356531143188477
17.69811248779297
14.036012649536133
43.329368591308594
18.53472137451172
22.28070068359375
18.63291358947754
12.2650785446167
21.95359992980957
13.66942024230957
13.217337608337402
28.033323287963867
16.77362060546875
12.817007064819336
29.323009490966797
27.60242462158203
13.001965522766113
2.471738815307617
20.172971725463867
6.2108354568481445
26.21775245666504
6.525576114654541
12.9435453414917
17.682479858398438
22.717933654785156
25.539348602294922
18.29591941833496
19.10021209716797
26.650432586669922
13.841094017028809
17.192028045654297
12.949220657348633
9.555740356445312
8.810208320617676
9.911499977111816
15.89538860321045
34.78398132324219
15.039366722106934
23.257583618164062
12.669347763061523
6.747466564178467
20.996984481811523
39.10981369018555
19.498802185058594
6.848499298095703
22.5991268157959
22.591960906982422
34.60978698730469
12.136706352233887
11.43229866027832
31.412723541259766
32.433692932128906
17.043489456176758
11.760560989379883
26.18943977355957
11.285821914672852
21.766712188720703
33.0059814453125
28.244186401367188
15.323346138000488
19.38584327697754
28.52176284790039
12.148048400878906
24.240386962890625
4.350981712341309
5.595409870147705
7.431590557098389
27.175724029541016
31.94081687927246
15.133326530456543
10.710330963134766
8.057491302490234
10.769643783569336
19.08660316467285
18.51213264465332
28.638031005859375
21.25397491455078
24.58319854736328
9.917841911315918
19.871170043945312
17.154033660888672
11.024742126464844
11.755441665649414
14.7953519821167
38.826480865478516
20.914701461791992
27.0096378326416
14.556212425231934
7.764467239379883
26.998571395874023
17.194900512695312
20.17730712890625
17.690671920776367
16.521484375
10.637495994567871
13.50271224975586
9.417840957641602
30.412216186523438
7.891521453857422
18.30927848815918
20.275299072265625
20.205562591552734
6.153735160827637
30.540843963623047
17.069604873657227
13.558560371398926
11.06175708770752
22.292449951171875
7.184370994567871
13.302363395690918
23.72574806213379
9.001453399658203
18.99976921081543
13.970487594604492
10.468088150024414
12.427968978881836
27.725296020507812
27.065397262573242
15.694462776184082
27.328689575195312
11.896068572998047
19.67233657836914
14.510308265686035
36.2653694152832
20.831727981567383
36.964168548583984
14.370448112487793
15.751664161682129
30.073644638061523
40.37147521972656
18.553714752197266
33.25910568237305
6.008974552154541
18.030488967895508
4.030993461608887
24.853742599487305
19.922409057617188
19.052135467529297
14.966659545898438
18.68008041381836
2.6755688190460205
11.086709976196289
20.872011184692383
16.855009078979492
20.274934768676758
23.9283390045166
24.982908248901367
27.601240158081055
17.378089904785156
7.424603462219238
27.411117553710938
17.176925659179688
22.236452102661133
19.729686737060547
18.67821502685547
15.797516822814941
22.030385971069336
4.740164756774902
41.73373794555664
7.0482096672058105
16.692781448364258
10.93618392944336
32.71123504638672
17.72110366821289
9.816079139709473
32.07245635986328
17.1113338470459
9.141841888427734
16.66228675842285
5.241083145141602
15.988386154174805
11.467757225036621
11.750968933105469
14.984745025634766
16.174060821533203
12.901312828063965
8.598057746887207
12.703678131103516
11.448575973510742
22.620819091796875
22.717510223388672
17.252073287963867
40.993412017822266
16.22998046875
18.63722801208496
6.101968288421631
6.323648452758789
24.047962188720703
8.938742637634277
17.721586227416992
23.63751792907715
14.264396667480469
8.567404747009277
24.763025283813477
12.814884185791016
13.840475082397461
19.90357208251953
18.42817497253418
20.40073585510254
27.85774803161621
15.955074310302734
19.469982147216797
12.815008163452148
33.685791015625
23.139677047729492
24.93497085571289
19.47433853149414
17.30954360961914
9.35462474822998
22.86843490600586
27.37127113342285
29.337499618530273
11.556578636169434
15.002262115478516
29.12119483947754
16.408376693725586
23.506881713867188
10.052579879760742
29.11463737487793
29.422237396240234
25.259872436523438
24.823781967163086
14.062429428100586
21.301206588745117
16.205455780029297
32.646080017089844
9.463479042053223
14.654419898986816
21.897052764892578
19.732837677001953
23.68230438232422
26.794910430908203
8.33048152923584
22.4803524017334
37.04434585571289
19.792123794555664
16.45207977294922
14.052106857299805
37.195655822753906
16.071956634521484
4.955904006958008
14.96220588684082
30.98999786376953
10.241315841674805
21.186304092407227
18.784683227539062
10.59679889678955
10.56510066986084
4.5610551834106445
21.338380813598633
18.4520320892334
21.21683120727539
8.317652702331543
28.860172271728516
8.767940521240234
21.63770294189453
15.653679847717285
17.944849014282227
16.9608097076416
22.456480026245117
15.326239585876465
28.725255966186523
15.897208213806152
17.82941436767578
33.17449951171875
10.809807777404785
12.591710090637207
33.17739486694336
4.68203067779541
20.77768898010254
12.857958793640137
17.48343849182129
41.103275299072266
18.247920989990234
18.855955123901367
6.1510138511657715
8.850522994995117
20.418142318725586
11.983441352844238
13.993772506713867
13.184728622436523
13.336331367492676
8.17717456817627
10.581080436706543
24.06093406677246
14.49277400970459
21.835853576660156
20.77092933654785
9.002594947814941
18.05020523071289
24.35224151611328
15.7218599319458
13.234416961669922
37.52799606323242
33.3537712097168
11.401124000549316
11.271005630493164
22.356538772583008
8.648448944091797
18.806781768798828
7.50147819519043
21.239845275878906
14.617918014526367
36.183189392089844
13.045004844665527
11.107706069946289
14.450918197631836
16.765287399291992
3.691737174987793
25.233152389526367
14.015111923217773
10.740133285522461
12.18087387084961
12.943278312683105
32.14862823486328
16.09893035888672
24.99765968322754
20.397159576416016
13.269042015075684
10.172564506530762
17.247705459594727
25.64766502380371
16.53470802307129
5.709116458892822
33.55527877807617
23.439329147338867
17.5539608001709
21.719127655029297
8.33401870727539
13.223200798034668
23.3327579498291
14.601078033447266
8.844569206237793
8.508272171020508
8.201101303100586
21.257545471191406
14.347233772277832
17.106582641601562
6.007929801940918
18.54300880432129
15.882153511047363
17.890520095825195
11.691920280456543
34.822296142578125
16.045230865478516
12.014421463012695
21.89678192138672
8.587809562683105
19.82842445373535
29.297454833984375
13.452960014343262
16.937543869018555
15.482492446899414
15.023088455200195
31.667634963989258
21.672534942626953
18.901165008544922
9.53515338897705
8.357353210449219
21.684471130371094
14.019475936889648
32.862754821777344
4.856146812438965
39.09421920776367
18.423564910888672
14.64681339263916
28.008169174194336
11.900867462158203
20.101917266845703
13.476066589355469
9.87885570526123
22.378557205200195
27.51810646057129
7.103522777557373
5.6185688972473145
11.343533515930176
10.976582527160645
35.61820983886719
13.515647888183594
25.591211318969727
33.23800277709961
14.431761741638184
18.08932876586914
23.871021270751953
10.058719635009766
22.65243911743164
21.56931495666504
8.309967041015625
7.360457897186279
13.412148475646973
34.90439987182617
21.780004501342773
8.979133605957031
15.567449569702148
3.8681273460388184
13.806716918945312
9.757967948913574
20.317747116088867
28.939014434814453
2.3846583366394043
11.329522132873535
6.073548316955566
21.880054473876953
24.07996368408203
7.93628454208374
15.326176643371582
9.48342227935791
29.08357810974121
27.1976261138916
19.238962173461914
21.95510482788086
16.038728713989258
23.761985778808594
14.579285621643066
21.13585662841797
13.661009788513184
10.942096710205078
11.006060600280762
21.781795501708984
24.701480865478516
21.860654830932617
18.285057067871094
22.107969284057617
9.4496431350708
18.152889251708984
15.825861930847168
20.910476684570312
10.19593334197998
17.616085052490234
13.932491302490234
28.765361785888672
24.393840789794922
25.299711227416992
26.368579864501953
20.230913162231445
19.49752426147461
22.90835952758789
19.281063079833984
7.978018283843994
23.74567985534668
3.7237017154693604
19.75057601928711
30.9193172454834
3.6704137325286865
21.4140625
17.320785522460938
23.02863121032715
11.813227653503418
18.343795776367188
19.752721786499023
24.23816680908203
20.337533950805664
16.08627700805664
8.186447143554688
8.768896102905273
19.970182418823242
11.405667304992676
18.770248413085938
2.9091529846191406
13.239432334899902
22.398576736450195
19.13669776916504
19.098730087280273
16.663637161254883
27.837980270385742
13.023658752441406
12.846192359924316
24.81584930419922
8.379965782165527
7.481315612792969
23.753528594970703
26.031415939331055
22.292295455932617
16.090850830078125
13.147279739379883
25.365808486938477
7.5638556480407715
18.027986526489258
20.312990188598633
20.34099769592285
24.455881118774414
27.0246524810791
30.650165557861328
13.42248821258545
15.453067779541016
28.842721939086914
19.680070877075195
36.35493087768555
12.406063079833984
10.857712745666504
28.55337142944336
19.991165161132812
14.594799995422363
6.750729084014893
20.498517990112305
19.134864807128906
14.476949691772461
12.580259323120117
7.463506698608398
21.149608612060547
15.782106399536133
13.389272689819336
17.842134475708008
18.944433212280273
9.500407218933105
21.258831024169922
7.114034652709961
21.137496948242188
20.931304931640625
21.554988861083984
28.40450668334961
19.127077102661133
41.96247482299805
26.301725387573242
29.171104431152344
15.375840187072754
22.832860946655273
16.370431900024414
17.90740966796875
21.648530960083008
8.98080062866211
16.621150970458984
14.52963638305664
27.659826278686523
17.247241973876953
8.529603004455566
22.65353775024414
1.5216691493988037
25.761337280273438
6.536482810974121
20.28851890563965
20.614730834960938
7.48446798324585
25.398704528808594
26.9967098236084
33.999698638916016
22.197568893432617
8.990041732788086
6.524269104003906
13.483502388000488
24.190174102783203
30.25603485107422
3.4188828468322754
27.644893646240234
19.871337890625
22.97510528564453
39.00428009033203
17.684783935546875
17.645706176757812
11.523406028747559
5.064218521118164
24.089902877807617
25.22673988342285
29.30546760559082
6.420530796051025
17.23809814453125
23.119966506958008
18.807178497314453
18.547773361206055
24.312238693237305
7.073234558105469
20.798009872436523
20.542055130004883
21.57762908935547
35.81448745727539
14.790181159973145
7.683557510375977
23.56591033935547
19.274002075195312
17.92865562438965
14.267460823059082
29.830232620239258
20.6488037109375
6.2238450050354
13.612156867980957
17.801137924194336
13.90362548828125
20.624561309814453
9.714241981506348
13.366815567016602
14.168880462646484
18.263500213623047
25.882619857788086
17.080116271972656
12.442948341369629
13.427230834960938
14.8800687789917
27.31808853149414
8.361349105834961
15.94836139678955
20.874460220336914
13.26443862915039
16.63440704345703
13.990876197814941
18.961139678955078
36.23704147338867
9.725682258605957
19.23769187927246
4.130430221557617
14.480194091796875
27.258358001708984
31.549861907958984
19.480865478515625
25.86815643310547
22.457422256469727
14.008783340454102
14.523990631103516
19.673351287841797
10.578446388244629
31.312406539916992
18.79038429260254
31.965848922729492
20.083023071289062
8.839502334594727
12.184182167053223
6.518718242645264
30.836606979370117
27.204343795776367
12.78442096710205
17.419286727905273
27.8935604095459
11.227582931518555
3.5824785232543945
25.943130493164062
17.330913543701172
29.90614128112793
19.812665939331055
16.04863166809082
13.143840789794922
19.24408531188965
14.810811042785645
8.395529747009277
11.167335510253906
18.107406616210938
8.163064956665039
19.854999542236328
31.811349868774414
20.288753509521484
28.593746185302734
24.017641067504883
27.43931770324707
17.35102653503418
31.380281448364258
14.973535537719727
5.116642951965332
22.513599395751953
17.476530075073242
24.563711166381836
26.147056579589844
19.940927505493164
14.177400588989258
23.324228286743164
12.916961669921875
33.26795196533203
15.708786010742188
13.415555953979492
8.269036293029785
20.850341796875
30.082195281982422
14.954401969909668
25.574674606323242
10.55402660369873
26.706247329711914
20.25138282775879
7.674903392791748
21.41189193725586
6.97004508972168
12.007833480834961
10.725530624389648
12.584600448608398
17.21891975402832
28.529560089111328
12.025040626525879
7.8838677406311035
26.746633529663086
11.990760803222656
13.91395378112793
18.70553207397461
20.64713478088379
25.442588806152344
19.920377731323242
27.466167449951172
15.277709007263184
14.111202239990234
17.44382095336914
26.99630355834961
9.391453742980957
23.349632263183594
16.328149795532227
8.755946159362793
12.914048194885254
10.186409950256348
5.968124866485596
27.758602142333984
2.6943554878234863
13.737168312072754
3.3550631999969482
5.407235622406006
11.768389701843262
19.04555320739746
29.175601959228516
24.848522186279297
1.5934512615203857
18.02545738220215
14.600654602050781
22.271656036376953
13.258007049560547
19.592496871948242
18.996288299560547
20.146297454833984
5.234434127807617
31.15892791748047
29.99732208251953
21.7824649810791
15.157042503356934
29.026540756225586
30.16853904724121
30.072288513183594
21.23606300354004
35.552127838134766
13.172758102416992
21.477352142333984
12.675718307495117
8.615141868591309
23.232715606689453
13.156846046447754
5.53500509262085
16.528608322143555
27.08022689819336
13.370431900024414
23.330095291137695
23.008010864257812
12.882283210754395
19.13724136352539
23.565622329711914
4.257787227630615
14.96074390411377
16.77190589904785
15.198108673095703
12.267722129821777
4.304231643676758
15.358229637145996
30.89303970336914
23.062103271484375
10.052926063537598
20.55986213684082
19.906959533691406
20.061307907104492
21.067018508911133
19.71350860595703
34.53266906738281
23.701677322387695
30.630477905273438
24.80886459350586
11.285698890686035
19.19002914428711
26.186187744140625
8.763126373291016
51.780887603759766
20.219112396240234
19.884632110595703
31.732805252075195
22.5135555267334
24.03855323791504
23.734846115112305
15.38052749633789
6.481441020965576
35.37744140625
14.693758964538574
13.939796447753906
17.789121627807617
27.10698890686035
14.692216873168945
12.794699668884277
23.82509422302246
21.151321411132812
9.027446746826172
17.981576919555664
19.815135955810547
40.901702880859375
11.614555358886719
12.347800254821777
27.072284698486328
22.001426696777344
27.5248966217041
11.754949569702148
25.7684326171875
7.664494037628174
14.619125366210938
27.994714736938477
12.57115364074707
20.316572189331055
27.720186233520508
20.208354949951172
38.74838638305664
9.434916496276855
42.77138900756836
8.635244369506836
17.89436149597168
25.307106018066406
21.51191520690918
15.492303848266602
30.007034301757812
25.02292823791504
23.92424964904785
30.678442001342773
26.55496597290039
14.124640464782715
23.168384552001953
8.458844184875488
21.32310676574707
11.563218116760254
15.38538932800293
27.797616958618164
2.2252144813537598
16.406797409057617
14.124133110046387
17.438291549682617
7.369790077209473
3.7565906047821045
12.833556175231934
11.21488094329834
28.240800857543945
18.136857986450195
33.63280487060547
3.9844465255737305
20.23415756225586
17.63620948791504
28.204753875732422
19.608715057373047
17.586254119873047
22.545085906982422
40.4731559753418
17.598369598388672
12.162805557250977
20.42281723022461
26.28807830810547
26.294641494750977
23.40586280822754
40.94501495361328
28.741966247558594
24.274551391601562
7.911526679992676
25.965835571289062
21.05354881286621
13.36402416229248
27.784976959228516
14.243732452392578
4.976176738739014
24.44915199279785
14.512039184570312
26.503826141357422
14.761298179626465
9.061774253845215
17.993738174438477
13.889860153198242
16.450870513916016
13.551213264465332
24.43351936340332
11.92799186706543
9.724710464477539
6.956692695617676
11.120526313781738
23.569246292114258
23.85222625732422
20.59486961364746
7.9791717529296875
21.38373374938965
21.771141052246094
17.797075271606445
11.927139282226562
29.878759384155273
17.834918975830078
23.43059730529785
28.900239944458008
5.371311187744141
4.624003887176514
28.419418334960938
16.58073616027832
20.341745376586914
17.984249114990234
22.147371292114258
30.907766342163086
7.463598728179932
11.310163497924805
16.710384368896484
19.820556640625
17.71770477294922
3.161808490753174
28.6628475189209
17.182750701904297
11.868537902832031
6.787878513336182
17.857534408569336
7.743211269378662
13.944558143615723
7.409628391265869
14.558586120605469
14.254045486450195
8.28222942352295
33.403377532958984
27.01276969909668
28.927026748657227
12.294083595275879
15.919719696044922
22.981901168823242
26.526939392089844
7.6539435386657715
9.775464057922363
20.998491287231445
14.597441673278809
21.013105392456055
14.35738754272461
25.78690528869629
13.550697326660156
11.838958740234375
18.768348693847656
22.794706344604492
21.35706901550293
15.310132026672363
12.15637493133545
21.297744750976562
21.333053588867188
1.5250341892242432
12.858929634094238
18.57858657836914
21.632200241088867
8.897941589355469
32.72072219848633
20.582096099853516
8.50842571258545
18.49188995361328
9.234672546386719
12.72850513458252
29.785789489746094
6.6519365310668945
16.207847595214844
25.572351455688477
25.057199478149414
7.042749404907227
19.24492645263672
16.056766510009766
6.421248435974121
11.80333137512207
14.100605964660645
14.555357933044434
30.743555068969727
18.252540588378906
11.013550758361816
14.972530364990234
13.986465454101562
6.251116752624512
10.123342514038086
10.112936019897461
10.17822265625
11.465176582336426
25.28125762939453
18.01462173461914
15.981866836547852
21.388038635253906
11.548830032348633
16.497066497802734
14.859121322631836
16.538061141967773
12.010774612426758
17.726028442382812
14.772836685180664
8.203132629394531
7.624472618103027
21.441125869750977
18.394527435302734
39.34065246582031
10.182184219360352
40.180641174316406
10.770684242248535
35.362571716308594
15.584752082824707
35.917030334472656
17.003137588500977
17.610092163085938
5.456404209136963
11.198906898498535
19.362714767456055
27.056758880615234
8.141819953918457
10.747376441955566
37.16795349121094
15.321930885314941
11.371580123901367
8.506208419799805
39.51274490356445
5.216146469116211
26.960662841796875
27.682601928710938
6.152632236480713
15.534218788146973
14.862588882446289
14.069086074829102
17.810428619384766
16.57628059387207
19.460527420043945
18.797481536865234
13.248359680175781
6.457552909851074
41.60932540893555
22.20511817932129
30.83626365661621
14.680784225463867
24.713411331176758
41.4899787902832
8.119490623474121
14.697264671325684
24.618526458740234
9.679226875305176
18.32193946838379
36.332557678222656
23.751981735229492
15.087141036987305
23.948270797729492
12.51547908782959
7.025798797607422
16.493019104003906
23.159984588623047
24.649242401123047
21.964754104614258
30.585268020629883
26.764890670776367
28.155868530273438
23.231237411499023
22.170364379882812
19.264474868774414
51.22105026245117
17.454421997070312
11.954081535339355
7.3995442390441895
38.53373718261719
21.064590454101562
15.165958404541016
27.4177303314209
15.96834945678711
16.12803840637207
10.611763954162598
20.42023277282715
16.14010238647461
25.333812713623047
31.087139129638672
14.83421802520752
16.521526336669922
4.262228965759277
29.463022232055664
22.35336685180664
40.47654342651367
42.18998336791992
16.93248176574707
44.65840148925781
16.10471534729004
5.4317545890808105
25.205944061279297
23.705354690551758
18.188302993774414
15.174300193786621
24.23155975341797
14.092527389526367
11.579329490661621
35.316612243652344
28.753421783447266
21.56753921508789
21.593984603881836
28.221359252929688
32.402923583984375
22.822460174560547
24.35270118713379
8.7703275680542
18.46434211730957
13.786758422851562
8.356749534606934
2.838409900665283
27.885643005371094
10.345636367797852
7.724137306213379
28.158327102661133
14.890560150146484
16.359554290771484
22.995075225830078
10.642658233642578
35.93817138671875
25.46291732788086
11.970712661743164
19.292253494262695
9.769519805908203
16.813661575317383
26.388038635253906
21.53203010559082
9.541609764099121
16.512990951538086
26.969789505004883
19.989530563354492
8.644065856933594
12.707688331604004
13.763498306274414
13.720237731933594
7.775290489196777
15.100433349609375
20.521081924438477
9.034107208251953
36.429725646972656
12.576276779174805
17.04454231262207
18.506528854370117
28.040191650390625
28.687667846679688
11.435378074645996
10.450738906860352
15.71825122833252
18.93291473388672
26.278926849365234
21.23175048828125
24.432415008544922
15.169001579284668
22.309799194335938
25.75172996520996
15.19256591796875
24.805828094482422
21.48208236694336
23.02140235900879
6.494050025939941
18.564420700073242
27.829647064208984
11.129087448120117
11.947136878967285
18.737506866455078
28.2239990234375
22.18948745727539
15.167989730834961
30.455713272094727
16.567737579345703
11.528549194335938
19.35596466064453
15.886667251586914
3.2029850482940674
11.826942443847656
29.04119873046875
13.724912643432617
13.917337417602539
17.71434783935547
35.97343444824219
16.472332000732422
33.445762634277344
34.029788970947266
25.17971420288086
11.987778663635254
15.739736557006836
18.785350799560547
26.682016372680664
3.828193187713623
18.9385986328125
20.59842300415039
21.846519470214844
20.55078125
10.955652236938477
9.429882049560547
41.025604248046875
10.276827812194824
16.056344985961914
8.420012474060059
25.175769805908203
21.16640281677246
18.982513427734375
20.904603958129883
26.97019386291504
12.127542495727539
7.254531383514404
6.98010778427124
8.853202819824219
11.10549545288086
24.859102249145508
31.70668601989746
8.653654098510742
26.456056594848633
15.403133392333984
8.58263874053955
25.21042823791504
20.399629592895508
1.9328612089157104
12.28311824798584
32.39797592163086
15.289250373840332
18.555461883544922
27.05270004272461
16.04128646850586
25.004756927490234
34.09864044189453
8.72375202178955
9.34699535369873
20.754514694213867
18.287527084350586
19.604272842407227
27.537336349487305
17.074853897094727
20.768278121948242
18.996828079223633
19.722440719604492
13.096428871154785
23.434167861938477
13.601887702941895
15.73621654510498
7.9562578201293945
15.997784614562988
20.726362228393555
15.367631912231445
36.22611618041992
14.676031112670898
15.547943115234375
23.154251098632812
11.457174301147461
20.276105880737305
35.37466812133789
15.641524314880371
24.137298583984375
10.978779792785645
27.103240966796875
24.218704223632812
14.246264457702637
31.20505142211914
21.63578987121582
5.964127540588379
11.86487865447998
15.770279884338379
16.615936279296875
22.518333435058594
13.50987720489502
12.198203086853027
20.615198135375977
23.054162979125977
12.989851951599121
21.68150520324707
23.11932945251465
20.556337356567383
14.646122932434082
35.390926361083984
13.225282669067383
30.812694549560547
14.904973030090332
33.939231872558594
15.021551132202148
26.1827335357666
14.826141357421875
7.604124069213867
3.768594741821289
7.613874912261963
25.104976654052734
24.411176681518555
17.63433265686035
24.203044891357422
16.607925415039062
27.366315841674805
4.8955488204956055
5.604259490966797
11.314303398132324
2.9492645263671875
29.00788688659668
17.874893188476562
24.471036911010742
30.022293090820312
14.496455192565918
15.874868392944336
4.86379861831665
25.889324188232422
8.597612380981445
26.3984317779541
28.790048599243164
9.522747039794922
32.13825607299805
11.142735481262207
15.201190948486328
15.99323844909668
17.50951385498047
21.1601505279541
4.7360029220581055
33.126216888427734
18.992359161376953
15.905669212341309
19.326416015625
20.12002182006836
24.647235870361328
23.776365280151367
18.488929748535156
