48.797340393066406
47.858524322509766
32.498558044433594
22.610811233520508
35.30181884765625
58.7032585144043
42.77021026611328
80.60800170898438
32.16925811767578
29.437528610229492
48.092105865478516
38.365386962890625
37.262508392333984
21.844127655029297
38.599021911621094
31.181278228759766
24.034080505371094
38.73167037963867
46.491397857666016
42.4442024230957
44.97970199584961
29.733692169189453
34.37058639526367
44.010498046875
72.58709716796875
36.90260696411133
29.09349250793457
39.27090072631836
21.899248123168945
47.29324722290039
33.99311828613281
28.626741409301758
42.23921585083008
18.92563819885254
37.50246047973633
39.446205139160156
30.84073829650879
44.68131637573242
31.853424072265625
32.35728454589844
46.529266357421875
41.68731689453125
56.89842987060547
20.94312286376953
42.53096008300781
70.3536376953125
31.558731079101562
23.003372192382812
14.543713569641113
38.05304718017578
20.641738891601562
39.03779602050781
42.78597640991211
31.182960510253906
52.62798309326172
32.15601348876953
22.362743377685547
34.689781188964844
34.76974105834961
13.958993911743164
55.0367431640625
25.544069290161133
45.024383544921875
29.611385345458984
47.83293151855469
18.008668899536133
59.68104553222656
55.18815612792969
27.50635528564453
51.62632369995117
61.32305145263672
50.68983840942383
31.823001861572266
68.02945709228516
35.21625518798828
40.0273551940918
60.719722747802734
66.16744232177734
45.01219940185547
32.412357330322266
48.012508392333984
41.93330383300781
33.88960266113281
40.266075134277344
58.45440673828125
34.646488189697266
52.05261993408203
31.51022720336914
24.887943267822266
34.58003234863281
22.548795700073242
56.92661666870117
54.53034210205078
33.23530197143555
53.449867248535156
65.21168518066406
24.856658935546875
35.196537017822266
38.893245697021484
37.42213821411133
25.33159828186035
38.49969482421875
33.97380447387695
51.44655227661133
47.83150100708008
44.420406341552734
40.08199691772461
41.61141586303711
36.113426208496094
50.4338264465332
48.852779388427734
60.10551834106445
43.137168884277344
14.142203330993652
50.70022964477539
26.162473678588867
45.17446517944336
51.5236930847168
18.83618927001953
20.172391891479492
62.02272415161133
45.75620651245117
43.401283264160156
36.40748977661133
19.067699432373047
67.67131042480469
39.53208923339844
41.098697662353516
87.41148376464844
51.365726470947266
20.872966766357422
55.63863754272461
35.14070129394531
53.670623779296875
35.5777702331543
33.13395690917969
29.603361129760742
43.0494384765625
47.057151794433594
27.539642333984375
46.23947525024414
17.317045211791992
76.81022644042969
56.35970687866211
24.93208122253418
72.9280776977539
32.07648849487305
54.65024948120117
42.986202239990234
35.88909912109375
11.511829376220703
41.02284240722656
16.006805419921875
63.069854736328125
29.71573257446289
45.04000473022461
54.07853698730469
48.98586654663086
48.040096282958984
39.21083068847656
35.199623107910156
54.50418472290039
42.118934631347656
31.40743637084961
27.156051635742188
49.38481903076172
37.175010681152344
24.5333251953125
27.11890983581543
54.046295166015625
39.134803771972656
28.89651870727539
26.270801544189453
27.997249603271484
36.56914138793945
28.548816680908203
62.62904739379883
73.85203552246094
62.19961166381836
19.70372200012207
35.242645263671875
54.09312438964844
49.376346588134766
17.066041946411133
34.98072052001953
44.26092529296875
34.1407356262207
35.97041702270508
18.81074333190918
35.63591003417969
34.34615707397461
47.866512298583984
51.39278793334961
46.54912185668945
28.78564453125
33.09621047973633
58.95981979370117
36.25299072265625
36.352928161621094
42.16886901855469
52.64158248901367
50.68479919433594
42.48643112182617
26.756988525390625
55.49723434448242
27.646352767944336
44.11486053466797
50.57099533081055
28.999805450439453
39.520103454589844
42.46400833129883
41.7762336730957
49.29958724975586
53.633792877197266
50.09495162963867
18.015432357788086
42.54132080078125
68.9918212890625
52.14473342895508
27.44532585144043
53.329200744628906
41.94709396362305
43.929229736328125
39.79193115234375
28.965425491333008
33.63300704956055
28.170028686523438
34.352230072021484
50.37710952758789
28.99472999572754
24.563261032104492
16.468782424926758
46.4605827331543
33.495277404785156
37.37626647949219
49.43745803833008
43.53290939331055
56.57933044433594
9.000150680541992
49.8961296081543
45.61068344116211
27.146657943725586
41.68935775756836
44.599571228027344
65.85752868652344
44.777198791503906
66.5590591430664
44.944461822509766
19.71299171447754
29.208532333374023
31.95442008972168
31.775081634521484
51.86094284057617
48.7639045715332
68.52264404296875
49.119529724121094
70.85133361816406
50.22306823730469
60.41643142700195
63.443031311035156
16.25387191772461
21.221696853637695
26.24898910522461
22.3792781829834
79.12178802490234
32.493961334228516
49.80339050292969
37.86717987060547
48.521636962890625
44.816436767578125
20.971778869628906
54.34319305419922
49.51387405395508
59.319915771484375
40.25666046142578
56.77562713623047
38.32854080200195
51.34955978393555
40.142234802246094
40.8912353515625
53.458980560302734
32.905216217041016
55.81212615966797
43.0233039855957
29.399887084960938
26.220821380615234
32.627769470214844
71.20010375976562
30.08005714416504
39.661312103271484
27.478429794311523
26.088016510009766
32.316856384277344
46.4623908996582
25.267911911010742
37.858341217041016
39.222328186035156
61.7674560546875
27.69095802307129
18.704774856567383
17.093997955322266
25.56569480895996
47.938167572021484
43.31496047973633
43.05814743041992
36.11088180541992
22.82544708251953
40.07267761230469
50.67859649658203
50.630680084228516
30.91288185119629
47.30054473876953
48.793216705322266
55.837100982666016
27.531173706054688
33.98777770996094
28.89015769958496
49.89374542236328
38.3717041015625
42.2764892578125
18.628677368164062
42.263885498046875
54.935970306396484
45.909339904785156
43.21817398071289
56.425052642822266
53.422767639160156
33.931941986083984
69.71231079101562
52.344940185546875
17.5573787689209
67.32274627685547
48.24873352050781
43.70620346069336
35.50545120239258
55.78997039794922
20.00885581970215
29.40972900390625
40.12983322143555
51.8880729675293
18.053936004638672
25.98590660095215
78.85442352294922
48.62454605102539
70.20691680908203
48.22201156616211
55.37191390991211
52.66694259643555
15.31689167022705
53.92335891723633
68.56085968017578
44.058815002441406
35.554622650146484
35.656192779541016
54.233741760253906
25.712202072143555
22.499675750732422
34.037574768066406
27.748531341552734
33.68800735473633
69.81574249267578
39.45610046386719
12.200712203979492
33.38027572631836
42.01432800292969
26.463396072387695
38.12393569946289
65.56797790527344
51.38710021972656
29.23287010192871
27.538719177246094
38.900150299072266
30.773481369018555
64.75399017333984
69.71129608154297
41.40583038330078
43.99224853515625
63.586647033691406
52.88564682006836
8.776397705078125
72.25947570800781
28.595653533935547
51.17960739135742
38.813899993896484
49.555877685546875
24.733274459838867
74.3721694946289
43.707984924316406
49.382591247558594
38.41077423095703
35.99335861206055
49.939361572265625
80.61427307128906
77.56480407714844
31.766965866088867
25.17524528503418
19.12689208984375
54.28726577758789
33.45368957519531
27.811140060424805
43.89667892456055
70.28443145751953
31.992839813232422
44.4987678527832
59.648406982421875
66.5594711303711
38.894657135009766
68.70909881591797
39.66215896606445
19.591344833374023
43.084068298339844
46.279380798339844
48.4082145690918
19.321578979492188
34.11359786987305
41.49241638183594
40.299320220947266
13.070503234863281
44.085906982421875
28.788833618164062
39.0024528503418
54.44649124145508
55.75529098510742
19.203489303588867
73.73690795898438
23.41600227355957
40.78181076049805
51.18508529663086
68.65117645263672
54.19553756713867
47.93180847167969
40.38469696044922
41.19945526123047
47.61090850830078
47.14366912841797
43.7097282409668
44.859981536865234
45.62595748901367
54.58427429199219
51.61725997924805
65.62373352050781
30.148452758789062
48.1209716796875
52.045719146728516
29.388404846191406
44.369529724121094
37.41206359863281
34.7567138671875
80.59060668945312
23.310897827148438
33.88694381713867
44.064048767089844
34.812744140625
57.62399673461914
41.64099884033203
34.32866668701172
23.310665130615234
39.08549880981445
62.133331298828125
51.314292907714844
27.587459564208984
41.628334045410156
40.06663131713867
40.95067596435547
59.82804870605469
42.17461013793945
43.148075103759766
27.85005760192871
50.50169372558594
61.516258239746094
46.1983642578125
55.911827087402344
16.472227096557617
52.917240142822266
27.71042251586914
33.797306060791016
33.658939361572266
47.54338073730469
45.35835647583008
18.294668197631836
37.187950134277344
35.93526077270508
25.33344268798828
47.51266098022461
39.03011703491211
43.424041748046875
54.26777648925781
44.05039978027344
17.24694061279297
42.83253479003906
27.01214599609375
28.066204071044922
42.544803619384766
26.972549438476562
23.92530632019043
44.743614196777344
41.980934143066406
33.085365295410156
30.69408416748047
69.61265563964844
73.33439636230469
15.318114280700684
42.450557708740234
49.649417877197266
47.949771881103516
57.879756927490234
55.66501235961914
43.66914367675781
26.042339324951172
60.68142318725586
34.07960891723633
38.048736572265625
39.62386703491211
38.824039459228516
28.88129234313965
67.82483673095703
63.389129638671875
37.192569732666016
68.61414337158203
66.40750885009766
56.064971923828125
52.65081024169922
31.672794342041016
42.778934478759766
56.3860969543457
61.253501892089844
59.30231857299805
44.4103889465332
30.843122482299805
29.91753387451172
53.40590286254883
68.9067611694336
44.02437973022461
39.809349060058594
42.74789810180664
31.324872970581055
48.53084945678711
41.438819885253906
27.9977970123291
33.048866271972656
25.205041885375977
49.29959487915039
40.592437744140625
28.11939239501953
71.14443969726562
61.46091842651367
92.99256896972656
45.54295349121094
49.0737419128418
48.5992431640625
30.934925079345703
44.1591682434082
14.8856782913208
48.70420455932617
35.66047668457031
25.121997833251953
43.47062683105469
63.30690383911133
37.4089241027832
43.82487106323242
46.073543548583984
40.65435028076172
50.77517318725586
55.962303161621094
36.25209045410156
46.827274322509766
37.823890686035156
47.70136642456055
13.668821334838867
40.27794647216797
56.0958251953125
44.920780181884766
28.983919143676758
40.61489486694336
19.818313598632812
74.94998931884766
36.02294158935547
48.87913131713867
77.38050842285156
31.578025817871094
43.423309326171875
43.58225631713867
24.52690315246582
58.30316162109375
58.886783599853516
41.637840270996094
49.17479705810547
36.494266510009766
42.77710723876953
26.252208709716797
31.53049087524414
26.340333938598633
41.16541290283203
28.386219024658203
43.442317962646484
28.152080535888672
36.72190856933594
42.48283386230469
29.02768325805664
18.320825576782227
55.22542190551758
38.0478401184082
54.497589111328125
35.479339599609375
49.48442459106445
31.00543785095215
45.8577880859375
16.721704483032227
50.001094818115234
23.77537727355957
43.06880187988281
34.98798751831055
33.442508697509766
53.0828742980957
80.19554901123047
35.66888427734375
21.478322982788086
25.0405216217041
46.75819778442383
29.612621307373047
64.72647857666016
28.86316680908203
26.829082489013672
31.129989624023438
34.4703369140625
38.1854133605957
35.28897476196289
46.182212829589844
28.821325302124023
24.643817901611328
41.5499382019043
44.73875427246094
51.1669921875
36.208641052246094
42.61663818359375
12.677626609802246
41.26238250732422
43.74444580078125
56.54106140136719
51.722312927246094
36.201499938964844
36.457740783691406
53.477630615234375
69.7308120727539
32.904666900634766
44.351470947265625
27.273845672607422
64.04277801513672
49.444618225097656
20.44795036315918
49.148780822753906
77.571044921875
38.299373626708984
14.783178329467773
47.61857604980469
50.27117919921875
53.092994689941406
49.759578704833984
28.598892211914062
18.148344039916992
67.19821166992188
68.72450256347656
50.985923767089844
27.83502960205078
54.01572799682617
27.259082794189453
36.628028869628906
31.62363052368164
72.15011596679688
40.36478805541992
18.154329299926758
7.38182258605957
33.34294128417969
40.9767951965332
19.7186279296875
41.481563568115234
59.82642364501953
56.08454132080078
47.139854431152344
34.05789566040039
41.2655143737793
44.13146209716797
43.204917907714844
52.76239776611328
28.482118606567383
14.601048469543457
32.57758712768555
49.8957633972168
53.179161071777344
3.8323326110839844
52.13218307495117
41.96064376831055
13.894298553466797
32.68737030029297
71.62596130371094
38.25912857055664
32.484901428222656
16.376548767089844
49.76421356201172
25.58960723876953
38.336727142333984
31.716419219970703
35.03948974609375
41.94215393066406
23.191978454589844
41.70146942138672
20.628135681152344
48.46903991699219
78.79209899902344
53.36529541015625
34.2336311340332
38.05493927001953
35.41522216796875
45.267940521240234
41.35932922363281
38.462677001953125
49.92888259887695
72.66138458251953
37.893714904785156
50.147220611572266
27.0811767578125
48.19219970703125
29.700454711914062
16.622018814086914
56.97597122192383
25.091968536376953
48.115482330322266
20.018404006958008
44.06147384643555
13.995266914367676
64.04548645019531
12.273235321044922
15.86458969116211
30.3447265625
29.400232315063477
48.422760009765625
41.0583381652832
31.01443099975586
53.85855484008789
39.49448776245117
57.159637451171875
29.419416427612305
38.587982177734375
51.73579788208008
54.409725189208984
52.340858459472656
31.418365478515625
41.914451599121094
39.67515563964844
45.65949249267578
25.576385498046875
18.403350830078125
18.81868553161621
51.84149932861328
43.459041595458984
33.78811264038086
46.44621658325195
61.88593673706055
22.905580520629883
48.17162322998047
39.271278381347656
68.83346557617188
25.68755531311035
24.08755111694336
36.516502380371094
85.0373306274414
42.395713806152344
52.98214340209961
41.92988967895508
41.717105865478516
67.81045532226562
53.78001403808594
36.74542999267578
53.27476119995117
31.147119522094727
32.37654495239258
58.56107711791992
52.14885711669922
47.13512420654297
65.19497680664062
9.726426124572754
15.985196113586426
45.21817398071289
32.313175201416016
43.64175033569336
46.41508102416992
54.017826080322266
21.244834899902344
57.83505630493164
61.991695404052734
28.18948745727539
26.179548263549805
50.69334411621094
38.085994720458984
37.25551223754883
43.97333526611328
63.586448669433594
60.3695182800293
33.959068298339844
30.190326690673828
43.47325134277344
33.864864349365234
31.596805572509766
38.999610900878906
82.97481536865234
57.55199432373047
55.47533416748047
18.27318000793457
48.9681282043457
35.22053909301758
24.16210174560547
25.720298767089844
55.69440460205078
44.171260833740234
47.995147705078125
33.33988952636719
35.964805603027344
38.338775634765625
37.8707389831543
49.38872528076172
36.989105224609375
13.423295021057129
55.122379302978516
63.8009147644043
40.27880859375
28.85771942138672
35.734188079833984
40.30058288574219
37.245460510253906
54.6693115234375
26.89525604248047
36.418216705322266
26.819963455200195
47.02485275268555
29.858110427856445
54.09562301635742
50.0009765625
21.313627243041992
34.94618225097656
35.597469329833984
38.1991081237793
43.25832748413086
25.109548568725586
66.24138641357422
30.38449478149414
72.11856842041016
45.73731994628906
82.76212310791016
40.603355407714844
53.665401458740234
20.826932907104492
46.03514099121094
42.242671966552734
33.863704681396484
26.707717895507812
53.752410888671875
31.492456436157227
46.480159759521484
20.751632690429688
51.35986328125
39.9890251159668
35.85331726074219
60.6902961730957
33.10701370239258
31.016244888305664
29.06056785583496
22.59314727783203
50.65655517578125
7.765794277191162
20.89115333557129
37.60219192504883
43.95341491699219
71.3573226928711
58.62581253051758
51.31898880004883
38.96233367919922
22.4871768951416
46.184810638427734
61.50410461425781
48.87247848510742
21.478456497192383
80.89863586425781
56.0104866027832
39.397884368896484
26.580371856689453
19.958284378051758
39.77979278564453
43.08096694946289
85.20010375976562
54.73942947387695
28.406469345092773
48.269554138183594
37.11448669433594
22.888080596923828
40.433799743652344
24.59212303161621
33.92197799682617
57.19294738769531
31.926462173461914
74.75611114501953
71.41748809814453
31.38797950744629
18.396404266357422
34.11233139038086
41.471336364746094
37.60062026977539
32.98190689086914
43.650169372558594
50.58378982543945
44.73185348510742
23.6533203125
19.499042510986328
70.59915924072266
56.97418212890625
32.01353073120117
38.49741744995117
44.32173156738281
25.098222732543945
53.72887420654297
31.350481033325195
35.28453063964844
58.78877258300781
50.42318344116211
24.872295379638672
39.93979263305664
60.845218658447266
51.22284698486328
42.829315185546875
46.74086380004883
62.11238479614258
27.74018096923828
38.4792366027832
55.036434173583984
54.96623992919922
46.14068603515625
38.359920501708984
35.60487365722656
22.60503387451172
39.19100570678711
50.06719970703125
45.52141189575195
32.25273895263672
34.96857452392578
47.753623962402344
36.00352096557617
26.57490348815918
14.68057632446289
43.163734436035156
50.505714416503906
39.984962463378906
51.016780853271484
27.88518524169922
45.42946243286133
34.24876022338867
55.772003173828125
61.17607879638672
51.361541748046875
52.75447082519531
24.87608528137207
55.43072509765625
42.04079055786133
23.586135864257812
38.856170654296875
27.862653732299805
41.292579650878906
51.7274169921875
44.47614669799805
37.00885009765625
41.11506271362305
35.84566879272461
34.46111297607422
55.02135467529297
40.71577835083008
32.13765335083008
52.25483322143555
44.41757583618164
62.19794845581055
28.77397346496582
44.571964263916016
77.08952331542969
33.32776641845703
76.14611053466797
55.176055908203125
38.64476013183594
14.600113868713379
36.82130813598633
39.000755310058594
56.720760345458984
66.76824188232422
34.93404769897461
15.435029029846191
55.049461364746094
58.087650299072266
43.00502395629883
47.45977020263672
24.6131649017334
53.326255798339844
43.20979309082031
48.82999801635742
47.6298942565918
42.17251968383789
36.39530563354492
39.86357498168945
50.79594039916992
18.873554229736328
38.048423767089844
38.52058029174805
45.45446014404297
42.38730239868164
43.80086135864258
56.51832962036133
46.985450744628906
23.56342887878418
43.830162048339844
25.66938018798828
41.78166580200195
33.14586639404297
30.669536590576172
2.7077794075012207
44.16744613647461
39.68526077270508
54.88871765136719
18.414854049682617
37.545955657958984
52.962623596191406
58.949859619140625
36.07745361328125
34.916297912597656
58.991939544677734
29.221887588500977
48.80567932128906
33.125728607177734
50.19083023071289
54.933162689208984
47.85435104370117
16.778156280517578
29.374847412109375
26.84669303894043
14.340971946716309
44.28955841064453
61.220516204833984
54.02044677734375
41.22670364379883
47.97225570678711
46.0046501159668
70.40940856933594
48.45587158203125
28.281333923339844
51.342166900634766
38.25190734863281
38.17875289916992
37.170997619628906
10.688812255859375
29.780359268188477
48.8422737121582
37.030094146728516
51.154815673828125
29.62273597717285
18.563461303710938
56.104576110839844
44.61875915527344
24.69904327392578
28.154876708984375
21.6453800201416
37.57684326171875
9.99895191192627
34.6846809387207
20.035242080688477
55.84098815917969
50.197898864746094
29.339435577392578
27.49765396118164
49.34538650512695
44.310909271240234
32.89862060546875
20.169761657714844
50.80194854736328
35.8998908996582
70.61356353759766
48.44662094116211
22.533994674682617
92.90406799316406
44.95841598510742
40.02214813232422
67.55148315429688
50.0749397277832
38.13368225097656
52.80408477783203
10.345787048339844
53.071224212646484
43.92216491699219
53.100955963134766
16.40953826904297
56.70295333862305
38.66194152832031
26.689193725585938
35.0609245300293
44.53437042236328
14.382558822631836
33.28569030761719
43.652862548828125
49.59561538696289
49.762855529785156
66.86627960205078
55.22758102416992
46.689598083496094
54.2725944519043
24.34140968322754
18.133054733276367
16.46580696105957
34.71077346801758
58.8820686340332
44.79997634887695
25.484586715698242
47.44786071777344
29.052318572998047
69.33283233642578
20.40694808959961
48.35396957397461
34.39610290527344
14.942859649658203
45.932273864746094
17.00694465637207
64.35721588134766
31.783313751220703
58.88589096069336
49.13270950317383
19.071977615356445
28.321157455444336
45.21554183959961
39.704132080078125
30.21631622314453
49.10273742675781
37.25174331665039
54.220909118652344
31.638513565063477
53.9803352355957
39.49952697753906
38.40161895751953
30.971403121948242
48.566734313964844
41.635562896728516
26.696224212646484
50.960323333740234
42.98243713378906
61.817447662353516
43.84256362915039
47.142295837402344
33.5270881652832
35.4818000793457
56.616939544677734
37.936241149902344
46.542823791503906
46.286075592041016
30.131216049194336
27.0445556640625
20.788532257080078
37.6092643737793
31.76753807067871
12.727245330810547
61.97776794433594
58.33771514892578
46.36967849731445
39.96261978149414
52.70687484741211
32.598976135253906
26.36557960510254
43.92723083496094
25.297332763671875
51.70508575439453
33.069580078125
60.771575927734375
52.309993743896484
16.27113151550293
61.544517517089844
21.45431900024414
34.47258377075195
60.6435432434082
28.581972122192383
32.525917053222656
44.3895378112793
42.3969841003418
33.91736602783203
47.85830307006836
50.28144073486328
59.75705337524414
35.853431701660156
52.39004135131836
30.72210121154785
33.221988677978516
68.19950866699219
35.09232711791992
74.7793960571289
18.404273986816406
48.8370475769043
26.95330047607422
34.00448989868164
26.699222564697266
18.56451988220215
64.9659194946289
46.52812194824219
63.76485061645508
44.45563507080078
31.57320213317871
48.23311996459961
53.694801330566406
38.48802185058594
27.703678131103516
33.675350189208984
48.62720489501953
26.932891845703125
32.3408088684082
29.71759605407715
36.365238189697266
37.48796844482422
69.24536895751953
51.77632522583008
29.93431282043457
61.32107162475586
33.43483352661133
79.14398193359375
36.330081939697266
32.107059478759766
34.42080307006836
13.382201194763184
35.718379974365234
59.74868392944336
46.073089599609375
35.69626998901367
60.74595642089844
56.734893798828125
38.71738815307617
13.809106826782227
64.17354583740234
41.28008270263672
41.003257751464844
58.596229553222656
53.01848602294922
51.89411163330078
33.49715805053711
29.963809967041016
73.62120819091797
13.905949592590332
55.45643615722656
54.594783782958984
37.221858978271484
51.06257247924805
75.9402847290039
60.177215576171875
23.295320510864258
42.2333869934082
45.130863189697266
37.9852180480957
39.27436447143555
51.56459426879883
43.37678527832031
58.236698150634766
48.96609115600586
31.69162368774414
41.60762405395508
44.990909576416016
32.592716217041016
46.82088851928711
40.84607696533203
36.253353118896484
46.05364990234375
22.36334991455078
50.14617156982422
44.66383743286133
25.900419235229492
38.37710189819336
56.55225372314453
38.41482925415039
36.760982513427734
37.08150100708008
64.42633819580078
77.86952209472656
9.775664329528809
41.788516998291016
25.79236602783203
53.57398986816406
37.28607177734375
53.39742660522461
64.52313232421875
48.389137268066406
37.4467887878418
37.83034133911133
46.94268798828125
50.53469467163086
36.84098815917969
60.07319259643555
59.414878845214844
31.007566452026367
27.19730567932129
45.43919372558594
41.54304504394531
23.913915634155273
28.54471206665039
43.56199645996094
35.58273696899414
63.303218841552734
64.39765930175781
44.717864990234375
24.920583724975586
42.54650115966797
28.228843688964844
21.842662811279297
51.72170639038086
40.697303771972656
23.285850524902344
32.94982147216797
32.586181640625
55.9124641418457
40.73933792114258
83.20674896240234
28.799482345581055
48.96547317504883
28.995834350585938
22.69375228881836
27.98767852783203
65.23865509033203
64.50675964355469
37.4104118347168
24.05076026916504
46.09821319580078
43.42223358154297
23.607868194580078
60.226104736328125
31.989212036132812
32.980323791503906
38.153953552246094
54.0536994934082
51.3200569152832
84.41021728515625
27.32990264892578
13.861753463745117
29.026777267456055
21.708494186401367
41.8104248046875
42.66596984863281
41.382476806640625
49.285011291503906
24.637378692626953
14.0255126953125
55.568458557128906
44.292701721191406
34.58976745605469
30.31924057006836
45.56914138793945
33.12043380737305
43.87354278564453
70.1083755493164
42.61009979248047
26.357379913330078
47.977317810058594
42.37855529785156
46.80373001098633
22.951555252075195
39.29915237426758
66.36872863769531
41.58320999145508
35.546669006347656
28.762401580810547
55.77537536621094
29.811670303344727
44.17974090576172
55.725791931152344
38.18896484375
35.91950607299805
57.57373809814453
42.693538665771484
25.88538360595703
48.41120910644531
39.79765319824219
51.725303649902344
14.749935150146484
29.665225982666016
42.92020034790039
47.926513671875
33.97740173339844
24.636247634887695
17.237279891967773
42.8569221496582
44.18887710571289
11.140288352966309
52.638084411621094
75.88998413085938
65.96672821044922
30.538267135620117
46.2425651550293
56.38801956176758
35.691131591796875
68.89767456054688
42.0272102355957
62.02272415161133
42.41388702392578
25.64633560180664
31.66860008239746
32.67547607421875
54.36115646362305
58.458797454833984
48.469173431396484
71.59246826171875
54.174049377441406
37.246028900146484
64.84929656982422
41.100215911865234
12.224920272827148
38.415687561035156
55.45482635498047
26.236080169677734
46.6689567565918
28.248672485351562
26.40510368347168
31.47492790222168
56.204864501953125
37.61714172363281
28.994062423706055
28.61236000061035
63.388118743896484
38.77054214477539
41.02149963378906
36.61609649658203
29.886743545532227
69.10221862792969
17.803936004638672
52.787540435791016
5.1328911781311035
32.327659606933594
29.301246643066406
45.705787658691406
49.91722106933594
50.393310546875
35.84104537963867
59.662109375
31.637989044189453
45.35219192504883
58.55052185058594
66.64090728759766
59.471927642822266
34.5240478515625
22.613956451416016
28.531225204467773
41.430076599121094
50.17562484741211
52.719276428222656
44.481651306152344
30.921064376831055
18.34258270263672
55.67619705200195
34.20073699951172
62.60839080810547
39.96380615234375
30.368528366088867
50.2960090637207
39.27740478515625
43.78738021850586
27.004655838012695
20.000802993774414
52.40791702270508
35.59330368041992
41.150482177734375
54.194305419921875
41.67755126953125
47.0026969909668
67.8280029296875
43.42424774169922
40.884925842285156
68.2820816040039
31.454784393310547
32.44368362426758
50.67581558227539
60.373802185058594
26.183361053466797
31.092378616333008
39.14781951904297
50.90492630004883
40.97871398925781
48.977500915527344
37.86362075805664
18.152809143066406
48.2237548828125
50.33820724487305
64.62974548339844
49.19272232055664
12.87390422821045
56.11039352416992
38.66460418701172
24.245323181152344
18.72543716430664
31.73117446899414
61.56965637207031
32.71438217163086
18.303447723388672
17.011449813842773
58.39801788330078
52.9063606262207
42.98305892944336
44.483768463134766
39.304630279541016
24.759098052978516
72.17874145507812
39.17854309082031
29.287919998168945
30.74519157409668
40.402923583984375
38.660858154296875
28.343992233276367
39.942447662353516
37.48373031616211
28.32750129699707
44.927486419677734
40.94227981567383
76.31770324707031
30.762380599975586
55.944679260253906
28.166547775268555
52.11030197143555
72.68263244628906
39.1685676574707
44.26844787597656
43.540897369384766
45.443565368652344
31.433473587036133
41.92538833618164
40.5485954284668
51.12581253051758
58.027523040771484
68.49737548828125
35.98212814331055
40.521602630615234
47.89254379272461
38.98640441894531
14.0856294631958
52.929481506347656
52.83088302612305
33.5098876953125
47.69886779785156
64.32534790039062
33.74195861816406
82.04197692871094
73.35325622558594
54.96356964111328
52.708003997802734
30.523971557617188
39.40386962890625
24.826448440551758
58.34028625488281
64.6856918334961
39.21837615966797
55.20293045043945
70.404296875
25.93242645263672
53.99222946166992
44.93895721435547
33.94593048095703
60.9560661315918
75.91410827636719
40.92212677001953
47.129844665527344
44.378631591796875
15.587370872497559
54.749839782714844
64.4564437866211
45.332427978515625
55.947532653808594
21.746000289916992
49.512062072753906
22.272863388061523
66.83010864257812
71.09794616699219
59.173614501953125
41.124488830566406
33.960628509521484
9.00190258026123
28.687480926513672
31.890186309814453
43.094818115234375
24.902759552001953
47.301612854003906
55.25775909423828
36.46413040161133
23.81355857849121
14.823770523071289
42.27607727050781
29.795021057128906
42.85478973388672
42.51502990722656
36.08831024169922
44.567344665527344
36.01057815551758
41.6197395324707
45.87917709350586
63.850914001464844
25.293071746826172
55.16944122314453
46.91021728515625
33.324710845947266
47.25376892089844
70.19895935058594
26.41954803466797
23.493236541748047
48.25053787231445
20.301353454589844
45.7613639831543
46.839881896972656
58.916690826416016
39.972618103027344
34.69678497314453
33.91313552856445
55.14561080932617
36.60023880004883
29.368026733398438
65.39659881591797
42.259239196777344
44.437171936035156
49.78468322753906
55.25590515136719
70.81671905517578
52.8599853515625
70.75548553466797
44.42509460449219
45.64677047729492
55.00885009765625
30.831573486328125
23.7006893157959
48.62507629394531
44.43519592285156
29.098907470703125
55.06644058227539
61.37565994262695
24.530620574951172
31.37422752380371
25.976428985595703
52.916683197021484
60.12387466430664
36.90797424316406
55.848052978515625
34.778045654296875
27.96122932434082
35.092411041259766
28.232452392578125
36.02669906616211
17.795757293701172
56.392250061035156
35.74369812011719
33.75374984741211
33.09941864013672
52.54879379272461
58.568599700927734
27.97844696044922
46.07328414916992
35.07076644897461
38.20269012451172
21.212387084960938
24.97102928161621
38.76408386230469
55.070404052734375
38.23897933959961
67.9219741821289
27.605764389038086
51.84819030761719
54.06938171386719
37.39845657348633
66.07048034667969
15.273627281188965
55.28915023803711
60.48942184448242
40.51862335205078
12.73261547088623
31.53239631652832
55.04250717163086
32.74827575683594
49.684593200683594
15.153905868530273
59.31188201904297
19.74825096130371
50.57962417602539
50.67702865600586
17.862594604492188
28.90178108215332
29.948305130004883
38.91682815551758
27.73744010925293
46.65617752075195
48.210853576660156
31.670827865600586
49.26496505737305
57.27241134643555
40.14469528198242
45.9301872253418
55.18992233276367
29.51811981201172
40.94486999511719
52.35178756713867
56.67669677734375
39.789886474609375
28.050500869750977
41.25738525390625
54.152099609375
36.028709411621094
48.60810089111328
39.2876091003418
36.56229782104492
49.712032318115234
36.789974212646484
33.339412689208984
62.767791748046875
25.207963943481445
37.05669021606445
61.370567321777344
36.053688049316406
50.58475112915039
59.68129348754883
74.65867614746094
48.79806137084961
38.522701263427734
27.011083602905273
39.734073638916016
34.92828369140625
65.83171081542969
26.204578399658203
54.66382598876953
49.428043365478516
52.957061767578125
48.127647399902344
24.026309967041016
36.80392074584961
33.38900375366211
47.87599563598633
63.45935821533203
40.948299407958984
29.103334426879883
20.899320602416992
47.46467208862305
54.2811279296875
62.744808197021484
27.770280838012695
40.783416748046875
51.499664306640625
47.5964469909668
18.551258087158203
32.64505386352539
21.179931640625
35.13502883911133
93.16195678710938
59.88230895996094
18.26319694519043
30.506755828857422
57.32676696777344
38.30509567260742
32.29985427856445
46.751747131347656
26.154590606689453
41.84336471557617
35.322689056396484
38.95954895019531
34.00022888183594
47.45266342163086
60.171409606933594
26.21293067932129
66.8327865600586
41.02771759033203
35.115596771240234
24.063770294189453
51.16844940185547
63.742855072021484
34.405189514160156
44.29946517944336
35.47610855102539
32.94889450073242
24.20022201538086
21.38201141357422
32.48809051513672
38.880802154541016
42.13002014160156
40.94499206542969
42.62474060058594
32.67041778564453
57.68412399291992
42.03424835205078
29.514467239379883
34.09457778930664
43.982215881347656
41.91923141479492
34.902976989746094
46.74969482421875
13.023421287536621
29.307161331176758
55.55034255981445
64.52680969238281
34.318809509277344
45.34741973876953
48.09335708618164
71.44403076171875
42.35065460205078
38.589256286621094
33.62039566040039
33.012943267822266
34.87397003173828
49.67621994018555
39.071266174316406
45.192562103271484
21.486238479614258
80.6026611328125
38.19814682006836
43.72629928588867
50.15650939941406
51.09397506713867
27.55338478088379
47.775367736816406
23.846445083618164
49.572410583496094
32.940086364746094
49.434051513671875
55.3976936340332
32.69157028198242
37.80818557739258
29.035221099853516
29.425249099731445
41.9503173828125
30.69595718383789
45.42157745361328
43.84470748901367
53.822940826416016
34.20018005371094
42.54865264892578
28.889545440673828
41.81327819824219
31.803619384765625
37.581565856933594
37.20453643798828
52.28021240234375
43.35747146606445
11.036603927612305
69.276123046875
49.5926628112793
50.28499984741211
21.18390655517578
20.19620132446289
33.7369270324707
56.360069274902344
46.19095230102539
39.606292724609375
55.08091354370117
12.828332901000977
46.88667297363281
51.74562454223633
48.131675720214844
47.218658447265625
48.1030387878418
54.36314392089844
39.43336868286133
56.00117874145508
40.57492446899414
43.77743148803711
56.0249137878418
50.05738067626953
41.94450378417969
36.52541732788086
32.5313720703125
39.504207611083984
46.58919143676758
49.977699279785156
33.420387268066406
48.4654426574707
25.796985626220703
71.1121826171875
40.894596099853516
46.53340530395508
35.475425720214844
33.540950775146484
63.99010467529297
53.69060134887695
20.686996459960938
46.40795135498047
46.710479736328125
65.46121215820312
69.1010513305664
57.34015655517578
44.04474639892578
25.33172035217285
46.77821350097656
37.35296630859375
49.427005767822266
38.78759002685547
46.407318115234375
34.76641082763672
41.853572845458984
11.188434600830078
41.525569915771484
40.79751205444336
35.13201141357422
21.070650100708008
45.36215591430664
44.113853454589844
34.3177604675293
39.218353271484375
51.685394287109375
42.11241149902344
55.79803466796875
57.66740417480469
50.11029052734375
62.358558654785156
23.108142852783203
34.99126434326172
66.7320556640625
28.500207901000977
32.09267044067383
52.9365348815918
39.69966125488281
31.50225830078125
37.07744216918945
34.71080780029297
44.237422943115234
59.875244140625
42.33613586425781
37.47766876220703
46.99013137817383
45.125118255615234
58.598777770996094
68.64363861083984
42.07679748535156
30.537002563476562
40.97273254394531
72.88835906982422
40.666202545166016
44.37240982055664
47.93342590332031
24.37874412536621
25.723068237304688
42.14759063720703
49.19876480102539
30.03891372680664
52.80012130737305
24.17816734313965
45.24542236328125
43.920955657958984
49.617042541503906
56.5495491027832
57.889015197753906
49.753971099853516
83.24519348144531
44.1067008972168
53.240474700927734
37.987239837646484
18.983020782470703
32.49399948120117
23.339866638183594
44.25498962402344
65.60417175292969
71.87846374511719
42.59651184082031
35.55229187011719
48.15022659301758
58.2736930847168
69.26141357421875
79.0512466430664
58.88432312011719
28.5029239654541
54.44881057739258
37.90514373779297
31.666296005249023
49.085289001464844
25.44928741455078
44.801700592041016
71.50785827636719
67.0364990234375
39.48463439941406
65.97540283203125
34.65348434448242
91.75724029541016
31.818071365356445
56.20756530761719
20.35470199584961
53.85826110839844
21.95673370361328
21.16728401184082
43.06018829345703
50.93777847290039
27.130332946777344
63.47079849243164
53.06172561645508
42.97993087768555
64.3780746459961
24.942445755004883
58.48599624633789
43.22026443481445
20.99095344543457
66.9124755859375
23.21347427368164
44.34421920776367
36.84828186035156
49.871978759765625
61.883426666259766
52.93918228149414
48.40043640136719
34.63297653198242
35.924339294433594
30.968873977661133
59.73736572265625
62.58195495605469
49.08412170410156
48.14873123168945
45.53306198120117
41.703216552734375
55.50497817993164
54.721397399902344
37.1922492980957
38.13113021850586
30.669517517089844
48.736167907714844
27.34503746032715
25.917537689208984
45.34122085571289
45.507179260253906
51.24605178833008
30.6124210357666
40.4912223815918
45.67557144165039
39.55404281616211
84.99535369873047
56.46057891845703
37.18394470214844
34.376163482666016
29.86553192138672
50.935768127441406
3.1611742973327637
12.450511932373047
31.717388153076172
51.02837371826172
61.89213180541992
49.40911865234375
27.341981887817383
36.504486083984375
19.550159454345703
35.66086196899414
44.40919494628906
73.85364532470703
52.481903076171875
44.79792022705078
60.740760803222656
45.463958740234375
28.204198837280273
66.92462158203125
12.664579391479492
40.3973274230957
26.992612838745117
51.37572479248047
36.78350830078125
46.974517822265625
59.48457336425781
19.152671813964844
24.42470932006836
37.50675582885742
44.822975158691406
44.356689453125
47.49627685546875
53.300048828125
29.549392700195312
15.062106132507324
39.99095153808594
46.672706604003906
61.58441925048828
8.01576042175293
38.89589309692383
38.04026794433594
51.07242202758789
36.99324417114258
27.574283599853516
26.284706115722656
24.85846519470215
58.489593505859375
37.83588409423828
67.25533294677734
63.25670623779297
34.76472854614258
64.60822296142578
42.98651885986328
40.664066314697266
52.18239212036133
22.28749656677246
32.50355529785156
42.92066955566406
25.29501724243164
24.18377685546875
56.21635055541992
43.45245361328125
45.311073303222656
41.40451431274414
39.777191162109375
21.088512420654297
50.92420959472656
31.467445373535156
38.09466552734375
33.691741943359375
39.1108283996582
23.18274688720703
11.338863372802734
52.318050384521484
31.43750762939453
68.4034652709961
55.288516998291016
72.53617095947266
38.75141525268555
47.970890045166016
64.74449157714844
18.740108489990234
47.95997619628906
55.22873306274414
36.665428161621094
57.73664474487305
46.97319793701172
43.72432327270508
50.12907791137695
27.27223777770996
39.71080017089844
31.948875427246094
32.05335998535156
57.724544525146484
56.65875244140625
56.2729606628418
44.41435623168945
49.39996337890625
20.348773956298828
40.549015045166016
42.884517669677734
52.70468521118164
48.729740142822266
40.906272888183594
25.240419387817383
52.062007904052734
36.206695556640625
42.4235954284668
26.863645553588867
64.27403259277344
31.77530860900879
34.01774215698242
42.087120056152344
34.786415100097656
21.55653953552246
48.2777214050293
62.18243408203125
37.88023376464844
66.08049774169922
36.0362434387207
30.925670623779297
61.37272644042969
34.01605224609375
28.736162185668945
70.4862060546875
39.42436599731445
55.358543395996094
29.106843948364258
27.287538528442383
26.947284698486328
48.080474853515625
20.267864227294922
71.46456146240234
58.00226974487305
45.421302795410156
32.41265869140625
44.83220291137695
34.574283599853516
23.986841201782227
41.353031158447266
43.347721099853516
45.95854568481445
57.14140701293945
33.86201858520508
30.75119400024414
40.116455078125
34.72268295288086
31.307109832763672
36.11991882324219
49.76017379760742
39.10098648071289
55.69224548339844
26.394983291625977
38.68321990966797
37.37336730957031
30.299631118774414
21.809316635131836
38.14174270629883
50.72504806518555
17.502164840698242
53.45097351074219
36.5297737121582
28.874799728393555
52.100074768066406
39.25104904174805
14.894604682922363
56.61111068725586
29.294939041137695
53.661895751953125
54.247413635253906
31.40728759765625
53.7614631652832
64.11344146728516
50.355682373046875
43.270355224609375
19.16571807861328
30.33961296081543
49.484703063964844
27.77774429321289
22.761171340942383
39.59884262084961
40.97563934326172
53.24531173706055
50.51166534423828
26.374313354492188
27.72852325439453
31.23488426208496
39.012969970703125
44.985313415527344
43.70016098022461
32.218109130859375
55.810306549072266
62.17618942260742
34.19248580932617
48.34852600097656
65.33903503417969
28.164785385131836
10.47201919555664
38.18525695800781
30.520606994628906
45.99104690551758
43.32137680053711
41.29747772216797
41.492610931396484
88.00869750976562
32.80802536010742
45.31550979614258
53.488426208496094
21.579608917236328
32.43201446533203
46.87269592285156
35.2182502746582
12.270581245422363
56.337581634521484
63.5300178527832
47.34971237182617
40.18450927734375
62.493221282958984
43.71705627441406
45.868221282958984
22.854190826416016
44.29505920410156
36.524295806884766
54.00677490234375
42.61989212036133
63.87735366821289
30.72800064086914
41.075435638427734
17.124622344970703
33.32466125488281
39.21905517578125
55.6852912902832
50.6131477355957
27.772079467773438
51.82765197753906
53.665794372558594
40.87259292602539
39.50532531738281
38.83395767211914
47.26882553100586
40.48855209350586
28.51369857788086
38.185630798339844
52.1141471862793
45.24956512451172
47.35622024536133
28.968292236328125
43.03971481323242
56.102989196777344
39.183433532714844
27.50058937072754
49.998931884765625
28.582538604736328
35.76675033569336
50.46369171142578
51.1164436340332
59.802001953125
54.997802734375
59.61075973510742
41.282249450683594
25.801185607910156
35.440147399902344
42.868751525878906
37.31810760498047
52.50741958618164
37.753868103027344
32.496280670166016
34.06395721435547
42.9810791015625
46.94526672363281
56.67721176147461
69.12178039550781
72.8125991821289
32.1717643737793
46.05603790283203
74.0243911743164
33.28520202636719
7.089379787445068
48.84429931640625
52.25428009033203
36.022193908691406
39.15378952026367
43.08562469482422
61.34103012084961
45.262176513671875
65.95671081542969
53.9129753112793
27.215343475341797
51.03995895385742
62.24794006347656
17.964317321777344
44.38492202758789
57.76762771606445
25.41196060180664
19.408649444580078
22.402868270874023
52.24868392944336
63.26095962524414
58.261024475097656
47.35950469970703
53.937679290771484
22.42811393737793
38.862640380859375
80.22932434082031
43.22401428222656
37.41543960571289
42.823753356933594
59.23904800415039
67.14464569091797
45.329463958740234
53.17318344116211
31.750944137573242
47.810306549072266
63.26933670043945
25.66731071472168
48.19330978393555
60.82752227783203
38.256500244140625
30.659751892089844
62.80231475830078
34.36299514770508
41.40850067138672
31.605228424072266
21.884279251098633
51.27146911621094
57.744285583496094
36.28094482421875
39.93769454956055
57.28903579711914
46.4212646484375
25.402442932128906
32.90366744995117
59.984073638916016
36.067562103271484
44.74776840209961
39.24933624267578
22.475820541381836
54.71567916870117
42.62691879272461
25.78944206237793
57.2183952331543
44.60601043701172
39.34004211425781
61.64775085449219
56.99238204956055
52.30805969238281
46.0147819519043
4.377758979797363
49.58218002319336
33.46323013305664
26.11688804626465
43.27519607543945
27.465251922607422
63.300907135009766
36.58250045776367
33.39860916137695
43.92229080200195
67.0943374633789
53.26177978515625
56.85034942626953
43.22538757324219
58.691490173339844
41.01609802246094
21.826387405395508
52.60594940185547
38.754737854003906
68.32665252685547
34.13733673095703
65.7427749633789
62.76860809326172
39.24122619628906
39.737144470214844
24.242063522338867
18.708438873291016
30.81524658203125
72.79020690917969
26.562847137451172
36.13705062866211
51.155662536621094
53.7099723815918
26.937715530395508
27.977506637573242
69.5743408203125
97.41494750976562
79.51522827148438
42.19477844238281
56.330753326416016
29.131868362426758
54.10285949707031
48.13498306274414
52.545867919921875
33.50722885131836
60.71221160888672
39.22725296020508
31.057083129882812
71.9805908203125
60.98177719116211
41.026432037353516
36.501121520996094
46.48747634887695
61.68499755859375
56.667869567871094
24.623889923095703
33.42750549316406
20.670696258544922
68.27510070800781
51.97157669067383
60.7074089050293
53.087894439697266
46.05596160888672
27.8165340423584
36.5351448059082
45.86319351196289
48.9512825012207
52.04438400268555
53.75282669067383
38.90134048461914
42.190338134765625
53.28757858276367
29.043933868408203
60.5085334777832
68.63388061523438
27.4118595123291
68.7657241821289
40.841983795166016
30.003189086914062
62.28003692626953
51.492069244384766
73.1836929321289
46.18039321899414
28.08492660522461
35.637794494628906
72.76123809814453
43.52483367919922
29.20322608947754
66.18720245361328
48.46748352050781
18.163162231445312
52.71596145629883
11.622241020202637
47.604434967041016
41.29243850708008
61.512413024902344
67.31258392333984
41.990386962890625
35.73896789550781
17.84796714782715
42.176143646240234
9.850014686584473
50.327728271484375
28.25130844116211
52.07353591918945
42.696170806884766
50.70798110961914
42.75774002075195
45.19854736328125
32.24182891845703
42.675567626953125
41.39450454711914
34.143341064453125
64.99815368652344
55.329383850097656
52.06892395019531
24.45890998840332
37.46657943725586
46.61709213256836
38.93839645385742
38.586360931396484
22.47532844543457
93.01870727539062
76.49976348876953
45.314613342285156
37.868614196777344
32.81388473510742
30.403629302978516
31.13861083984375
27.598201751708984
36.90846252441406
55.10919189453125
93.10194396972656
30.489938735961914
14.334033012390137
80.54861450195312
54.05223846435547
28.580507278442383
20.542387008666992
81.0810317993164
23.520767211914062
26.888341903686523
50.715328216552734
31.209980010986328
70.57565307617188
25.3299503326416
33.353363037109375
64.5572509765625
46.65359878540039
48.659969329833984
40.741844177246094
45.92640686035156
37.095863342285156
39.19575881958008
31.917377471923828
29.73150634765625
56.55117416381836
45.213504791259766
39.89631652832031
15.091629028320312
30.052490234375
34.007591247558594
22.642723083496094
34.02763366699219
34.429237365722656
100.63047790527344
49.249027252197266
48.67558288574219
82.07801818847656
60.08720779418945
69.0274887084961
28.452333450317383
27.046485900878906
74.95494079589844
57.673980712890625
48.20771026611328
31.51563835144043
41.208465576171875
44.10419845581055
33.321231842041016
57.7688102722168
49.306617736816406
27.505876541137695
48.248958587646484
38.91392517089844
30.672595977783203
44.19224166870117
43.92162322998047
78.6126937866211
45.582496643066406
23.548189163208008
59.03000259399414
41.21724319458008
21.841583251953125
53.319541931152344
47.16114807128906
53.37700653076172
42.08088302612305
62.526424407958984
40.19417190551758
57.79377746582031
35.70697021484375
38.04424285888672
52.32474136352539
39.31757354736328
19.504837036132812
18.408824920654297
38.71205520629883
67.22284698486328
21.299314498901367
40.76954650878906
52.556640625
41.160400390625
47.2757568359375
42.963951110839844
37.31862258911133
29.183244705200195
58.84247589111328
38.404415130615234
42.350189208984375
40.87521743774414
51.40787887573242
43.7916374206543
62.05449295043945
51.04377746582031
73.89400482177734
58.98798370361328
37.232765197753906
71.94401550292969
57.16720199584961
45.47364807128906
18.017047882080078
41.01785659790039
56.47971725463867
43.048789978027344
26.47003173828125
36.04711151123047
27.148345947265625
48.05662155151367
48.66434097290039
29.3599796295166
60.17371368408203
46.928565979003906
48.51163101196289
32.5588493347168
17.50455665588379
39.088951110839844
33.474708557128906
30.856334686279297
47.70195770263672
29.221904754638672
36.17427444458008
31.78388023376465
52.50762176513672
31.989822387695312
42.73876190185547
39.12480926513672
56.476463317871094
34.624473571777344
48.51231384277344
63.56145095825195
42.96513748168945
19.777128219604492
47.01024627685547
37.18103790283203
32.19919967651367
49.583675384521484
57.673946380615234
39.00639724731445
38.22392654418945
48.0609245300293
17.472843170166016
54.3028678894043
51.69133758544922
22.82781410217285
48.563724517822266
32.882869720458984
21.549476623535156
31.48580551147461
28.450910568237305
68.32135009765625
65.32078552246094
32.56138229370117
61.23652267456055
51.08842849731445
47.7036247253418
32.150943756103516
21.05232048034668
66.69307708740234
49.11625289916992
40.90347671508789
12.821196556091309
54.431095123291016
32.51863098144531
42.13716125488281
51.307044982910156
18.081684112548828
37.251529693603516
68.2981185913086
42.67120361328125
46.85543441772461
43.86635208129883
52.05192565917969
54.801971435546875
67.04781341552734
34.976966857910156
21.611719131469727
33.69349670410156
25.333406448364258
39.81608200073242
42.41533660888672
43.80791473388672
62.74199676513672
37.760833740234375
41.436676025390625
25.933347702026367
67.90892028808594
36.77571105957031
50.897274017333984
49.358917236328125
55.59451675415039
33.08290481567383
50.03870391845703
57.62598419189453
41.30613708496094
38.16065979003906
56.78828430175781
67.83824157714844
30.48328399658203
37.424964904785156
47.67572784423828
45.750244140625
42.51029586791992
32.652347564697266
48.03053283691406
34.90900802612305
29.21307373046875
34.87797546386719
44.795352935791016
34.271759033203125
34.1378173828125
36.659339904785156
51.4898796081543
47.030792236328125
47.48700714111328
31.880481719970703
41.105960845947266
59.82466506958008
42.520748138427734
32.89596176147461
28.168872833251953
24.349933624267578
49.50068664550781
28.582616806030273
33.365360260009766
44.53160858154297
40.42231369018555
36.55766296386719
51.93373107910156
36.72040939331055
40.069549560546875
41.89539337158203
31.789657592773438
57.72119903564453
47.3287239074707
23.59856605529785
48.49073791503906
35.609222412109375
14.966848373413086
48.7552375793457
43.19594192504883
51.52556610107422
63.27970886230469
30.502134323120117
34.826969146728516
50.823463439941406
57.899593353271484
20.83153533935547
12.766624450683594
42.98821258544922
48.136173248291016
37.400875091552734
29.781505584716797
16.172452926635742
29.09767723083496
41.870269775390625
51.79043197631836
49.57882308959961
33.877769470214844
60.359703063964844
51.42695236206055
35.58671951293945
43.39567565917969
50.328739166259766
56.55010223388672
33.492252349853516
35.81662368774414
68.31453704833984
33.11024475097656
49.2182502746582
48.42092514038086
31.300880432128906
34.67414855957031
52.67386245727539
18.978227615356445
57.430660247802734
31.32035255432129
62.85271453857422
47.34830856323242
37.61078643798828
74.5191879272461
46.88442611694336
56.629940032958984
50.28048324584961
29.811471939086914
43.07213592529297
59.736854553222656
54.98984909057617
42.828426361083984
38.005279541015625
41.52140808105469
44.19567108154297
47.547908782958984
42.100860595703125
34.08461380004883
64.28314971923828
63.76723861694336
49.12189483642578
64.84722900390625
44.93659210205078
14.819140434265137
30.061845779418945
31.048093795776367
46.2351188659668
42.34714126586914
41.995765686035156
45.080501556396484
70.57057189941406
58.309322357177734
42.03515625
22.169076919555664
33.910919189453125
56.85028076171875
26.1440372467041
35.094120025634766
55.35005187988281
34.32157516479492
56.27974319458008
14.645746231079102
48.09336853027344
53.19011688232422
22.71272087097168
42.136573791503906
32.28339767456055
51.37278366088867
33.55218505859375
73.71902465820312
66.12373352050781
14.406391143798828
31.96175765991211
53.64320373535156
11.369391441345215
66.5909652709961
62.18689727783203
36.67778015136719
39.7681770324707
73.50093078613281
19.329923629760742
42.526432037353516
60.30185317993164
25.61819839477539
18.533153533935547
11.53911018371582
38.71002197265625
43.966896057128906
34.33045196533203
52.93048858642578
40.076358795166016
46.07388687133789
37.23236846923828
28.97785186767578
66.90626525878906
13.589062690734863
41.361236572265625
39.29130935668945
44.8193473815918
46.30750274658203
54.978363037109375
45.12104415893555
49.156795501708984
67.74790954589844
72.6613998413086
23.704364776611328
57.02851486206055
32.52913284301758
9.400805473327637
40.6621208190918
35.056297302246094
55.0302619934082
19.273527145385742
37.26924133300781
36.940738677978516
20.249847412109375
28.528121948242188
39.7639274597168
47.365177154541016
65.24966430664062
32.02531814575195
28.508516311645508
64.78347778320312
56.970157623291016
71.73786163330078
40.1902961730957
36.41511535644531
63.159263610839844
38.54948806762695
30.196298599243164
56.34517288208008
38.09196090698242
16.44318962097168
61.34983825683594
18.861547470092773
61.38288497924805
74.61825561523438
51.782508850097656
18.85064125061035
