33.755027770996094
26.685155868530273
20.06354522705078
13.790359497070312
32.357975006103516
46.51518630981445
45.05225372314453
39.02848815917969
37.09497833251953
52.504539489746094
35.42585372924805
25.048233032226562
23.784488677978516
49.76307678222656
32.57376480102539
37.72632598876953
35.10499572753906
25.254711151123047
35.32374572753906
41.26633071899414
17.449630737304688
38.69188690185547
53.191925048828125
27.635404586791992
19.797225952148438
23.408653259277344
45.38698959350586
47.86365509033203
25.754043579101562
37.53788757324219
25.829870223999023
32.22825622558594
33.54444122314453
45.80918502807617
25.12311553955078
29.245689392089844
51.3947639465332
30.464265823364258
34.72315216064453
45.213382720947266
31.415634155273438
58.05164337158203
40.49626922607422
33.00446319580078
27.290529251098633
42.25851821899414
44.80147933959961
50.774845123291016
45.11823654174805
24.344892501831055
54.936405181884766
38.752662658691406
49.67960739135742
28.55887794494629
32.352359771728516
26.783945083618164
39.436256408691406
47.40679931640625
40.648582458496094
19.950651168823242
51.20429229736328
40.03343200683594
48.35358810424805
40.290443420410156
20.765174865722656
22.428956985473633
33.162620544433594
18.714563369750977
51.77247619628906
34.92625427246094
17.00189208984375
16.71185874938965
33.12700653076172
25.278179168701172
8.670952796936035
34.998191833496094
50.30625915527344
49.82689666748047
17.004718780517578
47.75678634643555
19.179513931274414
25.918529510498047
37.33903884887695
41.225799560546875
24.945711135864258
38.255184173583984
19.202011108398438
53.52462387084961
19.482406616210938
25.34415054321289
36.16971969604492
16.605918884277344
22.48407554626465
31.808401107788086
49.77127456665039
13.818743705749512
64.30113220214844
20.70301055908203
28.063648223876953
47.68518829345703
58.35322952270508
28.426668167114258
46.89613342285156
32.76560592651367
45.46562576293945
33.681541442871094
33.79726028442383
43.82209014892578
12.04671573638916
31.358407974243164
24.783334732055664
12.403401374816895
28.101457595825195
47.481773376464844
18.668933868408203
28.086750030517578
15.943864822387695
30.452556610107422
23.905288696289062
24.839750289916992
54.22477722167969
31.277162551879883
8.353538513183594
21.557384490966797
31.7017765045166
32.618797302246094
32.13395690917969
34.23563766479492
32.16569519042969
7.378985404968262
30.592771530151367
41.838375091552734
27.82313346862793
50.23078918457031
53.32491683959961
34.837547302246094
62.16415023803711
39.031837463378906
28.744598388671875
14.944814682006836
44.476749420166016
17.483959197998047
10.555085182189941
39.88237762451172
30.54493522644043
48.05282974243164
34.81319046020508
29.767452239990234
21.80421257019043
16.01941680908203
24.67658042907715
29.091909408569336
26.382850646972656
43.60799789428711
32.432682037353516
36.251197814941406
41.581111907958984
23.86963653564453
53.2205696105957
32.64825439453125
46.78702163696289
54.27177047729492
32.35527801513672
5.998959064483643
32.50893020629883
30.967891693115234
32.81267166137695
35.81904983520508
35.196659088134766
18.972253799438477
19.04534149169922
23.762516021728516
37.2697868347168
42.018463134765625
20.147613525390625
39.113216400146484
22.606319427490234
43.08798599243164
34.00238037109375
43.2017822265625
24.53632354736328
29.869770050048828
36.45133590698242
34.905208587646484
45.147193908691406
47.38851547241211
23.81890296936035
28.759506225585938
23.177330017089844
22.589479446411133
33.460811614990234
16.810331344604492
36.35752487182617
57.06315231323242
28.82474136352539
27.864444732666016
42.04336166381836
27.5839900970459
44.54706573486328
41.428306579589844
40.24661636352539
23.60222625732422
44.88842010498047
44.684532165527344
52.84284973144531
32.00612258911133
44.38875198364258
75.7715835571289
29.687976837158203
42.768653869628906
36.23486328125
18.930381774902344
39.55678939819336
24.191753387451172
25.371458053588867
43.40301513671875
66.8975830078125
19.65678596496582
29.995988845825195
35.50712203979492
21.450307846069336
13.894859313964844
23.99552345275879
31.890153884887695
13.821490287780762
50.26835250854492
36.151615142822266
39.46067428588867
42.59545135498047
27.784561157226562
25.960968017578125
37.325286865234375
52.40610122680664
42.84158706665039
33.853065490722656
61.11484909057617
50.98356246948242
26.05644416809082
17.0093936920166
51.930511474609375
23.429025650024414
24.217540740966797
45.75988006591797
32.45771026611328
32.0561637878418
24.44678497314453
34.3837776184082
50.75492477416992
42.46164321899414
36.25274658203125
35.456844329833984
16.138595581054688
39.132598876953125
42.06425857543945
29.530757904052734
34.022239685058594
32.88248825073242
32.75441360473633
49.187950134277344
18.184206008911133
41.26923751831055
25.464975357055664
27.165254592895508
46.53317642211914
20.716279983520508
30.96320343017578
20.954334259033203
38.99671936035156
29.799089431762695
20.27996063232422
16.24458122253418
33.130584716796875
16.152379989624023
44.53976821899414
44.69142150878906
41.46186065673828
61.08521270751953
40.854759216308594
36.77029037475586
34.16005325317383
50.60893249511719
41.47491455078125
38.293941497802734
60.5105094909668
32.00279998779297
36.795310974121094
68.97230529785156
20.916799545288086
32.249996185302734
44.3338623046875
43.91025924682617
57.78569030761719
39.87462615966797
27.848487854003906
33.87392807006836
34.947120666503906
31.34086036682129
15.438770294189453
33.73486328125
43.700260162353516
10.894726753234863
44.290008544921875
11.734817504882812
50.51008224487305
36.64459228515625
20.760751724243164
59.79561996459961
23.87644386291504
19.25841522216797
36.61533737182617
17.96769905090332
47.42469787597656
39.37380599975586
23.027935028076172
25.872343063354492
16.395055770874023
29.621299743652344
33.755279541015625
26.426713943481445
36.01227569580078
28.23478126525879
27.322120666503906
23.534231185913086
12.89238452911377
46.866355895996094
9.488113403320312
37.809635162353516
53.069549560546875
19.74468421936035
32.461090087890625
38.48092269897461
35.92522048950195
20.58492660522461
28.795820236206055
51.07936477661133
37.2421875
56.7105598449707
22.498218536376953
32.71844482421875
40.62912368774414
34.18581771850586
28.628673553466797
16.73346519470215
64.69181823730469
21.611608505249023
29.851320266723633
53.907806396484375
43.36946105957031
22.006786346435547
25.36148452758789
29.95978355407715
26.536813735961914
24.660322189331055
47.04003143310547
28.701404571533203
18.971027374267578
36.64543151855469
36.1984977722168
22.539213180541992
15.348370552062988
23.507715225219727
25.555028915405273
41.48451232910156
42.145484924316406
40.349613189697266
32.86872482299805
14.447797775268555
29.47104835510254
46.180538177490234
38.58037185668945
35.49113845825195
39.083396911621094
47.874656677246094
46.73944854736328
32.60794448852539
19.20827865600586
15.017168998718262
26.36931800842285
18.196361541748047
33.75446701049805
43.51810073852539
40.87523651123047
43.41529846191406
27.974197387695312
31.087539672851562
36.20784378051758
47.04482650756836
45.416011810302734
19.235998153686523
26.787742614746094
37.890342712402344
40.92558288574219
19.40227699279785
25.1573486328125
19.44441795349121
39.81205749511719
30.213701248168945
25.262279510498047
24.8237361907959
39.048336029052734
25.52886390686035
49.58672332763672
38.883358001708984
77.12617492675781
39.61783218383789
34.995079040527344
30.275876998901367
43.35980224609375
37.57764434814453
40.006591796875
30.317039489746094
24.507944107055664
17.440881729125977
39.70655822753906
31.86112403869629
29.0552921295166
42.09376525878906
42.26341247558594
47.239078521728516
54.21889877319336
31.083898544311523
45.322872161865234
27.034236907958984
35.185585021972656
32.594749450683594
36.8759765625
60.68040084838867
9.473315238952637
28.980087280273438
9.24747085571289
46.704566955566406
15.549379348754883
35.56652069091797
37.117828369140625
72.60060119628906
19.925485610961914
42.902103424072266
49.42411804199219
27.16509246826172
51.71170425415039
34.8392448425293
49.5230712890625
43.171810150146484
39.92524337768555
48.5003662109375
38.024044036865234
36.548667907714844
36.981719970703125
23.908618927001953
28.45499610900879
51.997276306152344
27.560375213623047
55.326263427734375
29.992454528808594
26.726818084716797
44.93068313598633
41.74680709838867
30.969850540161133
30.44809341430664
23.91345977783203
15.708505630493164
24.80303955078125
27.653432846069336
37.77035140991211
22.611648559570312
33.531494140625
35.8621711730957
34.94242858886719
24.82030487060547
74.39139556884766
50.76060104370117
46.18669128417969
20.764175415039062
16.799625396728516
30.370933532714844
21.321136474609375
45.531429290771484
28.702428817749023
27.159391403198242
45.129207611083984
46.98543167114258
57.7534065246582
21.637630462646484
38.81866455078125
41.514862060546875
47.47536849975586
34.65190124511719
27.843875885009766
27.69656753540039
34.921112060546875
9.115845680236816
22.96119499206543
36.99605178833008
31.299732208251953
37.7178840637207
20.698532104492188
56.929351806640625
36.23674011230469
40.56071090698242
27.337013244628906
52.90204620361328
11.230354309082031
31.195348739624023
44.10613250732422
43.93792724609375
53.812171936035156
50.96015930175781
31.863203048706055
45.646278381347656
20.662281036376953
28.12965202331543
48.38229751586914
28.369110107421875
63.94110870361328
28.88243865966797
23.42862892150879
18.85649871826172
32.96493148803711
55.73701477050781
31.45017433166504
33.11458969116211
58.535282135009766
34.244041442871094
34.180946350097656
26.204059600830078
22.09731674194336
37.85575485229492
45.882015228271484
60.12549591064453
21.598896026611328
22.615859985351562
31.39122200012207
32.06562423706055
23.736051559448242
30.635774612426758
29.792192459106445
32.76194763183594
43.17523956298828
16.521100997924805
34.4281005859375
27.4273681640625
31.7895565032959
20.950748443603516
39.784114837646484
27.437232971191406
31.48871421813965
24.2811279296875
21.680091857910156
42.02589797973633
58.41486740112305
49.853477478027344
28.492618560791016
31.967506408691406
29.650571823120117
50.98677444458008
32.4036979675293
53.86045837402344
65.86785125732422
50.581520080566406
45.905574798583984
36.126468658447266
24.89284896850586
31.511516571044922
34.35844039916992
35.43183135986328
27.82432746887207
60.535980224609375
15.48227310180664
44.5844841003418
11.584936141967773
46.54640579223633
47.408477783203125
40.197425842285156
22.361244201660156
52.248619079589844
47.973167419433594
31.63664436340332
53.239112854003906
40.49127197265625
52.50400161743164
45.316444396972656
37.93928527832031
30.97091293334961
36.301300048828125
23.10301971435547
37.54356002807617
50.26960754394531
37.051544189453125
39.38271713256836
35.9650993347168
51.35247039794922
41.61137390136719
40.02665328979492
22.501176834106445
55.01447296142578
26.504884719848633
36.87921142578125
37.438987731933594
23.688007354736328
31.937278747558594
19.86090087890625
42.80207443237305
36.36935806274414
35.94417953491211
37.68686294555664
34.6392822265625
25.856035232543945
56.924957275390625
43.93424606323242
40.4800910949707
47.91238021850586
59.687469482421875
55.70396423339844
44.08860397338867
38.07674789428711
22.67928123474121
21.8855037689209
33.825164794921875
41.29629135131836
26.78547477722168
47.161590576171875
32.95404052734375
31.542762756347656
14.666034698486328
34.82353210449219
24.41608428955078
23.014135360717773
37.487388610839844
26.091854095458984
28.887208938598633
56.550167083740234
32.95598220825195
49.71276092529297
33.96880340576172
14.091541290283203
44.027706146240234
25.32880973815918
20.251018524169922
45.623294830322266
33.30718994140625
44.018943786621094
28.5655460357666
21.389785766601562
60.14469528198242
33.90000534057617
27.58802032470703
44.69390106201172
28.947654724121094
20.598735809326172
38.728153228759766
25.588407516479492
34.8647575378418
20.8882999420166
32.82447052001953
29.339839935302734
52.59013748168945
73.60045623779297
25.858657836914062
44.20744705200195
25.00507926940918
19.18604850769043
52.61298370361328
53.39883041381836
24.177457809448242
36.785552978515625
56.12812042236328
44.34776306152344
23.23554801940918
44.235382080078125
60.08666229248047
41.53243637084961
39.34025192260742
36.6837158203125
25.099275588989258
39.22136306762695
30.952669143676758
30.708723068237305
21.778409957885742
20.670082092285156
26.175209045410156
17.620895385742188
31.012832641601562
37.00957107543945
27.19693374633789
31.968032836914062
34.20864486694336
22.92909049987793
21.991853713989258
30.2571964263916
45.471580505371094
40.56812286376953
35.64872741699219
34.253849029541016
47.637691497802734
33.78523254394531
32.256263732910156
41.668495178222656
38.99373245239258
31.12266731262207
27.742347717285156
61.13997268676758
49.569679260253906
35.37746047973633
30.00311851501465
38.00312805175781
33.8012809753418
43.62678909301758
26.367761611938477
27.012619018554688
46.62565231323242
40.53702163696289
29.55950164794922
33.48711395263672
36.76987838745117
19.930219650268555
19.10651969909668
27.791452407836914
78.05475616455078
17.440641403198242
41.062313079833984
26.73004913330078
58.38263702392578
22.673919677734375
52.42338562011719
49.4095458984375
35.66058349609375
43.69916915893555
31.43887710571289
47.82994079589844
49.81048583984375
29.031112670898438
29.776046752929688
26.839859008789062
31.66546630859375
31.817481994628906
24.939743041992188
41.769222259521484
45.47629165649414
34.34306335449219
54.46797180175781
29.600553512573242
13.718881607055664
36.67416763305664
22.477209091186523
25.981857299804688
16.0169677734375
56.167633056640625
58.44948959350586
40.338584899902344
29.399648666381836
31.998241424560547
27.438440322875977
41.62018585205078
45.564292907714844
13.33639144897461
47.7666130065918
29.05976676940918
60.37399673461914
59.910396575927734
26.64666748046875
29.843870162963867
19.691028594970703
28.17730712890625
46.756866455078125
46.74208068847656
33.50768280029297
22.730186462402344
29.550060272216797
46.00446319580078
28.625675201416016
51.35687255859375
47.057762145996094
49.226932525634766
30.457674026489258
27.25518226623535
19.78197479248047
42.19715881347656
20.895631790161133
54.5549430847168
33.350067138671875
15.060591697692871
56.24903869628906
25.41887855529785
57.19644546508789
39.221004486083984
33.926334381103516
25.257022857666016
80.63251495361328
42.751434326171875
52.01443862915039
45.93794250488281
24.212627410888672
66.39671325683594
18.27778434753418
46.3612174987793
47.58253860473633
38.3992805480957
74.25865936279297
31.177499771118164
30.409379959106445
39.723609924316406
24.25783348083496
43.577545166015625
76.4849624633789
13.218171119689941
33.55247116088867
47.271053314208984
23.38843536376953
33.21415328979492
57.09502410888672
29.60589599609375
33.932716369628906
54.293487548828125
36.44339370727539
25.327455520629883
39.63664627075195
38.63777160644531
39.117740631103516
17.546382904052734
32.10062789916992
46.559635162353516
44.271461486816406
70.23006439208984
36.6475944519043
38.506492614746094
36.1752815246582
46.81215286254883
37.90498352050781
22.799352645874023
47.704978942871094
29.483211517333984
48.626373291015625
53.45209884643555
43.18183517456055
58.317691802978516
40.46122741699219
23.969039916992188
48.9151611328125
18.837860107421875
30.266530990600586
27.86734962463379
34.70609664916992
36.35634994506836
61.912254333496094
60.49214172363281
35.30508804321289
30.794034957885742
58.56210708618164
35.37551498413086
11.736637115478516
32.85811996459961
35.308021545410156
45.50889205932617
30.2737979888916
38.00285339355469
45.80335235595703
10.960908889770508
43.444862365722656
24.956811904907227
39.89885711669922
44.75643539428711
41.69099426269531
20.247058868408203
27.759830474853516
29.473026275634766
22.771121978759766
36.091590881347656
45.86750793457031
33.12516784667969
39.0953483581543
28.610754013061523
38.261680603027344
30.953962326049805
25.62299346923828
42.93940353393555
14.733582496643066
41.79733657836914
29.07244300842285
34.961219787597656
65.01972198486328
31.17218017578125
54.95037078857422
23.932710647583008
32.42838668823242
34.31227111816406
58.879554748535156
54.049644470214844
29.38458251953125
33.83768081665039
40.579978942871094
28.12322235107422
35.859169006347656
41.59053421020508
14.155242919921875
48.50156784057617
31.850736618041992
54.487186431884766
14.654335021972656
35.67813491821289
31.51961326599121
50.1384162902832
23.31719398498535
21.116540908813477
43.63631820678711
26.163053512573242
25.711477279663086
20.343360900878906
25.549917221069336
50.57853698730469
35.46921157836914
24.247116088867188
41.506656646728516
24.373903274536133
18.955116271972656
47.27888107299805
28.615543365478516
35.684776306152344
47.69949722290039
45.22016906738281
40.973731994628906
42.618343353271484
24.31927490234375
24.25901985168457
18.9865779876709
19.319507598876953
26.892135620117188
32.5903205871582
61.81742477416992
14.888346672058105
36.791259765625
36.40705871582031
28.92343521118164
8.27965259552002
34.68793487548828
48.51990509033203
36.598873138427734
52.664817810058594
25.916379928588867
39.93873977661133
50.229156494140625
27.138811111450195
52.17193603515625
28.127172470092773
33.769805908203125
32.06231689453125
36.202423095703125
37.93183517456055
38.18595504760742
43.19796371459961
16.100475311279297
54.61140441894531
17.43018341064453
46.26561737060547
27.742919921875
49.635902404785156
20.886478424072266
38.4868278503418
33.91996765136719
30.83704376220703
47.626163482666016
25.61269187927246
53.437740325927734
51.57947540283203
39.59928894042969
48.461116790771484
42.5994873046875
27.525545120239258
28.569828033447266
37.98757553100586
39.512611389160156
32.120445251464844
23.86467933654785
23.701324462890625
39.82149887084961
27.39127540588379
35.83519744873047
34.54196548461914
22.9155216217041
60.83453369140625
50.09181213378906
34.04022979736328
24.827808380126953
12.107963562011719
46.20948791503906
40.28764343261719
49.499290466308594
43.998538970947266
7.874297142028809
29.284975051879883
35.963478088378906
54.01892852783203
58.798213958740234
64.02039337158203
34.5694694519043
33.388648986816406
26.69521141052246
26.073177337646484
32.46535873413086
60.01041793823242
51.46891403198242
54.280216217041016
30.501745223999023
37.97246170043945
33.6806755065918
31.676557540893555
12.837512969970703
39.97900390625
41.432281494140625
36.81050109863281
53.62895202636719
63.80510330200195
47.74874496459961
29.193756103515625
25.09307861328125
43.875030517578125
23.483154296875
26.137285232543945
54.20200729370117
37.124595642089844
27.200695037841797
38.84572982788086
46.01557922363281
34.13908004760742
27.271108627319336
63.899391174316406
31.18204689025879
39.95650100708008
41.52742004394531
44.849727630615234
22.881366729736328
16.05333709716797
31.917421340942383
43.27849578857422
33.13282012939453
44.883060455322266
38.75340270996094
49.79648971557617
50.244293212890625
18.32510757446289
39.279720306396484
31.386714935302734
31.25186538696289
53.27226638793945
39.03938674926758
35.790931701660156
35.31216812133789
27.910863876342773
22.045869827270508
26.939346313476562
24.095577239990234
56.15210723876953
43.42031478881836
30.668582916259766
34.154781341552734
29.134000778198242
33.60677719116211
34.51803207397461
35.87997055053711
34.29145431518555
14.372394561767578
24.324554443359375
26.805042266845703
32.3956413269043
21.76108169555664
36.967193603515625
51.22814178466797
72.91193389892578
27.847312927246094
28.73614501953125
11.261880874633789
30.28000831604004
10.833550453186035
61.635704040527344
29.061248779296875
39.334388732910156
44.290748596191406
40.156105041503906
17.671710968017578
36.93467330932617
47.5806999206543
51.67276382446289
34.34429168701172
22.70830726623535
49.573150634765625
41.629085540771484
33.686988830566406
36.96105194091797
45.721378326416016
39.90045166015625
53.68727111816406
29.65871238708496
38.924156188964844
28.329620361328125
9.91666030883789
49.49828338623047
34.18614196777344
18.4337158203125
34.093841552734375
52.30752182006836
16.31601905822754
29.01612091064453
50.64595413208008
37.07996368408203
26.637042999267578
25.46755027770996
18.67403793334961
40.465919494628906
52.8954963684082
27.42259407043457
29.17205238342285
36.9246826171875
24.513822555541992
49.118492126464844
44.146568298339844
29.456817626953125
36.49114990234375
43.67374801635742
47.733707427978516
33.16777801513672
53.42585754394531
24.285964965820312
39.915252685546875
32.494407653808594
37.569976806640625
46.75541305541992
19.828935623168945
19.735279083251953
23.336584091186523
46.4168815612793
55.128787994384766
47.73775100708008
51.02009201049805
39.29739761352539
25.83346176147461
50.507850646972656
20.285858154296875
39.65261459350586
42.21642303466797
23.03783416748047
52.3807258605957
21.177024841308594
36.5765495300293
23.157865524291992
44.65338897705078
36.30986022949219
47.81950759887695
46.92802429199219
34.747676849365234
31.440471649169922
33.54703140258789
35.146446228027344
49.793212890625
30.0594482421875
19.38568687438965
25.312427520751953
33.43294143676758
16.76493263244629
43.8323974609375
27.522178649902344
9.306575775146484
78.78470611572266
21.500244140625
42.891910552978516
17.48523712158203
28.645267486572266
42.67724609375
30.873523712158203
20.746980667114258
42.12533187866211
41.74661636352539
63.39452362060547
19.61241912841797
15.199478149414062
7.9327545166015625
35.87310028076172
23.465328216552734
37.71738815307617
25.946369171142578
22.969249725341797
52.31205749511719
41.50194549560547
22.031391143798828
41.05707550048828
27.836828231811523
47.45724105834961
36.49325180053711
38.221458435058594
28.517105102539062
38.7083854675293
12.287827491760254
45.718875885009766
45.68053436279297
32.38334274291992
57.632568359375
29.75370979309082
46.930606842041016
29.24689483642578
42.43198776245117
27.01880645751953
21.413938522338867
36.45631790161133
21.177019119262695
12.568387031555176
48.12916564941406
31.406728744506836
20.913841247558594
45.58002853393555
45.11790466308594
42.7812614440918
44.97492980957031
39.22114181518555
53.75709533691406
36.80902862548828
36.564231872558594
14.18171501159668
58.28940963745117
24.930294036865234
50.56623840332031
37.5034294128418
44.644039154052734
50.03382110595703
38.33824920654297
23.79692268371582
32.32270050048828
43.339847564697266
28.414501190185547
26.50263786315918
23.67402458190918
27.500608444213867
26.416362762451172
24.69112205505371
35.16461944580078
66.00458526611328
43.38926696777344
22.85287094116211
33.20783996582031
51.35145950317383
32.345115661621094
34.06326675415039
45.24365234375
35.890220642089844
41.41847229003906
36.8109245300293
54.66529083251953
14.61844539642334
55.045265197753906
28.74151039123535
28.58954620361328
60.22585678100586
46.37283706665039
29.60881805419922
21.41151237487793
26.438016891479492
18.302669525146484
26.481685638427734
38.484901428222656
19.469316482543945
34.04799270629883
25.478424072265625
50.93852615356445
31.207693099975586
3.222024440765381
11.757530212402344
23.0339298248291
30.402029037475586
20.78102684020996
29.73868179321289
33.515525817871094
60.361541748046875
26.9545841217041
5.84055233001709
37.441307067871094
32.69969940185547
70.18563842773438
39.34269714355469
36.15218734741211
46.00635528564453
51.97721862792969
37.0968017578125
55.44781494140625
37.885169982910156
35.54610061645508
40.04606246948242
24.326129913330078
35.87318420410156
21.002634048461914
33.638465881347656
19.81529998779297
37.08055877685547
31.77669334411621
37.83911895751953
53.26520538330078
21.45236587524414
31.83818244934082
26.111007690429688
43.13753890991211
30.218393325805664
30.128992080688477
39.299861907958984
40.54616928100586
59.56217575073242
56.952430725097656
53.51090621948242
43.792625427246094
26.635143280029297
24.95347785949707
34.63725280761719
16.43596649169922
47.197818756103516
44.668304443359375
43.42752456665039
24.12004852294922
56.960758209228516
47.144222259521484
30.169086456298828
30.12647819519043
26.57375144958496
40.12763214111328
17.523361206054688
53.99551773071289
28.315507888793945
22.026641845703125
69.64193725585938
36.05701446533203
17.430883407592773
48.98088455200195
35.31595230102539
31.76960563659668
42.852081298828125
13.205100059509277
37.745113372802734
54.99894714355469
42.38198471069336
48.24661636352539
41.025638580322266
38.30571746826172
52.4424934387207
34.3032341003418
65.8526611328125
17.56263542175293
18.83846664428711
35.51432800292969
29.107072830200195
31.053550720214844
23.291685104370117
29.445919036865234
49.88508605957031
72.78726959228516
27.112401962280273
31.09423828125
52.7132568359375
26.929162979125977
28.38368034362793
37.46501159667969
40.87416076660156
26.652088165283203
38.328861236572266
11.567415237426758
21.401399612426758
43.37228012084961
41.788291931152344
41.082454681396484
38.62959289550781
44.3677864074707
33.27179718017578
54.808589935302734
41.82852554321289
26.076208114624023
45.69490051269531
23.497190475463867
42.7039909362793
27.549707412719727
23.249677658081055
31.74700927734375
37.25067138671875
35.2889404296875
31.493898391723633
54.11310958862305
37.09336471557617
34.2048225402832
70.37349700927734
28.00450325012207
48.663917541503906
29.69310760498047
40.524871826171875
27.516590118408203
24.59409523010254
40.19185256958008
20.47223663330078
40.11247634887695
46.251461029052734
49.97227478027344
36.199440002441406
19.542518615722656
39.48399353027344
24.49846839904785
39.85999298095703
39.01105499267578
39.94857406616211
17.659460067749023
33.16651153564453
33.501888275146484
15.75786304473877
60.34180450439453
43.1009407043457
22.387920379638672
43.62670135498047
40.0254020690918
43.231040954589844
57.605464935302734
43.066402435302734
39.380184173583984
39.849082946777344
23.800891876220703
24.163034439086914
28.96292495727539
33.16794967651367
31.022584915161133
43.22420883178711
44.32685089111328
13.428956031799316
30.639009475708008
49.18544006347656
43.737640380859375
33.6424446105957
13.859331130981445
45.51783752441406
48.8589973449707
27.730464935302734
36.22578048706055
34.958194732666016
34.784908294677734
9.945820808410645
18.693906784057617
29.37002944946289
17.375333786010742
42.06858825683594
41.26213455200195
47.43289566040039
44.57196807861328
41.79392623901367
30.622209548950195
54.57215881347656
49.0190315246582
29.057281494140625
33.46051025390625
22.542861938476562
39.32503128051758
47.7127571105957
20.7336483001709
12.443840980529785
30.84953498840332
59.0139045715332
18.42405128479004
48.309574127197266
33.728179931640625
39.78925323486328
22.93562126159668
30.48348617553711
44.036529541015625
29.43928337097168
37.92765808105469
41.3090934753418
30.10542869567871
19.337120056152344
19.257585525512695
52.169925689697266
27.426483154296875
40.968936920166016
37.53059768676758
25.4591007232666
24.84339714050293
25.475467681884766
36.72410583496094
62.9013671875
49.00796890258789
45.3274040222168
57.696685791015625
35.27228546142578
39.48448944091797
28.600303649902344
37.092472076416016
37.09867477416992
17.559917449951172
40.73911666870117
37.42012405395508
35.16884231567383
39.62727355957031
40.487064361572266
33.154510498046875
60.40434265136719
35.70167541503906
20.604713439941406
44.9705810546875
41.16232681274414
38.8671875
45.22713851928711
59.26883316040039
23.231523513793945
44.500892639160156
34.277374267578125
40.208351135253906
59.68736267089844
30.425901412963867
30.461061477661133
35.09248733520508
23.44342613220215
24.862302780151367
23.435749053955078
42.070335388183594
33.202613830566406
46.8855094909668
10.33559513092041
48.2476692199707
42.41083526611328
47.0424919128418
51.87880325317383
21.032730102539062
25.14373207092285
25.24094009399414
39.602569580078125
49.53970718383789
53.027854919433594
52.176666259765625
37.730709075927734
41.613075256347656
31.2513427734375
26.46795082092285
17.043302536010742
29.0479736328125
33.81504821777344
25.667171478271484
39.501827239990234
42.062408447265625
39.80460739135742
23.34139060974121
23.683319091796875
37.070796966552734
32.24092102050781
38.50413131713867
40.18339157104492
42.8814811706543
33.91456985473633
17.890342712402344
42.9427490234375
46.119789123535156
35.55335998535156
25.537147521972656
37.81825637817383
29.292144775390625
24.04743194580078
32.76557159423828
21.425491333007812
26.671100616455078
8.700117111206055
33.69573974609375
23.57861328125
32.892704010009766
16.469806671142578
43.96900177001953
51.522891998291016
44.43677520751953
28.692480087280273
40.12622833251953
43.03067398071289
51.3863525390625
62.83932876586914
31.256507873535156
39.48088836669922
44.682647705078125
18.728988647460938
45.906803131103516
41.849918365478516
43.8787727355957
65.78121948242188
25.509197235107422
32.41352462768555
50.932430267333984
47.275184631347656
28.47564125061035
29.362346649169922
54.00533676147461
46.01384735107422
27.91645622253418
47.467315673828125
39.299163818359375
63.77672576904297
53.33838653564453
50.45643997192383
17.173208236694336
24.7916316986084
65.53115844726562
37.240169525146484
26.325712203979492
39.894805908203125
41.52959442138672
39.771507263183594
16.297119140625
75.36231994628906
47.83641052246094
38.70583724975586
16.58597755432129
62.839447021484375
56.221923828125
38.982547760009766
26.449378967285156
31.1759033203125
16.474777221679688
36.10581970214844
43.377418518066406
21.682485580444336
24.401411056518555
31.526493072509766
28.984874725341797
55.28696823120117
21.561241149902344
51.541786193847656
39.9537467956543
40.56450271606445
26.83007049560547
35.0194091796875
11.153444290161133
53.34125900268555
22.027050018310547
36.25217056274414
33.55461120605469
35.78079605102539
22.717506408691406
24.087709426879883
43.62372589111328
20.35345458984375
38.11006546020508
30.541791915893555
29.00643539428711
16.71417236328125
26.570720672607422
18.159366607666016
42.458580017089844
58.8060302734375
41.85573196411133
26.003446578979492
36.8492431640625
20.55607032775879
22.278024673461914
40.03269958496094
19.00815773010254
56.91792297363281
44.73683166503906
39.079471588134766
24.731279373168945
32.9551887512207
51.41769790649414
19.728492736816406
38.38015365600586
65.65425872802734
29.438243865966797
16.7812442779541
42.19126510620117
31.138916015625
59.12295913696289
30.61721420288086
50.24187088012695
40.52223205566406
37.586090087890625
55.908843994140625
42.20780944824219
19.870555877685547
31.73153305053711
57.0782585144043
17.189130783081055
29.551170349121094
43.25886154174805
45.160404205322266
43.85802459716797
45.678863525390625
37.065860748291016
29.504602432250977
27.83342933654785
41.50008773803711
48.81350326538086
42.80138397216797
39.73910903930664
50.48714828491211
51.873661041259766
43.32082748413086
27.858570098876953
43.9039306640625
47.47123336791992
29.971355438232422
24.818349838256836
33.489051818847656
23.38164520263672
28.588802337646484
34.64406204223633
35.88900375366211
39.625648498535156
46.01731491088867
30.90679931640625
42.49441909790039
36.0367431640625
21.941083908081055
20.212617874145508
32.65985870361328
15.578269004821777
42.94452667236328
24.11395263671875
30.666236877441406
31.378332138061523
56.82305908203125
19.904830932617188
28.17563247680664
18.39373016357422
33.398773193359375
24.219364166259766
74.29632568359375
60.67223358154297
33.922691345214844
53.02437973022461
42.682151794433594
36.28771209716797
17.434206008911133
39.77593994140625
29.993778228759766
15.38349723815918
38.53329849243164
39.477413177490234
39.08681106567383
40.938377380371094
47.91331481933594
15.027200698852539
42.45967483520508
39.760711669921875
43.990631103515625
47.07470703125
41.89079666137695
22.89429473876953
28.68797492980957
46.12584686279297
64.54248809814453
33.70537185668945
31.71856689453125
37.001365661621094
19.732051849365234
31.012218475341797
11.966733932495117
67.68293762207031
24.188819885253906
5.6254191398620605
29.802547454833984
34.85485076904297
41.293304443359375
40.487579345703125
31.350873947143555
29.153156280517578
37.06612014770508
39.126644134521484
33.65275955200195
26.81822967529297
17.29931640625
57.67391586303711
47.13414764404297
40.122764587402344
33.29559326171875
32.678401947021484
38.4581413269043
33.973628997802734
21.409793853759766
12.167726516723633
26.640995025634766
31.029129028320312
58.29513168334961
20.531274795532227
33.121795654296875
26.411495208740234
35.635860443115234
53.107364654541016
37.15073013305664
50.17331314086914
8.911382675170898
25.093486785888672
37.57516860961914
22.957447052001953
60.4580078125
27.092365264892578
43.22664260864258
37.015113830566406
36.803627014160156
54.98221969604492
40.37580871582031
44.84194564819336
28.2873477935791
44.83504104614258
48.1893310546875
32.46196746826172
45.382110595703125
36.96053695678711
47.37220001220703
22.606679916381836
19.760425567626953
46.65632629394531
37.79926300048828
38.27041244506836
27.137237548828125
56.136924743652344
63.13676452636719
33.32695770263672
30.093963623046875
42.76430130004883
45.90438461303711
39.5650634765625
16.346248626708984
48.48275375366211
40.127532958984375
61.16091537475586
41.67922592163086
25.684675216674805
61.81808853149414
14.11169719696045
23.761390686035156
13.538087844848633
25.72303009033203
60.46100997924805
19.401199340820312
40.67356491088867
41.01533889770508
37.982845306396484
44.39496612548828
40.70181655883789
7.487470626831055
27.325780868530273
37.81303024291992
27.708694458007812
39.289649963378906
60.1702995300293
20.020998001098633
45.983802795410156
45.66084289550781
29.156288146972656
19.093074798583984
35.8948974609375
42.56571578979492
48.797176361083984
23.635547637939453
18.66580581665039
62.19352722167969
33.4206657409668
28.499889373779297
19.03951072692871
31.164722442626953
33.226871490478516
54.04533386230469
65.77511596679688
28.9975643157959
36.9804573059082
24.508438110351562
38.92621612548828
50.77865982055664
20.947559356689453
36.345436096191406
34.463809967041016
36.380184173583984
49.79698181152344
57.4301643371582
33.93922424316406
80.84979248046875
54.76433563232422
29.393329620361328
35.71477508544922
23.350332260131836
26.811702728271484
10.3683500289917
24.80980110168457
25.581388473510742
23.065841674804688
23.963350296020508
32.78324508666992
35.15925979614258
25.82737159729004
66.55116271972656
23.84939193725586
59.5699577331543
25.223920822143555
22.382381439208984
35.872642517089844
26.253328323364258
35.228309631347656
49.65618896484375
57.83582305908203
52.552371978759766
33.64112854003906
32.80953598022461
44.801761627197266
32.642364501953125
13.285245895385742
20.139097213745117
12.337369918823242
21.822559356689453
30.797405242919922
54.94327926635742
30.08419418334961
36.15119934082031
62.8568115234375
28.112138748168945
30.80089569091797
19.73284339904785
33.03010940551758
59.152488708496094
52.91658020019531
40.61562728881836
45.418067932128906
15.915340423583984
18.411394119262695
23.13286781311035
13.254586219787598
24.147476196289062
33.713523864746094
52.951663970947266
51.662139892578125
32.188594818115234
33.088592529296875
27.641080856323242
41.14924240112305
29.286306381225586
31.629390716552734
15.188173294067383
41.92668914794922
46.269126892089844
15.071496963500977
53.26373291015625
80.79366302490234
30.010391235351562
32.50333023071289
40.98356628417969
59.45158386230469
48.163700103759766
29.003692626953125
28.69684600830078
38.886688232421875
38.47877883911133
39.37302017211914
28.48228645324707
62.06063461303711
57.03707504272461
39.82707977294922
50.92863464355469
38.538387298583984
35.80336380004883
48.962608337402344
26.711843490600586
36.97681427001953
39.7039680480957
20.916215896606445
28.670291900634766
51.37065505981445
47.87710189819336
34.94619369506836
41.82026290893555
31.340059280395508
33.13115692138672
30.347047805786133
57.212276458740234
32.98714828491211
34.95818328857422
15.168585777282715
50.57347869873047
17.994672775268555
27.87461280822754
40.14512252807617
25.010204315185547
29.69864273071289
10.326810836791992
57.0348014831543
35.6418342590332
32.489994049072266
39.131587982177734
26.697702407836914
30.152881622314453
21.718427658081055
25.95751953125
46.828128814697266
72.9518051147461
45.03330612182617
28.750455856323242
49.09015655517578
67.16142272949219
54.92194747924805
43.237648010253906
46.885250091552734
23.647844314575195
36.1854133605957
28.656755447387695
41.36362075805664
53.32933044433594
45.17731475830078
39.439517974853516
28.26732063293457
17.291196823120117
47.786800384521484
58.71431350708008
52.76361846923828
21.66997528076172
26.60007095336914
34.43008041381836
50.790283203125
38.277496337890625
23.975685119628906
61.51710891723633
25.021373748779297
59.22264862060547
55.67045211791992
29.934484481811523
46.81297302246094
35.667198181152344
61.038753509521484
24.528514862060547
37.48014450073242
29.711658477783203
27.96705436706543
30.74591827392578
20.704015731811523
32.35756301879883
30.643468856811523
38.486732482910156
23.02203369140625
30.538721084594727
47.7923583984375
16.891525268554688
62.3647346496582
50.42460632324219
54.654781341552734
37.402339935302734
56.49709701538086
21.706708908081055
39.62093734741211
32.09095764160156
32.55274200439453
39.295963287353516
74.12298583984375
43.71445083618164
29.440675735473633
43.9321174621582
20.64109230041504
21.98246192932129
38.37406539916992
51.71820831298828
53.730796813964844
24.913249969482422
25.352745056152344
21.673912048339844
25.96159553527832
58.47985076904297
28.82740592956543
58.56301498413086
32.44386672973633
29.676591873168945
14.70372200012207
57.93953323364258
25.775009155273438
68.09447479248047
24.927562713623047
42.55791091918945
20.88239097595215
69.40817260742188
39.184417724609375
32.844932556152344
29.295574188232422
22.435497283935547
17.069114685058594
56.412052154541016
44.37836837768555
47.736228942871094
29.66904640197754
25.170236587524414
43.330074310302734
39.18854522705078
40.867286682128906
38.31189727783203
37.163673400878906
47.25081253051758
36.669883728027344
32.47004318237305
20.383298873901367
71.43257141113281
43.57322311401367
24.791332244873047
26.499927520751953
29.36573028564453
60.83177947998047
26.966073989868164
53.82032775878906
29.14327621459961
39.414939880371094
30.555545806884766
27.78862762451172
53.53569793701172
40.117279052734375
19.212621688842773
23.132963180541992
27.98658561706543
49.34034729003906
48.3369255065918
22.141708374023438
41.99113464355469
33.03601837158203
35.523258209228516
45.94148254394531
30.772140502929688
49.69429397583008
39.95830154418945
40.97015380859375
37.92271423339844
28.183603286743164
35.95842742919922
40.309120178222656
23.492467880249023
29.131868362426758
34.61839294433594
36.23594665527344
47.322410583496094
57.1714973449707
25.45453643798828
31.85500717163086
3.698420763015747
35.58341979980469
39.8671760559082
35.81290817260742
48.45922088623047
25.34302520751953
57.57859802246094
53.044883728027344
32.357582092285156
39.128021240234375
50.72650909423828
17.924800872802734
23.41777229309082
57.210845947265625
26.869876861572266
13.960405349731445
12.122048377990723
30.81764030456543
56.502323150634766
28.326662063598633
34.69643783569336
46.006736755371094
33.438655853271484
23.4301815032959
13.95623779296875
23.11928939819336
29.072935104370117
26.91391372680664
43.78348159790039
11.5786714553833
19.265010833740234
14.106704711914062
20.073850631713867
44.39131546020508
29.973291397094727
24.01068687438965
50.643524169921875
37.6977424621582
35.14641189575195
78.20320892333984
42.2479362487793
38.44491958618164
21.402713775634766
35.033164978027344
28.32650375366211
21.508792877197266
41.08940124511719
26.541196823120117
32.01787185668945
29.805103302001953
20.19475555419922
31.995790481567383
49.54387664794922
27.57552719116211
25.356891632080078
39.30559158325195
15.717974662780762
32.107242584228516
63.14058303833008
29.116621017456055
48.03895950317383
36.4678955078125
24.840065002441406
51.07786178588867
29.456918716430664
41.707069396972656
35.96522521972656
18.969242095947266
55.94883346557617
38.05290603637695
38.52432632446289
32.46867752075195
43.082298278808594
13.1683349609375
48.4409065246582
41.50486373901367
29.56087875366211
24.55571174621582
35.442630767822266
27.67943572998047
40.17388916015625
48.325714111328125
25.282197952270508
29.584087371826172
47.10709762573242
52.285064697265625
65.61785888671875
51.49186325073242
37.7957878112793
39.182960510253906
24.38239860534668
38.0762825012207
24.71159553527832
44.486534118652344
50.27021408081055
23.84292984008789
29.58527183532715
19.079015731811523
33.36213684082031
46.304100036621094
22.94879913330078
21.61526107788086
42.18711853027344
49.43669128417969
33.13300323486328
33.3145751953125
43.570945739746094
52.919376373291016
56.07822036743164
6.665030002593994
26.133901596069336
10.17189884185791
8.329379081726074
52.83608627319336
40.12016296386719
80.06360626220703
19.353349685668945
43.14258575439453
35.37103271484375
23.337472915649414
13.662578582763672
38.50129699707031
30.68491554260254
32.312530517578125
40.71561050415039
18.13787078857422
47.128936767578125
50.5635986328125
36.971824645996094
30.095794677734375
26.897457122802734
40.0204963684082
38.51975631713867
50.44163513183594
55.057281494140625
18.734115600585938
31.378507614135742
25.397192001342773
59.211402893066406
42.956825256347656
53.912662506103516
32.837005615234375
27.430158615112305
45.5115852355957
23.581605911254883
60.64060592651367
43.16060256958008
16.726999282836914
34.936405181884766
33.3979606628418
29.004638671875
24.09963607788086
43.06083297729492
34.11117935180664
24.474966049194336
83.18023681640625
21.39275360107422
19.63338279724121
52.46695327758789
58.19962692260742
51.87001419067383
27.115745544433594
28.45530128479004
32.0213623046875
26.66133689880371
22.216808319091797
32.97158432006836
31.4525089263916
48.42424392700195
26.02621841430664
45.032379150390625
50.94780731201172
55.67237854003906
27.300067901611328
30.46217155456543
41.50913619995117
36.96446990966797
18.490713119506836
43.24492263793945
47.809261322021484
25.687110900878906
46.44418716430664
20.622220993041992
21.06734275817871
42.574337005615234
52.75471496582031
55.552833557128906
40.62328338623047
26.21036148071289
54.67253494262695
28.26720428466797
29.89617347717285
52.99687194824219
29.31560516357422
35.67134475708008
46.01093292236328
33.408233642578125
35.260860443115234
51.1177864074707
31.41274642944336
30.004817962646484
50.9493408203125
21.825349807739258
43.975364685058594
32.80389404296875
41.57951736450195
19.468870162963867
50.90576171875
26.635433197021484
33.300682067871094
39.979557037353516
46.475093841552734
26.55412483215332
44.09922790527344
26.230941772460938
44.85069274902344
15.288378715515137
39.03434371948242
26.20522689819336
63.5144157409668
21.07814598083496
35.99599075317383
47.51240158081055
8.819365501403809
28.199350357055664
25.76713752746582
29.8863468170166
35.44500732421875
32.656219482421875
25.78975486755371
32.809654235839844
31.28481101989746
26.953935623168945
26.98575210571289
44.29359436035156
21.80669593811035
33.36741638183594
30.200515747070312
47.68089294433594
21.501480102539062
40.2312126159668
43.21820831298828
43.967430114746094
39.72468948364258
9.526069641113281
35.98476791381836
32.40462112426758
24.54636573791504
39.79523849487305
39.25345230102539
37.5242919921875
50.82029724121094
34.36400604248047
19.000267028808594
55.061317443847656
26.858322143554688
69.9607162475586
44.23257064819336
34.330406188964844
31.0631160736084
18.676183700561523
19.858877182006836
6.218783855438232
3.0601000785827637
55.17525863647461
33.02724075317383
26.841999053955078
36.3192138671875
41.21193313598633
26.440914154052734
40.66213607788086
17.31711196899414
39.5136604309082
37.29078674316406
42.42472839355469
54.81656265258789
64.08182525634766
45.01888656616211
63.16116714477539
33.858360290527344
37.64570236206055
62.752220153808594
24.559978485107422
18.858041763305664
42.29208755493164
50.181392669677734
51.024269104003906
31.749958038330078
29.85226821899414
35.38066482543945
27.565521240234375
40.655948638916016
44.308353424072266
47.014827728271484
13.034879684448242
34.07868576049805
8.814733505249023
35.330177307128906
56.24288558959961
30.807222366333008
48.3856086730957
36.144996643066406
37.46644592285156
53.54719924926758
23.415149688720703
29.028789520263672
39.245697021484375
10.9627685546875
27.528236389160156
45.26327896118164
17.84942626953125
24.05596351623535
56.326637268066406
22.100139617919922
51.74186706542969
34.915855407714844
42.00593948364258
34.062225341796875
33.983516693115234
47.01195526123047
29.262191772460938
49.47413635253906
40.37752151489258
43.378456115722656
42.68214797973633
39.148319244384766
48.7221565246582
43.116512298583984
30.557626724243164
29.693603515625
31.2674503326416
81.705810546875
29.21504783630371
58.6243782043457
42.02663803100586
54.914981842041016
45.35088348388672
14.521849632263184
38.26572036743164
50.80122375488281
25.474491119384766
34.75519943237305
25.96977424621582
29.13261604309082
15.893730163574219
23.587711334228516
66.28295135498047
17.18678855895996
8.591959953308105
52.991355895996094
48.337528228759766
46.09861755371094
20.04417610168457
25.02606773376465
22.128629684448242
54.94707107543945
36.8533821105957
38.6627311706543
65.23350524902344
18.442821502685547
82.80414581298828
37.85358428955078
44.51854705810547
43.862548828125
39.21752166748047
23.709274291992188
53.97209548950195
21.095813751220703
41.5960578918457
49.10783767700195
23.824228286743164
22.655195236206055
15.336663246154785
26.184711456298828
43.43214416503906
24.327407836914062
32.0834846496582
47.98978805541992
34.5809440612793
27.832014083862305
37.33226013183594
44.98972702026367
13.625094413757324
18.866788864135742
29.774810791015625
38.337554931640625
32.0465087890625
36.27326965332031
31.90511703491211
22.667495727539062
24.90612030029297
44.99858093261719
42.134246826171875
41.5658073425293
51.57026672363281
35.27564239501953
31.51659393310547
34.428707122802734
45.22238540649414
30.207040786743164
42.52555847167969
45.95304870605469
51.367740631103516
32.42572021484375
30.583620071411133
30.75551986694336
36.36244201660156
44.63847732543945
35.97845458984375
29.71333885192871
27.274248123168945
54.556610107421875
43.641151428222656
20.934446334838867
12.781638145446777
58.76554870605469
34.211082458496094
43.66496276855469
38.26182556152344
36.2547607421875
26.781890869140625
42.61213684082031
45.60407257080078
24.149627685546875
38.8282356262207
37.94005584716797
36.106658935546875
31.878843307495117
29.129661560058594
36.129093170166016
27.29641342163086
57.32964324951172
23.04344940185547
43.25674819946289
46.6292839050293
44.206302642822266
54.06673049926758
45.0080451965332
41.23162078857422
31.958110809326172
51.6678581237793
49.617977142333984
41.4903564453125
41.63658142089844
44.549720764160156
49.29304122924805
37.21023941040039
27.51483917236328
40.483642578125
44.51563262939453
44.14895248413086
39.883026123046875
63.934410095214844
26.315221786499023
62.09457778930664
40.101173400878906
42.83063888549805
59.97014236450195
31.816768646240234
28.33173942565918
24.857267379760742
29.02770233154297
36.77573013305664
29.499252319335938
34.49873352050781
48.68268966674805
53.613372802734375
46.82501220703125
24.49384117126465
34.87163162231445
33.62494659423828
25.84122657775879
38.3393440246582
22.405935287475586
53.53709030151367
31.685319900512695
9.704755783081055
32.97733688354492
32.928627014160156
24.156591415405273
42.99466323852539
30.21834373474121
32.68080139160156
39.19443130493164
32.42311477661133
24.719432830810547
40.90678787231445
42.48455047607422
24.093551635742188
21.310205459594727
40.53589630126953
24.70488929748535
28.689661026000977
44.184539794921875
17.56785011291504
33.001068115234375
50.208717346191406
38.372745513916016
48.934024810791016
30.707870483398438
37.87006378173828
47.14451217651367
42.11471939086914
25.460954666137695
44.5130615234375
31.955921173095703
24.8642520904541
34.52870178222656
57.82869338989258
28.304349899291992
59.454410552978516
30.83470344543457
39.2398681640625
53.133792877197266
32.49915313720703
46.41297912597656
49.04132080078125
34.44121551513672
12.45819091796875
35.962276458740234
19.15212631225586
22.56758689880371
45.05139923095703
40.212120056152344
46.61534118652344
54.17990493774414
22.024072647094727
29.04092788696289
58.24818801879883
36.81050109863281
30.301301956176758
23.99631690979004
38.095733642578125
39.22468185424805
35.57929611206055
14.344685554504395
32.39662170410156
43.52391052246094
47.37582778930664
18.74408531188965
46.576629638671875
39.76640701293945
36.85226058959961
48.70882797241211
40.143089294433594
41.630882263183594
14.505249977111816
35.39457321166992
31.28167724609375
22.532148361206055
6.475046157836914
14.327047348022461
15.94062614440918
4.986886978149414
37.10372543334961
51.44435119628906
26.78304100036621
25.073501586914062
51.745731353759766
22.4241943359375
51.596961975097656
56.929100036621094
38.332881927490234
28.581035614013672
34.278106689453125
60.03699493408203
33.45829772949219
46.97922134399414
22.93484878540039
31.690061569213867
57.67283630371094
40.36117935180664
20.043842315673828
33.10370635986328
20.15245246887207
22.778446197509766
38.15967559814453
21.210817337036133
31.306167602539062
62.90354537963867
21.293621063232422
27.680984497070312
31.26996421813965
48.183807373046875
49.72922134399414
35.61973190307617
37.00395584106445
34.60279846191406
55.8687629699707
41.927894592285156
37.519107818603516
37.60673522949219
37.56885528564453
34.41522979736328
61.901336669921875
31.45673370361328
60.62794876098633
42.8203239440918
37.676231384277344
44.011417388916016
33.17584228515625
27.551097869873047
30.573965072631836
25.334863662719727
27.824888229370117
47.439090728759766
44.49776077270508
24.089208602905273
57.32615280151367
28.85364532470703
34.69824981689453
45.0828857421875
56.19200897216797
59.79634094238281
63.79146194458008
53.889991760253906
45.104557037353516
34.98878860473633
38.22153091430664
36.148677825927734
18.89550018310547
24.297517776489258
32.742950439453125
18.544384002685547
26.783721923828125
72.42782592773438
36.72922134399414
24.26869773864746
38.72598648071289
24.98659896850586
33.68137741088867
22.100540161132812
53.020111083984375
36.35797119140625
30.935043334960938
47.037452697753906
36.65245819091797
25.932010650634766
15.128748893737793
66.57669830322266
50.60602569580078
28.838420867919922
34.6982307434082
42.214927673339844
23.06947135925293
19.3161563873291
40.24443435668945
48.78544235229492
36.523284912109375
30.180004119873047
24.563447952270508
29.064342498779297
49.948020935058594
38.019893646240234
43.75498580932617
41.18646240234375
11.45034408569336
53.789833068847656
35.092716217041016
43.95835494995117
57.43534469604492
73.0267105102539
15.985865592956543
39.45994567871094
28.79104232788086
25.10249137878418
39.25597381591797
38.609500885009766
59.59728240966797
21.316082000732422
31.800661087036133
35.104225158691406
27.524316787719727
37.97816467285156
29.632774353027344
18.740245819091797
41.46531295776367
30.422561645507812
17.519441604614258
20.012388229370117
37.48427963256836
57.40803527832031
37.433475494384766
25.119583129882812
42.10672378540039
26.58234977722168
34.68952178955078
57.213504791259766
29.471181869506836
40.94053649902344
52.56302261352539
47.70851135253906
31.464052200317383
31.441768646240234
47.10930633544922
39.76646423339844
21.404502868652344
34.882022857666016
33.605716705322266
33.83302688598633
17.17167854309082
40.07109832763672
60.430362701416016
40.91416931152344
31.105743408203125
14.828027725219727
30.12017822265625
48.12504577636719
21.52391815185547
44.58774185180664
21.690004348754883
37.440921783447266
21.485233306884766
25.130611419677734
29.452823638916016
40.86065673828125
70.4930419921875
39.22140884399414
34.75410079956055
55.556602478027344
15.248968124389648
47.30520248413086
19.3887996673584
41.69569396972656
41.845359802246094
49.40458679199219
18.115671157836914
56.65679168701172
23.196151733398438
38.236610412597656
54.352088928222656
30.485719680786133
38.39828872680664
55.53404235839844
28.569725036621094
52.38204574584961
22.00391387939453
36.49433898925781
59.93776321411133
30.20206069946289
44.956085205078125
18.490917205810547
43.80206298828125
30.325700759887695
51.436588287353516
67.7440185546875
50.507198333740234
50.68460464477539
34.572471618652344
17.90043830871582
24.660804748535156
19.394216537475586
62.27216339111328
18.505014419555664
33.86686706542969
29.293655395507812
30.56699562072754
44.52959060668945
27.141796112060547
25.19366455078125
37.076541900634766
42.9824104309082
23.119400024414062
42.85834884643555
25.469879150390625
24.102867126464844
57.234153747558594
51.5842170715332
25.511579513549805
46.72951126098633
36.23401641845703
28.830095291137695
61.99828338623047
20.882566452026367
52.83692932128906
34.01152038574219
15.19035530090332
