53.826080322265625
86.27307891845703
54.36759567260742
94.53048706054688
103.76087188720703
56.12376022338867
77.77828216552734
54.20744705200195
68.20198059082031
58.96872329711914
75.64179229736328
74.85252380371094
80.97586822509766
86.39916229248047
50.73672103881836
113.42855072021484
38.565040588378906
95.73212432861328
86.73330688476562
95.80184936523438
79.54784393310547
43.89711380004883
88.98648071289062
88.50402069091797
57.23101806640625
65.54944610595703
57.30134582519531
66.81066131591797
95.98497772216797
71.07591247558594
94.05743408203125
49.52655792236328
25.549570083618164
62.09807205200195
56.22724151611328
72.37252807617188
63.50107955932617
64.2854995727539
111.0302505493164
78.54631042480469
76.98089599609375
73.77194213867188
59.18004608154297
47.78269958496094
45.86854934692383
100.46190643310547
78.30211639404297
50.246124267578125
67.09420776367188
69.4874496459961
58.474021911621094
56.917110443115234
88.91698455810547
52.10643768310547
88.00115966796875
77.89168548583984
70.0667953491211
78.03221130371094
64.06107330322266
52.11316680908203
72.07852172851562
78.82939147949219
69.50856018066406
53.303245544433594
64.16500091552734
44.34674835205078
87.39762115478516
29.393280029296875
41.96540832519531
53.40929412841797
47.42491149902344
70.82239532470703
58.943119049072266
82.37429809570312
79.57220458984375
78.89339447021484
123.79855346679688
65.07666015625
81.42426300048828
104.91519165039062
64.67640686035156
57.74928665161133
123.45242309570312
77.3671875
65.9867935180664
80.83377838134766
47.995948791503906
86.03302001953125
66.71084594726562
48.139984130859375
101.86563110351562
94.11083984375
87.61996459960938
108.32459259033203
47.893070220947266
95.57088470458984
67.24703979492188
60.23350143432617
67.76022338867188
51.09917449951172
70.68061828613281
53.633243560791016
76.64939880371094
67.50736999511719
41.7064094543457
90.51293182373047
14.785323143005371
36.903099060058594
75.33332061767578
105.466796875
60.22105026245117
82.32714080810547
79.26030731201172
56.90737533569336
75.71312713623047
44.44794464111328
55.33945083618164
50.56486892700195
66.08902740478516
56.501644134521484
78.52796173095703
72.84716033935547
54.696861267089844
95.47731018066406
109.97381591796875
83.38317108154297
45.02890396118164
69.36857604980469
107.05577850341797
19.273714065551758
98.23552703857422
86.1146469116211
86.11128997802734
30.345598220825195
75.7464370727539
50.18140411376953
85.71607208251953
110.05098724365234
73.43368530273438
67.88209533691406
33.71016311645508
59.637027740478516
95.14423370361328
76.1912841796875
70.59000396728516
81.71112823486328
50.39321517944336
107.83122253417969
64.43505096435547
38.295188903808594
78.5060043334961
106.13567352294922
87.33736419677734
84.18644714355469
70.77847290039062
42.86330795288086
108.96817016601562
56.34156799316406
57.903404235839844
42.12917709350586
58.506187438964844
89.04426574707031
75.14604187011719
65.78206634521484
94.48585510253906
54.43133544921875
73.96676635742188
50.3492546081543
43.28862762451172
99.65373229980469
72.53634643554688
63.948692321777344
103.94206237792969
52.1414909362793
72.08350372314453
56.203765869140625
80.78158569335938
77.76439666748047
72.18545532226562
76.84903717041016
71.62586975097656
77.35466766357422
83.65621948242188
76.95259094238281
74.96879577636719
60.81939697265625
87.66688537597656
78.31356811523438
65.19525909423828
62.71208190917969
27.34029769897461
58.056640625
62.55472183227539
91.02305603027344
83.90213012695312
68.61287689208984
80.5081558227539
50.20784378051758
88.22245025634766
27.33628273010254
73.0660400390625
50.56960678100586
78.36782836914062
56.18788146972656
95.6530990600586
85.32478332519531
81.67717742919922
60.051273345947266
113.84674835205078
84.24153900146484
67.83708190917969
61.635276794433594
71.1664810180664
65.4760513305664
71.13627624511719
60.375606536865234
49.46604537963867
73.34349822998047
88.02615356445312
58.059444427490234
51.17292785644531
103.77034759521484
69.12017059326172
93.36524200439453
130.31768798828125
87.65660095214844
111.1568603515625
56.59817123413086
57.980777740478516
78.74208068847656
70.31501007080078
108.15617370605469
60.04655075073242
68.59738159179688
69.2093276977539
85.31719207763672
56.805931091308594
103.31375885009766
42.866416931152344
45.2952766418457
98.13824462890625
105.40884399414062
80.59833526611328
79.24705505371094
77.91629791259766
79.22825622558594
44.71329116821289
92.15078735351562
80.47610473632812
86.10875701904297
109.63604736328125
95.0204849243164
69.01509857177734
87.78040313720703
83.25691986083984
25.738967895507812
59.021575927734375
54.63907241821289
84.12428283691406
101.21295928955078
91.37884521484375
61.733009338378906
95.32178497314453
66.79303741455078
67.21935272216797
57.67368698120117
35.887752532958984
87.36796569824219
53.50094223022461
47.995079040527344
67.47676849365234
57.94435501098633
80.20093536376953
55.565616607666016
83.10067749023438
93.00523376464844
34.89324188232422
45.42013931274414
89.88948059082031
70.87236785888672
98.8580322265625
76.79721069335938
84.64020538330078
65.42940521240234
65.47427368164062
88.47383880615234
46.627166748046875
48.64928436279297
66.00391387939453
60.097930908203125
54.97713851928711
81.66961669921875
70.95983123779297
69.4310302734375
89.34032440185547
62.02872848510742
42.57538986206055
49.49215316772461
69.613037109375
98.94986724853516
81.35001373291016
38.63874435424805
70.17280578613281
67.2221450805664
92.45977020263672
52.564762115478516
91.22244262695312
50.326393127441406
94.45130920410156
36.74226760864258
72.21391296386719
70.87884521484375
127.2245864868164
56.63446044921875
62.154808044433594
84.42555236816406
120.71701049804688
86.63663482666016
69.07538604736328
31.956575393676758
90.1629638671875
75.97320556640625
56.847572326660156
59.611412048339844
84.0511703491211
97.39742279052734
56.940513610839844
62.69672775268555
50.351348876953125
74.21343994140625
74.35128784179688
56.64265441894531
94.09396362304688
49.0466194152832
95.59644317626953
59.32216262817383
74.72406768798828
97.94046020507812
66.74163818359375
85.14706420898438
67.00374603271484
60.9135627746582
39.16718292236328
60.99629211425781
75.48463439941406
82.98049926757812
50.01701354980469
85.15245819091797
82.43439483642578
77.8643798828125
29.015613555908203
19.702861785888672
69.0535888671875
48.197235107421875
75.79917907714844
70.26692199707031
85.45767974853516
69.73969268798828
66.19588470458984
82.39037322998047
77.1163558959961
64.401611328125
48.28258514404297
71.59008026123047
24.422325134277344
50.551937103271484
59.22667694091797
87.97772979736328
60.5484504699707
57.66624069213867
96.9627685546875
28.303890228271484
85.81867980957031
79.0731430053711
85.27421569824219
68.78961944580078
54.988555908203125
66.57074737548828
68.86631774902344
51.362178802490234
64.42754364013672
49.117286682128906
47.120689392089844
71.03887176513672
81.34190368652344
88.35589599609375
74.50505828857422
78.94646453857422
94.72180938720703
78.57249450683594
49.72260284423828
73.28626251220703
88.32476806640625
73.37564849853516
48.3569450378418
81.78263854980469
59.64350891113281
46.963741302490234
63.96259307861328
81.87686157226562
112.25984954833984
69.87793731689453
55.1430778503418
69.20137786865234
73.77690887451172
83.98912811279297
66.17916107177734
67.64537811279297
83.25045776367188
95.35221099853516
42.390254974365234
91.1358871459961
49.82060623168945
83.84934997558594
74.10576629638672
122.08502197265625
44.23024368286133
91.04484558105469
66.0832290649414
91.68318939208984
46.5052375793457
41.451271057128906
41.420936584472656
86.43394470214844
84.86808776855469
62.48603439331055
82.1844253540039
64.55116271972656
70.82877349853516
80.3234634399414
79.5261459350586
61.752315521240234
74.59041595458984
78.2574691772461
36.91480255126953
49.78521728515625
87.48680877685547
66.20805358886719
61.64149856567383
80.0423355102539
45.068016052246094
88.99687957763672
75.18045043945312
76.98567962646484
77.89322662353516
73.47754669189453
55.30290222167969
62.159278869628906
74.93785858154297
57.5081787109375
79.81876373291016
61.03347396850586
53.808712005615234
74.70121765136719
76.68102264404297
17.024389266967773
43.62960433959961
72.14042663574219
102.67153930664062
60.10576248168945
84.36601257324219
47.901493072509766
50.47152328491211
68.212890625
103.00020599365234
50.3790283203125
74.36849212646484
66.7038345336914
53.635780334472656
84.2589340209961
68.14911651611328
54.109066009521484
109.72909545898438
95.35970306396484
87.1200180053711
52.15360641479492
112.95296478271484
90.75407409667969
116.19795989990234
43.050872802734375
89.46699523925781
97.07137298583984
80.13819885253906
59.569881439208984
116.42195129394531
67.66744995117188
103.44407653808594
90.92874908447266
45.32717514038086
81.34197998046875
45.80611801147461
63.288082122802734
40.51166915893555
76.85897064208984
75.22014617919922
73.41046905517578
89.54940795898438
59.10857009887695
54.99091339111328
63.248661041259766
43.06774139404297
81.74525451660156
102.57054901123047
48.87413787841797
52.28598403930664
53.67852783203125
83.74073791503906
66.95068359375
39.20838928222656
73.26548767089844
57.16680145263672
86.67938995361328
75.76170349121094
82.40264892578125
73.10861206054688
59.1364631652832
75.96817779541016
51.67005920410156
71.56768035888672
65.34891510009766
55.23782730102539
51.75099563598633
64.09009552001953
58.243289947509766
102.32875061035156
101.40116119384766
78.09123229980469
83.1989517211914
76.75059509277344
96.70958709716797
79.25942993164062
78.97370147705078
71.7306900024414
63.26079559326172
62.1385383605957
73.10244750976562
64.2927017211914
54.98640060424805
55.060420989990234
52.92106246948242
81.81417083740234
44.79679870605469
99.96351623535156
71.62015533447266
40.6220588684082
67.25552368164062
78.36863708496094
80.76643371582031
87.39844512939453
74.08385467529297
71.05829620361328
78.03134155273438
97.72777557373047
58.87124252319336
91.30138397216797
50.8866081237793
55.38333511352539
83.83740997314453
71.08291625976562
69.56982421875
81.64830017089844
76.01655578613281
73.13249969482422
40.508121490478516
93.2608871459961
35.50160598754883
74.66905212402344
78.23814392089844
71.01111602783203
86.2364501953125
47.22676467895508
84.98374938964844
67.98416900634766
63.478965759277344
74.59232330322266
83.81964111328125
76.21190643310547
52.728309631347656
48.796939849853516
69.6677017211914
88.04267120361328
86.99787902832031
34.09684371948242
61.076515197753906
41.54050064086914
78.58226776123047
75.02696228027344
64.08384704589844
67.68775939941406
47.31938934326172
90.9151840209961
40.45890426635742
32.63703155517578
42.82585525512695
103.68103790283203
42.058509826660156
45.13945007324219
65.05602264404297
75.25143432617188
34.95863342285156
58.35804748535156
86.49551391601562
75.48707580566406
72.05329132080078
57.265628814697266
114.66999816894531
75.8782958984375
46.95238494873047
65.95947265625
95.70683288574219
36.0744514465332
61.600032806396484
87.31554412841797
49.765506744384766
80.7819595336914
73.75020599365234
59.04539108276367
32.05892562866211
74.4847412109375
99.81621551513672
80.75263214111328
77.72393035888672
91.20576477050781
76.87614440917969
46.165958404541016
55.1202278137207
56.17074203491211
69.97676086425781
80.94058990478516
56.549678802490234
102.0297622680664
96.49998474121094
89.59175872802734
72.68891143798828
51.50510787963867
58.528690338134766
47.44257736206055
63.462005615234375
79.24159240722656
62.97675704956055
64.94120025634766
58.29289627075195
60.97608184814453
90.53109741210938
54.56541061401367
74.75479125976562
76.4031753540039
88.47514343261719
88.61095428466797
65.75048828125
80.51644897460938
50.86093521118164
45.365966796875
82.53075408935547
48.508522033691406
77.55873107910156
98.38407135009766
30.574085235595703
91.2398910522461
46.28987503051758
119.19673156738281
60.40260696411133
63.50740432739258
109.82091522216797
80.54752349853516
72.12944793701172
56.67444610595703
70.13434600830078
67.55239868164062
58.28295135498047
49.643035888671875
76.80826568603516
61.472469329833984
60.01213073730469
60.84968566894531
65.56851959228516
75.6440658569336
50.46187210083008
52.00978088378906
71.5715560913086
82.77729797363281
89.53350830078125
78.05609130859375
119.83399200439453
94.67721557617188
75.40943145751953
77.316650390625
74.96976470947266
58.33465576171875
37.81013870239258
46.72438430786133
126.03739166259766
59.73846435546875
85.4604263305664
47.083900451660156
68.28138732910156
100.57760620117188
83.91402435302734
47.63768768310547
78.71832275390625
63.00754165649414
87.34159088134766
77.35569763183594
70.75245666503906
82.29739379882812
77.98934173583984
67.47500610351562
42.75827407836914
74.8545150756836
47.622039794921875
81.9011001586914
118.5313491821289
57.734458923339844
33.43316650390625
107.31901550292969
85.17870330810547
70.49038696289062
90.51698303222656
65.64373016357422
50.76138687133789
84.06598663330078
76.45206451416016
81.30719757080078
99.67269897460938
88.5263671875
85.5114974975586
44.43094253540039
89.21665954589844
65.51832580566406
55.46927261352539
75.91728973388672
59.1777458190918
66.1275405883789
74.655029296875
77.32954406738281
51.131263732910156
43.01126480102539
88.31781005859375
66.2811050415039
90.17383575439453
48.870609283447266
96.26349639892578
87.77984619140625
76.48308563232422
47.91376495361328
59.39411926269531
81.87517547607422
77.79198455810547
89.28866577148438
52.20834732055664
59.032413482666016
25.521636962890625
65.35823059082031
63.28042984008789
61.45612716674805
81.20771026611328
74.02938079833984
59.67598342895508
24.412107467651367
72.76655578613281
74.12013244628906
74.63585662841797
77.14413452148438
106.1983871459961
50.45819091796875
85.55534362792969
100.16140747070312
69.53601837158203
70.78248596191406
52.483699798583984
44.086830139160156
43.9448127746582
98.1129379272461
54.94844055175781
76.44280242919922
105.85311126708984
90.29737854003906
78.16806030273438
26.4114933013916
74.87109375
91.95142364501953
55.787391662597656
91.0301513671875
77.93065643310547
100.00053405761719
60.83537292480469
52.02637481689453
77.5533447265625
87.824951171875
30.46062660217285
75.0315170288086
78.70152282714844
94.90889739990234
77.94117736816406
42.24280548095703
56.73921585083008
59.83787155151367
18.3945369720459
81.48407745361328
54.860313415527344
107.58460998535156
73.67073059082031
60.80736541748047
80.58541107177734
82.59205627441406
110.24220275878906
68.3435287475586
85.14513397216797
63.270263671875
63.28654098510742
60.926456451416016
64.33666229248047
58.44463348388672
96.4448471069336
78.96654510498047
56.09374237060547
68.33550262451172
82.28826904296875
54.44477081298828
55.39802551269531
70.32321166992188
52.20321273803711
56.00054168701172
88.78448486328125
96.29409790039062
61.43772506713867
106.70944213867188
45.64875411987305
50.579654693603516
90.06118774414062
85.15896606445312
65.46536254882812
74.61474609375
64.89266204833984
75.4186019897461
71.19571685791016
80.759765625
50.558921813964844
75.21995544433594
84.48745727539062
59.47812271118164
47.63346862792969
82.65899658203125
106.67002868652344
58.8427848815918
76.24293518066406
57.60645294189453
61.00570297241211
93.25924682617188
60.795074462890625
52.733154296875
86.89714050292969
59.97266387939453
52.1046257019043
36.520328521728516
66.13024139404297
76.37937927246094
44.34345245361328
56.50101852416992
48.18959045410156
67.27037811279297
102.29666137695312
93.8077392578125
53.03638458251953
83.73286437988281
74.55321502685547
99.84886932373047
59.97932815551758
65.47522735595703
54.96489715576172
40.91935348510742
76.58564758300781
54.06083679199219
83.90261840820312
100.60659790039062
65.67691802978516
69.59852600097656
66.94682312011719
63.4182014465332
32.22793197631836
75.62910461425781
44.8354377746582
73.78196716308594
97.29122924804688
89.20225524902344
87.75676727294922
106.78073120117188
96.60960388183594
70.16992950439453
74.67066192626953
82.89588928222656
61.105079650878906
56.668113708496094
89.92086791992188
72.92046356201172
44.945335388183594
69.96621704101562
98.50850677490234
79.72335815429688
109.4710693359375
45.134185791015625
39.53031539916992
67.3823471069336
67.38449096679688
91.76407623291016
70.54332733154297
56.082115173339844
52.48841857910156
90.78486633300781
76.62763977050781
68.09809112548828
36.91028594970703
38.50676727294922
46.77207946777344
51.29463195800781
71.824951171875
64.16658020019531
85.9281005859375
54.669464111328125
75.72492218017578
61.39897537231445
66.39794158935547
61.557796478271484
89.06344604492188
100.82030487060547
80.82669067382812
67.6321792602539
87.7011947631836
72.37911224365234
49.75367736816406
78.51875305175781
41.766719818115234
58.1299934387207
60.78253936767578
32.71449279785156
71.5857925415039
117.1821517944336
72.74468231201172
67.38751983642578
88.07484436035156
59.781375885009766
78.01659393310547
75.60132598876953
69.58609771728516
96.13504791259766
49.82794952392578
78.875244140625
82.42726135253906
69.9947280883789
61.11290740966797
85.41329956054688
65.11449432373047
33.156036376953125
40.30230712890625
88.88739776611328
89.88079833984375
76.10608673095703
37.808448791503906
64.54261779785156
108.43478393554688
41.185733795166016
102.03494262695312
59.64541244506836
58.01880645751953
74.51227569580078
84.13511657714844
69.92969512939453
45.22474670410156
66.17682647705078
85.703857421875
45.53363037109375
87.5061264038086
86.49462890625
107.3266830444336
62.77605438232422
78.16993713378906
101.92578887939453
71.95016479492188
53.32162094116211
55.92082214355469
78.1066665649414
67.8691635131836
84.48057556152344
43.06111145019531
39.993865966796875
85.21000671386719
80.95576477050781
68.21309661865234
62.155792236328125
49.78042984008789
59.18130111694336
51.68660354614258
70.85655975341797
76.88751220703125
57.25632095336914
55.16789627075195
69.59900665283203
95.22378540039062
49.116764068603516
91.29176330566406
54.391746520996094
104.5549087524414
76.78030395507812
120.11087036132812
76.69864654541016
72.74211120605469
84.95103454589844
66.26921081542969
98.75879669189453
49.2449951171875
64.1623306274414
46.833248138427734
71.64015197753906
67.15904998779297
58.27766418457031
88.87679290771484
71.37858581542969
66.82333374023438
80.48426055908203
115.09223937988281
85.2469482421875
97.38404846191406
62.56493377685547
72.50835418701172
88.0857925415039
93.49024963378906
55.167884826660156
55.85268783569336
97.08802795410156
84.14700317382812
87.08748626708984
65.93021392822266
85.27057647705078
77.49320983886719
32.092437744140625
104.7114028930664
86.86181640625
49.086769104003906
83.64993286132812
79.69698333740234
45.989471435546875
97.15343475341797
67.05357360839844
59.66282653808594
63.81626510620117
55.20012283325195
47.630760192871094
86.67179107666016
51.79339599609375
66.8210220336914
99.08944702148438
70.17977142333984
65.57909393310547
87.9935531616211
51.11054229736328
62.81013107299805
34.61573028564453
97.28422546386719
43.869205474853516
88.58951568603516
97.9874267578125
64.44734954833984
87.09434509277344
46.38180160522461
102.67009735107422
86.09040832519531
71.00946807861328
62.01420974731445
97.16179656982422
65.15441131591797
29.193540573120117
33.60499954223633
75.45752716064453
43.295318603515625
63.22505569458008
88.25688171386719
81.24490356445312
87.05095672607422
69.0932846069336
52.625301361083984
69.23619079589844
72.93318176269531
51.627357482910156
105.3637466430664
76.0262680053711
59.39854431152344
43.31564712524414
80.56636047363281
85.31778717041016
39.78236770629883
100.60502624511719
59.02127456665039
92.05137634277344
94.81974029541016
81.04205322265625
26.657320022583008
85.05924987792969
51.28982925415039
66.70162963867188
71.31376647949219
61.51533889770508
53.3728141784668
91.09052276611328
56.58467102050781
60.415794372558594
94.22773742675781
92.48631286621094
37.695499420166016
51.0093879699707
74.90921783447266
21.348485946655273
43.37002944946289
57.78230667114258
36.337608337402344
62.48454666137695
84.83304595947266
85.72269439697266
75.82763671875
84.14019012451172
70.56319427490234
64.2330093383789
105.46085357666016
47.0424690246582
59.923683166503906
73.36780548095703
87.20299530029297
94.19304656982422
90.3541030883789
58.29884338378906
82.82718658447266
89.27594757080078
58.94908142089844
56.859004974365234
66.72023010253906
111.3143310546875
95.92792510986328
52.95761489868164
73.43778991699219
76.52609252929688
82.80838012695312
82.42188262939453
67.02059936523438
81.18856048583984
58.00925827026367
69.6694564819336
62.20050048828125
47.164852142333984
75.21761322021484
75.8628921508789
59.20704650878906
65.57051849365234
73.17125701904297
53.90351867675781
71.6490478515625
88.30048370361328
71.89851379394531
70.49942016601562
50.88756561279297
62.1008186340332
46.69243240356445
81.51080322265625
55.25709915161133
68.07909393310547
62.912994384765625
62.11465072631836
59.839237213134766
51.68095397949219
82.96461486816406
62.32436752319336
72.53697967529297
43.08049774169922
70.06132507324219
55.31538009643555
44.27724838256836
56.86256790161133
67.90963745117188
81.12737274169922
60.06647872924805
59.092132568359375
97.54083251953125
81.7943344116211
42.144649505615234
91.6707763671875
82.69974517822266
77.22447204589844
49.88969802856445
40.26647186279297
54.82157897949219
64.67530059814453
42.14448928833008
65.85182189941406
104.69526672363281
83.23017883300781
91.20730590820312
54.46491622924805
73.28251647949219
74.32585906982422
82.42163848876953
59.20793151855469
62.0909538269043
76.42012786865234
44.306915283203125
97.8697280883789
56.926422119140625
64.56798553466797
70.08309936523438
71.94513702392578
85.29987335205078
65.34193420410156
70.59578704833984
40.91972351074219
75.66650390625
66.4433822631836
61.54894256591797
45.60221862792969
92.00453186035156
57.4017219543457
42.757057189941406
76.2806167602539
53.57252883911133
71.66442108154297
62.31955337524414
59.6042594909668
35.89522171020508
60.76093673706055
50.492366790771484
37.28157424926758
68.06305694580078
60.392940521240234
86.75910186767578
80.576904296875
88.4475326538086
86.54371643066406
13.810580253601074
41.84273147583008
109.3139877319336
69.06480407714844
85.11381530761719
74.5639419555664
79.41585540771484
103.4310302734375
51.48760223388672
67.33428955078125
74.8027572631836
78.99669647216797
67.0069808959961
79.085693359375
84.1229019165039
39.872230529785156
57.06855010986328
98.44999694824219
107.05816650390625
81.72638702392578
44.36821365356445
60.742130279541016
75.84556579589844
70.1952133178711
84.17220306396484
77.4454574584961
51.292686462402344
54.450714111328125
58.5483512878418
54.74380111694336
101.7089614868164
66.3851547241211
85.03097534179688
81.20759582519531
90.44425964355469
77.12728118896484
76.60667419433594
74.40807342529297
104.69628143310547
83.0581283569336
62.6295051574707
84.1805648803711
75.27339172363281
76.11167907714844
86.62013244628906
103.08605194091797
55.65205001831055
70.38138580322266
69.60623931884766
63.22123718261719
54.8055534362793
57.201744079589844
70.82014465332031
54.760955810546875
79.4547119140625
76.04747772216797
79.5460433959961
56.43806838989258
73.79144287109375
108.33047485351562
69.48438262939453
90.41180419921875
41.31382369995117
89.57429504394531
101.64743041992188
57.587093353271484
70.95896911621094
51.93775177001953
55.850467681884766
66.6502456665039
75.34544372558594
73.15625
96.61224365234375
57.777793884277344
80.96021270751953
62.11323547363281
75.73008728027344
52.98468017578125
99.6513900756836
66.97901916503906
69.58930206298828
53.972843170166016
66.5833511352539
110.95307159423828
79.27332305908203
73.046142578125
60.16920471191406
85.94572448730469
39.92462158203125
110.21418762207031
58.148101806640625
66.40125274658203
45.192970275878906
83.43377685546875
63.26633071899414
79.00652313232422
39.17279815673828
42.45986557006836
90.22067260742188
66.25668334960938
68.12554168701172
99.81317138671875
43.1157112121582
54.02185821533203
93.20211029052734
68.01050567626953
71.8659896850586
94.2100830078125
70.97514343261719
49.143157958984375
50.06452560424805
56.90903091430664
88.69690704345703
71.38905334472656
111.17525482177734
56.43479919433594
65.22071838378906
58.2073974609375
77.99517059326172
87.92756652832031
52.93864822387695
44.41777801513672
70.08476257324219
48.729400634765625
49.90802764892578
48.58516311645508
94.54371643066406
56.239646911621094
72.26056671142578
82.9252700805664
100.14445495605469
37.65414047241211
59.04263687133789
53.69408416748047
54.36217498779297
75.18576049804688
90.04499816894531
53.10586929321289
35.379981994628906
65.33433532714844
118.55669403076172
76.26321411132812
74.89875793457031
69.58409881591797
59.6014289855957
59.37639236450195
94.66368865966797
56.624671936035156
110.79061889648438
40.816593170166016
64.48915100097656
50.18000411987305
61.638187408447266
92.2686767578125
89.0570068359375
101.63168334960938
78.42086791992188
57.1088981628418
73.55927276611328
75.7873764038086
73.53960418701172
53.52046585083008
71.31658172607422
59.1634407043457
46.26785659790039
75.5885009765625
56.81510925292969
66.92389678955078
89.52976989746094
81.87727355957031
85.67779541015625
31.76076889038086
69.197509765625
89.85232543945312
65.64226531982422
113.26744079589844
68.2031021118164
82.57731628417969
67.72642517089844
76.37217712402344
90.01000213623047
62.09251022338867
65.12298583984375
46.614952087402344
47.38100814819336
52.22343826293945
75.0220718383789
44.69007110595703
63.34153366088867
68.37071228027344
89.67233276367188
78.80819702148438
67.23943328857422
62.95123291015625
66.9063491821289
59.163917541503906
60.48857879638672
74.98104858398438
116.71521759033203
68.78532409667969
82.3927001953125
69.20635986328125
48.45907974243164
51.34352493286133
66.88159942626953
33.879051208496094
71.81916809082031
53.258487701416016
75.41658782958984
79.35413360595703
71.07042694091797
81.1383056640625
88.31294250488281
49.25782775878906
45.366477966308594
33.71343994140625
34.303340911865234
84.94239044189453
54.042457580566406
75.71843719482422
77.98939514160156
53.343406677246094
80.56741333007812
43.80846405029297
64.5782241821289
72.1363296508789
56.344058990478516
64.00263214111328
60.644432067871094
113.52682495117188
61.72121810913086
72.90042877197266
54.88163375854492
70.51605224609375
49.66910171508789
77.1047592163086
55.30998611450195
47.682308197021484
73.1624526977539
35.97615432739258
73.89108276367188
67.01644134521484
76.60462188720703
47.949588775634766
42.292724609375
97.698974609375
74.70387268066406
25.27910614013672
88.21197509765625
69.18952941894531
49.23066711425781
108.88504791259766
61.244319915771484
68.7223129272461
63.865116119384766
89.19361114501953
80.54740905761719
65.71083068847656
60.85540771484375
84.02608489990234
61.5749626159668
101.17599487304688
72.11957550048828
111.591064453125
80.39054870605469
66.8144760131836
118.9188232421875
53.386146545410156
64.44631958007812
97.44277954101562
81.65971374511719
75.43153381347656
84.50222778320312
69.84949493408203
39.694618225097656
104.9129867553711
78.21747589111328
37.23172378540039
69.47288513183594
106.5945053100586
66.17737579345703
114.96515655517578
71.79145050048828
65.985107421875
86.59970092773438
52.31185531616211
74.7435073852539
76.83733367919922
86.52528381347656
70.7295913696289
92.98966217041016
30.81618881225586
80.05252075195312
69.46449279785156
49.71953201293945
84.93914031982422
55.74332809448242
54.3287353515625
72.87318420410156
103.2812728881836
85.89459991455078
54.620826721191406
69.33029174804688
51.14886474609375
84.8070068359375
106.64151000976562
36.94362258911133
42.75374984741211
102.89476776123047
48.54655075073242
79.50777435302734
57.287567138671875
65.03556823730469
88.54557800292969
59.97138595581055
74.98230743408203
55.124549865722656
79.3298110961914
61.257896423339844
60.28757858276367
65.3127670288086
43.475650787353516
105.83061218261719
62.134029388427734
68.96470642089844
91.31294250488281
119.02061462402344
95.36830139160156
50.20931625366211
37.781375885009766
82.3729248046875
61.394683837890625
63.943687438964844
55.634498596191406
81.2206802368164
74.28157806396484
71.66551971435547
72.77887725830078
104.87928771972656
77.95811462402344
53.97994613647461
106.55122375488281
50.5208625793457
77.48278045654297
31.658809661865234
63.018856048583984
94.8608169555664
37.00031661987305
66.74935913085938
82.9980239868164
48.09584045410156
50.65863037109375
61.062686920166016
73.80558013916016
96.69482421875
104.34215545654297
56.18401336669922
65.46338653564453
51.39402770996094
76.72345733642578
83.50678253173828
79.32849884033203
65.45423126220703
82.84241485595703
65.32949829101562
122.39283752441406
73.81877899169922
61.71344757080078
53.629722595214844
87.60433197021484
71.29476165771484
49.1989860534668
83.41425323486328
59.55951690673828
89.08924865722656
58.14680099487305
56.416873931884766
59.548770904541016
96.98733520507812
51.211795806884766
98.0184555053711
61.15907669067383
72.52430725097656
111.07857513427734
97.95233154296875
52.911231994628906
115.13548278808594
66.81239318847656
53.67469787597656
47.209190368652344
77.80793762207031
78.02405548095703
45.51272964477539
50.745567321777344
97.55133819580078
115.44712829589844
87.82524871826172
68.6725082397461
107.93331909179688
89.8012466430664
93.56718444824219
62.18256378173828
53.697410583496094
66.67970275878906
74.81233215332031
94.34913635253906
84.48056030273438
76.12885284423828
75.8850326538086
105.83354949951172
76.61959075927734
90.93148803710938
93.46631622314453
61.86079788208008
60.30424118041992
45.24029541015625
48.12160110473633
28.78755760192871
87.63427734375
62.55704116821289
74.78716278076172
48.675437927246094
88.99940490722656
111.30802917480469
38.47258377075195
79.0638427734375
90.27603149414062
69.7827377319336
86.26311492919922
81.95829772949219
98.17121887207031
101.54521179199219
53.719173431396484
35.86385726928711
76.88043212890625
91.89071655273438
95.56965637207031
77.08270263671875
100.55388641357422
82.20394897460938
91.70909881591797
93.59730529785156
86.4686508178711
26.765104293823242
40.824745178222656
75.28011322021484
47.16088104248047
74.18424224853516
67.61062622070312
56.12198257446289
74.98600006103516
56.92599868774414
28.050251007080078
44.223487854003906
87.00215148925781
50.907501220703125
62.97892761230469
81.91158294677734
77.57124328613281
86.42362213134766
82.708984375
107.50174713134766
49.073055267333984
40.31901550292969
58.05615234375
66.86172485351562
50.40180206298828
61.34450149536133
81.21317291259766
58.589324951171875
85.27030944824219
39.62860107421875
83.18933868408203
29.820682525634766
46.41888427734375
54.45784378051758
70.72992706298828
58.874271392822266
54.35131072998047
86.70372009277344
53.36615753173828
52.75495529174805
68.58577728271484
36.286190032958984
67.55801391601562
76.13047790527344
71.32471466064453
69.11554718017578
47.965938568115234
45.440914154052734
66.38359832763672
90.7908935546875
79.8147964477539
83.30064392089844
44.982173919677734
78.21687316894531
81.92925262451172
91.08025360107422
52.05723571777344
124.57595825195312
61.625144958496094
87.1179428100586
55.65202713012695
88.77394104003906
25.936845779418945
54.98255920410156
66.74705505371094
62.24931716918945
56.9891471862793
83.67720794677734
45.499351501464844
60.82689666748047
48.8793830871582
42.667442321777344
75.43067932128906
67.9543228149414
56.14687728881836
58.88985824584961
111.04095458984375
39.093772888183594
84.88469696044922
56.725425720214844
104.8797607421875
60.10695266723633
40.025638580322266
85.25611877441406
57.7795295715332
48.754417419433594
57.04460525512695
75.1334228515625
56.21128463745117
93.51667022705078
106.9357681274414
71.35248565673828
49.11911392211914
71.09744262695312
63.779396057128906
68.8626480102539
49.10049819946289
66.92434692382812
57.221343994140625
90.24882507324219
55.93288040161133
51.193233489990234
55.0191650390625
60.564395904541016
95.34008026123047
56.55791473388672
67.35835266113281
69.40355682373047
54.309471130371094
76.93399810791016
73.1397933959961
85.53189849853516
69.94223022460938
72.70236206054688
97.74488067626953
65.11339569091797
72.36196899414062
85.81986236572266
42.91233444213867
56.09786605834961
114.39867401123047
71.48983001708984
80.5287857055664
50.586219787597656
67.3760757446289
75.8619384765625
70.90023803710938
46.56692123413086
85.2132568359375
53.51755905151367
75.55908203125
92.20932006835938
105.9331283569336
62.460723876953125
90.42691040039062
53.49020004272461
78.59528350830078
88.8978271484375
83.60653686523438
19.01350975036621
68.83216094970703
56.40681076049805
65.72967529296875
84.7315902709961
79.25847625732422
63.22615432739258
34.28193664550781
67.76598358154297
53.42329788208008
81.11029052734375
21.36811065673828
74.233642578125
38.956478118896484
91.83368682861328
72.1063003540039
51.90904235839844
97.8369369506836
97.27735137939453
55.206966400146484
59.732051849365234
75.85437774658203
74.26261138916016
72.7934341430664
64.8076171875
45.972251892089844
57.496559143066406
44.924217224121094
80.6501235961914
72.20825958251953
56.346343994140625
80.80305480957031
75.55433654785156
16.088951110839844
66.8914566040039
42.32474136352539
39.591026306152344
68.20242309570312
71.0330581665039
76.91812133789062
50.24943542480469
58.92866897583008
70.55731201171875
60.5167236328125
43.511844635009766
52.847496032714844
83.55809783935547
64.90850067138672
44.4373779296875
76.89949035644531
80.52499389648438
78.29782104492188
38.32877731323242
84.58769226074219
43.90144348144531
118.58786010742188
85.49729919433594
100.24873352050781
71.70941162109375
83.02472686767578
51.03516387939453
85.68669128417969
50.199337005615234
92.20455169677734
59.931793212890625
78.9895248413086
47.06835174560547
78.21405792236328
79.79544067382812
63.48541259765625
78.14266967773438
71.1063232421875
79.6753921508789
111.03081512451172
44.242977142333984
50.657203674316406
32.3502311706543
71.95995330810547
48.02033233642578
60.97312927246094
41.90166091918945
75.82837677001953
68.53820037841797
86.56536102294922
54.68382263183594
80.869873046875
59.76211166381836
52.266319274902344
51.2932014465332
60.49348449707031
50.21769332885742
71.21258544921875
81.02935028076172
63.43614959716797
30.10006332397461
94.69129943847656
69.03065490722656
75.39923858642578
76.28811645507812
61.23025131225586
55.70137023925781
22.062911987304688
98.04534912109375
79.97171020507812
108.73684692382812
71.37085723876953
31.1441593170166
85.30525970458984
67.30111694335938
49.82876968383789
99.8448715209961
39.98210144042969
74.10432434082031
35.40313720703125
55.51836395263672
85.29658508300781
53.259498596191406
67.29544830322266
31.198793411254883
109.03003692626953
81.65869903564453
98.37469482421875
72.6290512084961
80.9569320678711
97.35225677490234
88.31816101074219
49.11367416381836
85.87153625488281
100.24137115478516
82.05237579345703
66.1086654663086
72.37666320800781
69.61550903320312
88.68132019042969
70.84208679199219
82.84660339355469
21.012062072753906
44.67496871948242
59.372032165527344
84.44820404052734
62.33010482788086
91.94500732421875
87.6170425415039
62.862754821777344
71.6947250366211
67.01466369628906
70.0230712890625
65.69357299804688
95.64805603027344
95.85491180419922
86.50951385498047
56.87150955200195
54.46412658691406
65.07212829589844
73.13604736328125
76.72007751464844
81.88453674316406
98.90821838378906
99.25862121582031
73.18427276611328
51.75333786010742
52.587135314941406
53.48564147949219
64.49878692626953
73.32096862792969
71.86128234863281
73.34984588623047
96.7160415649414
71.99393463134766
59.21943664550781
48.202232360839844
70.73177337646484
94.85738372802734
86.52791595458984
57.84709548950195
73.57996368408203
53.97418212890625
62.003597259521484
59.064064025878906
51.68574142456055
103.09227752685547
71.7218017578125
71.71150207519531
65.66870880126953
48.590999603271484
66.54766845703125
71.2532958984375
59.918514251708984
48.69163131713867
77.87883758544922
63.491329193115234
74.38046264648438
61.44409942626953
88.7612075805664
105.24075317382812
28.401153564453125
60.80542755126953
38.71244430541992
42.800174713134766
18.862628936767578
61.44109344482422
76.87356567382812
64.15365600585938
77.28591918945312
102.5813217163086
53.71168518066406
77.15833282470703
102.90608978271484
78.28917694091797
41.47627639770508
61.231056213378906
94.79537200927734
63.43742752075195
101.21023559570312
68.69135284423828
60.54257583618164
67.82988739013672
45.355430603027344
84.73523712158203
85.95940399169922
86.01390075683594
95.24017333984375
65.7767105102539
69.0106430053711
99.4984130859375
69.70211791992188
50.376285552978516
84.01094055175781
60.263065338134766
79.39556121826172
64.24820709228516
64.10352325439453
49.9887809753418
65.20160675048828
51.5129280090332
24.71088409423828
68.03177642822266
35.37154769897461
35.977115631103516
66.63761901855469
46.08195114135742
95.20573425292969
58.299530029296875
60.6281623840332
114.10570526123047
66.37908172607422
47.795528411865234
24.168834686279297
62.75416564941406
53.228271484375
82.04340362548828
75.59487915039062
69.03301239013672
96.2931137084961
88.55908966064453
84.30687713623047
73.59994506835938
56.001487731933594
77.58561706542969
79.77104949951172
93.16211700439453
81.99768829345703
78.34841918945312
54.77629852294922
55.93987274169922
42.5096321105957
92.92243957519531
63.93341827392578
65.5228042602539
85.2874755859375
57.38087463378906
63.91341018676758
56.18701171875
83.20034790039062
75.23748779296875
87.0671157836914
78.06389617919922
93.42137908935547
36.75056457519531
88.07282257080078
76.26988983154297
48.34394454956055
62.318397521972656
42.255828857421875
48.56929397583008
72.61653900146484
50.263858795166016
59.60763168334961
66.17454528808594
46.172340393066406
131.8489990234375
64.90132141113281
97.17845153808594
77.85663604736328
93.46411895751953
91.08988189697266
85.02490997314453
62.47698211669922
57.27106475830078
45.94487762451172
97.7533950805664
62.825504302978516
57.921512603759766
75.7272720336914
66.6754379272461
76.66510772705078
73.6866683959961
88.48982238769531
45.8915901184082
61.73297119140625
99.9896240234375
97.94193267822266
105.06961822509766
95.26561737060547
49.239402770996094
54.326114654541016
105.71337890625
53.93787384033203
80.29463958740234
70.06043243408203
84.45230865478516
38.67045593261719
90.05010223388672
84.55427551269531
71.48411560058594
77.6851577758789
74.33931732177734
104.43350982666016
59.8166618347168
69.78104400634766
56.717655181884766
17.785303115844727
106.83040618896484
40.11915969848633
78.06896209716797
61.85824966430664
64.05557250976562
79.02691650390625
64.58324432373047
74.1044692993164
49.038909912109375
75.18050384521484
62.322608947753906
46.02427291870117
70.7635269165039
93.6856460571289
49.28721618652344
56.14468765258789
74.48458862304688
66.29682159423828
89.34893035888672
52.97672653198242
78.78071594238281
71.7591781616211
74.84361267089844
85.41067504882812
61.22670364379883
41.56990432739258
69.43717956542969
78.65274810791016
122.79426574707031
45.537593841552734
66.18782806396484
88.84449005126953
103.94075775146484
81.4982681274414
52.55696487426758
68.36739349365234
72.43890380859375
51.16671371459961
80.0608901977539
95.02177429199219
87.69440460205078
54.013832092285156
64.8958740234375
65.10224151611328
106.85517883300781
48.983821868896484
73.7509765625
32.792999267578125
85.57655334472656
99.43441009521484
66.29194641113281
70.57380676269531
100.58859252929688
70.8800048828125
121.28314971923828
46.35163497924805
62.60824966430664
93.6357421875
94.00920104980469
62.73090744018555
86.07266235351562
88.27857971191406
54.37409210205078
62.766639709472656
78.72074890136719
32.21969985961914
61.0989875793457
67.87744140625
48.579368591308594
55.36593246459961
83.18048095703125
70.09092712402344
79.92229461669922
67.83140563964844
56.50154495239258
88.6534423828125
65.60639953613281
60.5113410949707
41.92570495605469
41.336204528808594
75.62946319580078
103.3677978515625
115.42023468017578
94.44683837890625
47.92903137207031
56.24488067626953
69.93329620361328
58.96012496948242
87.60218811035156
60.946075439453125
68.82416534423828
77.8074951171875
53.97317123413086
101.64579010009766
69.5837173461914
55.61375045776367
57.08330154418945
56.111751556396484
91.03401947021484
77.99095916748047
53.619117736816406
66.41316986083984
68.27088165283203
72.17256927490234
55.82123565673828
96.51434326171875
46.831356048583984
63.42625045776367
68.15884399414062
78.39783477783203
72.58840942382812
51.25411605834961
49.89375305175781
73.45542907714844
64.91194915771484
93.98221588134766
76.47782897949219
74.9487075805664
92.7556381225586
62.14255905151367
71.36811065673828
72.65055847167969
94.98873138427734
88.35250091552734
54.22090148925781
80.3073959350586
72.2397232055664
87.39579010009766
87.79257202148438
48.354164123535156
57.42295837402344
50.31182098388672
73.98416900634766
77.34691619873047
56.275245666503906
42.894107818603516
69.28447723388672
40.89970779418945
82.2853012084961
41.0539665222168
77.92708587646484
61.944580078125
119.6252670288086
64.46054077148438
73.8621597290039
47.215545654296875
36.53453826904297
64.66374206542969
87.78438568115234
90.84226989746094
86.03470611572266
18.046646118164062
62.11130142211914
84.82079315185547
73.29830169677734
43.83852767944336
60.783714294433594
72.19347381591797
51.56309509277344
86.6390151977539
70.94634246826172
48.03215789794922
70.2478256225586
71.75802612304688
55.03767776489258
89.03892517089844
78.20912170410156
73.76732635498047
84.74215698242188
35.31219482421875
105.27574920654297
67.39653778076172
27.6925106048584
41.9990119934082
58.448936462402344
77.49266815185547
38.83669662475586
63.133304595947266
115.45960998535156
42.449581146240234
75.30838775634766
79.19635772705078
49.19237518310547
49.966529846191406
71.49042510986328
91.18128204345703
67.22154998779297
68.49610900878906
81.32888793945312
73.1602783203125
34.94042205810547
71.40620422363281
73.31034851074219
88.82909393310547
79.63493347167969
89.70343780517578
68.9486083984375
42.523014068603516
63.34376907348633
36.821502685546875
63.97383117675781
70.3967056274414
86.72816467285156
66.5142593383789
53.535179138183594
61.46588897705078
74.21387481689453
72.70040130615234
79.00080108642578
82.19596099853516
70.28408813476562
107.50568389892578
82.76398468017578
48.75072479248047
62.725643157958984
53.43722152709961
112.93863677978516
64.6389389038086
115.25666809082031
55.80922317504883
69.77655029296875
109.30577087402344
78.6181869506836
55.50417709350586
65.46597290039062
58.56524658203125
49.94226837158203
75.86489868164062
58.139060974121094
57.47465133666992
50.353271484375
111.9044189453125
87.22112274169922
43.86713790893555
78.83635711669922
91.60901641845703
59.275108337402344
93.84600067138672
62.41984939575195
95.85685729980469
63.08967971801758
30.686412811279297
77.0391845703125
64.34563446044922
64.75359344482422
62.64748001098633
88.63735961914062
79.18695068359375
54.01471710205078
94.6708755493164
40.76348876953125
50.53066635131836
52.37559509277344
31.529525756835938
81.65449523925781
60.09770584106445
78.16339111328125
54.65232467651367
42.22947311401367
43.65298843383789
60.81472396850586
82.25952911376953
93.91826629638672
75.04798126220703
47.62964630126953
69.1559066772461
80.17963409423828
87.17789459228516
82.42707824707031
71.8355941772461
84.93399810791016
64.08196258544922
64.41219329833984
57.92820739746094
83.80998229980469
58.553321838378906
105.28115844726562
74.52223205566406
49.89200973510742
100.76526641845703
62.60642623901367
76.95830535888672
69.8464126586914
52.72935104370117
79.7557601928711
60.876529693603516
52.14999008178711
31.929683685302734
59.707149505615234
81.49191284179688
67.1231918334961
67.22135162353516
44.64825439453125
56.69511413574219
44.594844818115234
44.204463958740234
116.83189392089844
71.310791015625
88.58131408691406
68.71764373779297
99.12268829345703
34.82029342651367
58.88169860839844
58.18934631347656
83.077392578125
75.95661926269531
48.59013366699219
55.511592864990234
55.72194290161133
57.54954147338867
72.27403259277344
69.90983581542969
63.254249572753906
71.8395004272461
67.52079772949219
66.03556823730469
70.74812316894531
71.48261260986328
76.26412200927734
90.24958801269531
42.68961715698242
56.34696960449219
58.99164581298828
86.47811889648438
61.999507904052734
71.43367004394531
93.01619720458984
69.83184814453125
90.39746856689453
63.64949417114258
47.49882125854492
76.89007568359375
61.264774322509766
83.35407257080078
90.75068664550781
70.80261993408203
70.67408752441406
82.29519653320312
52.57963943481445
67.25080108642578
57.064353942871094
62.966224670410156
64.55854034423828
46.38389205932617
58.87446975708008
83.6745376586914
88.26013946533203
77.18717193603516
59.890541076660156
88.94717407226562
70.82377624511719
78.48716735839844
73.65613555908203
24.783506393432617
68.21406555175781
48.15922927856445
95.50038146972656
60.057254791259766
78.56554412841797
63.949337005615234
54.115745544433594
115.29059600830078
55.665679931640625
52.399898529052734
85.59358215332031
100.41870880126953
89.16468048095703
78.32144927978516
38.805137634277344
62.37553787231445
74.08490753173828
64.41098022460938
54.95173263549805
71.4350357055664
75.07300567626953
53.650997161865234
73.24762725830078
67.02450561523438
81.29216766357422
88.99949645996094
77.7295150756836
81.47660827636719
79.96098327636719
80.28423309326172
76.20206451416016
59.64423751831055
55.67832946777344
62.04991912841797
65.10540008544922
86.22298431396484
79.35610961914062
61.711326599121094
56.559452056884766
57.313987731933594
74.87603759765625
59.278038024902344
105.52708435058594
52.09421157836914
59.9999885559082
74.11744689941406
45.30538558959961
82.70219421386719
53.10019302368164
72.2356948852539
61.958839416503906
61.4751091003418
66.7257308959961
84.72452545166016
74.09370422363281
60.33859634399414
98.37989044189453
96.24833679199219
87.72470092773438
56.53720474243164
82.86817932128906
65.17486572265625
62.51150131225586
60.24488830566406
86.47720336914062
67.90760803222656
71.24549102783203
53.93567657470703
51.068443298339844
72.72421264648438
74.8779296875
87.61833190917969
71.40765380859375
55.67634582519531
61.21549987792969
52.328495025634766
60.22216796875
106.9085693359375
64.34453582763672
56.64518356323242
73.02136993408203
74.46282958984375
112.75889587402344
69.50091552734375
39.512577056884766
79.01509857177734
65.76470947265625
59.90478515625
59.016868591308594
39.992637634277344
60.87297058105469
59.74121856689453
60.042110443115234
78.25801086425781
50.460758209228516
64.86608123779297
50.7966423034668
77.93769073486328
80.94202423095703
63.098663330078125
40.423099517822266
52.5832633972168
50.455718994140625
63.45664596557617
61.75625991821289
69.5029525756836
82.92936706542969
56.795204162597656
36.21137237548828
66.0157241821289
108.01654815673828
114.48656463623047
60.799747467041016
52.50721740722656
98.07095336914062
59.39686965942383
75.97879028320312
80.95117950439453
44.46043014526367
85.06765747070312
100.81702423095703
73.23307037353516
60.080535888671875
58.761146545410156
72.30619812011719
54.31248092651367
64.1747055053711
62.47804641723633
75.6695556640625
36.224891662597656
70.09290313720703
53.71379089355469
64.77706146240234
36.60763931274414
50.404109954833984
99.1833724975586
55.71531677246094
66.18192291259766
68.3497314453125
74.66059875488281
133.8663787841797
103.89180755615234
86.11833953857422
56.66096878051758
37.72180938720703
89.58314514160156
52.20347213745117
76.97898864746094
75.57109069824219
65.32791137695312
84.96178436279297
36.77973937988281
81.38907623291016
87.30763244628906
47.40153884887695
93.56771850585938
43.52192687988281
55.209598541259766
86.3994140625
62.83498764038086
54.80455017089844
60.87174987792969
61.18785095214844
59.0379753112793
78.36116027832031
30.800453186035156
60.82716751098633
77.1216812133789
83.06465911865234
69.03862762451172
80.37271118164062
44.17750930786133
99.80844116210938
42.183536529541016
49.369083404541016
40.16593933105469
39.00607681274414
75.0658950805664
74.36019134521484
94.36488342285156
47.07493591308594
93.8012924194336
29.67470932006836
77.49623107910156
68.45429229736328
60.47646713256836
76.92851257324219
98.66636657714844
93.56796264648438
87.28315734863281
93.59139251708984
43.543365478515625
111.05862426757812
44.675052642822266
88.50847625732422
79.24547576904297
66.81748962402344
46.17030334472656
70.25820922851562
58.868629455566406
71.45536804199219
58.290771484375
85.17855834960938
101.3511734008789
89.76868438720703
99.1749496459961
56.46345138549805
96.1511001586914
57.788719177246094
81.02840423583984
55.54496765136719
55.65571975708008
71.62846374511719
92.98321533203125
68.64266967773438
57.13090133666992
117.85261535644531
68.67254638671875
70.42752075195312
96.27953338623047
73.64546203613281
79.23030090332031
98.8763198852539
84.009521484375
60.16715621948242
62.944602966308594
49.957820892333984
81.87205505371094
89.003173828125
85.91349792480469
76.75093841552734
76.79907989501953
65.66453552246094
68.44056701660156
42.704219818115234
31.130447387695312
53.85087203979492
112.39617156982422
98.17871856689453
116.92334747314453
57.33367919921875
41.761451721191406
65.68368530273438
87.3171615600586
29.45777702331543
87.80777740478516
58.7728385925293
86.20320892333984
61.227806091308594
67.17377471923828
61.17709732055664
55.85247039794922
88.58232116699219
71.91612243652344
65.82449340820312
79.9805908203125
81.5371322631836
62.404205322265625
51.62024688720703
61.93509292602539
71.25025939941406
90.22904205322266
70.51780700683594
77.29581451416016
48.2415885925293
77.38381958007812
61.93548583984375
62.13594436645508
57.17109298706055
105.35791778564453
72.97576904296875
44.196842193603516
59.18646240234375
75.92405700683594
46.7313346862793
67.34305572509766
51.03134536743164
47.39339065551758
71.90692901611328
50.4109001159668
76.18160247802734
99.77288055419922
79.21064758300781
108.42761993408203
76.0335693359375
88.81966400146484
47.436073303222656
64.94934844970703
67.83382415771484
129.11790466308594
62.48097610473633
71.28343200683594
90.61398315429688
60.56489944458008
85.00663757324219
39.93840026855469
77.49263000488281
72.18727111816406
72.63573455810547
81.76760864257812
49.84168243408203
69.06661987304688
54.89525604248047
52.4088249206543
91.71813201904297
87.7489242553711
86.09175109863281
104.42138671875
63.961917877197266
54.215576171875
64.13553619384766
86.56848907470703
84.43025207519531
48.7740592956543
80.32209014892578
6.614452838897705
48.732704162597656
72.49909210205078
50.940006256103516
69.60062408447266
99.82122039794922
70.77911376953125
84.83955383300781
58.63622283935547
50.74727249145508
82.83944702148438
78.87548828125
57.65861129760742
100.77513122558594
71.48805236816406
79.92251586914062
71.66645812988281
74.030517578125
58.19412612915039
26.276254653930664
51.30007553100586
75.36640167236328
127.69461822509766
63.19009017944336
84.51690673828125
33.573150634765625
109.56983184814453
54.63459396362305
57.362159729003906
90.03289031982422
94.03008270263672
49.4249153137207
93.06229400634766
96.45768737792969
75.6966781616211
68.86810302734375
42.117889404296875
62.874229431152344
98.00625610351562
101.29381561279297
125.83826446533203
71.4307861328125
93.28275299072266
79.69908905029297
91.18041229248047
86.99609375
58.913482666015625
106.59552001953125
94.24679565429688
64.64215087890625
11.673516273498535
40.48133850097656
84.88612365722656
98.39277648925781
79.95895385742188
80.38141632080078
77.0254135131836
59.19462203979492
63.61827850341797
83.32283020019531
73.11109924316406
38.76478576660156
86.01753997802734
64.31881713867188
91.790283203125
45.072723388671875
67.88128662109375
27.352981567382812
52.21036911010742
67.3485336303711
18.867176055908203
81.3641586303711
88.24616241455078
83.90575408935547
47.559391021728516
53.72087478637695
65.50196075439453
96.11849212646484
65.68900299072266
45.03883361816406
76.0753173828125
59.56200408935547
99.68247985839844
50.430076599121094
