74.63607788085938
57.84793472290039
89.92046356201172
62.146724700927734
71.28702545166016
40.05685806274414
43.543025970458984
37.88719177246094
80.57661437988281
60.73613357543945
10.844558715820312
54.60184097290039
74.32099914550781
29.766185760498047
49.776851654052734
92.54059600830078
34.538509368896484
48.34428787231445
54.949058532714844
48.343231201171875
77.1348876953125
39.697235107421875
84.69622039794922
30.780941009521484
53.04376983642578
93.50198364257812
52.854427337646484
67.58966064453125
65.62857055664062
59.34662628173828
59.13890838623047
42.21015167236328
68.38443756103516
63.12294387817383
50.124576568603516
88.59810638427734
65.66223907470703
67.30352020263672
69.84757232666016
86.12152862548828
50.14063262939453
44.590267181396484
110.26631164550781
64.98348236083984
51.08134078979492
34.27790832519531
52.933597564697266
56.19120788574219
62.6767578125
76.36601257324219
44.19502639770508
44.23887252807617
68.20365142822266
47.77363204956055
55.0208740234375
55.132110595703125
48.46862030029297
60.3698616027832
76.04171752929688
72.53413391113281
53.60178756713867
45.31546401977539
68.91291809082031
61.90613555908203
63.92792510986328
36.98300552368164
43.624481201171875
77.52801513671875
107.43731689453125
54.70986557006836
63.4724235534668
36.91288375854492
78.99015045166016
68.7353744506836
42.98493194580078
44.591339111328125
33.47452926635742
72.87361145019531
56.12308120727539
60.09821701049805
72.5606460571289
52.98050308227539
61.12744140625
73.70630645751953
14.661539077758789
45.153343200683594
55.401702880859375
58.01777648925781
83.0481948852539
43.42110061645508
66.75495910644531
48.78728485107422
65.30854034423828
72.04945373535156
34.63964080810547
40.537384033203125
43.30339813232422
74.53784942626953
43.24314880371094
49.75727462768555
46.03214645385742
71.07066345214844
66.93307495117188
55.410465240478516
49.198184967041016
79.23505401611328
73.04625701904297
58.21579360961914
36.21410369873047
70.08975219726562
34.35533142089844
30.731779098510742
95.5567626953125
63.053138732910156
85.24370574951172
45.96976089477539
48.73063278198242
59.86700439453125
85.06990051269531
77.60489654541016
53.19695281982422
37.85557174682617
40.97503662109375
25.213735580444336
52.98728942871094
41.294097900390625
56.36870574951172
43.79450225830078
61.13847732543945
90.54484558105469
71.4294204711914
55.450721740722656
70.3218002319336
83.86769104003906
67.38204956054688
51.5944709777832
48.56514358520508
67.56475067138672
44.84859848022461
55.1196403503418
60.230552673339844
58.8204460144043
92.47323608398438
52.27751922607422
44.1206169128418
73.0865707397461
63.31281280517578
71.3642578125
69.92820739746094
46.281097412109375
67.63176727294922
51.74737548828125
68.27893829345703
48.24260330200195
63.65139389038086
68.55947875976562
46.57558059692383
68.76892852783203
20.95063018798828
47.97105407714844
67.69747924804688
59.185001373291016
70.00286102294922
67.83648681640625
94.84095001220703
93.2371826171875
41.241111755371094
67.07288360595703
58.633392333984375
58.35116958618164
58.476295471191406
65.3690414428711
71.20072937011719
72.76830291748047
12.21346378326416
42.46025466918945
93.87967681884766
34.32928466796875
60.25777816772461
60.18358612060547
33.12093734741211
53.759273529052734
59.58829879760742
55.15846252441406
74.58131408691406
93.9538803100586
56.36099624633789
53.50345230102539
26.6805362701416
69.5922622680664
90.30330657958984
46.23432540893555
93.84769439697266
58.047237396240234
50.71076202392578
66.92526245117188
78.65265655517578
85.0018081665039
41.012046813964844
38.32334899902344
62.5352668762207
86.35237884521484
72.87752532958984
66.96134948730469
62.77840042114258
47.262569427490234
44.83041000366211
53.76294708251953
51.92356491088867
41.4490966796875
84.23812866210938
33.218143463134766
71.64112854003906
42.63478088378906
53.212547302246094
44.93008041381836
50.55241775512695
55.42507553100586
42.61317825317383
86.50102233886719
95.91165924072266
11.25178050994873
62.41011428833008
48.75133514404297
66.35833740234375
66.49286651611328
40.25709533691406
45.12305450439453
49.08615493774414
48.17648696899414
43.97507858276367
62.176151275634766
28.35301971435547
58.46918869018555
63.265228271484375
86.10115051269531
69.67293548583984
43.150245666503906
44.46394729614258
49.56105041503906
58.098594665527344
54.25615692138672
69.55745697021484
47.41284942626953
75.16508483886719
47.57586669921875
73.1163558959961
71.75353240966797
73.9149398803711
38.44707489013672
75.33116149902344
45.09283447265625
76.4878158569336
61.55493927001953
58.78913116455078
62.44501876831055
56.29238510131836
76.15836334228516
89.65462493896484
77.49187469482422
116.78327941894531
74.18740844726562
72.5091323852539
42.565330505371094
52.66914367675781
54.29363250732422
79.86823272705078
82.18148803710938
65.86922454833984
42.335731506347656
76.95368194580078
25.209932327270508
48.1375617980957
86.83414459228516
40.81547164916992
28.83393096923828
86.90869140625
49.56824493408203
71.11296081542969
92.7582778930664
47.363555908203125
98.76222229003906
76.23377227783203
79.62077331542969
77.65216064453125
56.100868225097656
6.756470680236816
73.47859191894531
37.25074005126953
46.210304260253906
65.89205932617188
75.62869262695312
56.76151657104492
80.43926239013672
53.80134582519531
49.407859802246094
57.77246856689453
71.20852661132812
60.903358459472656
42.77122116088867
64.19586944580078
59.10673141479492
73.43043518066406
33.609439849853516
40.168701171875
64.16876983642578
65.17755126953125
83.22663116455078
51.63285446166992
70.76968383789062
35.90492630004883
59.44631576538086
58.47396469116211
50.944705963134766
71.75431060791016
66.9856948852539
65.00586700439453
78.64849090576172
64.8775405883789
66.31086730957031
70.08308410644531
48.318077087402344
57.78467559814453
53.858280181884766
79.70114135742188
62.45987319946289
67.28193664550781
60.66648483276367
37.35558319091797
57.91410827636719
72.34534454345703
62.950164794921875
57.1045036315918
51.84357452392578
89.71831512451172
37.402706146240234
85.42585754394531
56.75898361206055
24.0296630859375
63.10591125488281
74.87284851074219
72.64290618896484
84.4861068725586
92.5538558959961
77.56340026855469
80.71517944335938
90.9963150024414
90.0072021484375
58.49897384643555
55.03193283081055
88.13198852539062
66.04539489746094
100.53895568847656
58.541786193847656
61.82851028442383
70.8294906616211
68.69510650634766
44.36599349975586
73.65843200683594
39.4005241394043
48.0981330871582
64.94085693359375
61.34735107421875
75.93096160888672
59.433990478515625
74.13166809082031
77.25218200683594
66.58330535888672
54.10862350463867
75.82923889160156
54.319828033447266
46.32816696166992
82.26215362548828
36.0376091003418
60.41988754272461
69.49311828613281
68.36853790283203
78.67266845703125
65.33993530273438
57.002601623535156
48.19462203979492
32.374691009521484
68.9236831665039
50.63450241088867
81.97759246826172
82.9168472290039
66.31182861328125
72.16513061523438
65.53823852539062
95.8787841796875
94.38338470458984
60.04402542114258
67.18743896484375
85.82988739013672
76.36186981201172
41.923274993896484
47.96921920776367
69.97728729248047
74.9841537475586
73.29318237304688
77.95330047607422
71.22135162353516
70.00564575195312
58.9473762512207
65.17264556884766
25.79586410522461
59.84445571899414
71.63274383544922
73.6105728149414
37.276695251464844
85.1593017578125
38.72852325439453
59.040931701660156
50.8403434753418
79.44001770019531
62.02897644042969
76.25791931152344
68.11979675292969
54.40628433227539
30.08224868774414
68.13827514648438
40.34355163574219
28.41850471496582
41.26498794555664
77.64603424072266
57.43953323364258
57.832313537597656
75.8574447631836
86.44158172607422
57.45133972167969
44.70284652709961
70.33479309082031
37.06850814819336
54.809017181396484
91.32166290283203
58.258750915527344
54.15789794921875
59.61661911010742
47.034446716308594
71.18618774414062
59.784934997558594
63.07149124145508
55.02934646606445
70.2299575805664
50.9856071472168
47.617130279541016
73.86371612548828
76.43205261230469
40.677207946777344
48.90977096557617
92.72737884521484
50.21616744995117
86.14091491699219
38.314414978027344
80.5630874633789
52.18330383300781
70.35604858398438
103.19141387939453
83.81189727783203
45.765926361083984
46.70792770385742
54.21190643310547
39.961647033691406
30.878055572509766
64.39515686035156
76.27735137939453
73.159423828125
86.95848083496094
34.365631103515625
42.21303939819336
47.79262161254883
23.645938873291016
60.37077713012695
91.7789535522461
45.903602600097656
77.20925903320312
55.65856170654297
54.0089225769043
67.42316436767578
55.84112548828125
76.5916976928711
50.16428756713867
55.374996185302734
50.76874923706055
92.28950500488281
40.937374114990234
28.547319412231445
42.67447280883789
51.13212966918945
40.59279251098633
68.96297454833984
59.29548263549805
86.19132995605469
82.12637329101562
60.77736282348633
74.7905044555664
71.264404296875
62.68586730957031
32.20320129394531
45.77680969238281
75.17839050292969
47.17860412597656
57.77901077270508
56.88627624511719
36.11648941040039
34.108516693115234
57.27853012084961
57.99932098388672
67.05659484863281
59.77427291870117
33.71354293823242
85.04740142822266
53.95686340332031
56.14851760864258
62.099693298339844
54.586936950683594
57.762245178222656
49.341041564941406
90.55743408203125
59.12710189819336
37.36335372924805
39.26166534423828
24.7867431640625
68.6419448852539
51.53745651245117
91.09446716308594
53.033203125
54.76637268066406
78.03101348876953
63.2999153137207
52.25695037841797
62.14036178588867
66.99134826660156
77.99519348144531
93.0203628540039
68.66034698486328
55.20667266845703
57.905731201171875
54.62052536010742
72.7488021850586
120.2101821899414
24.48408317565918
34.409542083740234
66.49809265136719
60.05477523803711
58.893836975097656
42.485504150390625
67.7982177734375
49.82038497924805
50.86105728149414
58.71414566040039
36.58287048339844
72.21379852294922
47.35753631591797
64.55390167236328
58.41212844848633
54.21515655517578
52.10506820678711
67.33092498779297
28.863985061645508
66.44796752929688
57.500648498535156
85.942626953125
65.92677307128906
48.0628776550293
61.82450866699219
23.26419448852539
75.62090301513672
106.84207916259766
64.67688751220703
58.59210968017578
62.119197845458984
50.556888580322266
50.99259948730469
54.74953079223633
45.108612060546875
87.44554138183594
45.060428619384766
67.01947784423828
49.481468200683594
54.654754638671875
76.88380432128906
45.84159851074219
55.026432037353516
70.67728424072266
83.0518798828125
83.41261291503906
61.97956466674805
28.78870391845703
41.90375900268555
65.01152038574219
55.15214157104492
57.37442398071289
78.41448974609375
92.23242950439453
56.02512741088867
37.3674201965332
25.472074508666992
71.90508270263672
58.18907928466797
79.539794921875
34.50212478637695
58.245033264160156
96.03892517089844
67.34300994873047
71.90634155273438
57.069271087646484
49.70758056640625
60.98954391479492
49.48350143432617
33.72922134399414
81.86026763916016
49.486351013183594
50.26738739013672
54.6114501953125
89.02564239501953
61.85667037963867
65.7360610961914
44.43018341064453
54.093360900878906
53.662940979003906
87.39109802246094
71.71656799316406
47.25481033325195
75.5594482421875
32.94947814941406
65.62846374511719
51.97320556640625
86.4071044921875
88.47733306884766
44.286136627197266
54.88267135620117
75.89314270019531
55.11514663696289
49.622615814208984
44.28500747680664
23.240880966186523
63.29231262207031
65.93408966064453
24.445480346679688
76.46498107910156
63.82390213012695
46.1763801574707
16.863866806030273
71.39224243164062
53.64633560180664
47.10994338989258
62.56961441040039
47.323482513427734
37.63677215576172
31.99197006225586
96.87445068359375
46.251407623291016
43.81612014770508
71.33362579345703
80.00550842285156
50.88771057128906
86.87806701660156
83.91287231445312
54.9704704284668
52.98622131347656
50.88790512084961
55.08930206298828
78.30763244628906
39.07316207885742
84.08000946044922
67.52493286132812
37.67603302001953
91.85633850097656
76.77249145507812
38.80488204956055
73.4238052368164
15.507085800170898
60.828941345214844
41.37409973144531
64.44488525390625
77.59821319580078
31.269866943359375
47.17938232421875
57.697139739990234
46.469783782958984
64.77784729003906
62.840431213378906
68.5525894165039
70.64728546142578
50.43707275390625
41.02113342285156
48.068477630615234
69.00703430175781
33.612483978271484
60.171485900878906
43.229881286621094
68.86332702636719
40.0302734375
80.50877380371094
53.18547821044922
55.94517517089844
47.362300872802734
36.20615005493164
35.99793243408203
47.5764274597168
38.248809814453125
94.19241333007812
77.84954071044922
68.14422607421875
64.7121810913086
48.24012756347656
71.85081481933594
73.56065368652344
44.73529052734375
61.79798889160156
31.737167358398438
53.514183044433594
63.79791259765625
69.96165466308594
67.03596496582031
78.95661926269531
57.393131256103516
66.1600341796875
75.75718688964844
67.4354248046875
64.25593566894531
58.581329345703125
66.07429504394531
83.54239654541016
45.78116989135742
40.895694732666016
108.31160736083984
52.54237747192383
64.15279388427734
59.16328048706055
27.341707229614258
41.21105194091797
73.7735824584961
58.023929595947266
86.33248138427734
57.38969039916992
50.94687271118164
65.45123291015625
65.95635986328125
71.30390167236328
27.016538619995117
51.67580795288086
33.924015045166016
69.32867431640625
54.815452575683594
66.11466979980469
99.24268341064453
40.509761810302734
54.80513381958008
49.97288513183594
65.80320739746094
51.59538650512695
81.60335540771484
80.43966674804688
81.00559997558594
38.31605911254883
89.10951232910156
53.17802047729492
54.432037353515625
30.039133071899414
63.59069061279297
41.16257858276367
54.81086349487305
72.50035858154297
52.53733444213867
63.90030288696289
80.72398376464844
65.74063873291016
34.67087936401367
51.19595718383789
81.97792053222656
42.55147933959961
83.91250610351562
56.53019714355469
51.999813079833984
82.55707550048828
52.88627624511719
91.15311431884766
61.42818069458008
45.73676681518555
58.536277770996094
79.4030532836914
50.210391998291016
60.36737060546875
72.17192840576172
54.859092712402344
27.741695404052734
18.290220260620117
76.11095428466797
61.20701599121094
55.35835647583008
92.23033142089844
80.82115936279297
12.163389205932617
49.601966857910156
57.350502014160156
54.89564514160156
49.94480514526367
58.71624755859375
66.47846221923828
70.49896240234375
55.70231246948242
48.77067947387695
27.048473358154297
58.17750930786133
81.15138244628906
62.45224380493164
74.2400894165039
59.09874725341797
64.24134063720703
119.04441833496094
43.914886474609375
67.69581604003906
61.463687896728516
72.57735443115234
73.26136779785156
74.77091979980469
48.6896858215332
64.53297424316406
61.950992584228516
51.373321533203125
93.0189208984375
79.87252807617188
57.88788604736328
84.62216186523438
62.45759963989258
43.71562957763672
67.48180389404297
58.528038024902344
61.14884948730469
62.6444091796875
63.436832427978516
45.77262496948242
53.231407165527344
59.859981536865234
49.94778823852539
27.599332809448242
38.3979606628418
52.32270431518555
69.97309112548828
59.7001838684082
72.34773254394531
42.96255874633789
47.53606033325195
27.21617889404297
60.212608337402344
49.44974899291992
73.2712631225586
82.24617004394531
75.20116424560547
103.69102478027344
51.60032272338867
77.13636779785156
41.701385498046875
52.74925994873047
59.11529541015625
90.1044692993164
49.963260650634766
61.243408203125
62.009796142578125
69.63105773925781
41.675018310546875
77.17741394042969
82.13468933105469
37.033050537109375
84.26451873779297
37.40385055541992
76.03617095947266
61.264305114746094
49.335018157958984
56.574214935302734
54.97049331665039
44.34445571899414
58.72771072387695
74.13416290283203
55.566925048828125
62.198917388916016
57.99182891845703
66.21366882324219
47.74317169189453
43.861328125
52.854740142822266
43.307106018066406
54.426055908203125
29.29636573791504
86.28706359863281
34.68412780761719
53.8820686340332
60.746517181396484
49.35850143432617
84.05402374267578
62.66862869262695
39.63048553466797
72.83749389648438
33.32188034057617
49.862464904785156
58.07297134399414
49.12794876098633
75.5768051147461
86.6761703491211
57.67874526977539
53.97148132324219
35.44489288330078
53.933799743652344
36.15433120727539
67.5067138671875
52.89870834350586
67.2993392944336
72.5367660522461
63.09429168701172
22.7866268157959
20.675294876098633
89.40029907226562
78.2802734375
55.5316047668457
65.50318145751953
54.71449661254883
48.47816848754883
52.58980941772461
39.62602996826172
86.17305755615234
63.472618103027344
67.73084259033203
43.11125183105469
64.64653015136719
59.12126159667969
55.269805908203125
74.0289535522461
46.47419738769531
82.53742980957031
52.60081100463867
78.41415405273438
75.24964904785156
40.62897872924805
67.6764907836914
28.03152084350586
64.10802459716797
68.16435241699219
31.37803840637207
89.74457550048828
65.46925354003906
57.95830535888672
41.46038818359375
44.88423156738281
67.36105346679688
56.189300537109375
63.06982421875
52.772552490234375
60.906497955322266
40.62939453125
97.88860321044922
45.35669708251953
73.72427368164062
83.2322769165039
78.40623474121094
60.46316909790039
38.21355056762695
62.776004791259766
36.653297424316406
87.6254653930664
112.3117446899414
96.43655395507812
83.26206970214844
44.385398864746094
30.90867805480957
28.035451889038086
75.31298828125
83.70654296875
101.65328979492188
57.58692169189453
91.70176696777344
39.40918731689453
49.50663375854492
61.99085998535156
62.83073806762695
63.9439811706543
37.12995910644531
33.37767028808594
73.980224609375
35.6681022644043
53.39915466308594
66.708740234375
40.378807067871094
55.870994567871094
14.645896911621094
39.057559967041016
92.24292755126953
84.9784927368164
71.77883911132812
65.80404663085938
61.02874755859375
115.59416198730469
58.597450256347656
70.4177474975586
93.94886779785156
44.19557571411133
17.535341262817383
66.68730163574219
48.85056686401367
45.37173080444336
56.412513732910156
52.279483795166016
41.39687728881836
41.848411560058594
55.411399841308594
55.42275619506836
66.80552673339844
39.327789306640625
57.45170593261719
71.08775329589844
60.541015625
53.84932327270508
91.01900482177734
85.37492370605469
47.26777648925781
41.21152877807617
70.45248413085938
67.28323364257812
84.01811218261719
38.74972915649414
52.14411163330078
62.06550979614258
48.117488861083984
50.30270004272461
61.491302490234375
76.0356674194336
52.56378936767578
65.03679656982422
27.44568634033203
63.8094367980957
44.65482711791992
38.95560073852539
39.321903228759766
49.15252685546875
79.35235595703125
80.92222595214844
63.748783111572266
72.70378875732422
43.74835968017578
52.97896194458008
80.36630249023438
88.9569320678711
63.102088928222656
60.58024597167969
54.16841125488281
54.71807861328125
96.73755645751953
81.2825927734375
36.15281677246094
55.271339416503906
84.1865234375
49.64327621459961
66.59729766845703
87.20945739746094
47.03155517578125
39.436912536621094
40.63631820678711
53.1194953918457
64.188720703125
63.3070068359375
70.65799713134766
34.989471435546875
54.63833236694336
72.92130279541016
54.226806640625
72.1822509765625
38.952396392822266
96.62576293945312
80.55329895019531
56.26475143432617
73.20565032958984
62.438446044921875
34.76082229614258
79.22982788085938
45.10899353027344
65.3311996459961
54.92362976074219
30.155899047851562
49.69200897216797
72.33793640136719
44.68265151977539
74.50862884521484
53.929542541503906
25.033308029174805
77.98988342285156
34.430877685546875
47.33229446411133
68.74161529541016
65.365234375
75.80699920654297
63.35234832763672
65.84735870361328
64.56986999511719
26.844865798950195
67.02210235595703
50.478031158447266
52.04208755493164
44.385169982910156
53.69804000854492
54.650203704833984
69.39363861083984
40.16048812866211
77.49116516113281
64.3098373413086
96.5360336303711
61.37900924682617
98.74942779541016
44.183677673339844
36.70453643798828
47.1773796081543
48.976600646972656
73.13751983642578
52.04836654663086
46.347808837890625
80.9935073852539
81.82465362548828
52.48456573486328
61.35719680786133
30.787126541137695
92.2635269165039
67.76322937011719
42.77324676513672
58.176116943359375
50.23666763305664
43.43609619140625
59.72169876098633
79.73363494873047
23.658708572387695
53.50945281982422
79.44127655029297
39.37498092651367
51.83787536621094
78.85983276367188
38.925025939941406
91.69390869140625
75.20977783203125
46.379493713378906
31.867523193359375
91.8720474243164
67.51541137695312
70.21586608886719
45.721675872802734
81.54608154296875
87.46167755126953
72.79219818115234
31.384859085083008
81.84342956542969
35.49406433105469
56.93829345703125
68.31507873535156
46.562076568603516
57.25336456298828
56.875640869140625
60.19674301147461
74.19745635986328
64.58723449707031
58.90566635131836
50.67387771606445
48.69496154785156
54.270042419433594
76.59754943847656
39.6607780456543
38.154117584228516
71.70667266845703
52.475990295410156
58.714996337890625
55.255828857421875
31.14723777770996
77.12910461425781
40.62572479248047
37.38843536376953
57.408756256103516
57.223388671875
39.635005950927734
38.02033233642578
72.07978820800781
66.80394744873047
46.86378479003906
63.772438049316406
68.21957397460938
65.81795501708984
79.89384460449219
66.90721893310547
103.26712799072266
79.076171875
80.38339233398438
80.34414672851562
73.24629974365234
70.83164978027344
67.11315155029297
55.51432418823242
81.70235443115234
65.36235046386719
40.6112174987793
62.92995834350586
66.79237365722656
68.32032012939453
54.84537887573242
44.660743713378906
58.395774841308594
71.75533294677734
49.20005416870117
119.73529052734375
25.83615493774414
34.10697937011719
62.64071273803711
79.65299987792969
29.632797241210938
47.23359680175781
47.55645751953125
65.73322296142578
50.43973922729492
73.5848159790039
71.3898696899414
83.19403076171875
86.7953872680664
79.43099975585938
70.20650482177734
67.53462219238281
22.77387809753418
55.481815338134766
65.05664825439453
51.352046966552734
49.86893844604492
72.79906463623047
41.80562973022461
44.07533264160156
38.54977798461914
79.57059478759766
65.92408752441406
61.35288619995117
50.91184616088867
41.938499450683594
54.599639892578125
47.32001876831055
56.22574996948242
50.53470993041992
94.6761703491211
60.16295623779297
61.402313232421875
55.50865173339844
88.96245574951172
84.42578125
68.18042755126953
46.95154571533203
37.183502197265625
58.76228332519531
54.70503616333008
89.390869140625
42.57501983642578
78.90654754638672
58.011966705322266
37.0310173034668
56.4697265625
47.10099792480469
72.1420669555664
59.12739944458008
54.99241638183594
96.24870300292969
70.8514633178711
42.20814895629883
62.54240798950195
38.577537536621094
39.81626510620117
70.58506774902344
63.67146301269531
69.19432830810547
49.32807540893555
41.15395736694336
35.53045654296875
55.255218505859375
43.70329284667969
52.559364318847656
45.10230255126953
63.37418746948242
67.2203598022461
49.90974807739258
78.26074981689453
62.36597442626953
77.08659362792969
57.106536865234375
92.79993438720703
42.6156120300293
44.88914489746094
61.059288024902344
65.59981536865234
68.35272216796875
103.4128189086914
87.00450134277344
88.74124908447266
49.90181350708008
51.737796783447266
74.94747924804688
41.77058029174805
84.8694076538086
82.82109832763672
53.413570404052734
41.95640182495117
54.88239669799805
64.72451782226562
82.19232940673828
39.59416580200195
72.25175476074219
61.50998306274414
85.99927520751953
56.89509582519531
67.87350463867188
76.76626586914062
61.70109176635742
51.160396575927734
67.36161804199219
61.02492141723633
56.939144134521484
35.927528381347656
75.05426025390625
65.00438690185547
84.3548583984375
51.54402160644531
71.34452056884766
73.80928039550781
59.88610076904297
30.621828079223633
57.827125549316406
16.404436111450195
69.47633361816406
61.067405700683594
50.15969467163086
70.37926483154297
85.44647979736328
52.829368591308594
53.7142333984375
57.42020034790039
45.55305480957031
64.86279296875
81.69422912597656
36.89783477783203
66.91169738769531
55.86091613769531
46.3713493347168
58.74043655395508
87.49736785888672
83.98497772216797
43.846527099609375
73.05997467041016
61.67680358886719
34.41792297363281
51.64601516723633
72.87387084960938
46.4028434753418
57.77470397949219
45.32941818237305
63.35163497924805
52.18903350830078
65.91931915283203
22.325307846069336
49.3143424987793
33.51327133178711
52.12723159790039
48.41678237915039
62.69694137573242
68.28852844238281
56.76932907104492
67.48543548583984
61.947383880615234
53.78997039794922
70.45625305175781
40.806461334228516
70.689697265625
69.0992431640625
67.48677062988281
39.422550201416016
62.63715362548828
43.670616149902344
61.89536666870117
76.03401184082031
48.08666229248047
63.569610595703125
39.92060470581055
99.30205535888672
45.43654251098633
34.55210876464844
29.89213752746582
46.89571762084961
56.753604888916016
57.09470748901367
65.3302001953125
44.070228576660156
58.48155975341797
32.45265197753906
36.50505065917969
31.684940338134766
53.865753173828125
56.96025848388672
57.63604736328125
22.833602905273438
73.55055236816406
73.22386932373047
20.412742614746094
56.80917739868164
66.8974838256836
66.90641784667969
37.98878860473633
70.73590087890625
77.09361267089844
79.8053207397461
40.334510803222656
62.587928771972656
68.88188934326172
61.07594299316406
53.8652458190918
35.08334732055664
34.94285583496094
41.11301803588867
73.66622161865234
60.32966232299805
57.06361389160156
37.33154296875
40.66215515136719
32.33586502075195
66.20055389404297
70.81668090820312
76.27918243408203
48.69367599487305
54.19838333129883
59.56155776977539
77.5451431274414
58.38271713256836
73.8718490600586
46.93647766113281
26.212644577026367
64.50984191894531
67.09634399414062
42.09841537475586
77.50369262695312
73.83712005615234
58.12626266479492
77.51670837402344
66.82372283935547
84.45018768310547
44.50912094116211
62.710975646972656
45.844295501708984
74.96068572998047
102.65087890625
55.63082504272461
38.83732604980469
24.02836036682129
57.47206115722656
87.19142150878906
66.48653411865234
48.153987884521484
69.41456604003906
74.69815063476562
54.71142578125
57.84059143066406
57.25626754760742
69.84654998779297
58.07241439819336
64.11430358886719
73.47657012939453
54.46098327636719
48.543338775634766
67.20484924316406
38.59553909301758
63.942893981933594
35.86392593383789
41.92953109741211
80.72794342041016
73.0673828125
68.52406311035156
57.61354446411133
16.91899299621582
84.02088165283203
77.30988311767578
46.336917877197266
90.20167541503906
59.56367874145508
77.76243591308594
54.76996612548828
57.287254333496094
53.180091857910156
26.866884231567383
73.60818481445312
80.75931549072266
38.08247756958008
63.882083892822266
71.5448989868164
58.99625015258789
61.6674919128418
58.40822982788086
99.8814468383789
56.30674362182617
58.30390930175781
35.57010269165039
36.254737854003906
69.72889709472656
122.64705657958984
49.59772491455078
56.62045669555664
77.69881439208984
63.45502471923828
61.35654830932617
66.64640808105469
56.99480438232422
49.129486083984375
68.32833862304688
39.00457763671875
35.026336669921875
66.7255859375
67.61571502685547
47.06538009643555
61.87038040161133
43.24357223510742
62.936058044433594
70.38822937011719
88.34822082519531
88.77628326416016
35.348941802978516
48.73204803466797
63.31953048706055
67.94093322753906
98.37952423095703
81.06082153320312
46.788169860839844
71.14324951171875
54.37425231933594
20.690547943115234
40.0526123046875
32.233131408691406
46.116615295410156
75.7726821899414
73.03949737548828
73.0481948852539
58.182655334472656
65.8994369506836
59.7342414855957
40.36714553833008
67.87615966796875
63.79341125488281
61.00061798095703
65.77709197998047
81.47550201416016
57.771846771240234
51.189064025878906
53.71114730834961
57.220577239990234
90.07124328613281
59.64720153808594
38.97261047363281
43.23287582397461
66.57611083984375
48.526023864746094
73.59327697753906
65.06340026855469
70.90382385253906
51.85487365722656
59.06594467163086
52.03858184814453
51.16292953491211
64.52336120605469
28.389495849609375
68.29686737060547
83.87883758544922
75.45134735107422
36.21419143676758
37.53636932373047
48.946651458740234
86.45294189453125
39.53353500366211
89.39408874511719
84.42578125
43.96957778930664
66.25298309326172
74.10108184814453
77.19877624511719
40.003726959228516
92.97126770019531
28.117643356323242
60.35407638549805
45.59925079345703
70.52592468261719
46.25104904174805
57.80278396606445
46.66250991821289
25.86817169189453
35.59748840332031
25.483314514160156
49.77666473388672
73.67759704589844
69.4057388305664
106.98204803466797
71.37775421142578
50.17599105834961
74.2160415649414
39.814788818359375
77.86973571777344
66.4739990234375
40.43852233886719
66.85507202148438
45.74546432495117
42.6880989074707
44.080352783203125
39.87337875366211
40.694454193115234
17.851322174072266
28.316965103149414
62.56775665283203
56.322017669677734
63.693336486816406
53.64550018310547
77.11896514892578
66.35774230957031
31.1979923248291
67.08241271972656
57.260772705078125
68.09589385986328
61.16176223754883
61.470359802246094
94.75135040283203
43.3407096862793
44.31569290161133
66.8394546508789
70.36414337158203
92.6971664428711
52.22515106201172
48.78499221801758
90.23478698730469
45.500736236572266
45.59465026855469
71.66453552246094
29.993244171142578
86.94050598144531
27.073863983154297
34.68933868408203
50.12470245361328
53.30812454223633
65.96548461914062
55.18330383300781
71.81890869140625
75.35812377929688
58.425872802734375
50.431617736816406
54.917579650878906
76.82695770263672
68.75264739990234
68.98836517333984
62.57170486450195
75.06963348388672
96.81116485595703
67.369384765625
32.707157135009766
69.29818725585938
40.930233001708984
70.66582489013672
47.30348205566406
72.66085815429688
66.05009460449219
56.76203155517578
81.09203338623047
85.37226104736328
62.70232391357422
60.412906646728516
74.46993255615234
69.75230407714844
48.786006927490234
72.76163482666016
75.26080322265625
65.53971099853516
48.67575454711914
22.965412139892578
67.93082427978516
58.37296676635742
62.18696594238281
54.82609939575195
31.556659698486328
53.68948745727539
42.689613342285156
91.83098602294922
62.03346252441406
74.58626556396484
45.203697204589844
53.262447357177734
67.73395538330078
82.1431655883789
56.53220748901367
67.5784912109375
77.68925476074219
64.28562927246094
43.2266845703125
113.77153778076172
80.74849700927734
78.06493377685547
54.958003997802734
41.830047607421875
73.08451843261719
55.228240966796875
60.1075325012207
67.7372055053711
79.12637329101562
64.03034210205078
54.98257827758789
72.36066436767578
50.3920783996582
37.63949966430664
54.218505859375
80.46822357177734
86.98475646972656
70.19182586669922
47.63639831542969
56.01798629760742
77.98084259033203
88.48915100097656
84.16326141357422
41.60211181640625
84.39852142333984
73.59247589111328
75.36290740966797
76.36964416503906
53.9669189453125
40.36456298828125
28.32347297668457
68.76348114013672
34.138126373291016
37.53927993774414
32.969764709472656
71.86709594726562
56.730926513671875
48.655487060546875
64.14861297607422
84.09220886230469
70.75027465820312
20.67621612548828
47.976417541503906
25.210819244384766
73.65826416015625
41.67618179321289
55.69218444824219
44.86506652832031
62.16075897216797
66.65760040283203
54.28559494018555
33.71305465698242
61.502620697021484
52.323673248291016
73.96446990966797
44.90758514404297
69.46340942382812
59.38797378540039
81.9473648071289
49.060176849365234
83.04608917236328
84.54216766357422
75.18455505371094
57.3548698425293
69.59532165527344
43.319114685058594
77.97500610351562
68.30760192871094
51.620750427246094
91.81938934326172
51.809993743896484
40.42147445678711
87.03564453125
49.242652893066406
52.91118621826172
104.17961120605469
59.80548095703125
68.29890441894531
62.2124137878418
40.60765838623047
65.18472290039062
69.48169708251953
52.7608528137207
61.738651275634766
76.40593719482422
62.44438171386719
78.2554702758789
64.669921875
66.20903778076172
53.83969497680664
70.67142486572266
86.42606353759766
26.474105834960938
68.98472595214844
68.79150390625
33.76068115234375
72.66769409179688
40.64787292480469
50.00685501098633
52.09346008300781
81.14994812011719
50.667015075683594
69.0491714477539
71.44799041748047
32.294647216796875
100.33557891845703
52.909549713134766
45.5794677734375
47.05136489868164
82.72721862792969
21.198957443237305
40.25991439819336
81.05493927001953
103.06031036376953
58.63239669799805
23.262969970703125
65.8560791015625
62.03257369995117
74.62335205078125
58.58786392211914
55.48072052001953
37.487247467041016
62.74848175048828
67.46698760986328
58.0173454284668
52.994361877441406
62.03214645385742
51.567596435546875
41.51336669921875
42.69403076171875
53.582645416259766
100.12369537353516
60.4453239440918
55.15995788574219
92.98358154296875
84.23050689697266
70.82071685791016
19.028697967529297
35.740089416503906
69.5567398071289
92.38017272949219
41.56599426269531
112.4220962524414
74.35318756103516
69.72592163085938
54.481441497802734
70.35175323486328
67.09613037109375
84.4599838256836
100.98860168457031
71.20166778564453
51.77589797973633
59.21513366699219
50.38199996948242
65.67879486083984
37.77460861206055
47.33534240722656
50.037391662597656
55.2357063293457
65.2203598022461
37.34149932861328
59.422393798828125
82.96250915527344
70.53864288330078
36.016868591308594
71.00322723388672
72.38275909423828
51.357078552246094
21.61483383178711
49.044490814208984
67.35511779785156
59.55775451660156
47.8761100769043
31.44409942626953
58.03103256225586
59.10904312133789
90.6983871459961
68.91329956054688
64.0877685546875
55.149993896484375
53.46442413330078
75.35026550292969
63.951602935791016
37.95991516113281
70.33758544921875
53.16617965698242
63.20501708984375
41.991180419921875
74.86491394042969
54.37595748901367
48.432960510253906
84.91180419921875
70.28323364257812
107.52368927001953
60.56138229370117
55.52922439575195
90.08687591552734
48.321197509765625
45.97502517700195
89.07148742675781
45.507080078125
41.359012603759766
87.30670928955078
45.740169525146484
42.828067779541016
68.54084777832031
41.52537155151367
50.86921691894531
55.49876022338867
28.475858688354492
87.58419036865234
59.71858215332031
69.00670623779297
61.6886100769043
60.15861511230469
71.95720672607422
65.0172119140625
88.3423080444336
44.97403335571289
36.29429244995117
107.94293212890625
58.56514358520508
75.80229187011719
35.88289260864258
49.911991119384766
97.05029296875
62.15569305419922
55.533329010009766
46.53514099121094
40.74300003051758
28.80228042602539
80.50552368164062
38.666107177734375
57.714229583740234
25.95313835144043
43.90077209472656
66.7509536743164
37.73957443237305
53.89199447631836
64.49507141113281
65.87837982177734
69.8908462524414
72.01309204101562
53.92451477050781
80.15371704101562
32.58271026611328
52.896785736083984
64.00796508789062
60.193206787109375
55.93000793457031
80.76201629638672
35.92976379394531
49.71105194091797
74.15997314453125
83.58678436279297
55.48863983154297
65.99320983886719
56.963966369628906
51.43516540527344
56.012535095214844
42.58110046386719
88.9322738647461
69.14404296875
69.12730407714844
51.743412017822266
38.89472579956055
70.73411560058594
55.18135070800781
63.93667221069336
32.828529357910156
58.825653076171875
42.48533248901367
42.9284782409668
47.225860595703125
78.92549896240234
45.599849700927734
68.92964935302734
98.0711669921875
66.9583969116211
48.18214416503906
54.25594711303711
38.597145080566406
56.2800407409668
56.485198974609375
30.599323272705078
59.13505935668945
75.71453094482422
27.074739456176758
37.79680252075195
67.07879638671875
65.45988464355469
61.63158416748047
69.65415954589844
59.31941223144531
56.969886779785156
65.7396240234375
46.2927360534668
85.07899475097656
74.5062484741211
78.70873260498047
52.833126068115234
47.20811080932617
79.54143524169922
63.342918395996094
77.08026885986328
77.43260192871094
40.04384231567383
42.88361358642578
86.34371948242188
63.4122200012207
73.37124633789062
47.02877426147461
40.585289001464844
54.154239654541016
95.72518157958984
42.080909729003906
56.55439758300781
39.52969741821289
53.787994384765625
75.07181549072266
79.87916564941406
38.17289352416992
88.35869598388672
99.10516357421875
52.82615661621094
75.83081817626953
57.88451385498047
79.03903198242188
65.85423278808594
79.07511901855469
76.55890655517578
52.28109359741211
52.68012237548828
80.30094146728516
71.96257781982422
48.49321746826172
45.395172119140625
61.984519958496094
65.00150299072266
34.011024475097656
30.108366012573242
84.85128784179688
37.97221755981445
58.248146057128906
62.680912017822266
42.13542556762695
75.2037353515625
99.1384048461914
48.238746643066406
56.50871276855469
95.30603790283203
72.27729034423828
70.01869201660156
73.49243927001953
29.996204376220703
68.85301971435547
84.31929016113281
72.07347106933594
57.79003143310547
63.02052307128906
74.31802368164062
85.6208267211914
73.55110931396484
56.40338897705078
54.52103805541992
26.724327087402344
15.626276969909668
72.99832153320312
36.40990447998047
62.32954025268555
43.31774139404297
64.180419921875
75.70832061767578
29.052879333496094
67.31088256835938
35.55265808105469
51.73119354248047
45.216915130615234
74.9830551147461
84.2320785522461
75.9756851196289
82.71111297607422
77.21855926513672
85.85667419433594
65.20448303222656
63.02462387084961
63.508445739746094
70.7266845703125
91.64330291748047
67.00778198242188
93.92137908935547
29.51055335998535
39.030181884765625
48.285011291503906
35.42491912841797
85.90526580810547
52.16340637207031
58.73643112182617
22.78996467590332
49.87584686279297
87.95720672607422
49.42283248901367
68.79830932617188
28.577041625976562
68.14280700683594
36.422080993652344
73.57825469970703
50.27210998535156
51.80073165893555
96.702392578125
81.52740478515625
64.14366912841797
57.87641143798828
57.77531051635742
54.36369705200195
71.49297332763672
70.45423889160156
78.92955780029297
77.07042694091797
37.43793487548828
46.81515121459961
71.72328186035156
36.43758773803711
71.3411865234375
65.51708221435547
72.24763488769531
51.39695739746094
51.890037536621094
41.27499008178711
26.12664031982422
63.68412399291992
33.06186294555664
45.21846389770508
47.3699836730957
53.14626693725586
73.85073852539062
38.006072998046875
69.1429214477539
49.821449279785156
67.5540771484375
51.13185119628906
53.294837951660156
37.986656188964844
97.04473114013672
54.468719482421875
78.65110778808594
48.85115432739258
103.20484161376953
63.8455696105957
78.22944641113281
52.58393478393555
70.71038055419922
28.838956832885742
60.46260452270508
49.7668342590332
59.35151672363281
60.69008255004883
53.490665435791016
59.86302185058594
53.6119270324707
61.947166442871094
40.1154670715332
26.973575592041016
84.4021224975586
71.29590606689453
59.23898696899414
45.81582260131836
74.77763366699219
67.4713134765625
38.6859130859375
65.26880645751953
53.06501007080078
63.7497444152832
39.91225814819336
68.0672836303711
63.94807815551758
39.260284423828125
94.88043212890625
42.32656478881836
50.48728561401367
66.560791015625
74.60863494873047
3.8163092136383057
64.69950103759766
75.0054702758789
77.38507080078125
41.27341079711914
55.79899978637695
38.00187683105469
57.2050666809082
52.01321792602539
55.287147521972656
67.71299743652344
64.97761535644531
70.38764190673828
71.65055847167969
55.50994873046875
86.7496109008789
60.31120300292969
62.76564407348633
40.189735412597656
64.1299819946289
70.16169738769531
100.39765167236328
43.162681579589844
98.15311431884766
46.77606201171875
80.41661071777344
54.13897705078125
50.9833869934082
52.39057922363281
83.60127258300781
97.80784606933594
58.08653259277344
61.66703796386719
68.88894653320312
45.4256477355957
69.34587097167969
62.6920280456543
52.1929817199707
43.939414978027344
45.14065933227539
92.0927963256836
34.02982711791992
57.12785720825195
46.649452209472656
52.34013366699219
60.37873458862305
57.6577033996582
48.66289138793945
69.77082824707031
67.74555206298828
42.235504150390625
70.10199737548828
52.48847961425781
62.106815338134766
56.549156188964844
33.35011291503906
52.10902786254883
79.57310485839844
86.0512466430664
87.29944610595703
44.12753677368164
68.26792907714844
64.28954315185547
67.46157836914062
85.55048370361328
72.58663177490234
47.85858154296875
34.3089599609375
61.84321212768555
51.26287841796875
54.97406005859375
51.0148811340332
30.89370346069336
80.9999008178711
92.3813247680664
34.589046478271484
40.99165725708008
54.93170928955078
65.1692123413086
45.20965576171875
40.58489227294922
89.0889892578125
28.339860916137695
53.75211715698242
81.31781005859375
69.62664031982422
52.904457092285156
23.312515258789062
90.59259033203125
82.66487884521484
65.39759063720703
53.94935989379883
63.177467346191406
38.986289978027344
40.82147979736328
21.3429012298584
42.778873443603516
44.742942810058594
102.03811645507812
58.28831481933594
60.70279312133789
57.25968933105469
67.54562377929688
64.38314819335938
35.37826156616211
82.97014617919922
44.406490325927734
54.74018859863281
54.93818664550781
39.6500129699707
89.81686401367188
55.21425247192383
88.7955322265625
63.40456771850586
22.236080169677734
45.070499420166016
65.96583557128906
87.00753021240234
34.079410552978516
86.95804595947266
66.83726501464844
35.78346252441406
65.10305786132812
52.218360900878906
84.28816223144531
82.15769958496094
71.90827178955078
59.9217414855957
54.6854248046875
72.04712677001953
36.9177131652832
28.71807098388672
56.120967864990234
54.144290924072266
59.11624526977539
65.83248901367188
63.692134857177734
50.86561584472656
66.11135864257812
88.78944396972656
65.07347106933594
88.42475128173828
47.37171173095703
72.72786712646484
63.17738723754883
35.07748794555664
81.72789764404297
67.30863952636719
59.76224136352539
81.78956604003906
62.539119720458984
60.61737060546875
93.14452362060547
33.0139274597168
47.69862365722656
93.04972076416016
81.07960510253906
74.46932220458984
42.287078857421875
48.51004409790039
83.01876831054688
54.141944885253906
64.80877685546875
75.073974609375
89.7224349975586
63.58392333984375
57.70305252075195
98.25331115722656
86.44989013671875
86.60690307617188
63.450740814208984
52.045448303222656
61.566471099853516
81.1550064086914
58.353759765625
70.97965240478516
63.182193756103516
37.21683120727539
47.104007720947266
65.32727813720703
73.66471862792969
59.11078643798828
90.45793151855469
62.09858703613281
69.80684661865234
23.153026580810547
33.24139404296875
52.72751998901367
50.966365814208984
38.86200714111328
44.99195861816406
71.65704345703125
55.662811279296875
75.76210021972656
73.9859619140625
47.170616149902344
60.10913848876953
45.10437774658203
45.360809326171875
59.462677001953125
57.73179626464844
117.3785629272461
41.30242156982422
47.759456634521484
77.83131408691406
37.08444595336914
66.7813491821289
53.8034553527832
32.882179260253906
61.26836395263672
68.08647918701172
70.99181365966797
72.55462646484375
75.58494567871094
87.61519622802734
59.422706604003906
83.48136138916016
48.2462043762207
43.68288040161133
47.15008544921875
73.23735809326172
53.77915954589844
53.839263916015625
58.93773651123047
78.27851104736328
69.7699203491211
62.70509719848633
72.89982604980469
66.80315399169922
40.64094924926758
28.129987716674805
46.07646942138672
48.85101318359375
64.82068634033203
103.24517822265625
59.324893951416016
40.15233612060547
69.17320251464844
53.46815490722656
76.98435974121094
82.47312927246094
50.568111419677734
34.96070861816406
41.509307861328125
75.7320556640625
64.80313873291016
81.16421508789062
53.67108917236328
46.036102294921875
63.33850860595703
55.92326736450195
72.14848327636719
40.56065368652344
41.375404357910156
45.279563903808594
13.173507690429688
57.95290756225586
75.91194915771484
65.26846313476562
42.54368209838867
96.73880767822266
62.47587203979492
52.65116882324219
71.46722412109375
69.31928253173828
51.66748046875
64.03174591064453
60.030433654785156
67.4435806274414
46.813533782958984
61.45895004272461
37.66438674926758
65.00672149658203
71.7391357421875
52.71159744262695
87.36212158203125
61.68434143066406
52.861480712890625
64.79658508300781
95.63676452636719
57.948822021484375
31.8682861328125
64.75098419189453
38.597267150878906
68.01738739013672
34.427303314208984
55.10235595703125
43.18450164794922
51.207611083984375
36.42644500732422
36.137393951416016
84.42809295654297
64.91483306884766
80.6374282836914
98.64395904541016
47.3178825378418
57.30618667602539
88.62239837646484
72.42445373535156
16.89422035217285
65.99740600585938
37.223690032958984
104.33692932128906
56.797237396240234
76.4000473022461
30.85133171081543
54.122501373291016
67.96842956542969
66.13777923583984
67.26727294921875
55.257808685302734
43.65793991088867
91.58881378173828
58.099456787109375
47.68379592895508
74.68060302734375
86.86317443847656
40.194419860839844
20.829572677612305
40.3430290222168
83.41134643554688
44.807861328125
34.84259796142578
50.229366302490234
74.75177001953125
44.146568298339844
104.51313018798828
37.84159851074219
58.90406799316406
53.65461349487305
49.55036926269531
27.029151916503906
75.60797119140625
32.62800598144531
49.22471618652344
43.80451202392578
60.05636978149414
25.703227996826172
55.66263198852539
63.179466247558594
46.02326583862305
59.472412109375
63.789512634277344
55.61588668823242
77.63798522949219
65.074951171875
53.40827941894531
58.37478256225586
54.565101623535156
39.12260055541992
59.7762565612793
73.24948120117188
43.950199127197266
83.92171478271484
44.851505279541016
41.06193923950195
57.965091705322266
50.975311279296875
38.948646545410156
59.9506950378418
57.58229446411133
95.40130615234375
87.85111236572266
82.5145034790039
71.25882720947266
80.42561340332031
47.48176574707031
80.74205780029297
67.82839965820312
78.87213134765625
46.61727523803711
40.27608108520508
113.70191192626953
65.3633041381836
35.79167175292969
64.88908386230469
75.07752990722656
82.71186828613281
67.49051666259766
100.8553237915039
31.907047271728516
36.46225357055664
80.1348876953125
66.31304168701172
85.94639587402344
46.348445892333984
32.90082931518555
45.91250228881836
55.53924560546875
74.11051177978516
95.853271484375
74.92481231689453
69.98247528076172
29.709800720214844
78.06462860107422
28.21993064880371
77.3418960571289
43.21235275268555
28.29203987121582
54.98146057128906
60.111209869384766
84.06983184814453
93.02509307861328
66.55657196044922
68.94468688964844
43.9166145324707
77.14170837402344
64.50702667236328
33.79349899291992
53.2353515625
52.07755661010742
37.076202392578125
91.33189392089844
52.398231506347656
48.61567306518555
69.61836242675781
58.48941421508789
53.337528228759766
66.44528198242188
75.9542007446289
47.71180725097656
51.05025863647461
82.01139831542969
67.3402328491211
37.828094482421875
49.383201599121094
65.19232940673828
59.16144561767578
48.558963775634766
50.65547180175781
57.80131912231445
52.918399810791016
66.22579956054688
20.322816848754883
41.54015350341797
74.10893249511719
70.94747924804688
51.58810806274414
42.24799728393555
36.84238815307617
58.090030670166016
66.8461685180664
66.83283233642578
40.20188522338867
52.36084747314453
51.02787780761719
74.52415466308594
51.34368896484375
48.84144973754883
72.75701904296875
67.08949279785156
81.07505798339844
85.68486785888672
68.90986633300781
71.29115295410156
61.61727523803711
94.83197021484375
62.65058898925781
88.01451110839844
79.01029968261719
84.55315399169922
64.27820587158203
81.89689636230469
35.08483123779297
38.43549346923828
91.47518920898438
32.9250602722168
28.691829681396484
80.13751220703125
58.33332824707031
69.43603515625
75.90238952636719
37.71048355102539
58.21186828613281
50.976131439208984
75.8493423461914
84.33418273925781
56.14594650268555
68.7284164428711
83.62030792236328
52.370208740234375
71.0720443725586
51.46654510498047
78.68148803710938
52.621524810791016
33.62000274658203
31.618480682373047
52.688621520996094
39.037841796875
50.60141372680664
54.35397720336914
41.10875701904297
44.17435073852539
99.53462982177734
30.812297821044922
58.64669418334961
47.790714263916016
43.375640869140625
31.559616088867188
47.04390335083008
45.73866653442383
28.05022430419922
51.92781066894531
92.11689758300781
41.820987701416016
93.53789520263672
58.55030059814453
69.65996551513672
51.89311218261719
91.15274047851562
67.9894790649414
58.245140075683594
36.847496032714844
54.108665466308594
50.789432525634766
48.842891693115234
61.18030548095703
48.30373764038086
76.52375793457031
37.64746856689453
29.32480239868164
62.69695281982422
48.65119552612305
57.038658142089844
58.83316421508789
40.467872619628906
46.1593017578125
44.57874298095703
68.73775482177734
54.741233825683594
43.236358642578125
77.88980102539062
60.92238998413086
67.19915008544922
77.65387725830078
69.02581024169922
63.05205154418945
75.9258041381836
101.25608825683594
62.3792610168457
53.69321823120117
41.398841857910156
101.4234619140625
38.05937576293945
79.84065246582031
33.82538604736328
61.6894645690918
62.45891571044922
43.12702178955078
72.18689727783203
48.821533203125
73.1607894897461
48.94610595703125
55.666748046875
47.58783721923828
72.951904296875
48.32146453857422
35.00281524658203
60.83822250366211
61.83746337890625
80.46595001220703
46.923519134521484
55.731197357177734
64.66642761230469
57.31814193725586
64.82157135009766
61.56327819824219
57.4296760559082
45.07658767700195
78.5488052368164
57.1928825378418
62.810768127441406
66.30575561523438
51.75374221801758
40.58853530883789
56.24842834472656
45.84920883178711
55.25593948364258
53.92133331298828
40.18022537231445
40.66802215576172
21.419923782348633
62.5478515625
62.84737777709961
64.13742065429688
95.80924224853516
50.43435287475586
73.19076538085938
70.3636245727539
84.48594665527344
77.05548095703125
73.0505142211914
36.33476638793945
53.27226257324219
84.53365325927734
91.73442840576172
89.67731475830078
68.69563293457031
82.19307708740234
32.03569793701172
59.35403060913086
60.410675048828125
82.0188217163086
87.47830200195312
49.316986083984375
58.18680191040039
69.04634857177734
101.25305938720703
69.53497314453125
62.48775100708008
75.87052154541016
81.17758178710938
51.43611526489258
83.59124755859375
30.000703811645508
68.5837631225586
49.62969207763672
68.0451889038086
61.5040397644043
55.65386199951172
103.72996520996094
35.9549560546875
80.17118835449219
109.50293731689453
28.683757781982422
80.26210021972656
62.21184158325195
93.11610412597656
59.62638473510742
56.5258903503418
72.38409423828125
39.51873016357422
104.1103744506836
89.98908996582031
39.329959869384766
81.96202850341797
19.891950607299805
86.52468872070312
21.899456024169922
74.72842407226562
98.92625427246094
75.88213348388672
88.41080474853516
57.409210205078125
100.7267074584961
58.21034240722656
52.16568374633789
52.633262634277344
58.52865982055664
63.773094177246094
45.91867446899414
43.04547882080078
52.22359848022461
92.52896118164062
69.72537231445312
76.78028869628906
75.20008087158203
71.1551513671875
54.46083068847656
37.81743621826172
89.38675689697266
77.55720520019531
56.13029479980469
25.59361457824707
85.28515625
65.8089370727539
59.42300033569336
49.625038146972656
45.940547943115234
91.80416107177734
52.99088668823242
50.30870819091797
60.195762634277344
64.18949127197266
49.667728424072266
68.88526916503906
45.515296936035156
56.610416412353516
91.66022491455078
106.10578918457031
89.0252456665039
65.16873931884766
73.31205749511719
95.96636962890625
46.78733825683594
39.481754302978516
45.187007904052734
77.87600708007812
45.05621337890625
37.77521896362305
59.93157196044922
65.6845703125
60.61481475830078
66.54475402832031
60.33250427246094
50.00056838989258
40.41670608520508
100.66427612304688
79.8590316772461
68.63882446289062
45.00035858154297
81.66712951660156
71.77249908447266
30.162309646606445
65.87489318847656
71.94625854492188
64.74855041503906
70.36669158935547
54.704833984375
80.75635528564453
98.36701965332031
67.09378051757812
47.46198272705078
40.983116149902344
53.78376388549805
54.457969665527344
50.11806106567383
73.97789764404297
48.6187629699707
65.08460235595703
41.52582931518555
64.31196594238281
46.12164306640625
73.76105499267578
36.27080154418945
69.96942138671875
