63.526695251464844
71.49533081054688
62.30038070678711
57.882835388183594
54.82920455932617
81.19949340820312
58.27458572387695
63.19703674316406
68.84080505371094
66.1314468383789
57.48074722290039
64.17131805419922
58.4873161315918
31.47411346435547
53.60939025878906
41.9326286315918
67.56758117675781
59.70891571044922
48.53936004638672
59.230159759521484
85.21347045898438
31.778797149658203
59.45428466796875
72.33808135986328
46.977725982666016
83.15589141845703
58.975746154785156
72.23699951171875
65.79827117919922
58.122772216796875
59.013736724853516
80.0074462890625
44.66905212402344
51.899723052978516
46.38791275024414
55.947940826416016
35.44390869140625
72.46146392822266
33.66570281982422
36.97553253173828
39.54130172729492
56.00296401977539
60.600852966308594
104.69078063964844
40.623390197753906
57.341922760009766
56.742576599121094
74.72066497802734
57.05295181274414
68.77281188964844
89.92919158935547
47.87487030029297
73.414794921875
44.42036056518555
48.85484313964844
71.51113891601562
61.57027053833008
58.358455657958984
116.36137390136719
40.458946228027344
79.64847564697266
49.71541976928711
83.8012924194336
45.06403732299805
38.24065017700195
48.92728042602539
80.4385986328125
92.36299896240234
48.620765686035156
55.40529251098633
38.43883514404297
36.84952163696289
78.05638122558594
72.62054443359375
59.858463287353516
43.90022277832031
54.034122467041016
24.33885383605957
46.94096374511719
37.316184997558594
40.194847106933594
44.30538558959961
81.58390808105469
32.215023040771484
46.437198638916016
70.25801086425781
46.833656311035156
55.880252838134766
55.5401611328125
52.53617477416992
68.12225341796875
88.78697204589844
73.32780456542969
57.21136474609375
56.03374099731445
62.39015579223633
46.93806838989258
49.938232421875
46.65994644165039
50.864585876464844
53.41078567504883
45.225345611572266
48.39414978027344
45.91014862060547
58.66157150268555
38.26890182495117
76.90107727050781
73.23728942871094
80.82844543457031
56.381988525390625
52.08299255371094
49.66236114501953
70.3018569946289
78.03347778320312
61.908843994140625
39.53230285644531
43.912635803222656
43.19734191894531
33.523380279541016
47.593265533447266
95.31681823730469
48.677711486816406
41.859100341796875
89.82502746582031
85.61063385009766
43.937049865722656
73.90059661865234
46.662086486816406
67.50065612792969
79.30310821533203
62.01591110229492
59.30413818359375
35.448936462402344
57.78012466430664
37.54634475708008
84.4288101196289
84.79637145996094
18.194381713867188
58.30971908569336
61.58575439453125
47.33209991455078
57.001094818115234
40.13969421386719
78.91958618164062
78.94974517822266
30.394203186035156
81.31851959228516
94.29558563232422
53.96808624267578
68.92031860351562
56.809242248535156
60.829071044921875
25.51273536682129
70.49312591552734
74.55489349365234
34.60592269897461
92.7722396850586
35.3071174621582
78.4798355102539
61.786285400390625
70.37235260009766
63.0169677734375
59.356998443603516
59.020755767822266
58.5341796875
100.56390380859375
73.71774291992188
65.60479736328125
54.92265701293945
58.75902557373047
36.590057373046875
88.10707092285156
45.95560836791992
50.04082489013672
52.75217056274414
42.61649703979492
87.3447036743164
65.22303009033203
48.75611877441406
55.8394889831543
63.441009521484375
65.11219024658203
56.49986267089844
47.75447463989258
61.455528259277344
35.823368072509766
64.57988739013672
64.26276397705078
50.90596008300781
29.90869140625
61.01359939575195
45.67628860473633
72.77198791503906
69.59981536865234
52.911380767822266
48.404090881347656
35.750831604003906
66.15283966064453
29.06169319152832
56.124717712402344
50.994415283203125
31.094614028930664
69.18792724609375
40.93183517456055
56.211265563964844
58.07966995239258
47.9007453918457
54.35220718383789
51.537139892578125
54.40262222290039
69.99358367919922
60.58720397949219
54.17560577392578
50.22016143798828
60.6251335144043
68.8871841430664
56.522743225097656
26.006053924560547
75.8603744506836
61.89359664916992
58.7313232421875
68.74839782714844
61.280120849609375
76.00437927246094
89.64244842529297
75.8729019165039
70.25863647460938
48.28019714355469
63.93315505981445
48.8017692565918
64.87226104736328
41.54072189331055
93.03794860839844
63.64479064941406
74.90638732910156
65.32818603515625
97.4972915649414
45.50691604614258
76.9540786743164
76.93347930908203
23.581621170043945
38.50165557861328
65.83582305908203
66.09107971191406
48.25545883178711
62.352088928222656
61.79019546508789
88.19161224365234
60.49885940551758
81.0281982421875
59.918758392333984
44.03997802734375
68.65040588378906
93.5881118774414
69.57942962646484
67.52143096923828
81.0036392211914
40.85305404663086
66.79864501953125
72.91193389892578
56.80743408203125
67.41138458251953
69.1973876953125
76.77981567382812
60.38862609863281
69.68053436279297
77.64865112304688
50.674198150634766
58.228511810302734
79.86945343017578
52.16759490966797
42.266788482666016
54.07246780395508
74.4537353515625
50.513755798339844
60.839988708496094
50.334930419921875
62.8599853515625
89.597900390625
58.6578369140625
46.03295135498047
56.41343307495117
78.3035888671875
67.40174102783203
50.20936584472656
75.67086029052734
69.8927993774414
59.05008316040039
77.85645294189453
58.9979362487793
78.24363708496094
67.19979858398438
77.9648666381836
49.35348892211914
71.9807357788086
88.4549789428711
78.93508911132812
80.21437072753906
62.58294677734375
56.43551254272461
93.23719787597656
78.19332122802734
61.38966369628906
59.69377899169922
53.227603912353516
72.34505462646484
52.03773498535156
37.294742584228516
83.16597747802734
53.84723663330078
54.73349380493164
78.28898620605469
53.850833892822266
39.10248947143555
73.1866455078125
72.1302490234375
104.52667236328125
49.2995491027832
38.843685150146484
27.54755210876465
80.54216003417969
60.63702392578125
52.3128662109375
51.17681121826172
37.159942626953125
94.81517028808594
77.29741668701172
54.438785552978516
83.58120727539062
46.86021041870117
74.89450073242188
64.3032455444336
47.65666198730469
56.87238311767578
60.25463104248047
45.62894058227539
46.48202896118164
49.743526458740234
69.49310302734375
38.82028579711914
74.45828247070312
85.02024841308594
36.08815383911133
46.097381591796875
65.27389526367188
77.73583984375
68.10777282714844
71.57061767578125
68.23106384277344
36.325313568115234
63.01180648803711
67.74480438232422
42.941864013671875
44.24298095703125
52.7475471496582
47.94056701660156
53.264923095703125
75.73393249511719
42.620235443115234
52.73335647583008
36.1972541809082
37.82787322998047
40.06663131713867
61.17079162597656
60.1898307800293
54.19428253173828
55.34614944458008
85.15162658691406
56.880062103271484
74.76537322998047
40.86497116088867
69.79818725585938
93.94583892822266
76.69322204589844
41.74891662597656
56.195091247558594
43.87947463989258
48.77958679199219
58.44915771484375
28.44672966003418
57.861907958984375
88.94790649414062
58.39390182495117
37.02500534057617
73.35511779785156
62.24216079711914
46.1183967590332
30.178260803222656
34.56242752075195
52.977481842041016
68.01905059814453
48.61860275268555
123.099853515625
67.70721435546875
69.29634094238281
69.81012725830078
79.78484344482422
43.771514892578125
46.68379592895508
83.14401245117188
48.17135238647461
33.96641159057617
37.853004455566406
46.95377731323242
46.479637145996094
89.59915161132812
45.78728485107422
68.05522918701172
67.68183898925781
76.55487060546875
54.87213897705078
82.64449310302734
53.00651550292969
34.592445373535156
45.371788024902344
33.646549224853516
86.48245239257812
50.43589782714844
73.4451675415039
49.08097457885742
61.302574157714844
67.33647918701172
76.18721771240234
26.730693817138672
73.09271240234375
54.751556396484375
86.46204376220703
52.00325012207031
63.44486999511719
65.50355529785156
43.9771842956543
73.02327728271484
81.93502044677734
73.21717071533203
52.70158386230469
47.7586555480957
52.67841720581055
52.366512298583984
68.66973114013672
78.97748565673828
87.57147979736328
79.09329986572266
51.29788589477539
88.48661804199219
37.23815155029297
104.590087890625
47.07050323486328
62.201210021972656
83.68717956542969
47.397117614746094
58.06359100341797
56.944026947021484
45.043521881103516
63.46199035644531
98.21426391601562
70.5776138305664
62.67245864868164
29.456438064575195
51.71065139770508
90.39873504638672
39.86220932006836
49.906978607177734
108.11260223388672
53.329437255859375
61.3674201965332
63.26811218261719
56.69232940673828
68.59324645996094
87.75949096679688
55.32378005981445
77.07098388671875
72.39202117919922
54.46065139770508
76.10366821289062
49.04937744140625
40.89413833618164
81.52730560302734
51.517295837402344
113.17919921875
56.85374450683594
87.08982849121094
96.68405151367188
32.69831466674805
40.56343460083008
55.53102111816406
71.13768005371094
61.483585357666016
49.41447448730469
52.867820739746094
43.7703857421875
37.86522674560547
18.307926177978516
50.335540771484375
54.31692123413086
43.05313491821289
17.574665069580078
54.62306213378906
47.201271057128906
66.1063003540039
80.37440490722656
41.75392150878906
85.62442779541016
69.5733413696289
93.58405303955078
36.19396209716797
70.3361587524414
56.608089447021484
56.50585174560547
47.324371337890625
57.771305084228516
71.8797836303711
50.50043487548828
78.74442291259766
36.37264633178711
85.32656860351562
52.352256774902344
54.58464813232422
40.26360321044922
99.14287567138672
72.5279541015625
22.369457244873047
35.998680114746094
69.99028015136719
76.01454162597656
75.35313415527344
49.580230712890625
43.11957931518555
87.43462371826172
37.61599349975586
45.044193267822266
70.1956558227539
42.494606018066406
61.49385070800781
43.89836883544922
40.05961608886719
56.56932830810547
93.3227767944336
49.758018493652344
55.07162857055664
44.19136047363281
68.92430114746094
46.8055305480957
46.04226303100586
47.32323455810547
64.96202087402344
56.408145904541016
46.857730865478516
36.980072021484375
40.305091857910156
62.65363311767578
49.17974853515625
76.05496215820312
73.85702514648438
79.48471069335938
32.42538833618164
99.62976837158203
56.34783172607422
72.63257598876953
79.95704650878906
52.57061004638672
57.13746643066406
55.61473846435547
56.660865783691406
76.44267272949219
63.91267395019531
37.07679748535156
58.679725646972656
66.19066619873047
68.68201446533203
80.03240203857422
69.37560272216797
54.34780502319336
32.47468566894531
34.295806884765625
71.70372772216797
39.553741455078125
74.8038101196289
43.25995635986328
67.09623718261719
54.823368072509766
48.81937789916992
79.22146606445312
61.70676803588867
69.87020874023438
56.47360610961914
75.43605041503906
86.86444854736328
50.405574798583984
33.747493743896484
69.22723388671875
77.85066223144531
66.60381317138672
45.644775390625
99.70698547363281
80.51118469238281
87.50056457519531
61.8112907409668
60.285980224609375
66.1824722290039
49.22697448730469
82.1856918334961
65.56288146972656
66.80894470214844
39.311519622802734
61.217742919921875
60.24481964111328
67.16719818115234
52.39254379272461
69.2247543334961
48.12321090698242
70.61058807373047
46.07648468017578
88.3249282836914
53.13761520385742
88.15072631835938
49.01539993286133
102.56663513183594
71.33641052246094
35.39105987548828
57.973209381103516
100.3526611328125
58.17572784423828
52.65774917602539
60.02995300292969
58.25886154174805
52.83525466918945
29.230815887451172
39.51880645751953
73.29541778564453
67.81504821777344
48.24546813964844
66.52601623535156
69.36613464355469
40.596649169921875
76.66923522949219
57.695762634277344
102.25946807861328
75.46698760986328
40.586971282958984
46.38836669921875
41.259849548339844
58.75542449951172
37.10924530029297
53.247379302978516
60.44976043701172
30.92671012878418
61.875736236572266
43.5237922668457
76.75486755371094
63.98036193847656
112.91181182861328
67.57379150390625
68.795166015625
57.1557731628418
35.65873718261719
69.85420227050781
54.854347229003906
54.80776596069336
90.43415832519531
39.70344161987305
69.78523254394531
42.605777740478516
70.25619506835938
86.96662139892578
74.91419982910156
17.348302841186523
22.62214469909668
34.95344161987305
72.39628601074219
49.16758346557617
49.50016784667969
47.61076736450195
28.4014892578125
30.14704132080078
38.20888137817383
61.74275588989258
76.6270980834961
103.0419692993164
83.1964340209961
80.19950866699219
60.61855697631836
31.107837677001953
102.74749755859375
50.001548767089844
37.91080093383789
76.13919067382812
73.44731903076172
85.5501937866211
49.94432830810547
66.81423950195312
69.43962860107422
54.81267166137695
72.10031127929688
89.6807861328125
54.35129165649414
65.79302215576172
58.69561004638672
77.44745635986328
70.7242660522461
79.79456329345703
53.386390686035156
67.12006378173828
72.23049926757812
40.04618453979492
59.6300048828125
67.17660522460938
67.02613830566406
38.064701080322266
70.06356811523438
60.040870666503906
41.13330078125
55.5931396484375
58.68956756591797
58.889129638671875
55.45117950439453
50.202903747558594
40.9172477722168
58.17723846435547
45.41008758544922
51.14579391479492
61.364253997802734
49.32588577270508
50.99735641479492
37.11832809448242
27.408536911010742
48.08003616333008
78.86033630371094
49.828609466552734
83.6012954711914
63.712310791015625
78.22267150878906
64.09349060058594
56.14934539794922
48.87445831298828
56.20586013793945
69.45162200927734
63.281280517578125
57.16366195678711
58.070369720458984
63.502262115478516
40.19694519042969
68.37842559814453
82.95169830322266
66.10047149658203
43.2152214050293
42.8218879699707
62.27153015136719
55.37705612182617
48.76213455200195
55.79594802856445
72.01659393310547
53.248291015625
79.50630950927734
86.11744689941406
78.36685943603516
85.71046447753906
22.46230125427246
54.65049362182617
27.782379150390625
46.84209442138672
55.120391845703125
73.22306823730469
34.36872863769531
70.04154205322266
72.78789520263672
43.31507873535156
66.35205078125
93.38060760498047
63.44749069213867
76.796142578125
52.30112838745117
54.22438049316406
39.493072509765625
51.04294204711914
63.52613067626953
85.44322967529297
54.70712661743164
73.52002716064453
84.03022003173828
46.709251403808594
52.608612060546875
84.06746673583984
39.82709884643555
72.03917694091797
65.49494934082031
54.479515075683594
46.4296989440918
94.00896453857422
65.7142105102539
61.56608200073242
80.41670989990234
52.78126907348633
55.9017448425293
41.380836486816406
88.90028381347656
56.45981216430664
34.96665954589844
72.98700714111328
61.91944122314453
56.41718292236328
49.64378356933594
67.18502807617188
85.36217498779297
46.695613861083984
43.919639587402344
30.827463150024414
52.02314758300781
41.984283447265625
59.772029876708984
61.34978485107422
76.69271087646484
26.809974670410156
85.1099853515625
41.651145935058594
65.03055572509766
51.36243438720703
56.49077224731445
56.00984191894531
60.772674560546875
47.89881896972656
51.77064895629883
74.59228515625
53.034610748291016
97.57878112792969
38.69674301147461
37.78195571899414
81.60994720458984
49.011390686035156
52.93321990966797
56.143795013427734
58.2534065246582
47.6309814453125
56.71528244018555
82.85050964355469
73.22505187988281
52.85121154785156
58.648563385009766
58.0196533203125
58.73054504394531
57.59516906738281
61.934261322021484
88.12370300292969
63.93739318847656
64.8191909790039
68.42323303222656
80.62830352783203
54.03145217895508
76.31143951416016
93.91232299804688
35.91451644897461
30.529525756835938
22.263845443725586
56.4779167175293
49.86383056640625
49.36891174316406
67.64674377441406
64.00936889648438
56.096065521240234
87.70845031738281
49.608394622802734
60.967227935791016
58.671390533447266
66.30970764160156
76.47335052490234
51.36488723754883
61.91176986694336
52.5594596862793
62.69681167602539
95.90388488769531
46.17686462402344
64.06267547607422
53.21894073486328
108.93998718261719
59.96985626220703
44.10309600830078
65.98917388916016
84.87989044189453
65.25183868408203
55.39353561401367
47.90627670288086
36.600284576416016
64.06141662597656
35.77450180053711
67.25396728515625
73.04965209960938
72.92005157470703
54.484066009521484
63.794857025146484
79.45088958740234
82.72996520996094
45.80906295776367
25.610811233520508
69.03038787841797
81.61257934570312
35.84133529663086
71.43113708496094
55.7551383972168
90.44789123535156
52.43320083618164
71.28944396972656
84.2934341430664
42.14762496948242
35.29465103149414
34.42485809326172
41.23448944091797
71.03369140625
51.706607818603516
49.666282653808594
66.20779418945312
39.69401931762695
47.09003829956055
17.98322296142578
32.40742111206055
20.827251434326172
49.04859161376953
64.28700256347656
67.07537841796875
39.2457160949707
43.08859634399414
51.28890609741211
58.21004867553711
73.95343017578125
74.35966491699219
52.86299133300781
40.69267272949219
69.44474792480469
45.22981262207031
59.56117248535156
70.01515197753906
79.67601776123047
57.62486267089844
51.06309127807617
65.4066390991211
30.12052345275879
65.10967254638672
45.705894470214844
64.51905822753906
50.68828582763672
74.72172546386719
44.30925369262695
21.24846649169922
54.80025863647461
62.68901062011719
35.2108039855957
93.65995788574219
70.29755401611328
34.09885787963867
58.68495559692383
77.83013916015625
62.134246826171875
44.54851150512695
42.4268913269043
80.6375503540039
54.917686462402344
70.26126098632812
47.380462646484375
73.5774917602539
57.57920455932617
103.96211242675781
84.00384521484375
60.362144470214844
47.66374206542969
49.576568603515625
48.84295654296875
67.703125
47.663475036621094
35.69549560546875
59.79293441772461
54.5082893371582
55.46531677246094
77.95578002929688
52.150550842285156
88.63631439208984
34.94603729248047
80.23252868652344
74.13957977294922
60.7625617980957
68.0387191772461
88.9142074584961
63.32843780517578
43.5047607421875
60.741825103759766
37.97828674316406
50.71273422241211
25.402620315551758
52.13679885864258
71.7627182006836
68.9854507446289
42.04194641113281
51.35586166381836
47.19646453857422
75.1247787475586
53.3689079284668
52.71091842651367
68.32291412353516
36.32472229003906
71.08405303955078
56.454376220703125
19.45087432861328
55.21438217163086
63.52165985107422
82.20722961425781
53.1027717590332
29.62717056274414
63.14223098754883
43.517425537109375
40.55979537963867
54.112613677978516
55.91608810424805
69.92830657958984
49.179256439208984
64.69058227539062
37.93829345703125
53.45872497558594
73.9806137084961
62.76308059692383
67.0796127319336
60.249324798583984
84.91741943359375
108.61800384521484
72.9341049194336
64.06929779052734
47.09581756591797
51.941776275634766
46.09082794189453
33.471168518066406
72.60507202148438
79.47260284423828
51.24592208862305
35.71416091918945
38.499046325683594
50.896942138671875
42.933467864990234
63.10551834106445
44.07931137084961
84.91763305664062
34.95356369018555
32.9594841003418
64.10468292236328
60.55865478515625
70.71778106689453
53.20973587036133
60.6477165222168
58.79696273803711
21.853300094604492
20.1558895111084
77.40235900878906
77.37022399902344
83.89151763916016
61.05595016479492
80.49996185302734
36.97706604003906
76.6753921508789
53.50757598876953
66.47618865966797
48.641571044921875
19.08599281311035
60.565399169921875
80.5860595703125
64.69381713867188
66.06719970703125
57.17181396484375
75.76409149169922
54.266937255859375
27.864986419677734
87.25546264648438
95.28044891357422
48.594581604003906
55.98979187011719
60.54690170288086
57.944801330566406
67.17094421386719
80.96990203857422
50.13377380371094
57.30452346801758
63.66021728515625
75.40518951416016
47.08829116821289
76.51380157470703
47.02943801879883
44.70848083496094
87.85972595214844
45.789615631103516
53.51035690307617
63.94883728027344
87.93535614013672
56.991294860839844
69.76985168457031
71.65772247314453
71.8402328491211
58.73662567138672
74.84175109863281
74.33836364746094
33.20377731323242
50.525386810302734
65.27735137939453
51.72419357299805
66.28208923339844
37.55751037597656
67.75424194335938
55.047706604003906
67.94330596923828
78.59910583496094
46.82744598388672
60.01826095581055
53.67772674560547
53.68457794189453
58.75156784057617
48.34374237060547
69.5573501586914
52.45570755004883
56.7924919128418
76.82276916503906
38.93279266357422
59.562259674072266
49.512596130371094
58.22228240966797
49.376686096191406
90.7152328491211
73.70415496826172
66.56073760986328
43.14512252807617
22.2132568359375
74.96378326416016
60.62689971923828
49.49977493286133
46.59457778930664
34.1932487487793
99.63837432861328
96.82212829589844
19.93587875366211
71.63693237304688
38.428096771240234
27.430036544799805
55.442691802978516
57.75819396972656
37.31650924682617
50.475399017333984
66.71609497070312
63.94289016723633
78.87657165527344
56.38040542602539
49.673763275146484
90.48110961914062
58.34442901611328
62.45924377441406
68.80797576904297
87.5350570678711
56.86396408081055
114.31085968017578
67.86500549316406
55.5264892578125
72.65987396240234
66.61121368408203
58.686946868896484
58.226802825927734
72.5999526977539
45.54029846191406
64.0808334350586
53.95619201660156
70.30931854248047
42.188621520996094
46.20429992675781
77.5443115234375
63.06330871582031
96.28717041015625
36.3035774230957
26.11282730102539
46.792083740234375
33.81363296508789
46.34724044799805
63.52204513549805
66.20878601074219
61.21127700805664
55.16918182373047
54.583412170410156
50.96868896484375
55.22217559814453
79.07910919189453
52.615055084228516
33.140132904052734
72.40550994873047
73.8046646118164
59.6454963684082
36.45220184326172
60.483150482177734
58.20907974243164
69.1787338256836
36.928897857666016
84.60721588134766
35.98477554321289
68.67288208007812
70.33769989013672
32.39656066894531
72.22605895996094
77.25454711914062
66.89250183105469
43.48638916015625
58.97357940673828
66.11652374267578
61.6014518737793
79.65301513671875
33.031009674072266
49.07794952392578
98.94914245605469
61.59695816040039
63.25452423095703
82.43560791015625
35.1976203918457
61.1829719543457
68.77400207519531
66.28661346435547
55.53232955932617
65.70581817626953
39.42262649536133
62.396034240722656
56.54330825805664
41.12721633911133
49.431331634521484
36.01036834716797
69.72705078125
70.53480529785156
52.72951126098633
79.05094146728516
59.296382904052734
38.86720657348633
54.82583999633789
54.644954681396484
69.9642333984375
60.60997772216797
44.13975524902344
80.40609741210938
50.97489929199219
74.77350616455078
69.65785217285156
45.55292892456055
53.36302185058594
89.07219696044922
74.19005584716797
77.82064819335938
34.823585510253906
77.29930877685547
64.26283264160156
51.37485885620117
56.10304641723633
56.18986892700195
78.95523071289062
106.44708251953125
60.55113983154297
70.80342864990234
72.01763153076172
66.98616027832031
55.96244430541992
68.9296875
86.85668182373047
48.59234619140625
49.020721435546875
104.9614028930664
52.0897216796875
88.67366790771484
70.96305084228516
53.15010070800781
80.23155975341797
68.22572326660156
74.10159301757812
68.68842315673828
89.11157989501953
46.35588455200195
45.02836227416992
38.2381591796875
49.375083923339844
46.31371307373047
35.365501403808594
68.88931274414062
41.540409088134766
43.26236343383789
50.09392547607422
35.39201354980469
33.72456741333008
51.775272369384766
62.26671600341797
52.268550872802734
69.71275329589844
73.53387451171875
38.21482467651367
50.991207122802734
69.63977813720703
85.87377166748047
87.62593841552734
83.8712158203125
59.32883071899414
56.24403381347656
63.36715316772461
58.103248596191406
38.322303771972656
56.35730743408203
62.77273178100586
43.64592742919922
52.59055709838867
65.90912628173828
49.06074523925781
90.09030151367188
86.98968505859375
70.4032211303711
32.296817779541016
48.30877685546875
52.93851852416992
33.625911712646484
80.60101318359375
59.03700637817383
35.98018264770508
49.70807647705078
33.05109786987305
64.83132934570312
38.57734680175781
60.166194915771484
48.37010192871094
46.137325286865234
48.136436462402344
47.74058532714844
41.55988311767578
60.185646057128906
25.404844284057617
48.479244232177734
63.02109909057617
43.66055679321289
66.14026641845703
44.17406463623047
75.44966888427734
65.06453704833984
77.2136459350586
31.707120895385742
68.69237518310547
96.02758026123047
48.40264892578125
24.35337257385254
60.20869064331055
65.65029907226562
62.69136047363281
91.52655029296875
50.527503967285156
57.55933380126953
39.08732223510742
76.52376556396484
67.95872497558594
37.0322380065918
53.688899993896484
56.04616928100586
31.095006942749023
32.28657150268555
55.61878967285156
37.23952865600586
86.42638397216797
75.18480682373047
77.47312927246094
50.128684997558594
77.32561492919922
45.225120544433594
50.33306884765625
57.561370849609375
58.05270004272461
71.541259765625
62.1734733581543
60.06901931762695
61.38032531738281
52.794837951660156
54.99639892578125
79.56129455566406
78.64579010009766
83.34698486328125
49.44615173339844
59.425350189208984
55.995235443115234
47.9239501953125
49.956329345703125
86.66311645507812
57.2366943359375
24.200016021728516
74.90312194824219
60.33544921875
70.7121353149414
47.40935516357422
48.971683502197266
71.42850494384766
89.52265167236328
65.50382232666016
44.60094451904297
36.43305587768555
93.44490051269531
113.46286010742188
76.96110534667969
74.13118743896484
65.87972259521484
61.9273681640625
34.89287185668945
61.22862243652344
42.25962448120117
37.70978546142578
58.45631408691406
83.2085189819336
78.35440063476562
39.505496978759766
63.74216842651367
59.40559387207031
55.226192474365234
79.72864532470703
44.039676666259766
87.8864517211914
51.3448486328125
73.86264038085938
77.52596282958984
90.26393127441406
84.7309341430664
53.73884963989258
75.03946685791016
45.487857818603516
88.59280395507812
56.35637664794922
50.36494827270508
78.27739715576172
53.75680160522461
66.2272720336914
55.91191864013672
91.13050842285156
47.51413345336914
70.38990783691406
44.41130828857422
37.006126403808594
55.16667175292969
49.52574920654297
51.65239334106445
79.99440002441406
88.5502700805664
60.31975555419922
54.37566375732422
32.98493194580078
61.693180084228516
60.17235565185547
56.1967658996582
66.28256225585938
45.62738800048828
76.29106903076172
25.636402130126953
40.599369049072266
53.207122802734375
32.68100357055664
64.61824035644531
51.90357971191406
45.48904800415039
27.866943359375
75.61418151855469
55.37012481689453
48.65945816040039
51.934173583984375
67.81797790527344
31.62872886657715
59.21702194213867
92.4104232788086
99.59745025634766
67.00875091552734
76.8452377319336
64.5064697265625
61.50751876831055
62.588478088378906
52.89714813232422
76.903076171875
85.66248321533203
48.248992919921875
69.48320007324219
26.566823959350586
33.10307693481445
56.044654846191406
100.01573944091797
51.899627685546875
76.37174224853516
61.619441986083984
76.89254760742188
63.68375015258789
64.09632110595703
49.504127502441406
60.854129791259766
66.56963348388672
51.46601867675781
38.25238800048828
82.7652816772461
67.76502990722656
66.44060516357422
61.58988952636719
57.13923645019531
48.734230041503906
63.012939453125
62.93266296386719
43.712703704833984
51.0667724609375
78.4631118774414
83.13936614990234
69.92507934570312
73.04412078857422
48.84396743774414
51.75651550292969
60.19194030761719
72.63036346435547
84.29846954345703
65.19615173339844
73.86144256591797
66.26946258544922
90.53226470947266
31.46443748474121
83.3257827758789
56.74824905395508
50.2304573059082
48.95827865600586
77.97298431396484
44.86668014526367
30.951690673828125
49.99311065673828
45.92390441894531
44.4208869934082
70.80170440673828
54.56328582763672
93.3787612915039
54.59458541870117
69.59027099609375
71.0656967163086
51.27302551269531
51.02580261230469
84.80631256103516
59.25804138183594
73.70942687988281
73.27398681640625
49.5916862487793
68.18672943115234
71.45317840576172
51.262943267822266
49.882080078125
21.042369842529297
58.293212890625
32.769962310791016
64.67196655273438
89.01551055908203
79.0229721069336
54.17776870727539
60.50861358642578
85.02991485595703
64.76885223388672
40.5755615234375
65.22151184082031
71.5430679321289
57.404998779296875
54.17708969116211
66.20781707763672
7.268222808837891
62.09992980957031
55.19852828979492
69.03753662109375
37.99745559692383
51.88913345336914
49.89729690551758
32.059776306152344
66.48980712890625
90.68400573730469
100.08953094482422
52.31311798095703
109.54090118408203
89.53665161132812
56.96902084350586
41.31857681274414
64.13726806640625
45.24843978881836
46.14543533325195
33.28500747680664
28.77777862548828
67.51953125
78.36624908447266
44.30766296386719
47.83136749267578
38.277610778808594
68.5110855102539
33.3981819152832
49.835357666015625
75.46859741210938
46.32229232788086
23.837114334106445
70.24480438232422
78.16978454589844
63.637977600097656
60.123191833496094
69.82256317138672
32.59001541137695
36.81078338623047
86.17756652832031
50.99899673461914
67.47626495361328
44.897186279296875
57.29557418823242
45.60247039794922
56.058631896972656
63.517234802246094
29.206972122192383
72.1246337890625
53.58561706542969
70.32563018798828
73.68190002441406
65.31005096435547
49.135250091552734
53.25925064086914
68.42314147949219
34.458274841308594
91.97779083251953
68.93643188476562
57.932701110839844
77.72931671142578
36.72325134277344
69.793701171875
70.03723907470703
50.4091682434082
77.30872344970703
38.39371871948242
58.32248306274414
60.610965728759766
93.72036743164062
85.3716049194336
75.50294494628906
60.5045280456543
28.972190856933594
69.09327697753906
66.76261901855469
96.2840347290039
61.747337341308594
58.97694396972656
65.48448181152344
53.987735748291016
56.78650665283203
69.04454803466797
39.49783706665039
83.35810089111328
52.46127700805664
24.091293334960938
37.31203079223633
44.93739700317383
92.54806518554688
38.49109649658203
72.98339080810547
51.59518051147461
82.40373992919922
75.55963897705078
22.20743751525879
63.75772476196289
98.64362335205078
57.934200286865234
78.20838165283203
46.66522216796875
83.83812713623047
96.66041564941406
76.6131362915039
61.25647735595703
60.42890167236328
59.905094146728516
53.1201286315918
45.9340934753418
64.1401596069336
55.637630462646484
65.4406967163086
97.98096466064453
65.16768646240234
39.31413650512695
53.039398193359375
68.09788513183594
45.42887878417969
63.78688049316406
48.998077392578125
71.4073715209961
69.28233337402344
46.72863006591797
76.09874725341797
77.77506256103516
24.07254409790039
53.98027038574219
60.180294036865234
47.71747589111328
57.60164260864258
64.31517028808594
53.06645584106445
97.89737701416016
55.31930160522461
80.87370300292969
58.25212478637695
48.816463470458984
61.943641662597656
63.55619812011719
95.20669555664062
40.16739273071289
39.096588134765625
55.47927474975586
68.97708892822266
49.53595733642578
74.05786895751953
51.51515579223633
34.97105026245117
63.87486267089844
61.57501220703125
77.51443481445312
105.66552734375
55.5643424987793
65.9921875
70.59818267822266
45.699501037597656
69.67963409423828
87.92900085449219
81.45887756347656
47.178680419921875
43.18916702270508
65.17009735107422
48.126739501953125
58.36296844482422
72.55818939208984
40.70930862426758
31.944068908691406
43.154258728027344
53.85554504394531
53.799049377441406
41.99042892456055
37.907222747802734
82.41006469726562
78.29442596435547
38.11594772338867
67.73228454589844
91.26058197021484
46.53196716308594
34.65944290161133
70.24124145507812
64.24678802490234
89.36089324951172
45.69719314575195
70.24707794189453
101.7443618774414
75.95307922363281
71.94393157958984
53.05228042602539
44.567138671875
81.40381622314453
80.85540771484375
76.0489730834961
90.22917175292969
51.66807556152344
53.541114807128906
73.15377807617188
59.93983840942383
87.8076171875
69.03331756591797
49.61459732055664
50.8203125
65.67921447753906
34.620635986328125
82.92416381835938
46.48072814941406
44.7960205078125
24.794755935668945
68.64752960205078
70.1737289428711
40.451507568359375
31.276748657226562
80.49656677246094
32.6338996887207
42.04620361328125
61.8582649230957
50.44886016845703
53.158592224121094
22.19339370727539
51.57845687866211
79.34585571289062
55.58124542236328
42.74202346801758
77.5700912475586
72.41451263427734
32.374542236328125
57.54187774658203
90.07640838623047
64.62248992919922
84.5172348022461
82.367431640625
66.42557525634766
63.79282760620117
72.681884765625
35.46901321411133
77.37586975097656
49.278472900390625
49.1083869934082
43.78430938720703
61.4593391418457
62.77839279174805
41.06611633300781
83.95060729980469
70.13491821289062
77.59361267089844
53.08243179321289
66.20169830322266
94.81140899658203
78.31523895263672
47.86054611206055
81.14672088623047
55.52550506591797
50.60673904418945
68.78929901123047
76.68177032470703
77.79862976074219
51.5562858581543
42.643035888671875
85.4494857788086
59.5068473815918
71.6137466430664
59.3218994140625
88.7287368774414
71.39008331298828
75.24028778076172
72.64969635009766
55.234657287597656
68.09989929199219
59.91053009033203
59.13117218017578
34.84236526489258
65.2223129272461
41.935672760009766
88.21157836914062
61.601253509521484
13.088067054748535
42.38878631591797
44.90234375
34.05564880371094
96.43452453613281
63.34864807128906
55.07463455200195
80.16265106201172
41.827423095703125
57.542049407958984
46.49106216430664
80.1157455444336
23.56869888305664
13.03523063659668
62.94194030761719
61.58060073852539
66.67855834960938
93.46941375732422
61.40081024169922
65.8350601196289
44.00041580200195
62.564125061035156
68.05033874511719
40.254241943359375
37.036930084228516
51.41340637207031
20.621585845947266
67.30799865722656
57.23583984375
75.70381164550781
66.25238037109375
49.57291030883789
52.88176727294922
73.76556396484375
48.93193435668945
93.97418212890625
54.55213165283203
34.34893798828125
80.02339935302734
101.80555725097656
40.59352493286133
49.88037109375
48.698265075683594
98.99977111816406
61.86648178100586
45.61901092529297
86.74845886230469
59.037540435791016
47.317440032958984
78.82209014892578
59.63771057128906
75.56671142578125
50.37639617919922
46.178470611572266
43.338993072509766
57.84720230102539
87.24686431884766
58.29171371459961
76.14218139648438
53.5717658996582
48.71391677856445
76.52557373046875
53.94828796386719
63.311302185058594
74.56446838378906
75.73336791992188
75.70205688476562
36.77919387817383
74.88916778564453
45.114810943603516
64.88463592529297
40.13812255859375
82.49712371826172
74.20270538330078
83.15335083007812
73.02274322509766
59.23073196411133
32.46677780151367
49.906776428222656
48.39579772949219
80.26567077636719
70.35679626464844
45.07594299316406
44.645755767822266
59.58889389038086
95.54547119140625
62.72330856323242
41.520381927490234
48.86137771606445
67.15363311767578
62.46186447143555
80.94319915771484
76.99250030517578
76.08467102050781
57.77497100830078
39.7656135559082
64.21736145019531
43.04790115356445
42.9719352722168
67.81647491455078
64.0468521118164
45.385929107666016
36.0526123046875
70.4033432006836
39.24066925048828
48.8547477722168
87.74163055419922
71.9043960571289
60.22037887573242
52.11717987060547
96.85350036621094
63.863590240478516
26.9517765045166
59.63985824584961
81.12002563476562
49.840415954589844
73.77930450439453
24.456350326538086
53.74775695800781
53.27174377441406
87.05350494384766
27.40544319152832
95.61029815673828
44.52720260620117
31.979415893554688
72.74530029296875
69.15319061279297
18.482707977294922
73.0804214477539
52.65266799926758
38.69228744506836
51.23512649536133
43.926395416259766
42.09833526611328
44.20697021484375
69.17171478271484
72.58382415771484
59.11045837402344
56.15895080566406
48.841670989990234
65.43234252929688
50.291072845458984
57.584556579589844
84.54901885986328
48.26563262939453
72.85540008544922
60.16225814819336
52.5433235168457
77.3337173461914
48.22209548950195
62.46483612060547
54.330833435058594
42.61651611328125
77.73619079589844
79.45321655273438
58.948951721191406
60.24773025512695
71.07272338867188
77.03668212890625
34.53384780883789
58.776546478271484
57.55509948730469
58.59711837768555
52.808414459228516
48.31511306762695
52.642120361328125
64.28978729248047
40.48104476928711
55.94823455810547
83.79132080078125
77.1886215209961
48.082576751708984
55.052188873291016
63.6686897277832
38.44383239746094
77.34629821777344
48.4755744934082
69.5686264038086
87.70381164550781
76.06079864501953
58.030181884765625
65.1052474975586
53.5814208984375
71.71180725097656
96.28900909423828
58.885433197021484
59.28773880004883
24.15479850769043
32.629337310791016
46.613677978515625
65.15865325927734
43.89870071411133
63.54239273071289
43.78717041015625
40.4315185546875
31.850122451782227
47.85634231567383
48.48399353027344
56.42153549194336
65.1376724243164
45.448307037353516
66.16570281982422
93.28410339355469
56.19944763183594
42.724281311035156
52.85343551635742
53.299808502197266
54.13270950317383
40.013885498046875
56.48736572265625
44.1053352355957
77.409423828125
73.83641052246094
39.82270050048828
67.61380004882812
56.03379440307617
77.06065368652344
45.40708541870117
84.37088775634766
44.32087707519531
88.18544006347656
73.82192993164062
65.72477722167969
56.108360290527344
63.35545349121094
22.714128494262695
34.80000305175781
47.190895080566406
93.95315551757812
77.18265533447266
95.8764877319336
58.66059875488281
58.57160568237305
56.96125030517578
23.977066040039062
35.21027374267578
74.46981811523438
49.28863525390625
39.94205856323242
34.38790512084961
62.05036163330078
51.43573760986328
70.52125549316406
66.33940124511719
43.62032699584961
24.03048324584961
64.67444610595703
80.44976806640625
47.56272888183594
50.065513610839844
65.3701171875
59.344642639160156
49.35115432739258
65.95347595214844
74.70491790771484
51.601646423339844
39.51421356201172
62.224361419677734
45.54001998901367
66.54203033447266
60.18569564819336
48.30819320678711
58.325016021728516
93.32576751708984
46.02261734008789
94.78031158447266
69.05476379394531
48.36557388305664
32.90028381347656
72.31044006347656
18.51885414123535
53.548641204833984
54.82319641113281
48.19175720214844
76.66333770751953
21.17191505432129
68.94432830810547
41.42009353637695
70.45386505126953
80.16694641113281
23.662839889526367
39.21440124511719
27.692167282104492
40.23435592651367
45.022220611572266
55.852203369140625
59.24613952636719
42.50641632080078
71.2896728515625
52.28497314453125
27.01738929748535
83.26834106445312
46.55221176147461
75.92015075683594
48.974056243896484
51.90300369262695
59.80886459350586
43.233970642089844
39.79871368408203
58.065277099609375
102.61956024169922
73.67953491210938
69.59044647216797
46.31801986694336
47.82628631591797
31.5606632232666
73.43856811523438
34.569087982177734
65.25169372558594
74.50434112548828
46.70878219604492
49.722408294677734
56.34061050415039
76.24179077148438
79.59905242919922
39.55592727661133
46.86421585083008
42.00844955444336
59.36776351928711
31.435007095336914
67.61421203613281
73.86502075195312
79.39509582519531
46.14183044433594
53.73237609863281
57.8089714050293
53.474952697753906
53.597206115722656
41.7240104675293
50.96499252319336
63.98379135131836
67.50901794433594
41.5870246887207
71.36565399169922
59.36549377441406
55.993080139160156
39.86207580566406
65.67681121826172
58.00160217285156
36.52529525756836
71.78297424316406
55.8980712890625
76.40133666992188
50.729068756103516
52.52672576904297
39.861873626708984
74.19082641601562
36.12538528442383
32.697811126708984
43.302024841308594
51.551109313964844
75.64361572265625
47.1920166015625
28.002222061157227
50.02809143066406
50.47684860229492
30.181955337524414
22.468191146850586
59.57584762573242
85.84915161132812
63.63023376464844
75.86829376220703
87.17418670654297
38.15707015991211
85.24274444580078
66.68879699707031
76.9323501586914
82.38953399658203
55.95413589477539
84.22855377197266
92.23202514648438
37.44825744628906
36.9893798828125
76.778076171875
77.06611633300781
62.0799446105957
57.872161865234375
59.18881607055664
57.548828125
45.6495475769043
81.34871673583984
9.085877418518066
66.05302429199219
29.82131576538086
20.210683822631836
43.93446731567383
62.742897033691406
56.01304626464844
89.88818359375
68.09954833984375
88.91685485839844
66.80376434326172
69.57893371582031
86.7015380859375
85.2510986328125
63.46522903442383
69.33782196044922
80.85203552246094
66.86316680908203
45.284332275390625
72.91511535644531
27.739961624145508
70.52279663085938
48.88170623779297
44.633201599121094
87.95813751220703
39.5128173828125
47.34456253051758
58.738555908203125
60.995361328125
74.09159851074219
60.71015548706055
38.60295867919922
51.17221450805664
52.91986846923828
52.25449752807617
88.38526153564453
65.87533569335938
31.800445556640625
57.19211959838867
42.36494445800781
53.1727409362793
39.16950225830078
56.279754638671875
53.735328674316406
65.76287841796875
77.79590606689453
47.65470504760742
72.8603515625
88.84120178222656
43.0245361328125
66.2093734741211
80.49089813232422
57.16865539550781
44.66376876831055
69.5871353149414
49.27164077758789
48.34307861328125
65.82905578613281
81.231689453125
75.58619689941406
49.28716278076172
65.08692169189453
64.05274200439453
66.29598236083984
69.2958755493164
40.82660675048828
62.425018310546875
61.66813278198242
41.422306060791016
63.098052978515625
43.61680221557617
65.74884033203125
46.314910888671875
73.17903900146484
94.4207763671875
39.414974212646484
72.42438507080078
47.590702056884766
59.2494010925293
68.7580337524414
40.2020263671875
60.82769012451172
92.59741973876953
77.1614761352539
55.883968353271484
98.17996215820312
97.3295669555664
63.57004165649414
68.45281982421875
42.13671875
63.0159797668457
38.84272003173828
56.1176643371582
51.65653991699219
58.33926010131836
68.80210876464844
61.03862380981445
51.91250991821289
88.56588745117188
69.19920349121094
58.41746520996094
50.867652893066406
67.33233642578125
54.3724250793457
58.25993347167969
69.29206085205078
48.616634368896484
68.3248062133789
58.26785659790039
81.9798812866211
58.79054260253906
70.0933609008789
64.62511444091797
52.12384033203125
52.901756286621094
57.65278244018555
37.8218879699707
47.19365310668945
68.85421752929688
40.73479461669922
81.59154510498047
87.45404052734375
64.2608413696289
13.75368881225586
73.25801086425781
74.64405059814453
48.049686431884766
72.49003601074219
76.90428924560547
39.513423919677734
43.78336715698242
50.62627410888672
75.91507720947266
26.70169448852539
44.8239860534668
53.95480728149414
64.85611724853516
54.986724853515625
72.5271224975586
58.13941192626953
92.51627349853516
96.8636703491211
63.0957145690918
107.48703002929688
58.12151336669922
50.31765365600586
100.26695251464844
91.32015991210938
59.04747009277344
76.93742370605469
50.034271240234375
56.8492431640625
45.54939270019531
58.50702667236328
59.75856018066406
43.38280487060547
62.52565002441406
64.25927734375
44.120113372802734
46.93836212158203
91.15869140625
38.31415939331055
36.72174072265625
57.01139831542969
27.554344177246094
59.587181091308594
23.83258628845215
72.25239562988281
30.470272064208984
58.91032409667969
45.73026657104492
48.57429122924805
62.64337921142578
49.394229888916016
60.235774993896484
69.58462524414062
79.15196228027344
56.01324462890625
74.6074447631836
26.79254913330078
81.87610626220703
52.956138610839844
39.956783294677734
59.98800277709961
64.25545501708984
67.81234741210938
64.17300415039062
39.24760055541992
77.14387512207031
59.91147232055664
42.51730728149414
45.08985137939453
61.625423431396484
49.95330047607422
60.652015686035156
17.183652877807617
42.65321731567383
45.5880126953125
66.55264282226562
76.22881317138672
55.16998291015625
71.36771392822266
88.91991424560547
21.288557052612305
64.56990051269531
68.1130599975586
55.87313461303711
65.07898712158203
58.04441833496094
62.73151397705078
57.86420822143555
69.22631072998047
56.062164306640625
22.667129516601562
77.99942016601562
93.4649658203125
29.452234268188477
50.07255935668945
43.105369567871094
79.37183380126953
89.4154052734375
84.54991912841797
59.00339889526367
50.500343322753906
75.76254272460938
61.6046257019043
66.6444091796875
58.351924896240234
59.1113166809082
57.51807403564453
35.9048957824707
70.02748107910156
54.25753402709961
81.67206573486328
52.600303649902344
45.788082122802734
73.76068878173828
56.25971603393555
107.27900695800781
37.65034484863281
72.38715362548828
41.35429382324219
96.38993835449219
55.594337463378906
65.64720153808594
63.74317169189453
78.88160705566406
56.24695587158203
57.9630241394043
77.40840148925781
53.44681930541992
67.96501922607422
45.51634979248047
53.49971008300781
85.94668579101562
90.50300598144531
64.81752014160156
71.53752899169922
76.88963317871094
91.68939208984375
78.28323364257812
60.28044891357422
57.10762405395508
53.35133361816406
70.63863372802734
57.86531066894531
54.33982849121094
59.794952392578125
39.83451843261719
57.33537673950195
34.66693878173828
36.575225830078125
88.32211303710938
54.984928131103516
81.07532501220703
64.5545425415039
85.0391845703125
57.2194938659668
60.25212860107422
51.973209381103516
71.06546020507812
39.08370590209961
27.661304473876953
64.14430236816406
88.64021301269531
18.201753616333008
48.247337341308594
48.535614013671875
39.91656494140625
89.2964859008789
54.86063766479492
45.01333999633789
43.52252197265625
28.63482093811035
56.133358001708984
32.2651481628418
63.46385955810547
40.03683090209961
65.09711456298828
62.76967239379883
43.20661163330078
69.3971176147461
53.40359115600586
85.31038665771484
45.77142333984375
94.78594207763672
92.26808166503906
72.05718231201172
69.80035400390625
53.247344970703125
85.07523345947266
28.383548736572266
62.560264587402344
95.95256042480469
54.060245513916016
76.66922760009766
66.23836517333984
77.73308563232422
66.1257553100586
35.03922653198242
56.255733489990234
74.12593078613281
59.788368225097656
48.114341735839844
82.5720443725586
55.21358871459961
52.38914489746094
79.16310119628906
83.13807678222656
101.01893615722656
57.39809799194336
82.33529663085938
43.33578109741211
48.40501022338867
62.19475173950195
71.50749206542969
41.45613098144531
37.1762580871582
66.01168823242188
81.50251770019531
56.87744903564453
69.8129653930664
92.71334075927734
82.37135314941406
37.39664077758789
83.11205291748047
70.85076904296875
60.564701080322266
44.68154525756836
66.57542419433594
56.02466583251953
28.46016502380371
54.04570007324219
68.27565002441406
79.01615142822266
27.42255973815918
38.018096923828125
86.98583984375
61.989036560058594
73.0347671508789
52.44748306274414
57.7282600402832
67.21480560302734
62.874671936035156
72.3022689819336
62.006622314453125
64.60462188720703
68.11540985107422
62.36812973022461
65.29957580566406
71.44153594970703
39.94084548950195
81.9216537475586
58.533016204833984
64.92362213134766
101.5590591430664
36.18147659301758
53.459205627441406
59.79436111450195
40.20309066772461
51.72221374511719
52.10844039916992
70.95641326904297
56.774818420410156
57.962772369384766
71.8967056274414
59.52561569213867
59.609458923339844
62.755714416503906
55.32792282104492
57.8388557434082
76.1495590209961
63.887062072753906
65.6200180053711
62.953582763671875
67.01465606689453
43.0195198059082
47.0936164855957
37.06971740722656
46.79597473144531
38.631263732910156
38.992950439453125
36.288455963134766
77.79515838623047
58.29668045043945
45.289222717285156
74.69001770019531
55.06627655029297
52.74677276611328
13.854894638061523
27.41160011291504
47.94301223754883
31.28140640258789
65.02240753173828
44.49866485595703
86.72102355957031
51.160247802734375
48.5382194519043
34.06744384765625
62.55108642578125
29.5529727935791
65.39909362792969
43.721378326416016
61.54203414916992
78.96142578125
70.4008560180664
68.57408905029297
58.30501937866211
54.808372497558594
69.26101684570312
17.023191452026367
59.798789978027344
60.00473403930664
38.22616195678711
46.34565353393555
11.93839168548584
64.25415802001953
69.00764465332031
51.693092346191406
62.053260803222656
71.09254455566406
45.288169860839844
41.83115005493164
77.10131072998047
72.28861999511719
36.4759521484375
47.7795524597168
64.35862731933594
60.36958694458008
48.86369323730469
94.68338012695312
59.57614517211914
69.85132598876953
41.89147186279297
49.60264587402344
82.12751770019531
63.79033660888672
41.62499237060547
69.89055633544922
67.99781799316406
81.18975067138672
72.59915924072266
57.1617431640625
55.331642150878906
86.01785278320312
26.63480567932129
72.86858367919922
50.281192779541016
79.6547622680664
67.96981048583984
30.38092041015625
58.714332580566406
77.10979461669922
30.79349136352539
51.79941940307617
48.941951751708984
34.55253982543945
63.86524200439453
54.02884292602539
81.60205078125
57.6929817199707
57.277687072753906
52.70264434814453
36.19477081298828
36.63380432128906
63.18982696533203
15.591106414794922
63.39141082763672
66.65071105957031
49.872798919677734
91.3286361694336
50.71003341674805
43.024391174316406
91.43632507324219
47.77510452270508
56.704227447509766
80.33028411865234
67.46092987060547
85.66157531738281
52.82884216308594
56.02935028076172
67.02349853515625
46.43458938598633
27.893373489379883
64.79650115966797
57.781280517578125
50.12086868286133
80.75243377685547
67.20468139648438
31.97011375427246
64.41450500488281
76.11019134521484
48.54638671875
77.05707550048828
22.8746280670166
73.70379638671875
37.75617218017578
36.179508209228516
74.88475036621094
47.72779846191406
42.616111755371094
43.71516418457031
64.60983276367188
42.377220153808594
49.539791107177734
37.97285079956055
76.32072448730469
90.36260223388672
105.10769653320312
58.91895294189453
44.15476608276367
45.21873092651367
42.22429656982422
69.14136505126953
46.48286819458008
63.42292785644531
49.6821403503418
47.52134323120117
93.36115264892578
76.85420989990234
39.83692932128906
54.085418701171875
84.08453369140625
59.345298767089844
39.54189682006836
67.4200439453125
88.5993423461914
43.20915603637695
37.75478744506836
103.46549987792969
26.751554489135742
60.11079788208008
74.6691665649414
72.41332244873047
57.83711242675781
104.39549255371094
29.042346954345703
48.96976852416992
63.711219787597656
73.10426330566406
56.30033874511719
70.75507354736328
45.738731384277344
59.47636032104492
87.27765655517578
50.45986557006836
52.56528091430664
84.04318237304688
90.96905517578125
72.44937133789062
67.77228546142578
66.12754821777344
67.82597351074219
58.261993408203125
76.9637222290039
82.22686004638672
48.58266067504883
49.13251495361328
78.2798080444336
67.92498016357422
49.116947174072266
92.93177795410156
37.419376373291016
56.826290130615234
47.83487319946289
57.482177734375
47.14809799194336
56.310604095458984
68.08116912841797
39.94172286987305
51.73463821411133
49.24217987060547
90.38990020751953
36.627220153808594
48.48273468017578
62.98033905029297
34.349674224853516
60.31133270263672
61.973854064941406
31.997709274291992
56.89929962158203
75.62014770507812
67.81887817382812
21.794958114624023
68.31303405761719
79.50907135009766
48.348358154296875
75.4671401977539
60.52991485595703
67.86666870117188
59.776634216308594
39.31650161743164
54.35909652709961
59.71821212768555
56.41355514526367
85.78292846679688
45.91857147216797
78.3673095703125
56.658058166503906
38.66252136230469
57.04633331298828
60.87651443481445
47.28731918334961
59.26992416381836
43.01450729370117
29.366304397583008
52.98101043701172
99.91453552246094
65.2845230102539
36.703880310058594
69.56488037109375
21.00699806213379
66.77291870117188
58.504493713378906
36.7242431640625
50.930419921875
40.87904739379883
66.4361572265625
50.70146560668945
74.76104736328125
31.837556838989258
48.64864730834961
57.940521240234375
87.09835815429688
70.73857116699219
51.77126693725586
66.97892761230469
85.12344360351562
59.01111602783203
64.37828826904297
80.16765594482422
47.57806396484375
58.07186508178711
69.02386474609375
66.36318969726562
76.61156463623047
61.66485595703125
50.54674530029297
73.96285247802734
60.071353912353516
56.41846466064453
92.39566802978516
88.54060363769531
24.591005325317383
41.24433517456055
51.94219970703125
68.77770233154297
61.13845443725586
50.154972076416016
38.72465133666992
65.3226089477539
75.25006103515625
49.52522277832031
56.28361129760742
59.253929138183594
78.8560562133789
37.416259765625
75.48051452636719
66.37155151367188
63.3514404296875
33.64031219482422
37.29867935180664
47.72343826293945
56.30080032348633
41.54375076293945
55.612247467041016
59.485042572021484
77.15699768066406
67.64482116699219
53.23603439331055
30.10112953186035
91.19745635986328
34.166419982910156
