34.20933151245117
36.43759536743164
70.76219940185547
43.3016242980957
44.821109771728516
26.814510345458984
37.57429504394531
33.390254974365234
56.4427604675293
38.91022872924805
42.32545852661133
25.062847137451172
58.0910530090332
33.96031188964844
60.9838752746582
28.328697204589844
51.377784729003906
59.000816345214844
57.61647033691406
93.21105194091797
19.538488388061523
76.82539367675781
23.083887100219727
47.34507751464844
58.873207092285156
36.69890594482422
64.60688018798828
42.44741439819336
77.81658172607422
74.74064636230469
69.54502868652344
55.996273040771484
32.5330924987793
50.726444244384766
46.85475540161133
43.515586853027344
56.5018196105957
27.580793380737305
31.46397590637207
40.54237747192383
64.853515625
58.057884216308594
28.238088607788086
56.569374084472656
28.88607406616211
45.08004379272461
46.04195785522461
45.1973762512207
27.11129379272461
55.070953369140625
31.331674575805664
21.3848819732666
32.42892837524414
66.33335876464844
47.640235900878906
32.42285919189453
59.44283676147461
51.631690979003906
35.92958450317383
63.48298645019531
43.626625061035156
38.32379150390625
52.030120849609375
56.861717224121094
25.36153793334961
46.271400451660156
50.825401306152344
40.975799560546875
44.6728401184082
31.89133644104004
51.35219192504883
85.533203125
53.907684326171875
29.892574310302734
40.42625045776367
47.16530990600586
29.692541122436523
87.73564147949219
52.435508728027344
58.215179443359375
41.82899856567383
50.404415130615234
43.12480545043945
38.87141418457031
63.881771087646484
52.42267608642578
35.888614654541016
46.58355712890625
54.23728561401367
56.112667083740234
53.69949722290039
56.030635833740234
64.19219970703125
40.862205505371094
47.59408187866211
51.217987060546875
49.96908950805664
43.65341567993164
71.0388412475586
38.50822067260742
17.557212829589844
22.445140838623047
45.16508483886719
43.4175910949707
56.927093505859375
65.80442810058594
28.363649368286133
57.01822280883789
48.075130462646484
68.97987365722656
36.446502685546875
24.36098289489746
52.63588333129883
42.15544891357422
42.811767578125
34.631935119628906
83.42684936523438
41.908935546875
57.91767120361328
56.328582763671875
48.28078842163086
42.50593948364258
32.157020568847656
47.73831558227539
31.910173416137695
42.55647277832031
59.271240234375
47.5499267578125
35.99208068847656
92.09797668457031
41.948341369628906
41.42100524902344
45.312171936035156
49.83510971069336
57.99140548706055
47.109893798828125
45.85385513305664
47.54010009765625
25.256431579589844
26.710535049438477
30.069656372070312
37.58995056152344
54.622100830078125
51.20315933227539
50.895591735839844
73.4642105102539
20.415748596191406
54.60541534423828
35.36324691772461
67.89271545410156
40.589847564697266
49.021053314208984
73.7296142578125
39.32920455932617
67.43895721435547
68.45527648925781
49.263553619384766
43.68465805053711
72.67852020263672
42.71518325805664
54.87588882446289
23.127714157104492
68.55587768554688
15.321711540222168
42.98933792114258
89.64088439941406
26.77532386779785
57.70869445800781
64.32807922363281
67.16692352294922
39.52155303955078
51.72837448120117
59.784507751464844
38.18059158325195
52.984214782714844
44.86600112915039
71.42387390136719
66.5941390991211
46.93609619140625
67.4168930053711
49.555137634277344
72.66374206542969
71.63134002685547
37.57595443725586
47.31593704223633
43.660972595214844
55.279136657714844
66.36860656738281
57.15890884399414
62.10493850708008
56.81278991699219
50.01639938354492
18.31281089782715
67.86833953857422
39.66618728637695
53.21468734741211
21.79759407043457
14.230918884277344
46.20744705200195
63.63780212402344
54.0048942565918
67.9193115234375
81.76084899902344
82.84935760498047
67.31439208984375
22.097856521606445
41.237998962402344
35.50117111206055
48.066619873046875
83.21427917480469
69.20571899414062
61.38932800292969
48.75141906738281
70.87223815917969
40.83979415893555
74.93742370605469
62.39506912231445
84.03502655029297
52.3636360168457
44.444190979003906
47.17698287963867
31.709182739257812
41.18524932861328
53.938167572021484
63.60090637207031
48.572425842285156
19.182405471801758
65.44808959960938
68.00843048095703
71.37687683105469
42.46419906616211
37.797271728515625
41.497047424316406
56.30231857299805
45.05704879760742
64.90672302246094
71.98140716552734
85.19902038574219
63.02714920043945
49.550785064697266
26.969802856445312
50.30961608886719
51.990116119384766
23.139474868774414
56.25559616088867
57.3207893371582
33.013999938964844
59.72122573852539
39.58795166015625
25.508188247680664
86.8401870727539
79.40608215332031
27.752328872680664
45.91473388671875
18.99491310119629
44.64882278442383
53.53593063354492
49.662620544433594
45.319759368896484
63.61741638183594
55.88310241699219
36.07227325439453
48.89234924316406
48.15058517456055
53.21427536010742
46.01454544067383
47.15557861328125
46.87165832519531
35.44639587402344
40.20720291137695
53.06291580200195
36.469913482666016
34.439064025878906
65.8597640991211
17.264728546142578
66.479248046875
21.046964645385742
71.1041030883789
72.62509155273438
72.20003509521484
57.811500549316406
34.123409271240234
73.95318603515625
38.46076965332031
18.628948211669922
56.92135238647461
36.75959396362305
23.427024841308594
59.67940139770508
45.833099365234375
35.78004455566406
50.60508728027344
43.05630874633789
49.64265060424805
80.61759948730469
41.46186447143555
31.429956436157227
40.26310348510742
38.05381393432617
53.25278091430664
68.7318115234375
50.87995147705078
47.276771545410156
64.7924575805664
60.61048889160156
35.923030853271484
39.829742431640625
41.23429489135742
40.03817367553711
54.75373077392578
71.06928253173828
31.75479507446289
55.12586212158203
57.74515151977539
54.39505386352539
31.201204299926758
78.66573333740234
69.08483123779297
73.8253402709961
27.34744644165039
12.779576301574707
30.984737396240234
31.44904899597168
88.97937774658203
34.840248107910156
67.88673400878906
61.048458099365234
36.314815521240234
29.721799850463867
65.49217987060547
48.459259033203125
44.629638671875
50.889129638671875
48.461246490478516
78.64654541015625
48.32979965209961
62.41115951538086
53.22293472290039
46.617916107177734
73.19215393066406
59.82426452636719
25.873226165771484
35.44425582885742
87.35430145263672
22.746814727783203
23.781646728515625
65.35698699951172
36.57356643676758
49.898712158203125
45.12154769897461
30.960895538330078
42.29301071166992
45.2297248840332
35.57418441772461
40.40162658691406
52.23491668701172
21.07581329345703
51.449153900146484
86.52101135253906
42.94363021850586
57.27497482299805
48.05881881713867
47.79106903076172
30.05938720703125
54.99079895019531
39.55937576293945
28.575706481933594
33.37933349609375
44.89637756347656
56.43918991088867
59.862388610839844
50.8078727722168
53.6771125793457
37.12785720825195
34.37648010253906
63.56148147583008
53.04545211791992
14.537812232971191
47.3123664855957
30.523853302001953
38.49115753173828
46.11257553100586
40.63996124267578
75.1152572631836
51.5258903503418
67.65889739990234
44.84352493286133
40.72466278076172
63.41519546508789
51.664344787597656
38.76101303100586
42.18475341796875
41.83642578125
52.058433532714844
92.53132629394531
30.771198272705078
52.534263610839844
48.44926834106445
31.47595977783203
66.71695709228516
35.84918212890625
53.26741409301758
45.542266845703125
67.97894287109375
37.18450164794922
45.22899627685547
30.4129581451416
73.1280288696289
21.532957077026367
49.466514587402344
32.496028900146484
51.355804443359375
49.77479553222656
69.70903015136719
67.5340576171875
67.7811050415039
46.02247619628906
59.98802947998047
9.855337142944336
52.34297180175781
40.54566192626953
50.59164047241211
34.07647705078125
69.84800720214844
71.3901596069336
41.30177688598633
39.02473449707031
24.211963653564453
49.41984176635742
36.0633544921875
45.22225570678711
37.239078521728516
71.1195068359375
70.31295776367188
59.17595672607422
81.3423080444336
40.6925163269043
46.86014938354492
36.97072219848633
70.19808959960938
45.1414909362793
51.74309158325195
67.68351745605469
33.06414031982422
28.62254524230957
42.89699935913086
58.23733901977539
95.9653549194336
68.7389144897461
51.34971618652344
92.07231140136719
31.77657699584961
65.60039520263672
36.05303955078125
59.435062408447266
49.73296356201172
29.792314529418945
21.092117309570312
38.026512145996094
56.04253387451172
47.93860626220703
34.17890930175781
34.12580871582031
44.93936538696289
60.30613327026367
90.89446258544922
52.53855514526367
55.24909973144531
47.1768913269043
25.347841262817383
37.54098129272461
66.0909652709961
46.51973342895508
20.487947463989258
70.67945861816406
60.58082580566406
54.82509994506836
53.662841796875
9.870927810668945
75.8907699584961
42.13629150390625
54.92860794067383
49.849124908447266
37.424034118652344
48.02277374267578
61.17938995361328
51.796875
59.27608871459961
43.46135330200195
19.92657470703125
63.30519485473633
58.80790328979492
73.22406768798828
57.63956069946289
41.25907897949219
59.005104064941406
41.142601013183594
70.10872650146484
55.83924865722656
90.90227508544922
23.279172897338867
41.44478225708008
61.53288269042969
31.94788360595703
61.135494232177734
65.03722381591797
62.62425231933594
19.68580436706543
41.47872543334961
55.6600341796875
49.127296447753906
23.450233459472656
44.9781494140625
30.792436599731445
56.43280792236328
47.239654541015625
21.036090850830078
33.639469146728516
39.91358184814453
23.65521240234375
71.68827056884766
48.252838134765625
76.36017608642578
53.84498977661133
37.68132781982422
48.148277282714844
9.309393882751465
47.27012252807617
73.68812561035156
36.49664306640625
9.371881484985352
77.48838806152344
25.605077743530273
37.28019332885742
79.98389434814453
71.39026641845703
42.94381332397461
66.02867126464844
20.62374496459961
32.41218566894531
58.87959289550781
55.593360900878906
83.36338806152344
54.134727478027344
52.143131256103516
60.297054290771484
69.39678192138672
24.951217651367188
68.63109588623047
67.62765502929688
72.46826934814453
51.980831146240234
38.14204406738281
42.70282745361328
40.031612396240234
65.83944702148438
52.00404739379883
39.3986930847168
41.88268280029297
33.24200439453125
49.07550811767578
58.7728385925293
46.44515609741211
19.384624481201172
49.80414581298828
55.77200698852539
44.70945739746094
56.1549072265625
25.550724029541016
53.393028259277344
47.45819091796875
37.439056396484375
63.38873291015625
36.78718566894531
20.392797470092773
41.65958023071289
43.23927688598633
39.533538818359375
60.00020217895508
60.77962112426758
73.2109603881836
25.976242065429688
67.80985260009766
27.186315536499023
74.49736022949219
35.72208023071289
47.996673583984375
62.563926696777344
64.3185806274414
58.336082458496094
63.76406478881836
73.87496185302734
59.84669494628906
30.686620712280273
39.4798469543457
53.3934326171875
67.09718322753906
34.59183883666992
57.858829498291016
49.913490295410156
23.018970489501953
25.772335052490234
75.92459869384766
46.5079345703125
48.27567672729492
35.5838623046875
51.84592819213867
55.03644943237305
23.724720001220703
62.21990966796875
49.06285858154297
18.039737701416016
70.0261001586914
55.19606399536133
55.30988311767578
24.954309463500977
53.06968307495117
74.40088653564453
51.16019821166992
70.7762680053711
44.115360260009766
43.03032302856445
41.35831832885742
14.951208114624023
69.40927124023438
38.20769500732422
59.72161102294922
29.586292266845703
47.570186614990234
29.720808029174805
43.903953552246094
37.23479080200195
60.64669418334961
68.26652526855469
17.980754852294922
21.256938934326172
42.30325698852539
20.33846092224121
54.62729263305664
19.610126495361328
38.03701400756836
47.34178924560547
54.0333366394043
44.32371139526367
25.955413818359375
63.40589904785156
50.366363525390625
47.96016311645508
55.20461654663086
34.64247512817383
68.63613891601562
52.35098648071289
47.74467086791992
45.37287521362305
67.86493682861328
53.590972900390625
83.75125122070312
84.26567840576172
28.63540267944336
56.052242279052734
33.16545867919922
37.22023010253906
62.70407485961914
62.87224578857422
58.075111389160156
81.39751434326172
28.971702575683594
52.884178161621094
50.37669372558594
22.838153839111328
41.86800765991211
49.263362884521484
38.840972900390625
16.852718353271484
58.093929290771484
55.3940315246582
68.04000854492188
48.41191864013672
24.52875328063965
47.40678787231445
58.59483337402344
61.25270462036133
57.48469161987305
25.26352882385254
33.31605529785156
36.24522018432617
49.74407196044922
48.913780212402344
40.63345718383789
57.746925354003906
49.43461608886719
38.73136901855469
53.305572509765625
66.45350646972656
37.80765151977539
68.6618423461914
46.26377868652344
57.21641540527344
29.41395378112793
86.45609283447266
55.36478042602539
41.49333190917969
50.57056427001953
58.27583312988281
52.726566314697266
45.5795783996582
46.531593322753906
55.98145294189453
45.11250305175781
45.628150939941406
75.86843872070312
34.48605728149414
60.454627990722656
74.63640594482422
31.80030632019043
56.46598815917969
69.00043487548828
33.7620849609375
31.13018035888672
52.703495025634766
35.456939697265625
52.2585334777832
39.15359878540039
13.969366073608398
47.30613327026367
49.22304916381836
59.07373809814453
53.436248779296875
42.547176361083984
35.32366943359375
45.6118049621582
48.451080322265625
43.200439453125
25.605369567871094
62.1696891784668
37.49824142456055
34.10874938964844
41.84215545654297
65.37162780761719
51.07773971557617
29.490026473999023
71.94402313232422
31.387739181518555
67.6799087524414
71.56873321533203
39.964698791503906
49.47859191894531
53.1043701171875
60.57429885864258
39.49197006225586
36.57071304321289
48.002525329589844
77.01732635498047
55.30237579345703
77.44451904296875
59.88407516479492
35.82362365722656
50.696956634521484
62.63443374633789
34.31193542480469
37.22629165649414
54.09370803833008
49.98077392578125
13.477533340454102
45.331581115722656
37.43826675415039
64.02254486083984
58.58732986450195
46.43815231323242
49.511192321777344
25.03679656982422
53.02948760986328
18.880287170410156
37.89837646484375
69.91480255126953
89.93896484375
40.895835876464844
46.50761032104492
80.317138671875
21.959115982055664
61.59129333496094
51.21989059448242
28.464754104614258
40.328651428222656
39.282161712646484
59.257057189941406
73.29940795898438
52.339317321777344
30.00248908996582
37.44332504272461
37.23125457763672
39.382240295410156
39.88505935668945
14.633855819702148
45.36445236206055
56.09542465209961
51.008934020996094
4.091763019561768
49.81026077270508
38.401817321777344
70.61334991455078
57.75502395629883
46.770751953125
28.666423797607422
19.38764190673828
44.90803527832031
30.316389083862305
26.35516357421875
79.33934783935547
45.18003845214844
21.704099655151367
22.276329040527344
65.47196960449219
46.876495361328125
84.59527587890625
60.66593551635742
37.57410430908203
42.57243728637695
92.52462005615234
42.23323059082031
49.30440902709961
42.728126525878906
47.11725997924805
59.72468948364258
68.46627807617188
55.25625991821289
43.84608459472656
54.07444381713867
46.040802001953125
22.660058975219727
54.62126159667969
28.566822052001953
43.371849060058594
61.926334381103516
53.56296920776367
73.42003631591797
69.09013366699219
69.712890625
32.81541061401367
45.72576904296875
74.45584106445312
32.509822845458984
74.67542266845703
34.12806701660156
37.41935729980469
45.860618591308594
31.673503875732422
38.49952697753906
25.95688247680664
52.19289779663086
47.49309539794922
31.199934005737305
32.68720626831055
61.59272766113281
54.27619552612305
40.11974334716797
48.26407241821289
70.29703521728516
58.333255767822266
39.13490295410156
32.580997467041016
65.00723266601562
71.20889282226562
45.449737548828125
80.46715545654297
28.2554931640625
58.62168884277344
68.96979522705078
51.14950180053711
42.29325866699219
29.213186264038086
44.98722839355469
39.675209045410156
58.54640197753906
31.07758140563965
47.448490142822266
33.66006851196289
78.59544372558594
32.48907470703125
84.88398742675781
62.19222640991211
64.8623046875
84.702880859375
38.08391189575195
36.81525802612305
43.77082443237305
74.03379821777344
48.46031951904297
44.77412033081055
36.105899810791016
33.20970916748047
54.468910217285156
49.59576416015625
22.16484832763672
38.935691833496094
34.317962646484375
47.35123825073242
50.97469711303711
54.62092971801758
48.92607116699219
60.20801544189453
73.12344360351562
35.7646369934082
53.76691818237305
40.32394790649414
45.62053298950195
66.57856750488281
50.30801773071289
28.19361114501953
82.72801971435547
41.977420806884766
63.089324951171875
53.700889587402344
29.65371322631836
52.114715576171875
46.23572540283203
45.6827507019043
69.45037078857422
44.07295608520508
57.1767692565918
30.227493286132812
16.16246223449707
30.8721923828125
35.65764236450195
46.86658477783203
52.386436462402344
74.3685073852539
42.412845611572266
60.65415573120117
64.0988540649414
42.75362777709961
32.60158157348633
61.96841812133789
30.09547996520996
51.63599395751953
45.416603088378906
69.64891815185547
33.378902435302734
46.14049530029297
44.97618103027344
72.61705780029297
38.48187255859375
69.89429473876953
20.73208236694336
52.14133071899414
82.64694213867188
26.947296142578125
29.739885330200195
50.715660095214844
28.532299041748047
82.15765380859375
58.12769317626953
45.2747802734375
68.03646850585938
69.11363983154297
28.232065200805664
62.9994010925293
30.852397918701172
66.08110046386719
69.90308380126953
34.10401153564453
71.92021942138672
21.696775436401367
55.61533737182617
48.974552154541016
46.92036437988281
64.30628967285156
62.64262390136719
54.85139846801758
37.46382141113281
78.4203109741211
44.8911018371582
44.89821243286133
39.49766540527344
53.411293029785156
61.37522506713867
54.08094024658203
54.592933654785156
65.63490295410156
21.521560668945312
34.76985168457031
75.2333755493164
66.40259552001953
6.193904876708984
33.11476516723633
31.41787338256836
11.249831199645996
70.64328002929688
52.8134765625
29.081218719482422
60.060569763183594
45.37052917480469
18.854755401611328
58.21337127685547
44.648460388183594
77.10797119140625
27.81581687927246
42.360740661621094
44.00212097167969
46.60112762451172
48.10175704956055
41.15234375
28.940114974975586
25.72248077392578
55.63315963745117
59.86927032470703
39.032283782958984
42.55104064941406
29.363628387451172
30.924989700317383
73.63690948486328
54.59891128540039
57.02518081665039
65.23607635498047
50.738582611083984
37.45394515991211
69.44513702392578
66.02677917480469
72.16529083251953
33.34269332885742
64.36336517333984
13.6679105758667
64.45166015625
50.21068572998047
37.203433990478516
52.434852600097656
85.56656646728516
29.661291122436523
84.45038604736328
80.1667709350586
50.44993209838867
23.36528778076172
46.27690505981445
45.323299407958984
41.67295455932617
44.267520904541016
57.36299133300781
24.50214958190918
46.02637481689453
40.09931182861328
50.2023811340332
30.22775650024414
33.200294494628906
17.18012046813965
26.17627716064453
49.29960632324219
44.76264190673828
52.48454666137695
55.420162200927734
35.721038818359375
67.43193817138672
62.2686767578125
46.47390365600586
68.37621307373047
51.99607467651367
57.883304595947266
40.63557434082031
28.124727249145508
48.14088439941406
64.76425170898438
29.724519729614258
40.709014892578125
29.295379638671875
33.98322677612305
40.6242790222168
31.38956642150879
63.34560775756836
53.44321060180664
67.3224868774414
33.414634704589844
41.392555236816406
36.87126541137695
32.93102264404297
42.98169708251953
47.44221878051758
41.708499908447266
51.66649627685547
37.46763229370117
38.28083801269531
41.85750961303711
50.0970344543457
55.20582962036133
58.81166458129883
38.154422760009766
68.32035827636719
42.621829986572266
39.36591339111328
64.86395263671875
23.464744567871094
65.4068374633789
42.5390510559082
43.45827865600586
62.745216369628906
48.59730529785156
53.75345993041992
62.483219146728516
61.7105712890625
59.0223388671875
43.664268493652344
43.722904205322266
23.828880310058594
37.50965118408203
60.93019485473633
25.90778923034668
37.85723114013672
36.833709716796875
47.180118560791016
69.81812286376953
63.593994140625
18.646974563598633
35.74782943725586
43.968238830566406
35.355079650878906
51.94575500488281
33.431175231933594
47.57118606567383
25.828426361083984
44.7295036315918
77.76493835449219
57.53933334350586
47.05056381225586
31.937833786010742
34.182655334472656
68.3794937133789
38.218666076660156
64.90743255615234
76.35107421875
39.03927230834961
59.760494232177734
45.46113967895508
56.25524139404297
71.7893295288086
49.26048278808594
55.6361198425293
50.117713928222656
23.197973251342773
39.955078125
32.94571304321289
60.03516387939453
69.51547241210938
64.57872009277344
44.17850112915039
30.1261043548584
69.2811508178711
57.262718200683594
50.90253448486328
82.65100860595703
48.91020965576172
90.16265106201172
68.80268859863281
52.1015625
51.359947204589844
65.39655303955078
45.71712112426758
61.596988677978516
67.00092315673828
41.55108642578125
68.43470001220703
57.32106399536133
27.060062408447266
40.77146911621094
65.04988098144531
40.58009338378906
37.16447830200195
44.48828887939453
29.771163940429688
40.246036529541016
35.97340774536133
52.12936782836914
58.08420944213867
82.84522247314453
39.38750076293945
60.158748626708984
79.06810760498047
20.181001663208008
80.01081085205078
40.99211120605469
41.79069137573242
23.17535972595215
32.37691879272461
66.13384246826172
40.7803955078125
39.2120246887207
33.443389892578125
59.65102767944336
39.12521743774414
66.0781478881836
17.260969161987305
56.594173431396484
33.8299674987793
42.969783782958984
45.84757614135742
54.996028900146484
62.10271072387695
61.95498275756836
47.65521240234375
67.78044891357422
36.69609069824219
50.1190071105957
57.52359390258789
70.7611312866211
61.738494873046875
38.2769775390625
29.468442916870117
53.68198013305664
77.52681732177734
38.579132080078125
29.464195251464844
40.55025100708008
26.742605209350586
19.81496238708496
49.79600524902344
43.54456329345703
62.6121940612793
57.01020812988281
34.360450744628906
57.545982360839844
48.38337326049805
29.43596649169922
63.6951789855957
69.47760772705078
29.91575813293457
44.99076461791992
45.10649871826172
56.24565887451172
79.23308563232422
68.09162139892578
67.75940704345703
42.42444610595703
57.390743255615234
36.15175247192383
47.25982666015625
33.02479934692383
68.20771026611328
55.54148483276367
77.77693176269531
66.48998260498047
65.11836242675781
38.799354553222656
54.35414505004883
31.36760139465332
41.19751739501953
44.699737548828125
61.51567077636719
57.117618560791016
54.494083404541016
48.456668853759766
32.763206481933594
21.50937271118164
74.6568374633789
43.463623046875
73.45539093017578
55.30474090576172
42.810768127441406
22.5629940032959
61.735836029052734
70.4779281616211
66.9266357421875
46.76972579956055
46.73203659057617
39.34834289550781
59.54609680175781
63.92112350463867
37.59743881225586
39.30665588378906
34.365936279296875
58.807029724121094
19.494239807128906
32.283870697021484
43.790828704833984
64.45664978027344
53.9370231628418
72.19737243652344
54.313812255859375
65.54261016845703
53.92684555053711
44.225093841552734
62.12225341796875
38.51032638549805
57.41299057006836
39.9249267578125
52.80229187011719
97.3817138671875
49.15212631225586
57.47355651855469
77.37052917480469
44.08793258666992
55.25281524658203
67.54703521728516
41.15713882446289
40.60942077636719
38.70423126220703
46.855369567871094
63.83768081665039
56.60879135131836
14.830497741699219
34.03166961669922
24.89732551574707
16.915542602539062
32.941959381103516
45.973548889160156
53.50117874145508
60.152427673339844
35.40473175048828
54.22837829589844
32.51396560668945
58.022438049316406
21.531949996948242
48.90960693359375
79.23756408691406
3.9789841175079346
71.13179016113281
67.25975799560547
35.439395904541016
45.76390838623047
42.452091217041016
63.9090461730957
45.916439056396484
58.4330940246582
37.28591537475586
57.56770324707031
61.62471389770508
43.8178825378418
68.18376159667969
41.68485641479492
22.29770851135254
30.869991302490234
43.256412506103516
37.776241302490234
27.589599609375
83.45254516601562
75.48141479492188
85.9286880493164
36.87601089477539
30.572420120239258
41.243343353271484
61.77310562133789
53.694679260253906
38.966819763183594
72.15533447265625
35.71726608276367
47.31806182861328
37.82522964477539
62.34515380859375
48.61859130859375
59.446842193603516
35.935237884521484
23.425172805786133
25.32087516784668
26.060832977294922
79.0346908569336
47.953956604003906
23.6932315826416
76.10935974121094
65.14253997802734
43.76306915283203
67.21498107910156
46.7872428894043
44.603187561035156
58.465145111083984
55.570682525634766
61.31343460083008
45.71772003173828
57.31909942626953
29.64712142944336
53.59821319580078
37.103721618652344
40.44599533081055
62.824180603027344
58.250762939453125
37.764068603515625
54.45306396484375
59.19268798828125
26.285730361938477
52.296165466308594
52.320858001708984
51.1880989074707
62.706512451171875
43.08332443237305
46.61695861816406
59.98492431640625
67.9076156616211
41.64923095703125
38.55319595336914
77.3906478881836
47.038230895996094
55.7868537902832
50.601749420166016
61.89638900756836
47.93815612792969
64.3965072631836
55.70436096191406
65.17900848388672
63.98169708251953
30.080730438232422
43.80520248413086
77.84103393554688
50.057716369628906
59.283321380615234
47.87236022949219
48.75247573852539
51.35498809814453
45.570091247558594
34.6424560546875
70.41687774658203
29.35161590576172
37.125125885009766
48.275630950927734
37.231876373291016
45.9730110168457
21.967140197753906
29.661418914794922
40.73406219482422
44.462684631347656
24.053007125854492
29.546768188476562
60.12857437133789
49.99608612060547
42.44880294799805
74.0248031616211
42.90313720703125
49.95958709716797
60.95233154296875
46.81328582763672
53.39801788330078
60.68852615356445
59.89723587036133
34.09937286376953
44.76689529418945
44.358978271484375
48.960304260253906
32.992515563964844
50.712135314941406
51.3205451965332
30.727100372314453
44.43647384643555
35.90579605102539
35.856048583984375
76.07429504394531
33.41883087158203
50.55865478515625
28.72917938232422
30.617046356201172
65.9971923828125
59.74045181274414
62.749027252197266
33.380523681640625
61.01533889770508
30.862415313720703
61.794403076171875
44.928863525390625
50.337310791015625
40.403385162353516
62.295318603515625
69.0111083984375
47.182579040527344
19.965373992919922
38.598655700683594
27.540958404541016
59.1435661315918
70.00814819335938
54.40385437011719
55.56718444824219
63.00691223144531
43.79124450683594
54.20539855957031
37.061607360839844
28.699039459228516
72.6009750366211
45.505523681640625
53.35761642456055
56.79662322998047
25.634279251098633
51.54527282714844
65.29656982421875
42.77296829223633
29.142427444458008
54.62263488769531
43.426116943359375
42.784488677978516
74.68315124511719
91.15143585205078
37.721553802490234
64.04572296142578
64.9986572265625
73.3958740234375
43.85905838012695
71.35826110839844
48.596153259277344
45.596519470214844
59.8790168762207
77.13941955566406
54.9614143371582
24.416486740112305
56.606292724609375
52.04484176635742
52.22843551635742
52.54413986206055
34.12133026123047
45.667457580566406
65.67137908935547
60.26630783081055
35.6733283996582
57.887203216552734
61.98134231567383
8.704207420349121
55.55673599243164
69.45337677001953
50.88908386230469
83.1405029296875
45.8991813659668
48.090694427490234
59.315345764160156
53.29725646972656
52.589996337890625
67.85041809082031
52.98030090332031
65.7906723022461
43.298858642578125
38.473663330078125
84.5140151977539
66.95098114013672
71.68799591064453
58.46662521362305
63.31889343261719
63.4694709777832
32.2269401550293
44.65938186645508
50.08933639526367
34.89656448364258
47.79315948486328
76.5594482421875
34.604522705078125
67.13847351074219
29.85010528564453
44.956932067871094
53.15476608276367
29.73790168762207
49.69558334350586
54.99728775024414
47.991859436035156
31.456119537353516
25.466093063354492
71.83987426757812
49.67055130004883
64.28865814208984
62.63862228393555
55.79159927368164
44.73476791381836
14.191726684570312
33.52260971069336
29.117820739746094
29.75486946105957
54.2616081237793
51.45890426635742
62.96546936035156
74.19109344482422
39.50062942504883
52.28852081298828
35.56371307373047
30.024633407592773
36.274818420410156
51.70028305053711
65.60089111328125
73.79846954345703
28.17946434020996
34.265472412109375
26.877880096435547
31.75775718688965
43.2119255065918
53.05195999145508
45.467342376708984
33.80089569091797
60.83225631713867
62.539283752441406
51.954288482666016
41.85069274902344
60.04659652709961
41.4024658203125
31.141620635986328
52.44655227661133
68.90668487548828
37.03614807128906
27.68212127685547
42.14731216430664
54.910579681396484
36.365562438964844
38.967098236083984
19.91103172302246
66.48677062988281
65.98686981201172
86.88188171386719
70.03791809082031
55.64386749267578
40.41343688964844
66.49313354492188
46.31873321533203
105.0732421875
44.208744049072266
21.2354736328125
24.08833885192871
27.36803436279297
40.947509765625
53.1071891784668
27.736427307128906
42.3058967590332
32.61253356933594
55.52645492553711
55.815338134765625
38.346046447753906
42.55250549316406
40.70285415649414
63.638336181640625
66.18492889404297
53.62645721435547
43.87653350830078
33.28145217895508
40.67167663574219
51.691192626953125
75.71621704101562
54.544776916503906
44.52703857421875
81.15805053710938
68.62045288085938
54.408905029296875
75.76668548583984
63.19219970703125
34.693546295166016
55.782081604003906
74.16114044189453
45.32390594482422
49.829627990722656
37.86725997924805
53.88945770263672
31.702674865722656
24.607614517211914
87.52021026611328
54.87222671508789
53.91873550415039
38.842952728271484
68.66954803466797
36.67874526977539
35.23340606689453
67.43190002441406
57.20149230957031
37.358680725097656
62.968318939208984
49.911468505859375
39.80482864379883
61.64899444580078
32.649757385253906
33.32942199707031
52.541107177734375
47.690673828125
47.45609664916992
44.070865631103516
66.24700927734375
56.59294891357422
48.81578063964844
75.1643295288086
36.078983306884766
48.7727165222168
78.1339340209961
25.165496826171875
54.31943893432617
50.62532424926758
50.399253845214844
35.99370574951172
51.07877731323242
40.31489181518555
59.69908142089844
35.67634963989258
26.384014129638672
56.094444274902344
33.61294937133789
40.98622131347656
58.673988342285156
55.804264068603516
94.66551971435547
31.712814331054688
88.32896423339844
53.7909049987793
61.831031799316406
40.384490966796875
52.18505859375
31.34048843383789
52.340450286865234
31.529340744018555
15.814702987670898
42.17091751098633
49.11960983276367
50.3768196105957
44.30100631713867
38.00531768798828
52.606075286865234
33.2259407043457
45.42390441894531
43.835296630859375
42.30942153930664
54.71080017089844
32.10680389404297
54.52947998046875
51.1937255859375
59.146297454833984
52.949893951416016
53.16780090332031
55.57160568237305
48.798370361328125
43.69729232788086
45.54826736450195
69.10606384277344
54.20588302612305
52.60725021362305
46.47002029418945
36.62225341796875
52.35210037231445
70.08377838134766
41.5589599609375
56.9576301574707
49.03417205810547
32.16130828857422
56.929054260253906
58.29209899902344
38.53009796142578
42.55402374267578
23.033390045166016
60.215919494628906
42.38401794433594
36.37329864501953
82.10517120361328
45.85755920410156
46.59807205200195
46.45521545410156
36.69284439086914
61.12458801269531
59.97456741333008
62.137935638427734
51.42821502685547
54.107540130615234
51.375831604003906
66.84070587158203
49.510169982910156
53.71284484863281
45.10133743286133
40.25587463378906
32.386627197265625
69.1725082397461
64.90679168701172
28.77958869934082
44.62086486816406
45.848243713378906
45.02346420288086
59.91997146606445
61.27227783203125
45.17137145996094
51.06120681762695
38.71063232421875
57.98511505126953
53.93739318847656
34.737239837646484
64.74016571044922
34.136932373046875
27.47085952758789
51.70993423461914
44.866180419921875
38.418460845947266
29.37183952331543
31.620872497558594
45.20176696777344
46.529747009277344
29.017364501953125
52.76536560058594
53.203941345214844
24.37198829650879
58.7659912109375
49.654510498046875
27.377246856689453
49.743656158447266
47.787899017333984
54.31418228149414
59.92439270019531
18.996023178100586
20.45476722717285
47.11155319213867
40.15644073486328
32.645179748535156
53.598655700683594
40.41689682006836
52.75890350341797
53.934471130371094
39.20600509643555
36.7733268737793
38.26699447631836
13.713799476623535
24.71129035949707
41.06092071533203
29.017379760742188
62.422523498535156
50.18433380126953
60.33844757080078
77.98838806152344
36.60091018676758
41.804176330566406
57.15422821044922
61.0521354675293
35.52174377441406
47.68427276611328
46.36740493774414
57.19667053222656
59.07688903808594
33.48521041870117
56.40032196044922
31.679750442504883
59.09971237182617
51.24905014038086
27.530061721801758
49.25975799560547
62.113426208496094
41.94892883300781
46.905582427978516
70.3298110961914
63.582332611083984
55.118221282958984
41.91590881347656
52.79310989379883
34.4461784362793
59.443359375
50.40457534790039
40.79762649536133
22.177997589111328
54.01638412475586
42.476078033447266
47.38999938964844
50.10426330566406
28.124361038208008
49.03199005126953
31.50111198425293
68.3257827758789
41.65673065185547
59.05922317504883
32.36629867553711
24.163686752319336
62.536033630371094
55.005680084228516
65.63325500488281
26.225034713745117
47.920894622802734
44.442020416259766
28.767019271850586
58.98768615722656
35.88722610473633
27.61624526977539
26.37763214111328
70.0023193359375
55.42704772949219
40.166587829589844
55.4207649230957
65.3736572265625
67.34708404541016
61.07645034790039
56.72720718383789
64.18057250976562
73.58184814453125
36.077491760253906
52.03752899169922
91.43138885498047
66.50177764892578
33.92729568481445
59.879478454589844
28.049306869506836
18.966703414916992
53.07188034057617
37.34841537475586
41.85447311401367
53.31705093383789
58.609519958496094
63.31480026245117
43.971336364746094
58.6779899597168
37.58056640625
66.54500579833984
74.26368713378906
78.63964080810547
43.09510803222656
64.55026245117188
63.61671447753906
29.396299362182617
71.3229751586914
24.17316436767578
47.94226837158203
89.8058090209961
78.75531768798828
53.29359817504883
58.38637924194336
50.90673065185547
41.67605209350586
35.82891082763672
42.34467315673828
39.009891510009766
61.18525695800781
56.75506591796875
37.784053802490234
36.17958450317383
44.5239143371582
31.04273223876953
57.05168533325195
50.656490325927734
71.86136627197266
48.24641799926758
47.529788970947266
28.628259658813477
47.31520080566406
45.46908187866211
70.36328125
79.43257904052734
45.558738708496094
29.47891616821289
49.88148880004883
60.03892517089844
39.90456008911133
47.05767059326172
60.581111907958984
63.69717025756836
53.282752990722656
67.0438232421875
52.850589752197266
47.12079620361328
31.204212188720703
71.25988006591797
43.238624572753906
68.4876708984375
36.89411926269531
34.942649841308594
40.25029373168945
56.517948150634766
61.799339294433594
33.68926239013672
31.091005325317383
74.05876159667969
72.59815216064453
58.498291015625
40.37155532836914
37.178192138671875
51.61247253417969
52.59945297241211
91.797607421875
50.19956588745117
60.00001525878906
40.270206451416016
44.88835144042969
51.663917541503906
47.721351623535156
64.604736328125
39.278953552246094
44.78785705566406
68.6861572265625
20.995994567871094
62.06156921386719
41.968040466308594
20.68526268005371
58.37179183959961
42.91902542114258
38.42750549316406
50.77625274658203
37.28948974609375
56.715240478515625
19.33713722229004
59.4232177734375
50.3275260925293
65.18146514892578
40.20832443237305
34.282413482666016
60.46566390991211
64.82413482666016
24.719194412231445
46.380455017089844
59.129486083984375
48.13379669189453
32.40640640258789
29.249181747436523
20.938013076782227
53.334598541259766
33.19157409667969
56.950504302978516
62.61186981201172
37.77142333984375
53.92461395263672
54.25356674194336
36.783103942871094
74.64402770996094
64.72335052490234
73.76155090332031
37.63164520263672
40.809776306152344
36.226280212402344
53.77082061767578
18.45118522644043
52.903568267822266
23.859830856323242
43.39462661743164
38.12603759765625
43.48845672607422
87.14543151855469
53.235877990722656
23.633365631103516
57.01801300048828
46.35169219970703
59.032630920410156
59.31855773925781
27.523536682128906
44.85388946533203
34.67905044555664
55.371376037597656
36.67303466796875
34.09327697753906
59.0290641784668
56.095672607421875
56.73117446899414
49.65475082397461
61.29640579223633
64.99834442138672
48.995697021484375
59.60544967651367
48.80094909667969
49.262752532958984
36.96403503417969
60.41045379638672
76.83805084228516
51.70384216308594
39.03371810913086
62.76180648803711
59.5055046081543
17.32793617248535
60.75358200073242
49.30290222167969
52.417869567871094
60.68558120727539
58.44245529174805
51.517635345458984
34.237831115722656
59.64498519897461
49.00374984741211
46.71546173095703
44.88250732421875
56.123477935791016
74.42227172851562
55.61443328857422
61.96568298339844
30.404691696166992
39.63206100463867
25.046384811401367
44.907867431640625
78.07762145996094
58.78386306762695
49.71142578125
39.14718246459961
36.431644439697266
40.195682525634766
39.740020751953125
66.81470489501953
62.49504470825195
48.04965591430664
36.00613021850586
55.07777786254883
38.723388671875
46.584503173828125
66.21918487548828
52.850311279296875
63.19281768798828
70.70109558105469
30.29142189025879
32.8221321105957
86.6134262084961
55.21829605102539
38.11038589477539
61.92621612548828
54.60915756225586
61.622894287109375
41.208396911621094
23.238311767578125
42.58900451660156
67.42527770996094
66.23213195800781
46.2783088684082
48.65365982055664
28.604747772216797
60.22797775268555
56.70269012451172
30.38652229309082
53.10658264160156
73.02188873291016
48.70879364013672
63.259437561035156
22.52837371826172
74.1695785522461
52.33133316040039
63.75163650512695
86.84080505371094
48.6399040222168
45.82614517211914
55.530242919921875
37.976200103759766
33.208580017089844
80.439697265625
63.16862106323242
56.30064010620117
49.191741943359375
32.355899810791016
52.53555679321289
39.09037399291992
46.10624694824219
58.30177307128906
53.34093475341797
37.08772659301758
54.121437072753906
55.35758590698242
23.962234497070312
65.55479431152344
65.99567413330078
59.65036392211914
67.23973846435547
46.627620697021484
49.33262252807617
30.919466018676758
45.4174919128418
75.7030258178711
34.84064865112305
63.838279724121094
19.493122100830078
77.31427001953125
57.202884674072266
50.190345764160156
33.481346130371094
50.4085693359375
34.3652458190918
40.1424674987793
50.729427337646484
47.64445877075195
75.63700866699219
23.243408203125
29.57919692993164
48.720252990722656
12.393795013427734
45.79771041870117
33.48737335205078
97.13221740722656
50.92050552368164
28.736841201782227
53.841121673583984
36.42917251586914
49.526851654052734
61.13005828857422
35.21297836303711
64.44573211669922
33.91658401489258
52.538753509521484
84.56883239746094
50.586509704589844
59.93077850341797
44.085716247558594
78.70475769042969
35.05640411376953
27.25395965576172
40.15178298950195
47.288936614990234
75.73689270019531
56.84984588623047
32.67918395996094
60.59844970703125
55.92026138305664
57.05720138549805
26.27332878112793
24.99558448791504
58.38624954223633
53.1828727722168
80.39836883544922
40.5260124206543
75.6034164428711
61.2557487487793
44.15354537963867
70.7814712524414
46.79134750366211
73.4522476196289
36.008243560791016
30.980003356933594
63.92323684692383
42.37458038330078
50.50767135620117
54.85127639770508
59.61995315551758
68.55255889892578
60.75105667114258
42.988040924072266
64.86809539794922
33.16905212402344
30.34446144104004
33.06285095214844
55.78984832763672
50.87995529174805
53.51700210571289
39.03374481201172
34.59116744995117
33.47233581542969
34.931148529052734
45.26093673706055
49.56919479370117
66.18374633789062
37.03759765625
33.903404235839844
53.31635665893555
17.16661834716797
28.780078887939453
46.09132385253906
39.551513671875
52.49066162109375
66.72642517089844
52.94788360595703
47.771854400634766
6.0434184074401855
29.923885345458984
45.621578216552734
60.42030715942383
28.060653686523438
48.22073745727539
43.709625244140625
51.37575149536133
58.2181282043457
69.33232116699219
23.792245864868164
66.9874038696289
40.40932846069336
22.30365562438965
59.147457122802734
38.735015869140625
48.40793228149414
48.61542892456055
66.1072006225586
68.94414520263672
51.95795440673828
45.870452880859375
65.67469024658203
46.032310485839844
56.91077423095703
77.18729400634766
42.677486419677734
64.88872528076172
26.707685470581055
52.24707794189453
44.35121154785156
38.31416320800781
47.26236343383789
67.22872161865234
54.989784240722656
63.54533767700195
40.53501892089844
62.566612243652344
51.86532211303711
38.06758499145508
25.66704750061035
61.314353942871094
75.83956146240234
61.006282806396484
37.612205505371094
61.71617889404297
53.341941833496094
42.974056243896484
42.33531951904297
43.26423645019531
60.65456771850586
63.79440689086914
59.70649719238281
37.00400924682617
25.873483657836914
54.409854888916016
28.64175033569336
91.2523193359375
37.2481803894043
52.98399353027344
37.323272705078125
60.442840576171875
56.01161575317383
79.46308898925781
29.7365779876709
56.781951904296875
52.35380935668945
50.438480377197266
39.59317398071289
81.4569091796875
30.667512893676758
52.932640075683594
60.963687896728516
57.84438705444336
40.07318878173828
64.88179016113281
46.5082893371582
71.50224304199219
72.2744140625
57.60288619995117
80.72804260253906
64.53173828125
37.12584686279297
53.726749420166016
89.07746124267578
22.459508895874023
55.895572662353516
63.49026107788086
35.43763732910156
35.66250228881836
67.82487487792969
44.50310134887695
41.521888732910156
60.387939453125
58.676578521728516
58.71831130981445
37.404693603515625
54.96269989013672
38.023868560791016
47.370113372802734
35.463626861572266
81.6470947265625
46.07837677001953
70.23298645019531
31.368270874023438
79.45264434814453
54.9725341796875
55.6766357421875
64.06737518310547
8.734952926635742
68.5201644897461
18.418821334838867
57.57928466796875
29.409202575683594
46.22446823120117
38.09074020385742
52.671546936035156
54.031707763671875
53.79341125488281
46.46073913574219
47.658935546875
44.243736267089844
40.721168518066406
58.351478576660156
67.96121215820312
61.23308181762695
39.04133605957031
70.98770904541016
50.6895751953125
75.7088623046875
62.65135192871094
35.745479583740234
57.6137580871582
26.624309539794922
36.28813171386719
60.633033752441406
49.88903045654297
18.232421875
68.67625427246094
46.402549743652344
67.43437194824219
40.81184768676758
76.63874053955078
67.02676391601562
49.84966278076172
104.68060302734375
38.476131439208984
58.32040023803711
39.26966857910156
49.45468521118164
59.00835037231445
21.54374122619629
33.164085388183594
46.68813705444336
70.40229034423828
26.398605346679688
30.519550323486328
37.98469543457031
80.37012481689453
29.555334091186523
67.14562225341797
73.15606689453125
41.57357406616211
70.10552978515625
66.34097290039062
49.82406997680664
19.18564224243164
48.32904052734375
49.7305793762207
38.87693786621094
30.64681053161621
45.0362548828125
54.0611686706543
55.11396789550781
30.161840438842773
31.49017906188965
62.751670837402344
43.47119903564453
36.28289794921875
62.390357971191406
69.1543960571289
49.57710266113281
39.439422607421875
52.35748291015625
39.57899475097656
63.127925872802734
40.98069381713867
60.77977752685547
75.27642059326172
40.82149124145508
33.94620895385742
66.0612564086914
69.2236099243164
60.235965728759766
49.871822357177734
51.89326477050781
45.05467224121094
45.264530181884766
70.40795135498047
40.37533950805664
103.26766204833984
48.49230194091797
25.280256271362305
36.523658752441406
60.502872467041016
28.16484832763672
56.81892013549805
67.24432373046875
50.71047592163086
57.29090118408203
53.94775390625
71.85567474365234
84.23556518554688
77.19717407226562
17.100515365600586
55.486331939697266
58.37959289550781
47.46267318725586
50.35034942626953
38.48857116699219
55.080726623535156
66.25325775146484
56.04219436645508
45.58599090576172
33.86403274536133
27.280099868774414
44.99644470214844
70.59680938720703
27.647985458374023
24.461849212646484
30.93573760986328
65.95390319824219
38.90846633911133
43.7341194152832
56.16561508178711
54.22330856323242
50.781864166259766
22.7037353515625
50.148014068603516
30.378780364990234
70.57920837402344
35.193233489990234
42.867557525634766
47.46185302734375
22.38303565979004
113.21798706054688
45.62234878540039
48.82338333129883
100.76019287109375
32.95706558227539
70.67595672607422
58.380210876464844
32.15818786621094
65.52474212646484
56.057029724121094
66.536376953125
65.33662414550781
41.59340286254883
51.11070251464844
44.519371032714844
53.02058410644531
31.28180503845215
46.44478225708008
45.05375289916992
68.3808822631836
44.55752944946289
58.93130111694336
60.55210876464844
20.25928497314453
54.069915771484375
74.83808898925781
43.635826110839844
63.836769104003906
47.202816009521484
48.613399505615234
23.639554977416992
58.076995849609375
22.464048385620117
36.98017883300781
54.803775787353516
37.070430755615234
62.88011932373047
50.435611724853516
66.2567367553711
33.63277816772461
48.181884765625
52.33747863769531
33.49946594238281
63.21033477783203
36.898712158203125
17.67021369934082
41.181922912597656
56.021697998046875
50.0310173034668
52.965850830078125
52.27366638183594
61.116973876953125
45.93614959716797
50.338069915771484
39.30419921875
65.61360168457031
46.89340591430664
59.22806930541992
50.755435943603516
46.07611083984375
47.28463363647461
40.71363830566406
30.689844131469727
42.74872589111328
57.00914764404297
58.43046569824219
49.21152877807617
56.20921325683594
46.366580963134766
30.97095489501953
13.76789665222168
50.66916275024414
59.18379592895508
46.81403732299805
27.12137794494629
55.7088508605957
53.24795913696289
68.78885650634766
45.09461975097656
57.65834045410156
49.9837760925293
83.05403900146484
44.68893051147461
54.20218276977539
28.137033462524414
31.18657112121582
57.200931549072266
52.23482131958008
51.397003173828125
28.376968383789062
42.88841247558594
46.064300537109375
41.49644088745117
41.63288497924805
16.06241798400879
20.2985782623291
66.95512390136719
27.8785400390625
78.56930541992188
51.54026412963867
25.63742446899414
48.99513626098633
81.73296356201172
59.34463882446289
50.847373962402344
48.16313171386719
41.021934509277344
72.53385925292969
63.218116760253906
68.43230438232422
53.280517578125
39.80827713012695
59.31968307495117
29.523530960083008
42.44182586669922
53.77615737915039
58.03565979003906
46.61271667480469
45.63742446899414
35.751827239990234
19.478893280029297
37.892723083496094
59.33647537231445
34.52265548706055
57.982086181640625
42.956390380859375
50.88938522338867
37.35113525390625
72.71582794189453
54.827415466308594
58.78136444091797
51.52739334106445
44.8428955078125
26.258359909057617
37.76008605957031
50.804813385009766
88.54625701904297
38.18153381347656
52.35820770263672
65.71778869628906
54.598690032958984
74.58685302734375
58.91038513183594
43.66200637817383
41.02035903930664
52.00181579589844
58.57505798339844
49.772457122802734
31.357532501220703
50.491241455078125
20.83441162109375
54.618133544921875
38.118900299072266
39.861427307128906
63.50892639160156
51.5216064453125
28.60424041748047
44.79148864746094
67.13539123535156
66.16069793701172
76.02825164794922
57.956668853759766
38.076866149902344
72.83702850341797
29.99118995666504
44.93199157714844
36.23704528808594
35.4396858215332
17.208757400512695
25.78638458251953
41.37140655517578
53.76597595214844
44.885231018066406
55.48561477661133
70.68302917480469
62.70568084716797
44.1907844543457
38.69167709350586
69.04315185546875
56.24325180053711
65.39471435546875
45.880027770996094
71.38915252685547
46.8796272277832
51.383087158203125
20.982807159423828
63.09259796142578
59.07560729980469
34.253665924072266
89.46913146972656
70.19780731201172
78.6829833984375
74.50533294677734
73.03450012207031
78.82671356201172
51.58348083496094
40.59836196899414
31.166141510009766
47.1658935546875
60.73603439331055
59.21163558959961
45.035560607910156
33.5332145690918
39.901092529296875
32.59809494018555
71.71375274658203
59.77792739868164
51.82579803466797
49.7861213684082
23.92757797241211
26.477245330810547
55.52942657470703
62.61405944824219
22.418176651000977
57.993473052978516
62.176910400390625
19.329599380493164
68.38945007324219
58.500728607177734
68.02340698242188
57.81601333618164
21.02838897705078
41.52876663208008
24.575233459472656
51.669532775878906
63.92190170288086
47.78440856933594
66.46967315673828
30.656885147094727
36.05791091918945
35.05502700805664
38.49625015258789
41.78077697753906
56.05193328857422
34.32350540161133
41.847023010253906
46.770389556884766
40.446041107177734
65.87503814697266
46.82606887817383
60.01333236694336
37.59598159790039
81.33644104003906
71.72169494628906
54.134918212890625
56.24323654174805
23.872447967529297
52.21910095214844
56.2259407043457
82.92574310302734
39.04381561279297
29.258350372314453
67.71842956542969
29.98285484313965
53.89228439331055
45.311824798583984
97.54368591308594
50.25803756713867
44.440773010253906
58.29037094116211
68.3064956665039
44.47289276123047
55.56858444213867
67.54605102539062
48.014892578125
75.85054779052734
53.784847259521484
53.37262725830078
56.10432815551758
27.200862884521484
83.0658950805664
62.775665283203125
43.96988296508789
18.244733810424805
51.409271240234375
60.55134963989258
37.66991424560547
76.53267669677734
62.97856903076172
47.31173324584961
46.12453079223633
58.2183723449707
53.40977096557617
42.96027755737305
54.57822799682617
40.202938079833984
43.89644241333008
22.73744010925293
44.405540466308594
55.57453155517578
46.04906463623047
74.47457122802734
78.41981506347656
67.74605560302734
24.668718338012695
42.93088150024414
69.03184509277344
26.57779884338379
29.664627075195312
77.02520751953125
41.371734619140625
89.6288070678711
34.27330017089844
50.58246994018555
44.601219177246094
61.30462646484375
56.906410217285156
30.707046508789062
26.22605323791504
40.917236328125
66.4966812133789
80.5426025390625
62.09200668334961
46.90053176879883
48.36018753051758
48.776588439941406
62.4835319519043
53.316192626953125
45.005462646484375
72.72837829589844
58.334590911865234
53.265716552734375
74.8153305053711
67.0998764038086
25.095043182373047
42.66047286987305
20.399444580078125
52.10722732543945
47.25225067138672
50.28563690185547
39.37820816040039
55.438385009765625
57.36418151855469
46.05342483520508
58.24224090576172
33.490760803222656
14.552816390991211
49.10818862915039
31.550004959106445
52.5400505065918
43.87376022338867
54.2276611328125
60.18906021118164
74.31372833251953
40.742919921875
66.91819763183594
29.56842803955078
35.196510314941406
41.26813888549805
50.15150833129883
50.17898941040039
100.06462860107422
73.4356689453125
54.20197677612305
51.160247802734375
37.98018264770508
70.01925659179688
35.36398696899414
40.73679733276367
61.832698822021484
62.64816665649414
62.55276870727539
59.80687713623047
42.48256301879883
38.21826171875
89.37118530273438
37.64081573486328
30.49099349975586
22.222917556762695
41.58002853393555
55.83361053466797
51.347328186035156
46.84838104248047
73.34516906738281
21.600576400756836
48.39677810668945
58.47585678100586
61.8748664855957
52.05198669433594
45.46585464477539
29.811851501464844
59.80229568481445
28.003284454345703
63.48824691772461
36.51569747924805
48.01396560668945
58.12503433227539
61.455780029296875
59.5184326171875
32.59845733642578
71.11141204833984
72.96648406982422
62.22974395751953
53.185665130615234
36.51573944091797
44.12497329711914
29.49057960510254
46.2319450378418
38.51178741455078
63.97815704345703
63.776458740234375
60.81549835205078
58.35730743408203
46.60549545288086
54.103458404541016
17.742267608642578
77.82894134521484
47.22709274291992
63.799293518066406
74.9556884765625
40.42292404174805
69.54488372802734
40.0687141418457
53.28695297241211
63.55726623535156
25.495380401611328
65.96311950683594
41.51593780517578
46.58454132080078
37.42961883544922
24.24988555908203
63.42570495605469
65.57516479492188
37.65707015991211
69.25763702392578
59.739471435546875
40.914527893066406
48.45737838745117
35.12236404418945
31.96562957763672
54.57469177246094
52.33498001098633
36.018131256103516
66.54761505126953
47.65591049194336
61.354042053222656
