123.01762390136719
86.1222152709961
75.05937194824219
92.76353454589844
63.99186706542969
56.60255813598633
75.43314361572266
48.03376770019531
79.97937774658203
85.69338989257812
74.98382568359375
46.62078094482422
55.92781448364258
57.32694625854492
74.16934967041016
41.87052917480469
73.7988510131836
79.79103088378906
99.7944107055664
92.37289428710938
81.65621185302734
79.01295471191406
64.6910400390625
85.75697326660156
70.45182037353516
68.80107116699219
73.55805206298828
136.09889221191406
74.19136047363281
38.95941162109375
103.66083526611328
91.33732604980469
72.50890350341797
86.50851440429688
114.96871948242188
73.29835510253906
108.58589172363281
69.91255950927734
41.54142761230469
53.13486099243164
100.712646484375
68.46820831298828
68.04720306396484
76.40997314453125
47.463645935058594
74.92698669433594
54.121341705322266
60.820106506347656
94.89463806152344
64.65216064453125
57.005828857421875
53.58734893798828
62.160240173339844
116.88395690917969
44.8386116027832
65.96097564697266
86.0679931640625
76.10277557373047
57.572994232177734
55.09357452392578
76.59754943847656
98.43460083007812
70.42646789550781
101.32566833496094
89.11616516113281
82.59529876708984
77.99493408203125
92.34381866455078
88.7277603149414
68.05514526367188
48.09064865112305
83.7220458984375
80.38697052001953
82.99242401123047
59.490055084228516
104.30061340332031
61.362003326416016
37.005279541015625
76.07425689697266
39.408843994140625
56.889617919921875
64.87358856201172
71.93879699707031
80.96625518798828
72.97818756103516
72.15811920166016
61.98561477661133
127.16349029541016
73.22468566894531
83.78814697265625
107.38777160644531
100.4240493774414
78.16390991210938
72.5703353881836
73.5445327758789
78.86461639404297
30.273178100585938
103.04825592041016
94.06340789794922
140.29612731933594
67.5285873413086
125.1275634765625
64.70751953125
93.46743774414062
69.3857421875
69.16968536376953
78.14543151855469
39.60232162475586
60.69722366333008
92.94877624511719
105.54474639892578
52.2397346496582
89.75914764404297
66.071533203125
56.03114700317383
71.6014404296875
67.81317138671875
84.99324035644531
87.44660186767578
64.13104248046875
97.13248443603516
36.81906509399414
77.52632141113281
82.95438385009766
49.5855712890625
44.55586624145508
60.07271194458008
57.7239875793457
96.7181167602539
66.64447784423828
103.25880432128906
76.01141357421875
65.58290100097656
72.35647583007812
31.793628692626953
71.41401672363281
104.99022674560547
103.09004974365234
87.4063720703125
97.33897399902344
77.11028289794922
96.37892150878906
72.62467956542969
104.15328216552734
87.07501983642578
101.31878662109375
53.30762481689453
53.2872428894043
79.6348648071289
66.71988677978516
19.783981323242188
94.53948211669922
49.90172576904297
67.91424560546875
64.2205581665039
72.27610778808594
111.27865600585938
86.01383209228516
60.23210906982422
135.0705108642578
81.34615325927734
57.26088333129883
78.36896514892578
91.62714385986328
61.536224365234375
64.26296997070312
76.83317565917969
53.391483306884766
60.54929733276367
73.7821044921875
89.65478515625
55.481658935546875
89.68224334716797
72.28597259521484
64.11528015136719
58.072532653808594
67.04596710205078
67.11083984375
100.21875762939453
53.913394927978516
85.67986297607422
75.02338409423828
58.247108459472656
95.36386108398438
76.00382995605469
108.63296508789062
87.16158294677734
80.0016860961914
92.42711639404297
91.46578979492188
69.72844696044922
56.59446334838867
38.669525146484375
58.004066467285156
61.73009490966797
70.52767181396484
73.34098815917969
48.634517669677734
69.6575927734375
33.48756408691406
60.32172393798828
88.69083404541016
107.84822845458984
67.47168731689453
29.689979553222656
76.38823699951172
104.99592590332031
81.59184265136719
87.457275390625
131.80014038085938
44.74245834350586
60.88033676147461
70.61782836914062
96.16647338867188
57.542972564697266
99.37522888183594
111.83424377441406
46.34062194824219
76.16889190673828
77.57994079589844
76.58157348632812
80.53445434570312
85.68435668945312
65.19844055175781
42.251502990722656
34.348148345947266
84.97240447998047
86.75028228759766
111.80130767822266
56.034420013427734
89.95787811279297
54.26313018798828
44.383995056152344
86.61741638183594
91.25801849365234
91.05970001220703
92.06179809570312
68.13178253173828
80.9618148803711
103.27886962890625
90.56214904785156
72.0601806640625
97.24617004394531
77.14717102050781
88.8162612915039
73.36534881591797
63.900394439697266
73.30500030517578
60.63650894165039
75.47992706298828
59.778839111328125
96.37533569335938
60.24630355834961
113.99253845214844
65.27734375
75.11231231689453
61.00094985961914
74.83403015136719
53.94351577758789
85.61676788330078
74.45170593261719
58.489768981933594
57.01115036010742
62.390525817871094
71.30255126953125
72.83773040771484
95.9165267944336
104.09353637695312
64.37059783935547
67.83440399169922
93.37149047851562
75.47716522216797
48.3792610168457
67.58684539794922
95.84620666503906
55.322532653808594
33.54172134399414
74.89196014404297
87.53992462158203
57.72592544555664
83.8124771118164
75.79414367675781
59.81394577026367
54.56219482421875
38.35763168334961
75.63800048828125
34.60786437988281
53.30002212524414
52.20582580566406
88.42433166503906
62.10517501831055
89.79656982421875
51.76705551147461
96.80936431884766
55.243202209472656
29.989213943481445
97.72808837890625
126.33231353759766
71.66246032714844
59.19547653198242
73.84677124023438
69.73332214355469
93.1859130859375
59.09361267089844
75.80824279785156
89.34534454345703
91.59129333496094
76.42257690429688
64.79417419433594
104.92610168457031
68.59614562988281
71.70948028564453
65.5739974975586
90.79816436767578
68.51913452148438
90.78219604492188
68.5879898071289
59.36588668823242
74.94377899169922
79.63101959228516
85.80939483642578
86.14353942871094
54.99937057495117
98.83296966552734
73.70865631103516
64.10917663574219
66.80900573730469
94.8434066772461
49.45840072631836
103.18909454345703
81.8917465209961
60.16845703125
65.66729736328125
79.46007537841797
101.05690002441406
76.75993347167969
58.920616149902344
35.45494079589844
93.43107604980469
77.55851745605469
61.34307098388672
45.811031341552734
88.53697967529297
51.939781188964844
89.2325439453125
90.50609588623047
62.980525970458984
70.13128662109375
84.19145965576172
58.54124450683594
40.90726852416992
63.795894622802734
80.06937408447266
88.33486938476562
86.26851654052734
23.748682022094727
106.58487701416016
93.09441375732422
80.50438690185547
67.02257537841797
94.57504272460938
58.5903434753418
61.52695846557617
49.45466995239258
104.62560272216797
80.97290802001953
87.56340789794922
83.66749572753906
87.42129516601562
97.89838409423828
114.18987274169922
100.087890625
56.446651458740234
91.02664184570312
62.725135803222656
102.24446105957031
123.6793212890625
72.80530548095703
134.75755310058594
84.51660919189453
64.80643463134766
47.10346984863281
85.51556396484375
88.1044692993164
34.88166046142578
86.33421325683594
100.20674133300781
80.77838897705078
77.25463104248047
61.809879302978516
76.80125427246094
99.83504486083984
67.90831756591797
44.34120178222656
91.4290771484375
57.45180892944336
65.89559936523438
89.95991516113281
86.82149505615234
103.88810729980469
52.09214782714844
78.27246856689453
60.744815826416016
68.51930236816406
70.36750030517578
86.5687484741211
68.95702362060547
90.48922729492188
63.71137237548828
84.12220001220703
63.506649017333984
93.87934875488281
67.91720581054688
59.817054748535156
113.72882843017578
73.173583984375
84.30012512207031
99.78960418701172
64.92135620117188
100.12860107421875
72.02364349365234
84.84461975097656
67.75198364257812
96.33979797363281
26.378355026245117
93.58308410644531
62.39928436279297
108.48995971679688
86.13753509521484
76.64408874511719
78.81025695800781
78.23506164550781
62.38701248168945
59.05364990234375
97.14601135253906
100.66495513916016
90.31399536132812
93.43392944335938
83.30142974853516
68.81330871582031
119.2343978881836
28.176658630371094
72.91867065429688
47.4188117980957
81.2410659790039
74.15135955810547
83.44088745117188
133.79837036132812
63.24656677246094
73.16954803466797
58.38710021972656
84.12046813964844
95.1881332397461
97.07792663574219
69.53711700439453
57.281219482421875
37.73326873779297
67.9638900756836
67.90066528320312
59.581233978271484
82.62252807617188
80.72418975830078
60.89853286743164
72.97740173339844
55.44644546508789
72.97327423095703
112.67267608642578
64.53754425048828
27.745458602905273
65.4651870727539
89.1811294555664
78.23438262939453
52.00459671020508
87.41670989990234
78.53741455078125
75.69061279296875
81.64815521240234
44.90776824951172
81.78787994384766
76.45451354980469
103.66285705566406
91.65454864501953
74.5571517944336
97.572509765625
79.6057357788086
95.4200439453125
66.03528594970703
70.39092254638672
52.53068923950195
64.02327728271484
110.06859588623047
75.76624298095703
70.05187225341797
68.75382995605469
118.29940795898438
70.30545043945312
47.379642486572266
103.231689453125
110.4638442993164
88.73757934570312
83.06520080566406
78.16716003417969
81.07395935058594
66.9533462524414
44.6019401550293
53.15607452392578
52.97853469848633
139.78875732421875
78.42422485351562
88.31233215332031
52.54821014404297
73.49129486083984
62.212284088134766
60.88347244262695
75.51195526123047
52.18839645385742
111.75563049316406
48.70702362060547
61.426265716552734
97.09220886230469
76.73588562011719
72.52056121826172
89.99946594238281
107.4398193359375
84.7314682006836
66.7085952758789
83.54528045654297
73.75839233398438
72.57955932617188
66.23348236083984
96.77769470214844
62.6876220703125
53.22150802612305
18.408061981201172
52.5756721496582
79.4599380493164
99.82720184326172
61.92758560180664
97.76158142089844
66.7352294921875
86.91875457763672
89.52371215820312
74.1727294921875
129.202880859375
65.93110656738281
87.00231170654297
66.69278717041016
27.922439575195312
61.82186508178711
62.417449951171875
92.28661346435547
28.574195861816406
48.94184875488281
72.98526000976562
95.22367095947266
85.18879699707031
58.99287796020508
82.450439453125
97.37633514404297
101.37004852294922
84.55252838134766
84.52698516845703
45.90345001220703
65.29989624023438
77.53894805908203
31.537763595581055
57.83647155761719
77.16374969482422
86.6917495727539
70.06892395019531
90.65628814697266
80.87210083007812
87.14990997314453
42.751914978027344
58.31856155395508
74.66790008544922
63.168643951416016
79.2835693359375
82.12869262695312
118.83722686767578
80.57846069335938
39.58789825439453
51.160316467285156
96.24065399169922
91.0819091796875
101.78836822509766
66.32979583740234
80.10406494140625
89.18061828613281
114.51220703125
58.74296188354492
65.12648010253906
75.79217529296875
123.8232192993164
88.43467712402344
79.12086486816406
45.427398681640625
102.93505096435547
73.40357971191406
89.0267333984375
96.68891906738281
60.17500686645508
64.40452575683594
62.69026565551758
71.57365417480469
87.13755798339844
87.1446304321289
77.77525329589844
66.36932373046875
83.03065490722656
105.07749938964844
53.11478042602539
31.2326602935791
71.82476043701172
60.35658264160156
82.5732421875
67.79067993164062
120.29000091552734
73.75753021240234
54.57142639160156
79.05937957763672
89.11257934570312
39.503440856933594
86.75183868408203
65.65542602539062
89.82227325439453
72.03640747070312
53.45801544189453
92.8259048461914
66.91619873046875
80.6212387084961
76.72016143798828
33.30237579345703
89.04900360107422
106.35602569580078
91.52543640136719
50.28599548339844
87.89669036865234
62.561283111572266
72.22395324707031
74.52378845214844
82.36943817138672
76.30052947998047
63.37990951538086
85.47039794921875
115.76685333251953
84.49375915527344
74.0298080444336
68.90312957763672
47.697654724121094
86.18999481201172
106.1190414428711
44.973209381103516
85.4040756225586
112.27459716796875
90.89201354980469
87.23290252685547
52.222496032714844
74.48600769042969
95.20447540283203
47.03451156616211
67.18511962890625
35.10834503173828
52.21477127075195
60.15890884399414
70.11763763427734
42.43670654296875
95.89507293701172
93.11695861816406
88.4988784790039
84.4050521850586
64.28195190429688
65.36323547363281
81.33631134033203
63.73516082763672
104.34638214111328
101.69581604003906
84.5755386352539
51.06353759765625
85.58843994140625
50.44023895263672
76.0348892211914
75.09664154052734
105.4813003540039
87.30164337158203
50.32740783691406
83.24645233154297
83.7122573852539
76.6509017944336
95.50262451171875
120.97968292236328
91.05189514160156
60.667091369628906
66.34718322753906
99.310791015625
77.0778579711914
79.301025390625
46.29889678955078
59.298362731933594
99.17974090576172
108.23571014404297
86.47708129882812
92.1192626953125
66.78782653808594
91.46485900878906
30.222959518432617
92.3971939086914
55.5163459777832
75.25373840332031
87.51541137695312
110.28234100341797
71.29315185546875
66.55349731445312
104.95404815673828
65.19852447509766
83.83154296875
82.36329650878906
76.40946960449219
68.22200775146484
59.38094711303711
65.02751922607422
62.993255615234375
63.24422073364258
63.045433044433594
106.61520385742188
74.0588607788086
52.639892578125
53.90888977050781
87.49208068847656
61.805728912353516
71.65763854980469
68.64061737060547
88.1508560180664
64.48956298828125
87.19769287109375
87.3427734375
86.64399719238281
111.44152069091797
64.08906555175781
65.47909545898438
40.45361328125
79.70781707763672
55.97148895263672
51.8228645324707
84.7469482421875
68.8243408203125
58.750335693359375
50.634517669677734
69.71591186523438
71.18278503417969
54.921356201171875
79.33750915527344
57.736637115478516
68.1185531616211
84.10466766357422
82.31781005859375
62.82255935668945
83.42133331298828
58.84870529174805
42.413204193115234
69.82299041748047
87.77294158935547
72.24132537841797
100.47993469238281
52.98366928100586
104.5221939086914
78.48162841796875
72.45807647705078
56.20035934448242
71.63056182861328
83.68653106689453
90.42256927490234
76.0007553100586
80.27019500732422
72.83057403564453
68.00627136230469
46.21475601196289
72.63599395751953
94.8709945678711
66.37824249267578
102.8719711303711
73.55685424804688
114.4107437133789
94.87178039550781
72.7729263305664
84.37481689453125
50.29741287231445
75.40410614013672
111.87537384033203
67.70308685302734
79.20941925048828
56.06914138793945
59.68731689453125
38.23386764526367
60.806732177734375
95.12017059326172
55.64202117919922
103.9347915649414
59.27323913574219
34.45221710205078
75.390625
83.26692199707031
70.15878295898438
79.47459411621094
73.18960571289062
61.7626953125
86.05406951904297
96.04896545410156
83.7628173828125
91.4203872680664
83.66883850097656
108.56519317626953
123.553466796875
72.59297180175781
103.9090576171875
72.38471984863281
84.18783569335938
72.72557067871094
72.05812072753906
55.84529113769531
75.64794158935547
86.29364776611328
64.81709289550781
88.44187927246094
93.78988647460938
24.699045181274414
42.593570709228516
91.66624450683594
48.510704040527344
45.89376449584961
67.53516387939453
83.30411529541016
73.21283721923828
71.78495025634766
75.91905212402344
104.67379760742188
60.75030517578125
108.95665740966797
73.71664428710938
101.86119842529297
85.0479965209961
94.37446594238281
65.1475830078125
67.97618865966797
84.21916961669922
91.90422821044922
63.8011589050293
98.95975494384766
69.86808776855469
80.34150695800781
68.87059020996094
62.818641662597656
74.3114242553711
96.03199768066406
55.3838005065918
44.66413497924805
33.24532699584961
72.67575073242188
52.7922248840332
92.59069061279297
92.00981903076172
49.35673522949219
103.56391906738281
76.09854125976562
71.49610137939453
113.4035415649414
51.607749938964844
98.00545501708984
60.063880920410156
92.75630950927734
74.36028289794922
66.67792510986328
117.52547454833984
81.78367614746094
73.79896545410156
62.9398307800293
53.690452575683594
70.84613037109375
37.948001861572266
104.44573974609375
76.9028091430664
69.96128845214844
74.81974029541016
75.9580307006836
75.86074829101562
48.854766845703125
68.37930297851562
57.975589752197266
55.61648178100586
106.11360168457031
100.52853393554688
71.19023132324219
74.30284881591797
61.96037673950195
86.3162612915039
95.11248779296875
81.2879638671875
64.60540008544922
95.14332580566406
88.86203002929688
89.78262329101562
70.61964416503906
95.8018798828125
82.21847534179688
124.9999771118164
39.90201950073242
111.80732727050781
61.74476623535156
70.67657470703125
73.49520111083984
125.30562591552734
89.9739761352539
66.86368560791016
64.96055603027344
125.32693481445312
65.75218200683594
93.63813781738281
44.11588668823242
69.4866943359375
84.38249206542969
43.01075744628906
61.34333801269531
73.58192443847656
90.26598358154297
79.08253479003906
92.57315063476562
36.844547271728516
55.924190521240234
60.20320129394531
86.59935760498047
78.06043243408203
62.9648551940918
93.1530990600586
65.15190124511719
96.41924285888672
96.26799774169922
64.81595611572266
56.49256134033203
85.34706115722656
67.07411193847656
73.50104522705078
76.49092864990234
99.12232971191406
84.15971374511719
96.71842193603516
69.83956909179688
80.14607238769531
55.354347229003906
83.93971252441406
67.96762084960938
74.2072982788086
65.68944549560547
86.9375228881836
81.156982421875
61.3480224609375
74.86575317382812
70.16387176513672
46.942378997802734
91.83670043945312
69.12836456298828
65.26539611816406
111.15575408935547
86.40547180175781
72.20639038085938
64.76608276367188
78.95156860351562
77.86532592773438
80.10395050048828
59.1856803894043
79.69329071044922
80.5888442993164
115.41010284423828
80.14523315429688
111.38998413085938
60.524635314941406
64.83648681640625
53.589603424072266
120.45977020263672
98.55313110351562
95.18956756591797
9.774319648742676
79.57267761230469
91.55530548095703
98.39219665527344
63.14314651489258
88.54611206054688
73.1982421875
98.05244445800781
77.645263671875
93.49122619628906
82.14543151855469
109.20164489746094
58.264892578125
127.39190673828125
118.89043426513672
62.02214431762695
101.7526626586914
89.40709686279297
53.84669494628906
82.3899917602539
115.42142486572266
40.38483428955078
124.76116180419922
82.36894989013672
72.3469009399414
74.40860748291016
86.22969818115234
106.14556884765625
104.18553924560547
96.9437255859375
64.79275512695312
82.9014663696289
73.71888732910156
74.42074584960938
68.16944885253906
97.38255310058594
66.85771942138672
64.61044311523438
35.353431701660156
57.051414489746094
70.29759216308594
100.22126007080078
92.31548309326172
128.2574005126953
71.70401763916016
82.2969970703125
61.67815399169922
79.43804168701172
88.38884735107422
80.72100830078125
64.37488555908203
78.75843811035156
65.52782440185547
51.465919494628906
48.38770294189453
33.22401809692383
108.77025604248047
70.82503509521484
96.84246826171875
72.72034454345703
45.38884353637695
80.02432250976562
90.73180389404297
59.47690963745117
97.7094497680664
89.20402526855469
107.89793395996094
92.81024932861328
86.26040649414062
95.37226867675781
87.83468627929688
31.91356658935547
104.20230102539062
87.89958953857422
31.61896514892578
75.89546966552734
76.91515350341797
88.82946014404297
84.17925262451172
73.2401351928711
79.8785400390625
113.28516387939453
96.80801391601562
48.671199798583984
87.07054138183594
57.86335754394531
80.39441680908203
80.55061340332031
34.03375244140625
106.602783203125
73.59419250488281
81.20283508300781
95.55976867675781
65.58421325683594
81.64204406738281
80.00659942626953
102.51937866210938
28.51348114013672
96.59757995605469
88.55818176269531
92.84843444824219
69.94251251220703
85.15863037109375
75.51097106933594
91.98661804199219
55.98432159423828
100.84149169921875
67.07547760009766
113.68804931640625
75.68915557861328
106.70482635498047
67.64414978027344
87.70520782470703
66.06261444091797
68.93181610107422
58.7490119934082
43.347293853759766
90.64102172851562
53.56503677368164
47.069435119628906
99.67913818359375
114.18042755126953
40.48699188232422
93.37657165527344
58.82014846801758
32.960323333740234
89.35041809082031
72.97091674804688
51.59295654296875
51.745506286621094
40.70425033569336
76.64134979248047
97.82308197021484
70.97022247314453
77.94661712646484
92.86952209472656
94.89707946777344
95.49883270263672
85.75664520263672
52.811641693115234
67.09747314453125
117.1245346069336
87.11897277832031
99.88768005371094
29.488178253173828
107.13569641113281
109.63349914550781
61.86766052246094
44.36518096923828
50.467044830322266
120.52649688720703
76.7139892578125
105.41334533691406
79.55931091308594
48.94277572631836
52.582855224609375
106.65862274169922
63.0295295715332
78.44275665283203
84.36981964111328
80.73966979980469
67.4061050415039
69.94871520996094
50.05195617675781
66.19807434082031
99.65812683105469
61.053688049316406
62.156063079833984
90.18791961669922
59.92469024658203
84.0322265625
96.08197021484375
129.36375427246094
68.57640838623047
38.67704772949219
82.56858825683594
99.23001098632812
85.04622650146484
91.44867706298828
44.40934753417969
71.42157745361328
68.49349212646484
78.03804779052734
63.27899932861328
132.27528381347656
51.73529052734375
76.55519104003906
75.80281066894531
96.33306121826172
91.6640625
78.71046447753906
68.4327163696289
75.22148132324219
42.38795471191406
65.63135528564453
61.35244369506836
66.3016586303711
82.60700225830078
55.626075744628906
60.38175964355469
40.196739196777344
88.25498962402344
97.76914978027344
109.2114028930664
60.44315719604492
75.53236389160156
62.10725402832031
71.67766571044922
75.344970703125
50.43707275390625
68.8732681274414
67.16289520263672
61.32570266723633
71.8225326538086
27.767913818359375
111.84699249267578
96.82697296142578
92.107666015625
92.54511260986328
49.6816520690918
80.21214294433594
87.0787582397461
68.09720611572266
84.00186920166016
86.65144348144531
57.678749084472656
76.31834411621094
53.058712005615234
56.66645050048828
83.3926773071289
60.0561637878418
57.71427917480469
99.41642761230469
57.35389709472656
60.907470703125
92.44772338867188
71.48674774169922
79.29395294189453
62.01362228393555
75.38905334472656
68.7061996459961
82.82905578613281
100.15238952636719
51.35844039916992
39.647464752197266
88.91681671142578
57.67090606689453
108.97027587890625
84.75914001464844
77.17529296875
111.89320373535156
56.4587287902832
87.66853332519531
102.44960021972656
59.4197883605957
66.0816650390625
72.34906005859375
74.65137481689453
106.17871856689453
64.96953582763672
68.05416870117188
67.30731201171875
50.51786422729492
54.58476638793945
36.156898498535156
77.94268798828125
115.29522705078125
74.88322448730469
57.73424530029297
86.11662292480469
26.120899200439453
76.79529571533203
75.94972229003906
43.282386779785156
66.1001968383789
67.94674682617188
83.00163269042969
62.82212448120117
109.95852661132812
69.9627914428711
64.97821044921875
94.00303649902344
106.43648529052734
46.62556076049805
91.13984680175781
62.4010009765625
49.36347198486328
66.51348114013672
90.56626892089844
69.6889877319336
41.17829513549805
87.58775329589844
67.59491729736328
64.21685791015625
55.6947021484375
95.44902038574219
113.75286102294922
91.80211639404297
94.06143951416016
99.40080261230469
74.98844909667969
109.77754974365234
99.37798309326172
99.10246276855469
53.1998176574707
70.21510314941406
81.1972427368164
86.42583465576172
67.18681335449219
72.31481170654297
52.65044021606445
74.8628921508789
80.96650695800781
49.002811431884766
90.0389633178711
70.23110961914062
65.47195434570312
68.68524169921875
106.7337417602539
48.015541076660156
88.20880889892578
101.43899536132812
69.16535186767578
82.66754913330078
71.99268341064453
96.03939819335938
59.86568069458008
53.453224182128906
72.58895111083984
78.50753021240234
53.609745025634766
118.8934555053711
93.59630584716797
100.61508178710938
99.73939514160156
100.09861755371094
74.0098876953125
53.19823455810547
46.42006301879883
58.06214904785156
71.55367279052734
143.1563262939453
75.78726959228516
58.467166900634766
65.98685455322266
78.57913970947266
32.725006103515625
100.77116394042969
55.8797721862793
32.8502082824707
56.29665756225586
80.83141326904297
60.28008270263672
76.52581024169922
66.40778350830078
54.14124298095703
83.78264617919922
92.4437026977539
69.4856948852539
92.85238647460938
31.607799530029297
82.22042083740234
75.60530853271484
82.64949035644531
73.25443267822266
69.29525756835938
71.4451904296875
69.73265838623047
59.078487396240234
103.86378479003906
89.78775787353516
68.08195495605469
43.876407623291016
84.3054428100586
89.17990112304688
95.63471221923828
79.73184967041016
74.73604583740234
96.8700180053711
93.93327331542969
88.23033905029297
75.44230651855469
86.4045639038086
106.60806274414062
71.10816955566406
65.7432861328125
106.65655517578125
101.06997680664062
91.80410766601562
123.38821411132812
65.5762710571289
40.31534194946289
42.79784393310547
59.93798065185547
102.05670166015625
87.31752014160156
83.67623901367188
95.11860656738281
109.54888916015625
84.4942398071289
60.52043914794922
100.21394348144531
70.86808776855469
61.28002166748047
54.69516372680664
114.57169342041016
82.03186798095703
86.9529037475586
93.1558837890625
84.9723892211914
37.986141204833984
38.247867584228516
61.93134689331055
86.5498046875
68.49232482910156
66.09245300292969
107.5827865600586
81.19084930419922
107.70132446289062
69.66511535644531
78.87751770019531
62.04167556762695
85.00061798095703
52.378543853759766
83.04322814941406
100.83355712890625
92.10987854003906
82.60502624511719
95.98531341552734
102.98818969726562
63.174560546875
78.14988708496094
57.24531173706055
114.17416381835938
70.0196762084961
101.3293685913086
76.33859252929688
66.2694091796875
66.78671264648438
80.10369873046875
81.5427017211914
81.3220443725586
118.90303802490234
53.582435607910156
88.51091766357422
120.81241607666016
61.01011657714844
73.15187072753906
94.65771484375
99.35440826416016
104.22859191894531
86.60221099853516
75.97063446044922
81.99044036865234
83.40340423583984
64.53473663330078
63.57297134399414
88.69744110107422
62.683921813964844
62.52667999267578
70.74234771728516
61.98094177246094
89.41658782958984
79.96219635009766
53.961463928222656
71.6985855102539
73.0902328491211
107.57401275634766
105.83455657958984
78.81250762939453
65.96675109863281
88.38642883300781
63.5321044921875
85.63744354248047
82.77986145019531
88.36907958984375
36.39019775390625
74.30160522460938
68.97242736816406
96.43836212158203
121.39297485351562
81.55343627929688
59.2597770690918
80.63636016845703
42.721073150634766
82.28645324707031
98.94593811035156
79.7105941772461
90.8297348022461
67.46652221679688
98.68584442138672
77.25300598144531
84.06987762451172
70.45677185058594
62.88966369628906
40.406124114990234
83.88846588134766
62.49058532714844
59.438621520996094
111.24158477783203
54.18266296386719
106.84823608398438
63.350372314453125
93.98392486572266
71.06546020507812
94.11498260498047
71.36449432373047
59.96437454223633
58.359615325927734
69.6146240234375
79.58668518066406
71.44534301757812
86.26243591308594
60.600032806396484
76.30781555175781
76.76838684082031
75.16340637207031
113.1248550415039
69.41598510742188
96.81124877929688
111.8846435546875
66.13275146484375
72.56782531738281
49.48183059692383
92.01634979248047
70.94039916992188
57.217613220214844
74.99786376953125
53.3696403503418
40.76515197753906
102.36430358886719
50.53838348388672
76.76342010498047
95.07117462158203
94.339599609375
52.13726043701172
86.37641143798828
53.13191223144531
82.3003921508789
71.88127136230469
64.15565490722656
47.15894317626953
41.255226135253906
77.59092712402344
54.86301803588867
78.802001953125
51.19892883300781
64.39291381835938
103.84819030761719
65.6102066040039
68.43281555175781
39.32533645629883
73.0360107421875
64.85904693603516
73.64644622802734
63.120933532714844
65.80731201171875
65.30591583251953
98.16716766357422
107.41119384765625
86.85395812988281
61.9700813293457
58.64068603515625
87.91899871826172
60.09370040893555
51.1848258972168
117.95442199707031
81.65754699707031
75.9182357788086
87.54003143310547
50.994903564453125
93.35902404785156
81.90857696533203
58.70167541503906
76.10566711425781
69.76834869384766
66.17398071289062
106.65750885009766
89.40647888183594
93.36710357666016
75.66996765136719
72.7151107788086
52.860595703125
77.9237060546875
127.18594360351562
49.8140869140625
53.315650939941406
108.83514404296875
77.06281280517578
78.74524688720703
76.20816040039062
101.22655487060547
91.7418441772461
64.29564666748047
85.06175994873047
59.598453521728516
99.19257354736328
45.369728088378906
74.16154479980469
74.594970703125
44.28781509399414
108.01310729980469
41.782779693603516
91.53469848632812
67.32320404052734
58.085330963134766
85.55021667480469
67.39109802246094
49.00371551513672
73.65373992919922
119.1759033203125
69.24604797363281
74.00299072265625
113.14356231689453
92.5772705078125
59.49996566772461
71.39795684814453
49.33036422729492
71.31767272949219
48.27168655395508
82.2059326171875
51.01496887207031
70.03121185302734
82.90853118896484
73.02133178710938
46.099849700927734
58.56875228881836
66.04322052001953
61.072513580322266
103.31533813476562
80.7191390991211
64.4297103881836
71.90825653076172
111.35975646972656
76.1067123413086
101.6644287109375
50.87849044799805
101.94437408447266
94.4456558227539
52.63493347167969
70.31442260742188
53.10717010498047
86.6087875366211
81.07808685302734
44.47471618652344
94.23184204101562
104.4769287109375
78.27523040771484
85.30430603027344
79.73921203613281
85.00833892822266
102.44822692871094
105.04259490966797
73.6009750366211
73.70280456542969
64.07807159423828
44.02228546142578
64.84501647949219
58.18307113647461
95.54124450683594
82.79936218261719
89.4668960571289
54.17304992675781
70.58688354492188
55.297210693359375
72.73172760009766
91.08859252929688
55.32400894165039
43.65675354003906
91.5703353881836
76.8260726928711
76.82366180419922
100.22638702392578
44.795875549316406
101.13055419921875
66.12447357177734
58.60004806518555
71.59590148925781
61.52695846557617
64.9483642578125
53.176246643066406
62.06919479370117
84.14134979248047
85.37028503417969
74.38166046142578
79.20915222167969
91.7471923828125
103.2874984741211
62.56926727294922
88.64016723632812
35.688716888427734
76.47896575927734
77.25141906738281
63.25959777832031
67.85274505615234
94.62454986572266
81.83680725097656
38.46621322631836
90.49933624267578
73.97163391113281
62.8293342590332
103.34610748291016
83.8664321899414
86.21510314941406
52.02098083496094
93.20719909667969
120.58422088623047
69.61476135253906
74.53150939941406
109.19790649414062
37.46112823486328
92.55664825439453
89.06067657470703
60.442176818847656
52.715721130371094
82.21634674072266
116.50821685791016
97.15037536621094
73.98624420166016
69.40596008300781
90.04988098144531
49.69920349121094
89.89987182617188
64.21302032470703
101.62533569335938
57.26267623901367
66.97080993652344
73.94978332519531
89.23367309570312
81.14160919189453
73.04386901855469
46.589805603027344
71.36036682128906
104.1777572631836
53.71998596191406
90.08938598632812
66.73625183105469
42.28053283691406
63.55673599243164
65.30899810791016
89.31298828125
50.61035919189453
90.40158081054688
88.53919219970703
84.53324890136719
81.7951431274414
96.91190338134766
74.77066802978516
86.08978271484375
69.97150421142578
50.3416862487793
57.57843017578125
72.54999542236328
66.02521514892578
76.3503646850586
88.05143737792969
102.83829498291016
64.62100219726562
85.24642944335938
104.65010070800781
101.04586029052734
97.6221694946289
68.1584701538086
68.96331024169922
101.99803161621094
86.13024139404297
106.9693374633789
93.48677825927734
66.8666000366211
91.49231719970703
64.87625122070312
97.57383728027344
56.42155838012695
51.97007369995117
108.48609161376953
94.46510314941406
91.26876831054688
65.1653060913086
31.491676330566406
53.5272102355957
97.26651000976562
78.56078338623047
46.27700424194336
79.4210205078125
91.55096435546875
75.99993896484375
76.20177459716797
52.988624572753906
71.82241821289062
114.2109146118164
106.68641662597656
44.39706802368164
81.60816192626953
45.77566909790039
104.7100830078125
80.43458557128906
106.44085693359375
58.291290283203125
69.34679412841797
70.02235412597656
50.462215423583984
73.42806243896484
78.40843963623047
51.05729675292969
41.82943344116211
68.02379608154297
103.61302947998047
89.80368041992188
75.47928619384766
82.46463012695312
63.09393310546875
93.65789031982422
83.56240844726562
103.35016632080078
80.50521850585938
76.41353607177734
86.5810317993164
110.45303344726562
67.77171325683594
56.399147033691406
91.89350891113281
53.20669174194336
58.96784210205078
68.52410125732422
49.81589126586914
96.26370239257812
59.06446075439453
100.9638671875
98.74118041992188
71.81941223144531
90.91852569580078
75.07775115966797
79.6362075805664
94.91625213623047
61.716896057128906
61.82154846191406
92.90989685058594
77.32711029052734
71.13215637207031
51.4574089050293
83.8708724975586
84.86279296875
78.7575454711914
43.87580871582031
123.11668395996094
78.78575897216797
41.397491455078125
109.10884857177734
54.91416931152344
98.3221206665039
103.73341369628906
69.77436828613281
106.31761932373047
71.6225357055664
63.182151794433594
44.059410095214844
70.0223388671875
93.60861206054688
87.57337188720703
83.83065795898438
89.26679992675781
71.00179290771484
73.10783386230469
64.40792083740234
102.3953857421875
107.19641876220703
67.17992401123047
55.83489227294922
65.55854797363281
87.94882202148438
96.24559783935547
71.79413604736328
80.06803131103516
78.6717529296875
36.77734375
58.590362548828125
60.98372268676758
41.11160659790039
68.544189453125
99.00186920166016
85.11058044433594
82.11798095703125
80.848876953125
80.22172546386719
100.73890686035156
47.70136642456055
94.66262817382812
80.54876708984375
89.63878631591797
95.04185485839844
52.63911437988281
46.79479217529297
43.92815399169922
62.358436584472656
76.08843231201172
108.99288940429688
52.76979446411133
58.78022766113281
91.8874282836914
89.36955261230469
58.01381301879883
66.77721405029297
92.12471008300781
78.27228546142578
69.92432403564453
55.0032958984375
97.99337768554688
69.2081527709961
81.80657196044922
86.10343170166016
83.71784210205078
61.92888641357422
65.78050231933594
40.44552230834961
102.80464172363281
103.69076538085938
45.79539108276367
74.49749755859375
77.31510925292969
74.97343444824219
64.33758544921875
54.721309661865234
61.13561248779297
74.72503662109375
64.1993637084961
61.607627868652344
74.25299835205078
93.96575927734375
82.40080261230469
73.54985809326172
65.29796600341797
75.99222564697266
57.5926513671875
47.024295806884766
89.9584732055664
66.90252685546875
61.44426345825195
17.654865264892578
77.5482177734375
107.15391540527344
45.34675979614258
40.806941986083984
98.94827270507812
86.72879028320312
66.75082397460938
87.6974868774414
104.89949798583984
71.3932113647461
89.15015411376953
69.12330627441406
84.76234436035156
50.77660369873047
92.20707702636719
90.3968276977539
95.16024017333984
64.03789520263672
70.37145233154297
87.16645812988281
73.07798767089844
78.7847900390625
69.8233642578125
77.8753890991211
56.86663055419922
74.12699890136719
90.5619888305664
77.84192657470703
89.48309326171875
40.63331604003906
60.2259521484375
69.54894256591797
66.86845397949219
38.073211669921875
79.61289978027344
94.71744537353516
90.58051300048828
41.91963195800781
86.40391540527344
61.78290557861328
122.5284194946289
73.67320251464844
51.948516845703125
103.57816314697266
68.86257934570312
51.76203155517578
57.23322296142578
61.727474212646484
60.37095260620117
79.69588470458984
99.79676055908203
107.13166809082031
86.36058044433594
56.224578857421875
100.5667953491211
93.33500671386719
89.50239562988281
97.25920104980469
64.96682739257812
56.90411376953125
73.24211120605469
67.36949920654297
63.57300567626953
97.13897705078125
80.21402740478516
71.48483276367188
80.14191436767578
75.19013977050781
69.16700744628906
43.592899322509766
80.13761138916016
58.26333999633789
66.15238952636719
62.81398010253906
51.610267639160156
62.792423248291016
86.80016326904297
51.977664947509766
104.73114776611328
79.260498046875
84.7951889038086
80.63748168945312
97.66641235351562
61.691776275634766
103.27674102783203
74.38241577148438
26.82524299621582
11.099501609802246
85.68111419677734
61.39850997924805
86.20060729980469
57.65586853027344
70.67266845703125
90.49671936035156
97.33356475830078
62.35483169555664
72.2598876953125
71.89602661132812
70.46965789794922
116.83584594726562
64.7626953125
63.45289611816406
101.88218688964844
54.36390686035156
89.47850799560547
101.42496490478516
83.83642578125
79.26246643066406
50.49972915649414
45.23114013671875
79.7474594116211
90.98555755615234
48.732322692871094
53.53546905517578
93.95692443847656
78.81175994873047
56.48558807373047
88.69564819335938
47.016502380371094
88.1874771118164
62.48950958251953
91.93049621582031
125.80260467529297
98.7716293334961
30.413326263427734
94.86695861816406
87.78600311279297
46.713233947753906
61.91827392578125
99.11566925048828
80.84671020507812
94.53346252441406
67.69511413574219
60.534881591796875
78.23326110839844
72.1595230102539
80.10850524902344
58.766170501708984
83.16020965576172
95.49861145019531
80.89498901367188
82.1539306640625
68.72225952148438
71.46151733398438
75.66311645507812
73.94376373291016
70.0227279663086
68.70687103271484
83.12871551513672
36.11532211303711
69.70255279541016
55.4023551940918
63.518192291259766
58.897159576416016
71.5623779296875
54.65535354614258
71.09339141845703
91.98019409179688
85.65877532958984
54.94384765625
62.217647552490234
71.40219116210938
50.564369201660156
80.36317443847656
50.171295166015625
51.12118911743164
123.13066864013672
74.11565399169922
85.38894653320312
57.90597915649414
93.24535369873047
62.99647903442383
105.39374542236328
53.604305267333984
61.11500930786133
61.97203063964844
82.50923156738281
83.04783630371094
117.70436096191406
92.50389862060547
62.82017135620117
86.5208969116211
75.4845962524414
75.92117309570312
85.1898422241211
76.69558715820312
49.803871154785156
59.41300964355469
61.62272644042969
116.11182403564453
76.21814727783203
79.35594177246094
90.96993255615234
66.52715301513672
64.45294189453125
92.65010833740234
90.71986389160156
64.72103118896484
85.47344970703125
86.3916244506836
68.31505584716797
110.72354125976562
100.62023162841797
82.30126953125
104.34486389160156
57.153907775878906
66.17127990722656
93.51424407958984
59.30744552612305
83.93374633789062
79.28240966796875
87.76140594482422
96.08914184570312
54.06498336791992
81.37508392333984
78.22633361816406
50.55026626586914
93.38856506347656
100.21160888671875
63.95058822631836
70.25230407714844
66.75042724609375
118.48973846435547
58.82159423828125
79.41323852539062
71.75183868408203
57.99247741699219
69.99427032470703
84.8909912109375
93.3852767944336
76.51022338867188
84.00355529785156
73.89691162109375
76.43424987792969
80.9420166015625
53.138092041015625
68.94837951660156
98.43961334228516
75.81687927246094
75.8774185180664
88.36343383789062
77.1374740600586
57.80453872680664
51.5324592590332
53.07481384277344
75.19271850585938
56.139793395996094
84.5797119140625
71.55513000488281
78.8501205444336
116.43352508544922
57.516300201416016
102.8680648803711
75.16656494140625
89.79889678955078
43.48939514160156
61.48770523071289
92.42633819580078
91.89115142822266
92.36229705810547
80.51156616210938
67.71223449707031
104.42162322998047
79.7843017578125
75.8389663696289
87.8431396484375
102.65374755859375
90.18218994140625
100.30479431152344
75.9211654663086
99.81822967529297
102.74031066894531
64.9918441772461
61.98455047607422
65.71484375
84.90497589111328
102.006103515625
95.17169952392578
94.64010620117188
128.06069946289062
119.42371368408203
74.22055053710938
95.4024429321289
72.37399291992188
100.08748626708984
49.239463806152344
61.14827346801758
77.99142456054688
74.67266082763672
89.74311828613281
72.85162353515625
69.57868957519531
75.67041015625
89.19835662841797
70.66114044189453
59.06290054321289
98.41835021972656
103.31866455078125
69.46862030029297
86.10962677001953
64.94078826904297
64.08763885498047
83.03843688964844
71.36978912353516
55.38519287109375
74.59089660644531
58.8211784362793
108.8905029296875
63.382877349853516
100.32044982910156
80.06829833984375
57.860443115234375
83.48286437988281
68.54205322265625
54.5860595703125
82.97578430175781
50.56004333496094
81.21776580810547
72.30845642089844
87.14427185058594
65.19200134277344
53.29328918457031
70.09050750732422
56.511653900146484
46.095829010009766
85.10720825195312
67.85454559326172
100.82186126708984
63.12083053588867
58.607540130615234
95.91028594970703
62.176780700683594
86.84850311279297
111.679931640625
35.239784240722656
105.48741912841797
79.95462036132812
68.72626495361328
92.97583770751953
69.04126739501953
68.67729187011719
98.23316955566406
68.85511016845703
81.30436706542969
35.03961181640625
73.77110290527344
74.75959777832031
86.39550018310547
63.80140686035156
82.10323333740234
69.30226135253906
110.06971740722656
94.00870513916016
66.5560073852539
82.27970123291016
49.634952545166016
78.0250015258789
71.00379943847656
58.91850280761719
95.33898162841797
75.28189086914062
48.50135803222656
54.15616226196289
82.32862854003906
84.73754119873047
74.1662826538086
95.96620178222656
70.67578887939453
108.11967468261719
92.83184051513672
74.1212387084961
87.08425903320312
54.49205017089844
77.19459533691406
42.18340301513672
57.36936569213867
68.05406188964844
76.29462432861328
92.35484313964844
97.47763061523438
87.86666870117188
64.4241714477539
118.5792465209961
68.70572662353516
66.93355560302734
88.68962097167969
100.57588195800781
60.45638656616211
79.23404693603516
89.85356903076172
68.68338012695312
46.89628982543945
49.85037612915039
122.438720703125
35.84281539916992
81.22898864746094
85.50812530517578
61.4708366394043
66.7324447631836
72.45645141601562
78.49176788330078
104.91141510009766
88.8311767578125
40.500244140625
81.83712005615234
56.29937744140625
83.73423767089844
42.19524383544922
66.48184204101562
51.23516082763672
92.03673553466797
71.74211883544922
80.92243194580078
76.57108306884766
48.90221405029297
69.62938690185547
89.73491668701172
109.57342529296875
57.162662506103516
79.50899505615234
71.40557098388672
76.13661193847656
47.944549560546875
76.3213119506836
78.74866485595703
74.4009780883789
72.19486236572266
61.48786163330078
89.25775146484375
108.98739624023438
107.18865203857422
108.29039001464844
83.25157928466797
73.65089416503906
88.91838836669922
111.53108978271484
60.09732437133789
88.6681137084961
47.89731979370117
51.2463264465332
81.8177490234375
77.12586212158203
74.21835327148438
50.953575134277344
62.873046875
67.60997009277344
94.7107162475586
103.49124145507812
99.34593963623047
38.16466522216797
68.1158447265625
51.18833923339844
75.35465240478516
82.5082015991211
85.35049438476562
100.38457489013672
81.50729370117188
61.17283630371094
107.47482299804688
52.529727935791016
75.76525115966797
88.28294372558594
72.63993072509766
45.46955490112305
62.10483932495117
99.18476867675781
75.53360748291016
78.34492492675781
79.10848999023438
69.88035583496094
79.55693054199219
53.520938873291016
107.66266632080078
63.929779052734375
69.92693328857422
79.7025375366211
73.43485260009766
59.78480529785156
105.8116226196289
96.06317138671875
51.5277099609375
82.3314437866211
110.2430648803711
90.00911712646484
86.70135498046875
83.11421203613281
68.5840835571289
77.99663543701172
96.8006820678711
73.33055114746094
74.22168731689453
81.45541381835938
66.58837890625
47.35042190551758
57.257381439208984
100.92870330810547
98.3609390258789
34.90512466430664
91.37240600585938
87.738525390625
48.30614471435547
17.95345687866211
79.85916137695312
81.18873596191406
97.86325073242188
69.92375946044922
96.347412109375
59.77145004272461
69.58226013183594
60.30814743041992
70.10923767089844
85.23217010498047
61.166534423828125
43.54416275024414
68.12246704101562
65.7830810546875
39.71995544433594
101.42485809326172
93.8746337890625
92.37385559082031
116.490234375
48.7169303894043
78.16947174072266
70.74578094482422
69.05289459228516
50.68172836303711
73.35345458984375
75.15235900878906
53.5372428894043
95.96868896484375
91.94794464111328
85.25459289550781
76.16637420654297
82.33989715576172
109.32752990722656
66.34123992919922
71.85970306396484
50.41173553466797
49.21773147583008
121.06410217285156
65.731201171875
34.6656379699707
39.66600799560547
78.77396392822266
97.2004623413086
50.87527847290039
83.91887664794922
56.47624969482422
52.79228973388672
58.30109405517578
80.24024963378906
99.06122589111328
98.8616943359375
109.43075561523438
82.88410949707031
75.49604034423828
104.8781509399414
75.22871398925781
79.31222534179688
48.980987548828125
98.67115020751953
59.959938049316406
97.32746887207031
37.9645881652832
94.33985900878906
45.33835220336914
80.24708557128906
91.6659927368164
40.053531646728516
64.54436492919922
49.44905090332031
98.38624572753906
57.28101348876953
87.57203674316406
95.7258071899414
60.28997802734375
117.20301055908203
52.436553955078125
89.56754302978516
38.04307556152344
87.59557342529297
36.671165466308594
86.93136596679688
108.3782730102539
81.59099578857422
69.06753540039062
68.0258560180664
64.56378173828125
60.55189514160156
71.369384765625
74.93071746826172
54.778160095214844
78.85709381103516
79.88070678710938
80.16864013671875
104.40101623535156
48.16861343383789
110.8380126953125
87.95594024658203
89.9728775024414
68.4869155883789
53.60917663574219
69.80941009521484
83.0802001953125
69.40898132324219
41.798770904541016
105.28663635253906
85.06681060791016
62.911285400390625
53.79680633544922
93.02713012695312
80.34281921386719
82.17252349853516
87.45518493652344
46.41806411743164
69.72187805175781
82.99877166748047
105.7544937133789
20.27252960205078
52.90376281738281
75.45294952392578
68.15750122070312
93.52611541748047
69.28659057617188
111.2223129272461
50.28971481323242
35.85829544067383
77.9137954711914
58.76335144042969
60.27943420410156
74.88583374023438
91.13351440429688
44.201297760009766
79.84710693359375
40.31834411621094
79.85796356201172
85.56334686279297
49.4532585144043
87.5335922241211
114.68760681152344
105.07311248779297
70.96499633789062
88.00772094726562
70.7701644897461
108.3208236694336
59.0151252746582
84.2142562866211
46.64595031738281
53.142147064208984
45.8668212890625
64.13579559326172
77.13163757324219
71.484619140625
65.62918853759766
75.52391815185547
70.46267700195312
78.91523742675781
68.50103759765625
99.76587677001953
65.07829284667969
95.86426544189453
64.3713607788086
74.92562103271484
77.36965942382812
107.41619873046875
24.803865432739258
51.18315124511719
80.63226318359375
74.1162338256836
104.0699462890625
85.11665344238281
78.75981903076172
62.48533248901367
72.48147583007812
77.3008041381836
52.981712341308594
97.89440155029297
105.9671630859375
45.53931427001953
65.93254852294922
66.28540802001953
65.8736343383789
60.8541259765625
105.64356231689453
70.48628234863281
63.40851974487305
67.87188720703125
110.32547760009766
71.7009048461914
56.507965087890625
69.1069107055664
43.30179977416992
56.30104446411133
73.44801330566406
15.761947631835938
70.44813537597656
80.57657623291016
73.76174926757812
96.72862243652344
66.68317413330078
73.96481323242188
59.88163757324219
58.95094299316406
40.92694091796875
65.8730697631836
85.832275390625
83.1583023071289
37.49909973144531
76.63179016113281
96.51324462890625
67.65258026123047
74.4717788696289
64.09375762939453
71.87357330322266
31.08875846862793
99.93138885498047
79.93982696533203
88.43185424804688
97.93502807617188
66.2238540649414
50.72340774536133
80.9936752319336
68.27766418457031
104.56362915039062
65.74861907958984
63.052154541015625
63.53634262084961
83.54339599609375
75.7940673828125
78.8882064819336
61.584259033203125
68.81932830810547
85.7367172241211
66.4374771118164
61.204315185546875
72.15177154541016
51.09175109863281
58.787818908691406
72.96845245361328
93.48511505126953
94.66850280761719
94.02812957763672
103.02586364746094
74.54345703125
83.3084487915039
77.50505065917969
81.4207763671875
74.98057556152344
63.1315803527832
63.534934997558594
56.86258316040039
49.99333190917969
94.55500030517578
79.06330108642578
102.52310943603516
65.14800262451172
80.25164794921875
49.544639587402344
97.92436218261719
72.89359283447266
55.3296012878418
58.441993713378906
106.97147369384766
94.5202407836914
35.306884765625
51.21713638305664
71.50494384765625
59.70659255981445
79.71281433105469
69.5177001953125
87.12120819091797
77.64582061767578
57.23292922973633
55.30963897705078
90.28519439697266
29.515552520751953
34.061370849609375
70.31242370605469
92.02449798583984
94.18359375
71.68904876708984
117.6860580444336
78.86225891113281
122.10076141357422
85.17024993896484
63.79426193237305
66.46771240234375
97.43133544921875
47.070594787597656
96.47814178466797
69.11993408203125
82.62018585205078
64.7667465209961
60.571598052978516
65.15414428710938
92.2381820678711
84.23426818847656
78.8948745727539
57.120845794677734
100.66767120361328
37.325809478759766
79.87694549560547
67.65707397460938
108.32686614990234
76.380615234375
24.27312469482422
89.89759063720703
76.93268585205078
75.31110382080078
84.7419662475586
70.25556945800781
77.29116821289062
58.489253997802734
55.081111907958984
53.617088317871094
77.80947875976562
112.07779693603516
102.79254913330078
87.5501480102539
40.4262809753418
71.81034851074219
39.97480773925781
50.19414138793945
40.902225494384766
65.93695068359375
77.55482482910156
79.7638931274414
39.38599395751953
88.13025665283203
90.02415466308594
111.36630249023438
68.30769348144531
73.576171875
92.4736328125
94.55589294433594
93.58261108398438
68.25772857666016
60.39881134033203
46.23846435546875
68.390625
74.36004638671875
99.36673736572266
72.67845916748047
69.01042938232422
27.016733169555664
72.23279571533203
69.8708267211914
31.38427734375
71.34957122802734
68.14347839355469
81.7781753540039
87.83354187011719
116.02316284179688
100.42656707763672
56.90483856201172
27.379575729370117
81.55042266845703
72.26863098144531
79.78274536132812
86.21438598632812
73.65357971191406
61.14183044433594
79.96648406982422
129.984130859375
30.63193130493164
94.87427520751953
69.37752532958984
60.12931823730469
80.54816436767578
49.88959884643555
101.75222778320312
57.985843658447266
49.765228271484375
60.97616958618164
95.78645324707031
51.17493438720703
109.38566589355469
80.61785125732422
89.32856750488281
90.47403717041016
75.72608947753906
103.46358489990234
78.59952545166016
89.17375183105469
69.06868743896484
44.28401565551758
102.08756256103516
73.79436492919922
70.13618469238281
62.815494537353516
93.7084732055664
79.45785522460938
84.10411834716797
70.38077545166016
81.06486511230469
128.7930450439453
59.79448699951172
78.36456298828125
57.978721618652344
73.09616088867188
86.74553680419922
56.37697219848633
74.9876937866211
40.09622573852539
87.38037872314453
54.277732849121094
96.18803405761719
39.219688415527344
67.28707122802734
94.3564682006836
71.17487335205078
55.62950134277344
110.05572509765625
64.69644927978516
53.15532684326172
70.33689880371094
93.78890991210938
90.49746704101562
34.20198059082031
60.54315948486328
86.3961410522461
55.66767120361328
71.69310760498047
71.70863342285156
81.2979965209961
35.297149658203125
110.99285888671875
106.5606918334961
63.49838638305664
104.04417419433594
67.23540496826172
81.4667739868164
33.68303298950195
84.97783660888672
100.51220703125
10.240509033203125
46.74922561645508
74.39579010009766
69.88252258300781
102.99431610107422
56.588497161865234
81.89592742919922
90.37216186523438
76.4089584350586
83.52050018310547
40.917137145996094
65.0992202758789
103.54782104492188
77.71402740478516
85.0613784790039
89.62373352050781
97.64979553222656
54.282989501953125
74.35124969482422
85.0622787475586
69.36006927490234
49.04208755493164
76.41266632080078
78.87560272216797
91.24696350097656
83.51171112060547
67.75163269042969
54.35820388793945
103.88153076171875
72.26277160644531
90.51078796386719
70.6825942993164
83.54972076416016
53.10993576049805
102.70987701416016
73.80368041992188
76.22819519042969
88.92570495605469
49.326072692871094
79.6666030883789
111.02865600585938
78.41307830810547
71.81258392333984
75.33380889892578
76.04605865478516
67.58627319335938
