23.103107452392578
4.831182956695557
11.616477966308594
7.164177894592285
15.311022758483887
29.42363739013672
12.912872314453125
7.908791542053223
12.26988697052002
22.44634437561035
10.73960018157959
6.319178104400635
13.404720306396484
29.533231735229492
11.230951309204102
26.119802474975586
9.404446601867676
11.34997844696045
16.239513397216797
27.847148895263672
10.194950103759766
26.07916831970215
20.26056671142578
30.866621017456055
17.878742218017578
16.79476547241211
3.2987608909606934
19.916763305664062
1.3343567848205566
9.723770141601562
10.318331718444824
12.360048294067383
10.870875358581543
17.37877082824707
19.764698028564453
11.354801177978516
23.933015823364258
15.565372467041016
15.364063262939453
13.711078643798828
18.20087242126465
17.479188919067383
16.43281364440918
16.054790496826172
5.283578395843506
16.659048080444336
23.841957092285156
18.69790267944336
6.71555233001709
6.495009899139404
21.614614486694336
23.650075912475586
19.19843292236328
37.873844146728516
12.649299621582031
16.81491470336914
1.981199860572815
17.087438583374023
10.975488662719727
23.21865463256836
17.387134552001953
23.016176223754883
20.567052841186523
11.985597610473633
2.707162380218506
23.979293823242188
21.136262893676758
22.837539672851562
27.616235733032227
12.755685806274414
19.47899055480957
16.045528411865234
4.175894260406494
27.404531478881836
12.457606315612793
6.523061752319336
36.755287170410156
10.969615936279297
7.6598358154296875
7.915309429168701
12.371747970581055
18.763296127319336
24.93675994873047
17.6356201171875
6.928244590759277
19.341629028320312
11.496194839477539
22.05347442626953
15.55413818359375
20.986337661743164
22.423686981201172
26.710609436035156
23.771648406982422
21.45444679260254
9.977066040039062
23.263830184936523
16.003101348876953
10.394024848937988
12.276244163513184
42.78219985961914
13.777722358703613
11.681388854980469
13.970680236816406
40.95988464355469
14.147954940795898
8.624483108520508
18.928394317626953
24.0726318359375
14.887516021728516
23.30706024169922
11.148033142089844
21.222021102905273
21.756868362426758
16.639747619628906
20.94732093811035
9.586807250976562
11.531253814697266
22.99749755859375
33.461360931396484
23.360353469848633
14.536969184875488
25.715412139892578
28.232446670532227
12.252264976501465
24.194326400756836
10.869792938232422
12.8059720993042
26.493892669677734
15.787281036376953
24.2321720123291
16.38705062866211
13.212235450744629
23.158695220947266
9.871623992919922
14.687484741210938
16.490903854370117
28.04212760925293
16.617258071899414
24.160255432128906
20.01321029663086
13.895666122436523
16.756637573242188
11.104522705078125
13.379080772399902
22.898527145385742
12.157598495483398
13.399812698364258
20.356176376342773
23.796836853027344
20.006731033325195
22.01981544494629
17.706680297851562
12.545650482177734
19.327653884887695
19.81542205810547
12.693516731262207
2.767845630645752
37.61309814453125
15.626991271972656
12.00207805633545
15.1043701171875
4.875905990600586
18.924497604370117
24.917072296142578
19.89130973815918
28.540878295898438
10.487225532531738
29.34259033203125
8.519501686096191
23.56867790222168
13.561729431152344
14.779492378234863
5.711675643920898
27.349401473999023
17.362857818603516
15.744462013244629
21.59878921508789
26.96010971069336
9.662376403808594
11.082260131835938
23.22916030883789
12.918728828430176
20.761995315551758
29.410112380981445
24.86309814453125
14.077258110046387
22.780044555664062
11.595329284667969
12.091413497924805
17.192079544067383
9.64008903503418
18.667922973632812
6.750808238983154
13.646160125732422
12.41888427734375
27.83962631225586
12.919523239135742
16.343952178955078
31.727567672729492
16.356794357299805
7.728723526000977
3.3708090782165527
10.209394454956055
8.313018798828125
11.596665382385254
30.008106231689453
24.4480037689209
15.060578346252441
9.961316108703613
19.48520851135254
20.88109588623047
11.163138389587402
52.4501953125
22.140483856201172
40.66413497924805
11.604084014892578
9.067876815795898
16.005752563476562
28.505163192749023
18.048707962036133
22.637420654296875
14.044685363769531
19.681598663330078
27.094493865966797
17.38062286376953
11.885883331298828
13.72921371459961
5.388087749481201
12.629631042480469
14.881112098693848
18.104280471801758
32.98876190185547
35.51240539550781
9.770376205444336
19.118520736694336
16.61427116394043
9.274209022521973
30.087736129760742
13.767644882202148
5.161911487579346
10.005610466003418
18.763883590698242
16.84969139099121
20.172576904296875
23.96641731262207
18.159255981445312
25.49052619934082
9.38364315032959
31.66006851196289
33.34225082397461
17.760852813720703
7.39236307144165
12.892701148986816
15.572013854980469
16.112947463989258
13.73459243774414
16.484943389892578
4.275367736816406
19.824661254882812
40.0965576171875
18.532238006591797
11.231644630432129
17.754846572875977
14.103500366210938
8.533965110778809
18.510690689086914
36.75212097167969
20.157928466796875
27.840930938720703
4.8863348960876465
12.412938117980957
18.17445182800293
24.491931915283203
20.413009643554688
17.573335647583008
10.967860221862793
12.823042869567871
39.01230239868164
17.414377212524414
8.581158638000488
9.074370384216309
7.89161491394043
18.55915641784668
17.015209197998047
16.234704971313477
17.524991989135742
15.014867782592773
19.67599105834961
24.91414451599121
24.354909896850586
16.59290313720703
18.801738739013672
6.474240303039551
27.162242889404297
10.788413047790527
50.2742805480957
19.062606811523438
14.035561561584473
26.136791229248047
11.647551536560059
19.721935272216797
10.978012084960938
13.957785606384277
14.435022354125977
38.183570861816406
19.120878219604492
10.99703598022461
19.730640411376953
24.957101821899414
29.84082794189453
14.726391792297363
9.474926948547363
17.476015090942383
15.255637168884277
6.645783424377441
16.443376541137695
12.642279624938965
38.10385513305664
25.40424156188965
10.034229278564453
27.038246154785156
28.96263885498047
14.177214622497559
12.169026374816895
27.413759231567383
11.534490585327148
14.061812400817871
12.475576400756836
12.092829704284668
19.603740692138672
9.860513687133789
16.471412658691406
9.953313827514648
11.62628173828125
19.886329650878906
11.356306076049805
11.52738094329834
17.020164489746094
28.088552474975586
34.14509582519531
9.458791732788086
11.522187232971191
26.574840545654297
7.936761856079102
17.077119827270508
9.173996925354004
16.23238754272461
10.25560474395752
26.187158584594727
16.42593765258789
44.316768646240234
17.839262008666992
5.339561462402344
19.91729736328125
25.921497344970703
25.480121612548828
11.1430025100708
20.880931854248047
20.555885314941406
4.410938739776611
24.423664093017578
5.62606954574585
11.142409324645996
13.066657066345215
16.30958366394043
36.37654495239258
18.64828109741211
20.050067901611328
18.33705711364746
14.210087776184082
15.328791618347168
3.1537675857543945
19.395648956298828
15.861198425292969
16.3796329498291
28.394447326660156
19.09871482849121
6.787903308868408
9.93069839477539
14.576421737670898
18.80409049987793
12.045352935791016
20.022554397583008
31.211055755615234
26.285512924194336
13.234282493591309
21.650375366210938
5.608532428741455
21.613245010375977
15.449316024780273
12.137811660766602
11.99148941040039
11.372092247009277
22.266632080078125
15.993400573730469
18.569679260253906
22.573942184448242
17.44112777709961
13.805882453918457
14.035699844360352
6.944268226623535
17.852691650390625
5.621806621551514
10.431358337402344
6.526971340179443
18.829130172729492
23.248493194580078
40.0820198059082
11.711251258850098
18.392620086669922
18.782264709472656
28.19293212890625
7.266075134277344
9.296842575073242
25.82967185974121
10.309046745300293
6.330124855041504
10.13138484954834
18.22804069519043
10.451407432556152
23.53620147705078
9.558507919311523
15.985837936401367
13.089827537536621
11.50621509552002
6.973538398742676
9.950751304626465
13.555912971496582
21.754596710205078
4.898597240447998
34.23397445678711
18.527088165283203
7.414487361907959
14.202641487121582
12.178547859191895
18.662342071533203
9.162518501281738
12.176983833312988
5.0285162925720215
6.766430854797363
13.207425117492676
13.876715660095215
18.489788055419922
10.169663429260254
15.350173950195312
6.24468469619751
26.63442611694336
14.946598052978516
4.886862754821777
11.060760498046875
42.83919906616211
12.650142669677734
22.697738647460938
20.883682250976562
27.701528549194336
17.772226333618164
12.816414833068848
8.207535743713379
26.927875518798828
9.878425598144531
23.63570213317871
18.644269943237305
14.4129638671875
11.666269302368164
27.70457649230957
13.715167999267578
19.97052764892578
14.652032852172852
14.475887298583984
14.563282012939453
20.20366096496582
17.610511779785156
17.182222366333008
11.741559982299805
17.855112075805664
14.215158462524414
28.78330421447754
21.18795394897461
12.68801212310791
21.27313804626465
19.346996307373047
25.23877716064453
7.311686992645264
31.041643142700195
35.29081344604492
22.936279296875
23.514352798461914
20.867534637451172
12.214653968811035
24.4085693359375
22.7154598236084
13.613746643066406
20.768144607543945
31.893447875976562
15.860271453857422
15.858738899230957
27.363365173339844
19.37335205078125
8.428192138671875
13.551994323730469
14.804927825927734
20.826690673828125
10.43102741241455
18.34906005859375
30.0127010345459
17.408071517944336
29.949634552001953
16.497100830078125
19.49258041381836
23.732006072998047
8.878421783447266
9.624643325805664
7.634494304656982
20.147459030151367
18.53905487060547
26.213031768798828
11.797842979431152
16.06550407409668
2.785827159881592
5.7845458984375
17.30561637878418
17.930522918701172
23.212011337280273
17.9838924407959
20.28252601623535
23.063352584838867
26.63572883605957
18.384300231933594
12.73086929321289
12.911250114440918
22.680103302001953
19.53335189819336
11.371466636657715
7.449411392211914
18.277175903320312
10.055782318115234
10.365853309631348
18.083749771118164
14.409202575683594
19.565166473388672
15.861011505126953
24.0849552154541
14.275079727172852
9.96681022644043
23.114543914794922
10.064715385437012
13.551667213439941
1.7946220636367798
15.387176513671875
14.794294357299805
20.414886474609375
9.875272750854492
20.782146453857422
25.200458526611328
3.1947991847991943
28.97528839111328
24.172828674316406
14.356569290161133
16.441757202148438
28.26750946044922
16.460962295532227
4.056711196899414
8.926733016967773
13.56961727142334
18.10785675048828
4.753228664398193
28.844558715820312
11.950166702270508
24.930469512939453
11.077585220336914
11.757136344909668
18.411712646484375
11.366461753845215
25.84741973876953
27.409400939941406
12.74998664855957
11.096800804138184
2.170318126678467
7.519621849060059
15.586502075195312
30.859756469726562
9.224509239196777
17.06684684753418
19.00783348083496
14.098310470581055
16.426677703857422
8.702349662780762
15.884571075439453
13.724430084228516
20.420217514038086
14.71781063079834
19.510229110717773
35.94297409057617
4.101658821105957
16.902875900268555
13.286696434020996
23.311479568481445
23.294658660888672
20.867177963256836
12.41104507446289
17.141958236694336
8.15404224395752
7.928264141082764
10.166474342346191
11.922464370727539
13.816868782043457
22.499114990234375
8.500964164733887
18.85706901550293
16.119041442871094
16.371150970458984
11.030227661132812
16.017210006713867
9.52270221710205
10.08773136138916
13.819172859191895
22.540674209594727
6.6409687995910645
24.903610229492188
7.132578372955322
8.381359100341797
17.116662979125977
13.392295837402344
13.983856201171875
7.70628547668457
19.091352462768555
25.46421241760254
5.351559162139893
8.454319953918457
22.821077346801758
8.180503845214844
18.772790908813477
7.684881210327148
34.12024688720703
1.4678895473480225
10.5103759765625
17.43401527404785
6.820065975189209
21.036561965942383
7.807980060577393
21.74126434326172
28.94952392578125
9.288118362426758
6.513936996459961
35.571449279785156
14.285636901855469
18.45350456237793
17.99370574951172
31.393047332763672
7.030138969421387
22.633403778076172
21.41579818725586
9.17910385131836
11.50473403930664
30.45662498474121
25.17855453491211
24.4716854095459
12.746044158935547
5.45572566986084
10.828207969665527
12.431527137756348
13.380854606628418
20.089773178100586
12.822943687438965
20.108434677124023
20.168668746948242
10.29109001159668
15.037069320678711
10.530592918395996
11.198585510253906
10.666082382202148
19.60698890686035
16.873289108276367
22.866596221923828
13.418864250183105
24.18439483642578
15.689106941223145
9.13019847869873
13.771791458129883
19.726594924926758
31.314266204833984
28.887489318847656
25.254806518554688
17.76994514465332
26.78873062133789
29.929405212402344
19.633960723876953
13.737323760986328
17.277427673339844
8.310821533203125
22.2954158782959
19.040559768676758
17.488666534423828
10.340932846069336
26.255830764770508
13.523069381713867
25.936466217041016
26.027599334716797
28.322782516479492
17.303091049194336
20.397218704223633
16.107994079589844
6.516836166381836
22.648700714111328
18.375385284423828
14.103425979614258
23.253795623779297
21.338565826416016
14.624862670898438
28.185548782348633
20.05259895324707
17.436132431030273
23.544981002807617
10.01476001739502
17.555509567260742
22.16568374633789
5.363506317138672
16.21541976928711
7.402061462402344
28.488788604736328
13.387938499450684
10.54598331451416
5.507769584655762
20.054967880249023
9.513688087463379
26.315603256225586
14.58223819732666
11.250585556030273
7.898174285888672
7.48748779296875
19.27496337890625
25.385404586791992
35.63808822631836
24.173921585083008
26.328357696533203
11.900197982788086
17.01009178161621
3.6964199542999268
13.337907791137695
13.100342750549316
5.054311752319336
4.288242816925049
9.570301055908203
16.87646484375
17.443010330200195
15.713825225830078
5.624753475189209
17.340442657470703
36.029422760009766
13.189881324768066
20.251415252685547
16.30034065246582
17.60967254638672
28.360565185546875
19.503971099853516
22.201797485351562
25.876285552978516
16.722562789916992
14.029505729675293
12.705193519592285
32.54265594482422
24.03331756591797
7.986900806427002
29.71866226196289
26.89134407043457
17.517045974731445
15.74372386932373
27.378141403198242
18.814388275146484
7.593189239501953
17.201627731323242
6.6000494956970215
18.46335220336914
12.319164276123047
13.335716247558594
20.659372329711914
21.55206871032715
7.522093772888184
11.409832000732422
18.596412658691406
13.771805763244629
23.435197830200195
12.589658737182617
9.352559089660645
31.81232452392578
10.817719459533691
15.794975280761719
10.962508201599121
19.854238510131836
9.574772834777832
10.975327491760254
6.239493370056152
13.701086044311523
18.840627670288086
11.09519100189209
22.970104217529297
18.043790817260742
16.926769256591797
9.10120964050293
4.502071380615234
20.608266830444336
27.721027374267578
27.124427795410156
8.918719291687012
14.32301139831543
27.228132247924805
6.541837215423584
17.469581604003906
18.262554168701172
21.98091697692871
15.976353645324707
17.68781280517578
9.522162437438965
23.799192428588867
31.591012954711914
17.350507736206055
13.631938934326172
8.938389778137207
4.067666053771973
10.4837064743042
25.874412536621094
8.720112800598145
27.837739944458008
19.328617095947266
33.77971649169922
19.629961013793945
35.79045867919922
23.246999740600586
26.5755672454834
23.215011596679688
12.544897079467773
10.602437973022461
13.715167045593262
12.390401840209961
6.407321453094482
27.894847869873047
10.742012023925781
19.451004028320312
9.119847297668457
15.388020515441895
18.294340133666992
30.256206512451172
25.939739227294922
20.4476375579834
17.3642635345459
9.779592514038086
14.265108108520508
14.108403205871582
10.879109382629395
14.420573234558105
18.12387466430664
26.365732192993164
24.90325164794922
28.07139015197754
18.495738983154297
16.725894927978516
24.96453094482422
19.778730392456055
16.628408432006836
12.813639640808105
13.54011344909668
18.17416763305664
24.250478744506836
17.782257080078125
11.076536178588867
20.526012420654297
12.044766426086426
11.690498352050781
16.086519241333008
24.723308563232422
18.214778900146484
10.088249206542969
18.096405029296875
25.775514602661133
43.072208404541016
19.216121673583984
15.10683536529541
22.846099853515625
19.562179565429688
27.61135482788086
9.100220680236816
12.73796558380127
12.735733985900879
36.79844665527344
25.3748722076416
8.211775779724121
13.001262664794922
8.678053855895996
21.0620059967041
10.09750747680664
7.737527370452881
11.082392692565918
16.574848175048828
11.735867500305176
21.303333282470703
11.243264198303223
32.569000244140625
27.535295486450195
33.04754638671875
24.53969383239746
20.72934913635254
18.929471969604492
10.753148078918457
18.50533103942871
19.335472106933594
19.319610595703125
7.4099225997924805
16.819812774658203
5.551516532897949
19.771953582763672
33.19108581542969
15.847414016723633
8.08773136138916
23.804529190063477
23.077314376831055
30.193967819213867
18.524799346923828
18.205150604248047
21.988603591918945
25.38311195373535
33.97208786010742
8.580814361572266
31.251846313476562
19.24552345275879
20.656360626220703
16.07839584350586
14.404192924499512
8.453740119934082
11.895907402038574
6.217164039611816
14.53383731842041
10.75635051727295
8.01835823059082
6.054621696472168
19.317779541015625
24.860851287841797
27.9841365814209
11.832279205322266
26.884592056274414
9.44447135925293
12.318300247192383
6.651482582092285
16.585268020629883
5.4415740966796875
24.193105697631836
23.710102081298828
14.183491706848145
13.1256103515625
19.55609703063965
6.6243109703063965
18.9317569732666
18.990875244140625
21.205886840820312
6.489181995391846
42.308319091796875
14.49285888671875
15.650219917297363
33.08915328979492
6.939062595367432
8.023903846740723
18.1212158203125
21.964942932128906
4.229156970977783
17.248136520385742
8.755000114440918
20.09383773803711
48.11680221557617
17.76403045654297
8.958507537841797
10.377240180969238
11.862478256225586
4.798408508300781
21.38606834411621
36.608245849609375
8.97689437866211
10.610980987548828
16.241130828857422
20.709096908569336
7.018843650817871
25.616708755493164
8.673786163330078
21.271581649780273
13.263450622558594
12.919695854187012
15.756119728088379
20.563814163208008
7.043417930603027
8.346770286560059
23.892915725708008
38.39677047729492
16.7050724029541
15.572423934936523
12.75906753540039
14.85265064239502
33.55240249633789
6.651284694671631
12.619867324829102
4.529374599456787
18.625308990478516
19.793338775634766
9.284041404724121
15.594383239746094
20.53076934814453
31.701860427856445
17.477754592895508
5.92116641998291
31.39126968383789
16.9905948638916
12.029641151428223
29.75670623779297
27.343067169189453
23.904050827026367
15.39686393737793
9.556437492370605
19.056800842285156
15.952629089355469
34.482818603515625
16.22907257080078
19.912275314331055
6.831678867340088
11.242597579956055
10.971691131591797
32.915191650390625
12.164036750793457
20.6262264251709
22.657670974731445
12.207473754882812
14.92747974395752
16.694259643554688
14.845928192138672
23.370973587036133
12.647603988647461
18.816146850585938
5.568406581878662
14.510907173156738
40.364166259765625
24.63056755065918
14.060883522033691
14.321502685546875
5.660101890563965
23.17454719543457
15.07345962524414
14.401180267333984
10.8059720993042
14.119686126708984
8.693193435668945
27.201570510864258
19.73674201965332
11.861090660095215
37.25251007080078
13.657569885253906
14.361259460449219
11.909683227539062
21.290367126464844
14.826799392700195
18.30516242980957
21.50538444519043
16.419235229492188
7.3050103187561035
21.760316848754883
12.012967109680176
6.97567081451416
7.827210426330566
14.846189498901367
22.27266502380371
16.70790672302246
10.699512481689453
13.768339157104492
35.308597564697266
30.2554988861084
29.5141544342041
12.6678466796875
4.518473148345947
12.555023193359375
6.606081008911133
14.091779708862305
11.49575424194336
20.986051559448242
26.481121063232422
14.654053688049316
20.075502395629883
10.311580657958984
13.970006942749023
8.810601234436035
28.041696548461914
21.324626922607422
21.876340866088867
28.67441177368164
10.774154663085938
16.89006233215332
12.510501861572266
11.46329116821289
12.791662216186523
21.745853424072266
13.618208885192871
13.974514961242676
26.6966609954834
14.852442741394043
12.971102714538574
15.630315780639648
6.015144348144531
4.92946720123291
6.235416412353516
13.142175674438477
21.849523544311523
12.84731674194336
22.21625328063965
17.826223373413086
15.67707633972168
10.594085693359375
14.950000762939453
33.183284759521484
17.819353103637695
16.953718185424805
10.116683006286621
25.66815948486328
15.3134126663208
11.202620506286621
10.732922554016113
22.523590087890625
14.81632137298584
27.16197967529297
8.559148788452148
14.242293357849121
28.733802795410156
20.29435920715332
14.707488059997559
26.45486068725586
13.592738151550293
15.353796005249023
25.34868812561035
16.510494232177734
18.979381561279297
23.67572593688965
28.088764190673828
13.697593688964844
24.0161075592041
26.955759048461914
27.29288101196289
13.10378360748291
5.603286266326904
7.927311420440674
13.421698570251465
24.22981834411621
12.701264381408691
16.313920974731445
23.135272979736328
18.105989456176758
7.033209800720215
12.823623657226562
10.341474533081055
25.25768280029297
16.867589950561523
13.533409118652344
21.466453552246094
27.89739418029785
18.372400283813477
18.514413833618164
28.900365829467773
31.330928802490234
14.656966209411621
16.52943229675293
19.751686096191406
19.166879653930664
18.10468292236328
10.4916353225708
21.448930740356445
20.19736671447754
11.849315643310547
24.360689163208008
9.950190544128418
13.72117805480957
12.746212005615234
12.025757789611816
15.469196319580078
17.98950958251953
10.094398498535156
40.911048889160156
20.448707580566406
13.69260311126709
11.6286039352417
11.741151809692383
4.563220500946045
13.013762474060059
13.165536880493164
20.541139602661133
14.554269790649414
5.722067832946777
5.539064407348633
4.6363115310668945
28.288015365600586
14.756925582885742
17.325611114501953
10.667075157165527
22.05638313293457
16.216535568237305
17.764293670654297
25.443994522094727
5.963977813720703
14.707298278808594
12.340230941772461
24.9849853515625
14.878620147705078
8.42011833190918
20.845497131347656
21.14108657836914
12.458080291748047
18.112892150878906
3.4520468711853027
22.990646362304688
13.861360549926758
6.275646686553955
41.529476165771484
34.16972351074219
21.35137939453125
21.4991397857666
21.602230072021484
16.023189544677734
11.456758499145508
6.24378776550293
6.756711006164551
16.121417999267578
19.618690490722656
6.382614612579346
31.167856216430664
12.141453742980957
14.207160949707031
27.110809326171875
4.6928019523620605
13.418876647949219
17.447580337524414
12.004761695861816
8.264249801635742
23.518129348754883
13.845840454101562
9.79190731048584
35.333045959472656
11.20132064819336
18.727951049804688
16.87364387512207
9.138813018798828
33.7042121887207
4.71871280670166
21.260986328125
17.558975219726562
11.380834579467773
27.840900421142578
11.030485153198242
13.737646102905273
4.913976192474365
20.60853385925293
24.19989585876465
22.041240692138672
13.905021667480469
7.160491943359375
12.069817543029785
39.824180603027344
14.753110885620117
17.444156646728516
24.78200912475586
10.853984832763672
12.732437133789062
20.32370376586914
14.415185928344727
18.096010208129883
19.919452667236328
34.02528762817383
27.534934997558594
6.09073543548584
17.94622802734375
9.197677612304688
6.676219940185547
12.790412902832031
22.102100372314453
16.433616638183594
40.79100036621094
23.46757698059082
27.123882293701172
26.941160202026367
10.866314888000488
21.48562240600586
14.232138633728027
9.05652141571045
16.890756607055664
27.757356643676758
17.929222106933594
16.32680892944336
29.605079650878906
16.611549377441406
10.572688102722168
12.540093421936035
6.519335746765137
22.961353302001953
36.384639739990234
26.275188446044922
6.0625457763671875
22.632041931152344
15.012018203735352
14.020463943481445
19.844301223754883
12.567477226257324
2.958552837371826
14.93979263305664
12.900782585144043
9.802620887756348
27.67158317565918
26.405967712402344
18.70417022705078
11.812456130981445
15.512127876281738
32.601158142089844
15.081902503967285
19.128726959228516
13.366479873657227
18.127138137817383
7.148251056671143
19.456953048706055
20.76477813720703
16.677135467529297
22.504369735717773
2.6830217838287354
20.18222427368164
16.68868064880371
28.884851455688477
16.249034881591797
11.21191120147705
40.693946838378906
27.024057388305664
26.935489654541016
21.546321868896484
8.95960807800293
20.430328369140625
18.149003982543945
15.924731254577637
12.880433082580566
15.201037406921387
28.48883628845215
20.613080978393555
10.372733116149902
13.560853958129883
13.869836807250977
20.9955997467041
14.517411231994629
12.869795799255371
5.060664653778076
24.12784194946289
14.791434288024902
6.92231559753418
17.320669174194336
34.89115524291992
13.342267036437988
11.278548240661621
35.02638626098633
18.322587966918945
15.544503211975098
9.986347198486328
23.826894760131836
19.200790405273438
7.3642258644104
26.185123443603516
10.258395195007324
14.300271987915039
29.102800369262695
25.488588333129883
23.7248477935791
8.24906063079834
6.578528881072998
27.431644439697266
2.4742538928985596
21.005016326904297
10.60892105102539
10.624711036682129
17.408679962158203
29.355688095092773
9.167144775390625
22.734569549560547
16.79413604736328
21.309322357177734
29.22653579711914
3.6786224842071533
26.335969924926758
34.376773834228516
14.466501235961914
12.563514709472656
5.919127941131592
15.384292602539062
30.014482498168945
15.665836334228516
16.951404571533203
25.78044319152832
10.674341201782227
15.812749862670898
20.592927932739258
18.889728546142578
12.927557945251465
2.7489819526672363
26.174701690673828
19.023542404174805
24.611547470092773
7.982333183288574
9.503776550292969
20.02800941467285
6.493095397949219
16.47051429748535
8.585038185119629
3.9408645629882812
30.800813674926758
23.93014144897461
12.916451454162598
44.0721549987793
7.167194843292236
38.59800338745117
8.01529312133789
16.43755531311035
12.949592590332031
24.936208724975586
12.651418685913086
15.030440330505371
22.770416259765625
21.322935104370117
6.199003219604492
18.640323638916016
26.30680274963379
17.908344268798828
16.05327796936035
17.37295913696289
12.607443809509277
24.007986068725586
16.483421325683594
18.384571075439453
30.072072982788086
18.414579391479492
9.028227806091309
21.403594970703125
40.13792037963867
32.417938232421875
21.33133316040039
16.875526428222656
2.021679401397705
18.633895874023438
13.32483196258545
9.81878662109375
20.494903564453125
13.525003433227539
12.92151165008545
13.638418197631836
15.188760757446289
7.59783935546875
22.278369903564453
13.108860969543457
13.22314453125
22.26676368713379
13.327136039733887
8.473481178283691
24.654598236083984
19.484111785888672
17.219778060913086
27.838003158569336
31.59425163269043
14.845203399658203
19.376985549926758
18.623689651489258
22.659202575683594
8.175324440002441
12.113697052001953
21.828317642211914
22.829326629638672
26.650218963623047
22.253908157348633
21.814538955688477
24.9869384765625
15.54159927368164
15.031715393066406
15.064948081970215
17.92009735107422
24.193815231323242
20.102699279785156
33.122703552246094
19.93650245666504
10.807735443115234
11.467964172363281
10.593522071838379
15.492756843566895
16.606538772583008
24.88721466064453
23.605627059936523
1.9861220121383667
16.3313045501709
27.88971710205078
9.686826705932617
11.659658432006836
31.92677879333496
22.741683959960938
7.957326889038086
13.311786651611328
9.20057487487793
25.764619827270508
37.83517837524414
16.786664962768555
17.54926109313965
14.653564453125
14.576525688171387
20.472957611083984
10.755287170410156
31.883852005004883
2.874056816101074
14.6504487991333
21.147411346435547
13.219531059265137
8.497446060180664
24.244279861450195
33.7470817565918
3.28507661819458
24.68351173400879
9.349467277526855
13.595107078552246
9.123526573181152
8.19881820678711
18.297378540039062
8.65561580657959
21.387104034423828
5.8679399490356445
27.493101119995117
15.18832015991211
13.21716594696045
41.660396575927734
21.899288177490234
14.821541786193848
26.893104553222656
13.604418754577637
14.990960121154785
11.94897174835205
9.07359790802002
15.679494857788086
12.26513957977295
26.38115119934082
14.90682315826416
18.090618133544922
19.668865203857422
29.941547393798828
16.282655715942383
16.92784881591797
9.493200302124023
8.177001953125
9.881087303161621
6.410378932952881
17.7663631439209
22.208805084228516
15.449782371520996
20.164810180664062
13.684260368347168
13.352829933166504
14.419779777526855
16.45392417907715
1.80711030960083
32.42365264892578
29.693260192871094
10.072382926940918
9.890891075134277
20.026817321777344
9.849976539611816
18.75361442565918
16.9531192779541
9.353069305419922
20.83713722229004
23.742273330688477
9.085756301879883
11.371294021606445
17.760427474975586
11.934988021850586
7.235572338104248
3.243894338607788
11.234075546264648
19.092639923095703
31.723896026611328
15.507776260375977
37.408443450927734
32.64087677001953
12.961538314819336
16.332935333251953
18.360851287841797
18.622283935546875
24.15619659423828
22.471345901489258
32.44478225708008
18.37801170349121
14.938398361206055
28.460205078125
21.359146118164062
6.5354108810424805
14.692079544067383
5.710057258605957
18.718181610107422
29.81195640563965
10.2196683883667
26.273183822631836
12.079048156738281
21.3825626373291
18.667835235595703
7.079431056976318
30.87824249267578
19.805633544921875
24.063701629638672
10.650184631347656
16.589590072631836
7.126798629760742
10.322107315063477
21.182941436767578
10.415846824645996
26.56319236755371
15.150004386901855
38.503211975097656
6.018504619598389
20.931045532226562
20.18056297302246
24.43162727355957
29.311885833740234
9.18659496307373
6.976982116699219
8.820382118225098
17.384050369262695
32.196807861328125
27.348249435424805
12.39759349822998
12.912922859191895
15.063928604125977
17.92790412902832
31.43547248840332
13.33236312866211
12.741912841796875
9.575186729431152
25.495832443237305
3.8177683353424072
19.589696884155273
19.91175651550293
13.067243576049805
13.799739837646484
11.15689754486084
21.84610939025879
23.232145309448242
10.745383262634277
8.078537940979004
28.208019256591797
17.311500549316406
14.557772636413574
24.358840942382812
25.323850631713867
31.943300247192383
14.137282371520996
7.779051780700684
17.694355010986328
35.73108673095703
25.356473922729492
12.384957313537598
7.317917823791504
12.83250904083252
12.827413558959961
33.20669174194336
12.96258544921875
21.674800872802734
12.731670379638672
32.82467269897461
13.389548301696777
15.063441276550293
15.279571533203125
11.16068172454834
13.09204387664795
13.675760269165039
17.00279426574707
10.874309539794922
19.105907440185547
26.861169815063477
8.750811576843262
33.94984436035156
38.66691970825195
21.819067001342773
8.396824836730957
22.947355270385742
35.72823715209961
28.482669830322266
23.308256149291992
13.206555366516113
7.542199611663818
8.2346830368042
13.642913818359375
19.179128646850586
20.121976852416992
10.726722717285156
16.8342227935791
15.595497131347656
16.21430206298828
16.306068420410156
19.87444305419922
15.03863525390625
5.268232345581055
6.394926071166992
36.46239471435547
17.973730087280273
15.631021499633789
7.737390995025635
31.09173583984375
31.161298751831055
36.059051513671875
22.059497833251953
12.819161415100098
5.529759883880615
12.875240325927734
12.329755783081055
21.292261123657227
27.64005470275879
17.602909088134766
11.548876762390137
7.222580432891846
18.999046325683594
9.305267333984375
9.472310066223145
26.21575927734375
30.87310218811035
25.41310691833496
17.295135498046875
3.5130615234375
13.463044166564941
23.328392028808594
28.39246940612793
18.085697174072266
16.37761878967285
26.44924545288086
20.402849197387695
24.01885414123535
17.875648498535156
23.675146102905273
25.811321258544922
31.870277404785156
19.323040008544922
25.171377182006836
9.265276908874512
24.151220321655273
5.636345386505127
23.71685028076172
15.323071479797363
15.740023612976074
4.028778076171875
20.26177978515625
20.165634155273438
8.716336250305176
12.403388023376465
18.149782180786133
17.627761840820312
7.013709545135498
16.40017318725586
7.966278076171875
22.784488677978516
14.258890151977539
39.69487380981445
14.11019229888916
23.710229873657227
12.197128295898438
27.8093204498291
1.1357922554016113
9.91230583190918
16.457151412963867
36.481163024902344
7.858506679534912
23.3428955078125
18.47368812561035
32.20295333862305
14.886726379394531
18.012985229492188
14.00248908996582
14.738274574279785
20.055374145507812
24.55948829650879
13.400765419006348
39.60989761352539
15.749296188354492
16.627696990966797
17.13058853149414
24.45265769958496
13.529420852661133
19.904151916503906
25.3825740814209
15.140801429748535
11.710049629211426
11.891620635986328
18.561246871948242
21.17782211303711
13.315571784973145
27.754276275634766
20.647241592407227
16.2866268157959
19.914257049560547
6.455930709838867
27.974504470825195
23.09748077392578
15.638772964477539
13.956631660461426
17.047550201416016
14.232261657714844
28.56680679321289
8.453001976013184
13.457383155822754
21.054244995117188
15.444395065307617
12.691117286682129
18.55035400390625
27.038639068603516
22.36835289001465
17.160743713378906
23.470653533935547
13.743447303771973
3.5826478004455566
7.468287467956543
17.145776748657227
20.802644729614258
17.35953140258789
10.243372917175293
23.986425399780273
15.567484855651855
26.242084503173828
14.7112398147583
18.75935935974121
25.718908309936523
24.860820770263672
8.777742385864258
19.479429244995117
12.11674976348877
20.209348678588867
12.09102725982666
18.6359806060791
22.432601928710938
10.421330451965332
20.614015579223633
9.443309783935547
27.03110122680664
34.12468338012695
8.265828132629395
16.143909454345703
29.470458984375
12.220526695251465
21.636917114257812
21.034133911132812
10.552764892578125
2.0732014179229736
19.694992065429688
9.325383186340332
12.711880683898926
4.678511619567871
7.172008037567139
10.367265701293945
6.1247429847717285
7.49014949798584
20.984628677368164
16.85784149169922
29.354190826416016
24.97318458557129
14.427931785583496
32.4842529296875
19.960437774658203
20.032045364379883
27.37641143798828
15.159793853759766
16.667245864868164
15.214131355285645
12.351601600646973
19.472219467163086
26.399784088134766
14.029986381530762
4.560773849487305
26.733402252197266
10.73498821258545
8.06515121459961
26.5018367767334
7.724429607391357
25.45290756225586
25.556015014648438
17.197288513183594
7.373652458190918
7.485576152801514
17.759754180908203
11.0018310546875
15.317680358886719
17.455162048339844
11.956867218017578
11.896563529968262
20.942289352416992
6.332823276519775
29.400129318237305
16.058290481567383
28.55294418334961
3.1265125274658203
29.21906089782715
11.977287292480469
36.91891860961914
25.141023635864258
9.980733871459961
8.506000518798828
23.646745681762695
31.02988624572754
7.85154914855957
25.47344207763672
21.644142150878906
20.16361427307129
26.630130767822266
36.512939453125
12.41849136352539
35.008602142333984
9.844801902770996
40.56729507446289
16.923572540283203
16.313932418823242
26.679542541503906
18.460195541381836
24.618335723876953
13.355938911437988
27.355003356933594
12.900826454162598
18.30243682861328
15.521604537963867
6.126197338104248
20.53834342956543
20.71639060974121
7.653614521026611
14.56761360168457
23.08908462524414
19.97791290283203
14.919957160949707
22.149080276489258
22.15654945373535
21.087181091308594
9.271519660949707
7.768353462219238
20.965810775756836
25.64886474609375
14.450202941894531
18.085773468017578
18.018138885498047
17.168460845947266
16.56339454650879
12.723140716552734
20.213197708129883
13.335345268249512
13.841157913208008
20.864036560058594
10.549102783203125
25.553884506225586
8.240718841552734
16.608810424804688
17.309860229492188
6.1319355964660645
14.964017868041992
3.87969970703125
25.614622116088867
21.950838088989258
6.578459739685059
41.285972595214844
20.98188018798828
7.836089134216309
15.09428596496582
28.098960876464844
5.7916669845581055
15.105624198913574
10.704141616821289
14.390531539916992
13.591011047363281
6.977518081665039
12.526422500610352
18.25542449951172
13.603271484375
8.379535675048828
23.03658676147461
6.681209564208984
10.052263259887695
11.109029769897461
23.737150192260742
15.046235084533691
22.004013061523438
8.428031921386719
19.777055740356445
12.810535430908203
24.599164962768555
10.441051483154297
34.328311920166016
23.97715950012207
22.64619255065918
12.011377334594727
31.94146156311035
20.453123092651367
5.131686210632324
5.918580532073975
10.933785438537598
17.508270263671875
15.144246101379395
18.891077041625977
7.311203956604004
5.742393493652344
15.767736434936523
6.353433609008789
17.998062133789062
16.702117919921875
26.904760360717773
16.28871726989746
25.42307472229004
15.757563591003418
6.96936559677124
22.208839416503906
19.69179344177246
10.395610809326172
20.62238121032715
10.93538761138916
24.018749237060547
17.342729568481445
18.69103240966797
22.69292449951172
17.31458282470703
16.852983474731445
11.241312026977539
19.09375762939453
16.912641525268555
17.08329200744629
8.271224975585938
11.18259048461914
13.930281639099121
17.126880645751953
13.016810417175293
19.678783416748047
19.76933479309082
27.494281768798828
14.840231895446777
11.368549346923828
16.808609008789062
30.515689849853516
11.241455078125
13.663686752319336
15.776894569396973
19.935771942138672
20.423484802246094
13.439888000488281
17.038681030273438
15.86951732635498
18.0402889251709
23.387353897094727
24.202926635742188
21.896068572998047
14.880526542663574
29.341567993164062
23.803119659423828
16.351146697998047
9.254618644714355
11.591215133666992
15.304452896118164
22.131925582885742
8.437081336975098
5.982592582702637
10.426592826843262
20.68459701538086
10.651516914367676
43.3309326171875
8.063928604125977
14.839988708496094
12.299720764160156
16.966552734375
31.58375358581543
11.57123851776123
27.019092559814453
10.455349922180176
20.29277801513672
49.54994201660156
16.932525634765625
29.084131240844727
23.66436195373535
25.52634048461914
9.474126815795898
25.66840934753418
23.547433853149414
7.28365421295166
9.68441104888916
25.810813903808594
25.886362075805664
9.151309967041016
24.12285614013672
11.846199989318848
27.534029006958008
20.6700439453125
19.572277069091797
41.42569351196289
28.897930145263672
28.773658752441406
24.27882957458496
16.334980010986328
13.877052307128906
24.212074279785156
22.566268920898438
37.69456100463867
13.459355354309082
27.56358528137207
17.45245361328125
16.208070755004883
17.67074966430664
45.07737731933594
21.917417526245117
4.770811080932617
12.0166015625
20.802879333496094
25.080209732055664
17.843685150146484
10.850245475769043
19.968252182006836
37.703208923339844
24.324411392211914
18.377906799316406
16.520915985107422
2.5217504501342773
11.645681381225586
28.55022621154785
24.125165939331055
18.10150718688965
17.81892967224121
15.401611328125
19.94198226928711
18.63486099243164
13.984233856201172
24.40290069580078
17.915695190429688
11.597260475158691
27.58470344543457
24.233470916748047
19.145343780517578
4.249147891998291
25.820331573486328
12.414283752441406
19.22306251525879
7.216196537017822
19.712705612182617
31.0318660736084
15.865640640258789
20.358341217041016
18.337636947631836
8.134565353393555
27.567733764648438
20.56174087524414
9.679417610168457
32.098533630371094
15.22385025024414
7.1764421463012695
14.247386932373047
20.73894500732422
24.621320724487305
26.648666381835938
24.630149841308594
20.3093318939209
12.664130210876465
6.807636737823486
11.489862442016602
28.097339630126953
28.412919998168945
24.05495262145996
13.84865665435791
13.496978759765625
17.88967514038086
16.5143985748291
4.203888416290283
9.482999801635742
15.844347953796387
7.594369888305664
24.353059768676758
22.276796340942383
5.5593976974487305
31.22795867919922
25.279407501220703
6.300021171569824
30.182636260986328
7.931806564331055
28.10440444946289
14.025737762451172
15.247568130493164
9.919898986816406
9.351829528808594
15.184635162353516
15.597739219665527
10.5184326171875
25.182634353637695
17.45832633972168
24.074939727783203
14.057768821716309
12.017353057861328
12.076030731201172
18.804018020629883
7.447193622589111
21.83686637878418
9.76833724975586
27.355724334716797
3.767401695251465
19.30364990234375
33.620582580566406
15.692739486694336
26.246679306030273
19.119291305541992
5.594477653503418
19.15480613708496
10.720701217651367
18.490093231201172
17.820890426635742
9.104394912719727
3.2302629947662354
9.788172721862793
37.26835250854492
6.190128803253174
23.23743438720703
15.349459648132324
4.988265514373779
14.712508201599121
10.146967887878418
10.530983924865723
10.137613296508789
11.528635025024414
20.449703216552734
13.398370742797852
20.96044921875
19.120681762695312
11.982089042663574
17.66997528076172
21.091461181640625
6.705624580383301
8.19751262664795
15.697183609008789
7.388864040374756
29.111347198486328
42.96486282348633
16.212291717529297
23.46558952331543
7.511291027069092
25.53891944885254
6.868500232696533
22.051057815551758
13.011545181274414
7.589719772338867
22.68950080871582
13.938684463500977
11.61525821685791
28.363882064819336
17.90374755859375
16.791744232177734
14.469058990478516
17.060409545898438
21.713651657104492
22.28003692626953
12.945452690124512
9.140016555786133
22.539453506469727
22.255529403686523
19.022188186645508
21.751182556152344
7.703641414642334
6.797878265380859
8.62861442565918
7.314323902130127
21.353784561157227
14.70532512664795
10.73685359954834
24.21891212463379
18.763490676879883
3.6647725105285645
27.274023056030273
16.24190902709961
21.76551628112793
15.19305419921875
14.406831741333008
24.556114196777344
30.727420806884766
27.4379940032959
2.234862804412842
30.694440841674805
15.746870040893555
16.064504623413086
11.37176513671875
18.39510726928711
21.57078742980957
7.923750877380371
12.208474159240723
19.106233596801758
19.58444595336914
26.97972869873047
12.866840362548828
13.233321189880371
25.51592445373535
30.545686721801758
25.55687141418457
26.961214065551758
18.587261199951172
23.991802215576172
26.363143920898438
17.811861038208008
12.565793991088867
15.012959480285645
43.81724548339844
15.4302396774292
15.817680358886719
21.82303810119629
22.758319854736328
24.648761749267578
8.429978370666504
12.756875038146973
9.696337699890137
5.2427544593811035
16.926767349243164
17.54623794555664
35.15585708618164
34.447898864746094
27.577661514282227
37.91704559326172
10.888330459594727
5.693138122558594
10.5958833694458
17.32038116455078
23.11917495727539
34.98606872558594
20.258533477783203
26.476200103759766
9.21362018585205
12.093409538269043
9.545753479003906
13.096941947937012
32.21724319458008
9.429909706115723
18.996803283691406
22.53897476196289
13.849408149719238
17.2797908782959
12.971858024597168
15.683629989624023
18.20438575744629
17.40082550048828
11.752603530883789
9.530916213989258
15.0623140335083
19.326473236083984
22.682493209838867
25.355989456176758
14.445680618286133
30.729358673095703
22.570615768432617
13.314301490783691
7.331301212310791
12.716277122497559
11.197050094604492
25.595623016357422
22.127944946289062
12.627357482910156
16.248666763305664
21.44659996032715
20.308956146240234
32.942665100097656
11.652384757995605
17.746017456054688
3.904951572418213
11.516213417053223
24.684551239013672
4.945601940155029
16.627525329589844
13.995790481567383
15.422494888305664
15.905107498168945
24.58424186706543
9.360844612121582
8.600168228149414
5.173864841461182
15.055815696716309
9.97549819946289
21.986679077148438
22.170019149780273
36.60719299316406
28.112131118774414
18.832069396972656
14.844558715820312
14.584145545959473
12.241576194763184
31.45505714416504
17.122716903686523
23.479602813720703
14.413599967956543
9.652875900268555
21.36172866821289
35.44560241699219
7.09951114654541
40.70477294921875
35.317073822021484
19.77766990661621
16.15127944946289
31.138402938842773
10.878827095031738
5.82133674621582
44.14789581298828
26.861818313598633
25.875625610351562
4.579300403594971
7.282226085662842
15.309487342834473
18.186073303222656
26.04698944091797
20.865570068359375
7.58319091796875
6.473698616027832
32.658973693847656
12.579145431518555
32.18667984008789
24.9052677154541
11.829680442810059
20.359025955200195
14.206957817077637
18.81879234313965
12.37786865234375
17.168127059936523
18.564472198486328
23.518573760986328
1.6605907678604126
27.291027069091797
10.294405937194824
15.743049621582031
21.218523025512695
16.022354125976562
14.00956916809082
30.363502502441406
23.512006759643555
22.408666610717773
25.056121826171875
25.445724487304688
20.628463745117188
17.13019371032715
6.384796142578125
9.665685653686523
7.652806282043457
23.360458374023438
25.602384567260742
28.176624298095703
14.850350379943848
14.160202026367188
9.636819839477539
16.348190307617188
16.808088302612305
17.45027732849121
13.455839157104492
37.92802047729492
22.93140411376953
20.456493377685547
21.869579315185547
26.795164108276367
15.377010345458984
31.96857452392578
4.740286827087402
12.839571952819824
16.764497756958008
41.6956787109375
10.1145601272583
29.00735855102539
19.119796752929688
22.241302490234375
9.019643783569336
12.799027442932129
17.951141357421875
17.247995376586914
24.89338493347168
8.739933967590332
23.580825805664062
24.513633728027344
13.489344596862793
7.255146026611328
22.990049362182617
15.891551971435547
15.436050415039062
21.912227630615234
43.63636016845703
16.294734954833984
18.032310485839844
18.453598022460938
22.495182037353516
10.64148998260498
7.722369194030762
4.909880638122559
9.687594413757324
7.646784782409668
13.549254417419434
36.134010314941406
15.764592170715332
34.663368225097656
23.595985412597656
12.788644790649414
35.1512451171875
28.204999923706055
8.773409843444824
6.922015190124512
15.912683486938477
14.372648239135742
26.236263275146484
6.924978256225586
24.540124893188477
25.59025764465332
18.230459213256836
13.574175834655762
16.19205093383789
18.482505798339844
8.841829299926758
16.18463706970215
10.450010299682617
19.08342170715332
33.06789016723633
19.125152587890625
15.621565818786621
17.199493408203125
5.3133320808410645
20.199737548828125
15.889138221740723
3.536165952682495
19.297624588012695
12.20673656463623
9.532905578613281
9.116424560546875
6.909389495849609
29.57102394104004
15.065144538879395
3.3305106163024902
11.844568252563477
27.58203887939453
20.86434555053711
14.133312225341797
8.418540000915527
7.1865386962890625
4.1050214767456055
2.1056151390075684
20.120882034301758
17.940542221069336
9.18770980834961
30.07100486755371
2.6363484859466553
6.257433891296387
3.723757266998291
24.317045211791992
18.59759521484375
15.82463264465332
25.733787536621094
32.27646255493164
30.5538272857666
22.974782943725586
22.846725463867188
15.012249946594238
12.317106246948242
21.582901000976562
21.174623489379883
13.502866744995117
31.081201553344727
19.41632652282715
32.221683502197266
6.891701698303223
5.650966167449951
14.43154525756836
6.995636463165283
17.038230895996094
20.929981231689453
15.268279075622559
22.00325584411621
12.01321792602539
8.495287895202637
6.744317531585693
7.5176239013671875
12.9382963180542
9.81395149230957
25.86317253112793
19.849515914916992
9.563326835632324
8.07161808013916
11.940997123718262
36.59196472167969
3.800337314605713
16.585342407226562
20.024646759033203
26.93451690673828
16.52300262451172
14.12617015838623
24.429521560668945
23.818513870239258
27.995296478271484
7.883683681488037
18.66008186340332
15.86236572265625
16.01105499267578
21.885990142822266
15.727052688598633
26.401487350463867
9.624109268188477
24.690996170043945
10.079414367675781
7.418315410614014
11.680438995361328
14.145730018615723
9.097413063049316
21.098251342773438
14.326847076416016
10.11829948425293
8.380468368530273
19.889190673828125
8.270782470703125
18.07835578918457
21.88582420349121
14.983905792236328
18.71820640563965
7.32539176940918
22.327957153320312
32.1992301940918
18.83530044555664
12.653894424438477
3.36944317817688
7.87796688079834
20.70528793334961
17.676897048950195
5.880010604858398
16.65162467956543
19.598281860351562
10.13122272491455
32.00983810424805
28.105676651000977
29.8398494720459
24.010318756103516
15.899925231933594
12.285924911499023
23.709196090698242
9.936622619628906
10.664741516113281
32.234375
15.484569549560547
18.271717071533203
16.61522102355957
29.528554916381836
7.210072994232178
8.383487701416016
16.10657501220703
15.040754318237305
10.677873611450195
15.907938957214355
8.509682655334473
18.455646514892578
14.83945083618164
7.576640605926514
19.52259635925293
5.425343990325928
20.260025024414062
16.416101455688477
12.828917503356934
21.29327964782715
11.83193302154541
21.356678009033203
13.257697105407715
11.262835502624512
22.237825393676758
17.281646728515625
14.009265899658203
16.510541915893555
13.13929557800293
4.974376678466797
19.487520217895508
14.764395713806152
7.953415870666504
16.09934425354004
30.89146614074707
30.825654983520508
18.382551193237305
5.0978546142578125
20.675363540649414
14.099235534667969
24.835697174072266
22.28987693786621
13.914786338806152
23.472455978393555
11.629362106323242
21.656532287597656
32.877777099609375
8.449065208435059
21.680145263671875
29.36736297607422
2.147787094116211
15.185925483703613
16.03060531616211
17.600862503051758
19.571847915649414
18.533414840698242
5.63639497756958
18.764301300048828
37.3558349609375
22.399991989135742
25.043943405151367
19.06627655029297
21.134496688842773
29.479875564575195
14.162496566772461
21.845197677612305
16.292213439941406
20.18098258972168
23.202348709106445
20.718040466308594
11.470854759216309
22.024381637573242
10.400815963745117
24.357297897338867
21.462749481201172
20.87755012512207
11.232723236083984
14.978890419006348
8.905473709106445
16.945026397705078
12.253438949584961
21.720129013061523
8.369508743286133
5.023807525634766
26.00370979309082
13.003154754638672
21.32659912109375
8.317103385925293
14.715001106262207
22.299530029296875
21.181074142456055
18.65094566345215
17.65484619140625
35.20375442504883
13.920928955078125
16.62519073486328
21.19390869140625
21.799711227416992
11.80199146270752
22.733491897583008
18.379714965820312
12.983457565307617
16.09566879272461
24.796348571777344
13.058075904846191
17.599609375
31.31153678894043
24.29376220703125
3.64548921585083
11.022806167602539
13.888298034667969
15.588968276977539
12.883171081542969
22.18121910095215
13.052313804626465
3.7145743370056152
16.23845100402832
27.365659713745117
23.20587921142578
26.99808692932129
29.156543731689453
7.127880096435547
34.51911544799805
9.096713066101074
9.404020309448242
21.928144454956055
17.790203094482422
27.43012237548828
28.423187255859375
5.516040325164795
16.668289184570312
22.770673751831055
25.300376892089844
24.725383758544922
12.510275840759277
17.453702926635742
22.03026580810547
23.85463523864746
15.947044372558594
20.62325096130371
13.643975257873535
24.20156478881836
20.053287506103516
27.087142944335938
29.463523864746094
10.370598793029785
8.560115814208984
23.926198959350586
10.333562850952148
8.028759002685547
23.371946334838867
13.419095039367676
15.864773750305176
19.363792419433594
21.005918502807617
16.44182014465332
12.04818058013916
18.996082305908203
16.051862716674805
22.81728172302246
20.207775115966797
26.441455841064453
14.105813026428223
7.0767903327941895
12.019926071166992
13.851377487182617
18.812894821166992
39.325069427490234
5.828675746917725
18.439807891845703
20.39097785949707
20.56340980529785
27.316606521606445
15.904410362243652
28.86193084716797
14.482051849365234
30.19732666015625
8.87609577178955
17.22894287109375
12.574954986572266
8.105876922607422
14.497367858886719
19.07691192626953
18.285301208496094
13.00302791595459
12.046041488647461
15.925353050231934
11.276060104370117
16.88700294494629
24.895343780517578
14.067172050476074
3.799886465072632
22.088851928710938
8.515875816345215
27.352052688598633
19.02099609375
7.894596099853516
15.909802436828613
27.77590560913086
16.080530166625977
6.723886966705322
16.202938079833984
17.099815368652344
21.845550537109375
17.134204864501953
29.327299118041992
9.308417320251465
18.47316551208496
6.078411102294922
22.100692749023438
17.749223709106445
19.283470153808594
19.27315330505371
19.051353454589844
9.663456916809082
32.212074279785156
10.3643159866333
26.752111434936523
35.4516487121582
25.91349983215332
13.501805305480957
12.59485149383545
34.962982177734375
16.35133171081543
22.147123336791992
43.8049201965332
20.972858428955078
12.182454109191895
19.239551544189453
24.844873428344727
9.666873931884766
10.057941436767578
17.54562759399414
18.550132751464844
8.796708106994629
27.99686622619629
15.424506187438965
13.752741813659668
10.505990982055664
23.327116012573242
16.518259048461914
26.39216423034668
13.709599494934082
19.571258544921875
22.912641525268555
12.059399604797363
12.501753807067871
11.54198169708252
16.320045471191406
7.9874138832092285
32.532405853271484
8.614629745483398
21.996295928955078
16.740922927856445
50.668087005615234
12.840933799743652
8.966458320617676
7.746150016784668
9.329455375671387
32.37814712524414
15.561577796936035
12.84058952331543
13.543819427490234
10.532014846801758
19.26399040222168
1.4164917469024658
22.00238609313965
17.36915397644043
15.62075138092041
23.547809600830078
19.763465881347656
21.697532653808594
