62.44388961791992
100.3179931640625
79.7469253540039
35.648841857910156
42.0908317565918
79.41122436523438
59.052730560302734
64.40855407714844
60.673492431640625
44.1254997253418
105.21038055419922
82.31578826904297
72.05101013183594
84.14534759521484
57.31939697265625
85.24057006835938
78.46458435058594
93.23751831054688
91.09667205810547
90.43524169921875
83.32898712158203
51.59129333496094
77.39537048339844
92.43832397460938
92.49694061279297
92.53006744384766
87.7636947631836
42.63729476928711
54.41802215576172
79.8371353149414
90.7527847290039
67.20206451416016
78.41264343261719
104.7140121459961
75.47895050048828
55.68632888793945
80.78187561035156
75.81935119628906
70.88948059082031
82.54730987548828
108.06204986572266
66.54822540283203
89.31309509277344
90.62593078613281
69.61367797851562
47.16037368774414
90.90961456298828
76.6594009399414
77.75656127929688
93.01424407958984
111.0978012084961
91.32762908935547
97.13578796386719
45.228965759277344
70.69062805175781
49.68351364135742
105.22647857666016
116.85721588134766
66.24142456054688
38.56327438354492
87.86083984375
33.477760314941406
67.26782989501953
48.69932174682617
112.3111801147461
94.20197296142578
80.5966567993164
69.8583984375
116.2030029296875
73.62442016601562
78.91205596923828
70.77845764160156
72.2445297241211
62.318145751953125
79.73346710205078
50.462623596191406
66.568359375
48.8623046875
93.2435302734375
45.62086868286133
107.13827514648438
62.48018264770508
64.73738098144531
101.34867858886719
103.57388305664062
54.14781951904297
74.49369812011719
94.48370361328125
50.79848098754883
104.96331024169922
61.75152587890625
54.43994140625
79.15199279785156
76.48345184326172
67.3915023803711
40.177635192871094
70.58540344238281
50.67763137817383
81.08704376220703
98.58363342285156
62.890960693359375
100.49224090576172
56.618629455566406
68.207275390625
94.4955825805664
67.38713073730469
95.58595275878906
75.49215698242188
79.24453735351562
78.4777603149414
115.45674133300781
105.5413589477539
88.53923034667969
80.14527893066406
93.97674560546875
52.37174987792969
99.37703704833984
78.38955688476562
78.98169708251953
93.60184478759766
63.05236053466797
57.98981475830078
49.5716667175293
60.57239532470703
72.58338165283203
67.57369995117188
96.46749114990234
76.53473663330078
98.78515625
122.86285400390625
100.14705657958984
68.69068145751953
87.1296615600586
31.08325958251953
37.561790466308594
76.55657958984375
75.37513732910156
37.429691314697266
87.17707824707031
94.93500518798828
52.192447662353516
83.85470581054688
78.78056335449219
63.661231994628906
39.77403259277344
80.823974609375
120.0213851928711
56.82769775390625
109.6182861328125
90.02658081054688
60.29974365234375
71.08845520019531
50.95589065551758
82.50032806396484
77.6874771118164
82.297119140625
55.982574462890625
78.73612976074219
82.15709686279297
49.1578369140625
89.65806579589844
61.364044189453125
81.16825103759766
84.3931655883789
94.02485656738281
90.77387237548828
82.36419677734375
58.33348083496094
67.90562438964844
79.93356323242188
75.60086059570312
64.75238800048828
62.245052337646484
67.87108612060547
66.74624633789062
60.89674377441406
66.32337188720703
77.29711151123047
45.04230880737305
96.33580780029297
94.10720825195312
83.36951446533203
34.0303955078125
96.36334991455078
59.21706008911133
79.2099838256836
56.22290802001953
65.72347259521484
92.36302185058594
73.62325286865234
45.725563049316406
57.197113037109375
69.06963348388672
87.40176391601562
90.12114715576172
79.34211730957031
77.421142578125
67.03262329101562
83.34310150146484
61.830528259277344
58.984031677246094
88.9487533569336
52.25728225708008
64.1868667602539
94.00698852539062
90.2542724609375
43.0510139465332
77.3864974975586
88.96080780029297
80.39521026611328
51.47380065917969
76.9409408569336
93.08125305175781
76.61212921142578
81.27320861816406
74.05714416503906
92.93099975585938
105.10590362548828
55.13600540161133
78.77175903320312
82.01961517333984
40.604610443115234
40.89696502685547
88.84383392333984
97.154541015625
82.71944427490234
40.29280090332031
90.30715942382812
44.48335647583008
64.1800308227539
67.97746276855469
114.87557220458984
63.670902252197266
78.46228790283203
77.91386413574219
81.4614486694336
97.96392822265625
45.09651565551758
85.54664611816406
79.6064682006836
100.74493408203125
100.18046569824219
96.08248138427734
58.09636688232422
86.17659759521484
48.85801315307617
64.69075775146484
44.303253173828125
67.21440124511719
70.63082885742188
91.04151916503906
79.02130889892578
93.619873046875
86.44547271728516
86.53524780273438
76.69987487792969
42.9481201171875
103.37261962890625
48.14820098876953
92.3155288696289
83.74545288085938
65.01542663574219
101.67913055419922
60.704219818115234
61.57190704345703
82.1299057006836
35.25477600097656
73.08918762207031
98.68254089355469
116.88700103759766
60.24089050292969
35.95139694213867
63.94610595703125
79.31758117675781
82.57508850097656
64.81078338623047
96.28131103515625
81.95806884765625
32.22509765625
91.66170501708984
45.98982620239258
96.5904312133789
95.70137023925781
36.558372497558594
67.84143829345703
89.16104888916016
58.595855712890625
90.99817657470703
62.315582275390625
86.29998016357422
93.46392822265625
68.95711517333984
88.54972839355469
76.97395324707031
108.09400177001953
75.29173278808594
55.2903938293457
29.500286102294922
72.1007080078125
87.49859619140625
47.434608459472656
95.20696258544922
65.36995697021484
68.47554779052734
70.08406829833984
28.311059951782227
81.75392150878906
64.33047485351562
62.01610565185547
46.12467956542969
53.05695724487305
117.99638366699219
59.04389953613281
60.82856750488281
65.30792236328125
60.581485748291016
93.96491241455078
68.28663635253906
47.122798919677734
62.63084411621094
35.081443786621094
80.72571563720703
84.74214935302734
50.21796798706055
83.22600555419922
87.27582550048828
66.57184600830078
62.74494934082031
103.3720474243164
69.27693939208984
61.4333610534668
79.1590805053711
84.8661880493164
81.50579071044922
67.9918441772461
70.42465209960938
58.02824783325195
88.68101501464844
77.73030090332031
69.42151641845703
95.54862976074219
84.95612335205078
85.58013916015625
93.48686218261719
40.942020416259766
84.53541564941406
90.85365295410156
58.56996154785156
69.16329956054688
53.09196090698242
62.67766189575195
90.86763763427734
51.155696868896484
61.066375732421875
109.19682312011719
45.322425842285156
63.952938079833984
36.32282257080078
88.39614868164062
100.7611083984375
89.7869873046875
80.58604431152344
72.06795501708984
78.55525207519531
77.34943389892578
89.88247680664062
74.94341278076172
89.74507141113281
63.44810104370117
48.4559440612793
93.59476470947266
99.34288787841797
60.48799514770508
111.1277084350586
83.34268188476562
98.99081420898438
75.65814208984375
53.55201721191406
68.92711639404297
54.28776168823242
68.877685546875
50.054840087890625
86.84354400634766
74.35676574707031
66.6437759399414
61.44447708129883
93.3614501953125
71.08428955078125
71.97747802734375
97.53706359863281
68.50318145751953
63.195037841796875
104.92389678955078
76.96163940429688
85.32353210449219
60.32360076904297
90.79728698730469
78.12310791015625
89.37129211425781
94.020751953125
69.49272155761719
81.33808135986328
75.01622009277344
57.73390197753906
82.85688781738281
50.87135314941406
103.58881378173828
75.22029876708984
48.88605499267578
41.072635650634766
42.05854034423828
55.354244232177734
75.26240539550781
84.89335632324219
47.48221206665039
118.0950698852539
87.57543182373047
77.17042541503906
63.037254333496094
82.4532470703125
54.51397705078125
39.72014236450195
74.66077423095703
77.57779693603516
54.43682098388672
48.79246520996094
118.41883087158203
85.63790893554688
80.14347076416016
82.44688415527344
62.96210861206055
57.607460021972656
66.95938110351562
69.72532653808594
87.82526397705078
45.100929260253906
69.41980743408203
41.737037658691406
35.27616882324219
82.2199478149414
96.07877349853516
75.64305877685547
70.5274429321289
85.9894027709961
112.56666564941406
72.7136459350586
60.28925704956055
64.31484985351562
72.42884063720703
84.80967712402344
42.15092849731445
61.801509857177734
38.25254821777344
25.535985946655273
99.7832260131836
95.94650268554688
74.29327392578125
60.667972564697266
56.32292556762695
69.46237182617188
62.85982894897461
93.37950897216797
62.79043197631836
77.96746063232422
70.78141784667969
91.12541198730469
84.97981262207031
52.282501220703125
105.14277648925781
67.86458587646484
115.22584533691406
73.37931823730469
77.33617401123047
79.83720397949219
58.14759063720703
59.905555725097656
87.06763458251953
58.08258819580078
55.20701599121094
63.959930419921875
68.55070495605469
86.67144012451172
89.87022399902344
34.813602447509766
76.37828063964844
92.3536376953125
104.39644622802734
21.45863151550293
78.20509338378906
95.33354187011719
56.12230682373047
66.38861083984375
87.89324951171875
79.18223571777344
90.2280502319336
107.94713592529297
96.79917907714844
55.113006591796875
45.10150909423828
80.20569610595703
62.899375915527344
97.01979064941406
84.80321502685547
119.12582397460938
82.47779083251953
64.9339828491211
66.39501190185547
89.21211242675781
87.78582000732422
60.85736846923828
73.35835266113281
114.19185638427734
97.954345703125
53.978824615478516
56.841796875
51.270545959472656
67.30335998535156
89.8925552368164
56.82383346557617
86.1045150756836
64.81450653076172
74.33056640625
81.0212173461914
95.76385498046875
92.10862731933594
89.14945983886719
93.57818603515625
71.07996368408203
46.026798248291016
95.38896942138672
80.52865600585938
81.94730377197266
75.91719818115234
81.82452392578125
65.23080444335938
80.23490142822266
75.23150634765625
61.682281494140625
70.55329895019531
84.32594299316406
97.50670623779297
96.61593627929688
93.90383911132812
87.24407196044922
96.72845458984375
101.83694458007812
109.44281768798828
37.62788391113281
95.91371154785156
115.81521606445312
52.945255279541016
106.58560180664062
62.37903594970703
85.11064910888672
79.19833374023438
62.57136154174805
77.98299407958984
88.15459442138672
103.9508285522461
57.082191467285156
44.01652145385742
98.57218933105469
48.095611572265625
97.73369598388672
97.34182739257812
76.00263214111328
76.84192657470703
91.25212097167969
95.62356567382812
72.922607421875
34.93331527709961
57.8727912902832
83.43778991699219
77.41537475585938
67.6460189819336
77.59105682373047
56.54057312011719
93.70199584960938
68.68977355957031
58.40546798706055
107.245361328125
68.55424499511719
115.48011779785156
71.28794860839844
72.9137954711914
87.27519989013672
84.13218688964844
46.457969665527344
80.96896362304688
98.89546203613281
87.30988311767578
64.92876434326172
103.10823822021484
68.9441909790039
58.43184280395508
92.16398620605469
91.49544525146484
73.88552856445312
56.926971435546875
47.70404815673828
79.29509735107422
60.89397430419922
79.4556655883789
103.09306335449219
73.92117309570312
70.20191955566406
98.42489624023438
84.93273162841797
88.75813293457031
84.12073516845703
50.612606048583984
72.6817855834961
62.96904754638672
71.24710083007812
71.63374328613281
106.36695861816406
107.14160919189453
77.48667907714844
75.7542953491211
106.47537994384766
70.26766204833984
67.2238540649414
72.98066711425781
54.8766975402832
53.346866607666016
79.7587661743164
53.0732421875
43.76787567138672
95.52603149414062
53.63435745239258
54.06117630004883
40.660865783691406
66.24209594726562
57.334007263183594
90.250244140625
64.46035766601562
63.96034622192383
81.90242767333984
81.13626861572266
80.18187713623047
45.6978645324707
108.00679016113281
73.78608703613281
54.8229866027832
81.00817108154297
77.64847564697266
59.81050109863281
59.71967315673828
62.40074920654297
67.05535888671875
85.31925964355469
71.6473159790039
119.99150848388672
41.94363021850586
44.6544075012207
36.82216262817383
60.056724548339844
85.12883758544922
61.792633056640625
93.0561752319336
56.65760803222656
93.58241271972656
110.83747863769531
81.4399185180664
50.99763870239258
61.051902770996094
81.86548614501953
76.05134582519531
58.35984420776367
87.25554656982422
54.96337890625
59.41272735595703
77.860595703125
39.91276550292969
61.77692413330078
99.02784729003906
82.24891662597656
76.99463653564453
75.54134368896484
65.21961975097656
72.56031036376953
94.40264129638672
82.21935272216797
81.62210083007812
48.814056396484375
63.80503463745117
67.20719909667969
75.86196899414062
89.14523315429688
77.58839416503906
74.5806655883789
101.02069854736328
65.73665618896484
59.50691223144531
87.18022155761719
54.415138244628906
54.62013244628906
28.04060935974121
115.73149871826172
63.73121643066406
69.34283447265625
92.90853881835938
54.092369079589844
68.04705810546875
77.71493530273438
85.3011245727539
61.54613494873047
107.2852783203125
68.3363037109375
46.60525131225586
105.35272979736328
86.40438842773438
67.32516479492188
80.04303741455078
58.21296310424805
99.6891860961914
73.8238296508789
78.59615325927734
70.9935073852539
53.20231246948242
64.22510528564453
71.33319854736328
85.50865936279297
46.669151306152344
65.90808868408203
39.14671325683594
35.590362548828125
59.92159652709961
110.0274887084961
48.86410140991211
72.00782012939453
64.84453582763672
99.00504302978516
88.38435363769531
83.69756317138672
54.876220703125
50.747703552246094
67.4434585571289
64.53136444091797
88.29899597167969
49.35038757324219
33.96078872680664
89.6976089477539
96.0347900390625
33.65534591674805
90.6507339477539
64.82596588134766
96.64828491210938
57.304630279541016
84.01570129394531
76.95930480957031
53.56581497192383
71.56473541259766
78.79596710205078
110.57225036621094
84.99016571044922
78.90303039550781
91.59955596923828
70.57140350341797
86.80094909667969
56.485801696777344
83.06048583984375
71.5130844116211
59.08646774291992
89.29113006591797
78.33132934570312
44.37308883666992
95.52134704589844
89.01412963867188
64.26984405517578
111.86968994140625
83.38665008544922
102.31393432617188
62.51695251464844
67.56002807617188
78.48374938964844
63.11435317993164
65.40406036376953
77.69197845458984
62.4464225769043
62.56163024902344
64.65443420410156
58.88044738769531
130.27867126464844
60.39266586303711
37.779937744140625
84.76780700683594
98.57491302490234
104.79417419433594
92.00582885742188
110.04124450683594
86.58941650390625
69.97001647949219
63.970760345458984
40.665245056152344
51.15890121459961
60.51240921020508
64.7070541381836
93.75642395019531
96.4161148071289
69.84241485595703
82.83621978759766
64.0255355834961
118.67680358886719
73.96288299560547
78.62681579589844
80.09854888916016
83.30545806884766
102.03305053710938
80.58993530273438
72.0508804321289
47.84651565551758
42.634761810302734
102.5952377319336
100.27677154541016
70.31845092773438
39.527061462402344
111.65291595458984
77.28058624267578
78.34660339355469
63.29742431640625
77.45773315429688
83.53640747070312
103.4141616821289
66.75975036621094
79.95001220703125
85.35749053955078
66.03824615478516
126.06773376464844
24.498634338378906
75.626953125
63.54868698120117
71.41329193115234
74.76107025146484
84.83871459960938
81.59370422363281
102.74954223632812
112.7795639038086
65.54086303710938
62.61266326904297
63.75171661376953
116.21973419189453
68.72411346435547
81.01817321777344
74.15139770507812
59.31134796142578
56.4343376159668
98.23308563232422
79.76962280273438
69.1390151977539
62.59947967529297
80.449951171875
62.6707763671875
68.1795883178711
80.69295501708984
97.07307434082031
73.92312622070312
57.709163665771484
41.70292663574219
99.01664733886719
83.2060317993164
87.87531280517578
59.3480110168457
29.625932693481445
65.58190155029297
101.0166015625
47.164939880371094
51.13447189331055
110.2299575805664
69.16094207763672
60.27627944946289
115.43487548828125
94.99118041992188
86.50843048095703
76.18025207519531
70.1838607788086
89.77303314208984
82.8125228881836
86.24461364746094
109.77208709716797
53.88605499267578
56.239662170410156
54.66742706298828
97.02537536621094
63.55500411987305
81.65489959716797
90.984375
107.2570571899414
71.37776947021484
72.79480743408203
96.82209014892578
101.93392181396484
93.85599517822266
76.17694854736328
96.33839416503906
106.82957458496094
52.09170913696289
66.32048797607422
75.85513305664062
88.40894317626953
85.26533508300781
67.61832427978516
108.6561050415039
54.01380920410156
112.49711608886719
80.58013153076172
73.5828628540039
108.5403823852539
52.20618438720703
61.096214294433594
22.882041931152344
105.71633911132812
96.30379486083984
30.671234130859375
53.238807678222656
89.30448913574219
85.12400817871094
90.0176010131836
48.42207336425781
36.89728927612305
82.28548431396484
92.49720001220703
58.28067398071289
86.76692199707031
58.64571762084961
55.0305290222168
98.1376953125
85.29366302490234
97.27092742919922
89.05215454101562
45.35161209106445
74.94774627685547
79.12303924560547
62.30424118041992
83.8995132446289
67.95970916748047
82.91413879394531
62.3551025390625
58.81196212768555
99.18399047851562
80.70932006835938
84.70498657226562
57.69892120361328
47.3211669921875
55.48848342895508
67.69195556640625
85.8094711303711
81.95272827148438
69.31015014648438
89.72215270996094
91.20077514648438
85.7325210571289
74.24834442138672
98.53726959228516
138.33193969726562
76.22260284423828
72.43419647216797
64.94269561767578
52.55854034423828
63.89279556274414
78.57230377197266
108.38739776611328
31.268213272094727
51.89715576171875
55.53384017944336
76.05262756347656
116.48751831054688
81.82173919677734
83.1290054321289
76.8823013305664
80.16674041748047
71.62124633789062
67.71675109863281
70.16120147705078
92.28941345214844
73.68049621582031
83.27137756347656
66.77522277832031
85.11805725097656
58.8481559753418
76.51393127441406
86.578125
67.57275390625
85.66631317138672
105.57335662841797
94.38717651367188
78.06926727294922
53.497310638427734
122.98280334472656
66.734619140625
88.12565612792969
64.07959747314453
90.3499526977539
45.906494140625
77.26161193847656
62.02613067626953
85.61085510253906
47.51570129394531
106.6684341430664
68.77406311035156
55.93320846557617
89.19458770751953
101.53076171875
64.37446594238281
44.6412239074707
73.48967742919922
67.7569351196289
69.48985290527344
56.36262893676758
85.33954620361328
106.7576904296875
67.94674682617188
56.973106384277344
96.94182586669922
68.77371215820312
53.20741653442383
31.062650680541992
80.14128875732422
100.63702392578125
122.34397888183594
85.79267883300781
67.69538116455078
34.66975021362305
48.244815826416016
64.1977310180664
76.90116882324219
80.46389770507812
47.35074996948242
62.758811950683594
53.32948303222656
94.30624389648438
91.17938995361328
79.85749816894531
69.92115020751953
73.50332641601562
54.27763366699219
67.84834289550781
63.36745834350586
69.26152801513672
90.67826080322266
54.575897216796875
56.444419860839844
86.34073638916016
79.13263702392578
120.06592559814453
112.7705078125
67.24248504638672
66.70755767822266
84.43122863769531
60.678558349609375
91.92552947998047
60.57986831665039
40.27462387084961
76.86190795898438
76.5835952758789
74.87879943847656
105.31381225585938
47.872493743896484
58.36064529418945
62.475154876708984
39.5652961730957
72.80441284179688
103.0401840209961
71.76205444335938
95.8868408203125
81.31268310546875
42.7330207824707
77.54949188232422
71.8755111694336
62.37079620361328
94.38334655761719
50.98688507080078
66.46237182617188
82.57450103759766
75.72798919677734
69.37066650390625
47.03569793701172
42.252681732177734
85.98593139648438
76.69812774658203
59.39536666870117
74.59868621826172
40.887290954589844
63.83089828491211
88.4326171875
89.3067398071289
73.81869506835938
100.53741455078125
82.21015930175781
92.46587371826172
106.01988220214844
75.7732162475586
103.1452865600586
91.75381469726562
34.12282943725586
48.034915924072266
98.33594512939453
102.2625961303711
73.71931457519531
79.93392944335938
40.775447845458984
82.96757507324219
100.68590545654297
73.72064971923828
80.6585464477539
86.08757781982422
84.40464782714844
29.5065860748291
67.21211242675781
75.47281646728516
61.5885124206543
101.87789916992188
68.75886535644531
61.73818588256836
60.187042236328125
99.10737609863281
62.5634651184082
67.09175872802734
105.61787414550781
114.52059173583984
118.60645294189453
61.57469940185547
64.81466674804688
48.66352462768555
43.1912841796875
78.62267303466797
72.69697570800781
71.35598754882812
52.985198974609375
63.68209457397461
83.97574615478516
93.5218734741211
121.00726318359375
86.55694580078125
76.15806579589844
74.96090698242188
53.251407623291016
21.441699981689453
81.11449432373047
62.60884475708008
98.10880279541016
91.92709350585938
51.65023422241211
67.04154968261719
50.664554595947266
97.14511108398438
53.01115036010742
43.433746337890625
96.89762115478516
101.61087036132812
79.33488464355469
59.22508239746094
88.0045166015625
86.18185424804688
69.39311218261719
80.75651550292969
90.31114196777344
38.86137771606445
71.18223571777344
43.09676742553711
86.83747100830078
60.8680419921875
58.28482437133789
112.75619506835938
90.85342407226562
47.34360885620117
56.88098907470703
80.48504638671875
80.31757354736328
67.09425354003906
50.34395980834961
85.47285461425781
97.38114929199219
73.92766571044922
107.939697265625
83.42308044433594
92.09587097167969
88.82136535644531
25.452808380126953
43.87263488769531
83.37024688720703
57.15264892578125
76.13847351074219
111.81341552734375
109.3174057006836
66.36044311523438
104.5842056274414
72.11138916015625
91.31756591796875
87.7782211303711
125.0426025390625
81.5654067993164
60.586788177490234
70.6327133178711
69.23452758789062
80.85667419433594
50.01355743408203
60.98047637939453
64.79551696777344
67.59199523925781
86.2767562866211
119.50731658935547
42.785972595214844
99.51387786865234
64.61547088623047
96.53099822998047
58.688201904296875
74.07974243164062
97.55248260498047
88.03694915771484
73.2017593383789
71.31928253173828
81.7218017578125
87.50151062011719
93.21451568603516
74.21248626708984
31.957664489746094
64.6554946899414
65.9356918334961
51.22600173950195
72.06717681884766
60.4222412109375
80.55870819091797
58.213382720947266
80.60273742675781
84.256103515625
101.38349914550781
111.79857635498047
91.82120513916016
80.77953338623047
100.0400161743164
57.861671447753906
24.996885299682617
90.32819366455078
87.41452026367188
59.31157684326172
93.63751983642578
48.78540802001953
81.93400573730469
84.56696319580078
65.72943115234375
80.37406921386719
40.541099548339844
61.00468826293945
75.85152435302734
65.88082122802734
119.90594482421875
74.94410705566406
73.84700775146484
47.88231658935547
126.1313247680664
61.331050872802734
91.05646514892578
105.7435531616211
48.05910873413086
57.780731201171875
99.81993103027344
110.15296173095703
61.195919036865234
89.33724212646484
75.82498931884766
59.242225646972656
65.96601104736328
56.7139892578125
43.365447998046875
86.94676208496094
78.3116455078125
89.84452056884766
83.7412338256836
118.5608901977539
71.87155151367188
75.90628814697266
84.42042541503906
88.73626708984375
71.71820068359375
25.598302841186523
86.81173706054688
76.63140106201172
100.11187744140625
94.97471618652344
82.8431396484375
52.22860336303711
72.7745132446289
59.538124084472656
84.968994140625
77.7415542602539
87.09757995605469
95.44058990478516
75.00190734863281
66.72395324707031
77.44771575927734
112.62236022949219
96.76112365722656
76.38890075683594
45.35164260864258
61.329505920410156
72.69149780273438
79.32501220703125
97.32846069335938
82.82769775390625
73.44515228271484
72.75157165527344
96.60519409179688
38.50541305541992
32.453285217285156
37.199893951416016
74.71167755126953
65.25751495361328
79.90416717529297
90.0779037475586
98.29863739013672
79.64237213134766
55.181644439697266
74.16180419921875
132.64190673828125
70.51082611083984
84.43004608154297
57.4957275390625
81.73412322998047
67.31614685058594
95.36821746826172
75.51271057128906
62.183937072753906
62.00079345703125
77.50140380859375
77.47261810302734
60.24281311035156
69.22443389892578
99.55747985839844
69.74329376220703
84.26622009277344
114.36438751220703
52.841468811035156
81.8069839477539
89.20952606201172
88.10640716552734
70.33050537109375
121.39710998535156
80.08673858642578
116.0150375366211
63.77426528930664
54.55760192871094
90.25447845458984
120.23875427246094
74.8109359741211
47.0059700012207
102.52703094482422
86.46385955810547
75.18588256835938
81.5927505493164
46.77665328979492
77.75847625732422
121.90240478515625
60.24027633666992
82.68733215332031
87.55542755126953
95.98487091064453
75.40470886230469
63.62199783325195
73.45277404785156
97.0506820678711
36.174198150634766
60.867576599121094
90.30271911621094
97.01130676269531
60.479915618896484
65.46892547607422
77.78556823730469
89.2261962890625
95.4134292602539
74.79136657714844
77.10370635986328
84.92301940917969
103.06982421875
63.03690719604492
59.456756591796875
86.11840057373047
81.11986541748047
87.1863784790039
55.17738342285156
76.7579345703125
71.39482879638672
59.84115219116211
40.34138488769531
71.89354705810547
62.594146728515625
87.05252075195312
95.96631622314453
106.51875305175781
63.49363708496094
88.2680435180664
85.68571472167969
82.13003540039062
58.77918243408203
66.62943267822266
81.76538848876953
89.83524322509766
63.95670700073242
83.01221466064453
93.43521881103516
93.07312774658203
72.52806091308594
78.31723022460938
90.54977416992188
73.93892669677734
100.69766998291016
81.4639892578125
77.78795623779297
32.1946907043457
71.52354431152344
77.88844299316406
57.96406555175781
62.94002914428711
88.9101791381836
130.8115234375
66.52841186523438
75.11327362060547
85.83222198486328
50.24958801269531
122.43755340576172
75.45243072509766
112.45464324951172
73.05440521240234
93.72433471679688
93.96075439453125
105.53401184082031
35.24631881713867
116.44075775146484
112.51395416259766
92.71073150634766
67.81502532958984
56.99750518798828
69.6120376586914
51.48274612426758
73.68767547607422
88.10669708251953
114.60027313232422
81.0004653930664
31.6942195892334
107.80156707763672
89.11197662353516
105.33671569824219
87.61116027832031
79.95932006835938
74.83080291748047
80.7805404663086
88.26390838623047
73.64693450927734
75.71198272705078
55.79813003540039
62.28614044189453
77.86163330078125
108.07109832763672
97.16854095458984
85.45899200439453
38.8271369934082
86.89410400390625
127.50360870361328
74.608642578125
72.23238372802734
88.1939468383789
77.71517944335938
62.610713958740234
58.24808883666992
31.785083770751953
97.08529663085938
76.67224884033203
97.82521057128906
81.33177947998047
83.25096893310547
97.87730407714844
65.38359832763672
68.74539184570312
42.20155334472656
74.07920837402344
69.3388671875
102.1117172241211
91.23916625976562
75.85472106933594
78.27082061767578
81.33726501464844
83.83804321289062
83.67488098144531
73.15132904052734
74.89900207519531
73.75285339355469
82.35604858398438
80.15985870361328
62.502628326416016
56.999874114990234
46.13899230957031
64.69486999511719
82.96623229980469
38.73441696166992
67.15673065185547
69.8978271484375
34.523834228515625
90.37084197998047
75.03237915039062
72.87796020507812
78.32575988769531
50.71183395385742
66.43035125732422
78.83649444580078
91.60325622558594
62.77899932861328
63.27419662475586
67.26073455810547
66.12106323242188
88.56869506835938
54.22860336303711
66.19806671142578
83.48040771484375
38.88554000854492
80.3152847290039
51.68947219848633
101.10323333740234
65.48201751708984
54.69010543823242
56.4646110534668
63.686981201171875
31.261682510375977
62.59181594848633
42.850364685058594
73.5843505859375
56.23859405517578
116.09555053710938
53.8770637512207
80.08380889892578
98.7891845703125
99.52143096923828
69.84993743896484
101.54151153564453
84.67131805419922
79.75212097167969
74.37279510498047
110.30197143554688
89.19469451904297
82.23788452148438
88.15997314453125
90.27264404296875
42.82132339477539
47.253807067871094
83.0479965209961
91.8403549194336
120.48484802246094
83.44336700439453
66.2800521850586
98.7680435180664
86.96186828613281
100.99665069580078
77.58686065673828
80.56539916992188
53.02021408081055
50.56178283691406
87.60932922363281
106.55719757080078
65.8520278930664
83.81461334228516
86.63939666748047
78.79351806640625
60.702571868896484
77.2990951538086
40.51954650878906
40.8878173828125
80.13504791259766
87.37879180908203
36.530792236328125
54.8323974609375
97.31877136230469
62.81600570678711
43.557830810546875
57.329132080078125
85.1946792602539
50.792266845703125
70.29409790039062
49.1649284362793
62.484901428222656
73.38717651367188
92.52249908447266
62.64078903198242
57.03691864013672
43.455753326416016
89.32157897949219
104.24783325195312
85.34071350097656
90.12420654296875
97.0830307006836
61.889793395996094
71.87155151367188
93.62557983398438
62.80662536621094
54.25147247314453
86.56671905517578
87.20494842529297
71.20499420166016
61.53046417236328
121.4242935180664
106.78617095947266
62.85565948486328
83.42510223388672
90.55069732666016
107.41035461425781
70.29371643066406
83.18468475341797
72.49262237548828
68.44718170166016
68.56510162353516
71.61237335205078
59.08143997192383
94.86570739746094
64.29048156738281
60.746299743652344
63.110511779785156
72.62872314453125
43.375370025634766
84.40875244140625
59.32054138183594
120.95865631103516
77.63600158691406
81.0483169555664
110.06370544433594
64.50045013427734
77.49272155761719
46.2028694152832
70.31242370605469
99.66875457763672
75.9149398803711
68.35588073730469
70.11650848388672
73.60603332519531
39.2080078125
76.99076843261719
52.046775817871094
99.2708740234375
93.00407409667969
70.98828887939453
58.71934127807617
60.098907470703125
83.30998992919922
114.67005920410156
78.91722869873047
43.206703186035156
47.988197326660156
65.49961853027344
78.29521179199219
65.6891098022461
90.72186279296875
99.24935913085938
93.22029876708984
74.58393096923828
86.4572982788086
52.47855758666992
69.22234344482422
91.5535888671875
69.6602554321289
66.07476043701172
28.667057037353516
76.22838592529297
120.613525390625
23.778196334838867
108.78756713867188
76.07329559326172
77.34893798828125
60.569435119628906
84.69416809082031
71.54953002929688
59.35215377807617
65.32843017578125
60.6763916015625
108.87808990478516
68.19744110107422
99.50043487548828
76.62568664550781
108.49564361572266
73.58921813964844
105.83404541015625
60.870513916015625
91.2023696899414
49.912567138671875
84.82926177978516
57.72742462158203
92.85977935791016
78.93125915527344
31.01849365234375
83.78474426269531
51.94002151489258
64.62147521972656
80.19365692138672
58.93675231933594
75.95977783203125
120.75226593017578
89.84658813476562
67.9395751953125
105.77703094482422
88.51116943359375
65.8214111328125
56.35861587524414
77.46897888183594
83.02106475830078
46.973331451416016
66.78048706054688
40.604679107666016
65.4544448852539
93.46890258789062
113.02574157714844
57.07514572143555
70.1956787109375
75.67850494384766
113.03914642333984
88.44345092773438
58.53256607055664
56.08561325073242
107.04783630371094
102.39965057373047
65.12046813964844
16.60588836669922
98.79633331298828
42.27764892578125
62.300045013427734
89.18711853027344
88.34669494628906
45.39505386352539
100.39871215820312
83.09809112548828
68.99748992919922
45.3939208984375
82.61380004882812
52.71025085449219
99.99884796142578
60.48951721191406
95.4306411743164
81.33292388916016
89.03885650634766
74.17544555664062
69.1791763305664
64.95922088623047
88.51602935791016
98.73815155029297
60.56101608276367
90.90327453613281
69.29015350341797
74.04777526855469
83.71296691894531
96.88623809814453
110.9714584350586
49.165855407714844
77.17963409423828
79.60061645507812
65.71266174316406
84.40521240234375
61.53410720825195
50.89141082763672
101.00772094726562
67.44851684570312
48.817806243896484
101.50724792480469
61.10611343383789
69.93302917480469
76.51128387451172
66.31165313720703
52.45092010498047
69.65978240966797
89.41138458251953
40.19003677368164
27.43008804321289
96.38703918457031
37.08121871948242
58.13032150268555
100.3371810913086
66.89842987060547
96.16498565673828
49.4240837097168
57.458160400390625
83.72615814208984
72.21227264404297
121.59647369384766
63.546424865722656
103.70574951171875
110.01876831054688
65.90782928466797
85.89803314208984
90.82609558105469
72.11129760742188
55.650848388671875
77.22555541992188
80.65605163574219
83.57764434814453
88.29795837402344
55.26482391357422
45.23516845703125
54.6850700378418
119.29310607910156
97.53186798095703
63.478458404541016
33.113529205322266
79.25593566894531
84.27351379394531
78.70360565185547
92.34017181396484
70.23883056640625
66.53595733642578
79.69935607910156
91.56391143798828
91.30815124511719
85.25834655761719
97.44700622558594
49.858299255371094
48.845767974853516
77.11126708984375
84.94413757324219
122.88232421875
59.06082534790039
78.7922134399414
78.8741455078125
57.421966552734375
44.590736389160156
111.77497100830078
95.03987121582031
75.11441040039062
104.94170379638672
85.27951049804688
63.09750747680664
85.9880142211914
79.29649353027344
52.82648468017578
64.62513732910156
87.24539947509766
112.07201385498047
69.4908676147461
77.94322204589844
82.93830108642578
74.59777069091797
43.26869201660156
82.72466278076172
72.37584686279297
105.91444396972656
101.65512084960938
79.75337219238281
62.34130859375
74.59779357910156
83.5320816040039
76.62275695800781
89.26101684570312
72.0150375366211
91.66316986083984
73.54866027832031
34.4544792175293
52.85199737548828
98.45091247558594
80.03578186035156
113.94036102294922
74.90263366699219
88.61842346191406
78.60009765625
97.15038299560547
60.9909782409668
75.57502746582031
66.99441528320312
41.23200988769531
108.4006118774414
86.23519897460938
77.042724609375
62.169342041015625
62.55511474609375
80.96381378173828
69.62001037597656
51.11329650878906
82.29566955566406
115.83679962158203
95.66966247558594
80.4970703125
93.38078308105469
50.10637283325195
66.47026062011719
69.56049346923828
56.63173294067383
52.87504959106445
47.97525405883789
48.354286193847656
63.99822998046875
31.906450271606445
104.75228118896484
116.15015411376953
94.33880615234375
67.4525375366211
60.043521881103516
81.35020446777344
82.94084930419922
60.11959457397461
56.84653854370117
56.768184661865234
51.854408264160156
56.54982376098633
91.99748229980469
71.71989440917969
78.580322265625
81.34400939941406
120.24534606933594
99.72527313232422
76.27146911621094
51.08668899536133
101.79251098632812
71.23150634765625
102.93859100341797
90.60487365722656
87.67144012451172
80.58228302001953
90.01219940185547
90.7893295288086
61.71394348144531
81.97837829589844
48.47404098510742
85.73518371582031
88.18206024169922
69.00381469726562
70.11564636230469
87.0926513671875
60.79762649536133
55.353248596191406
36.74408721923828
74.75541687011719
62.37428665161133
74.97338104248047
97.02464294433594
97.0469970703125
89.71907806396484
87.95894622802734
76.3425521850586
97.38019561767578
91.74344635009766
71.43142700195312
46.78565216064453
68.45138549804688
52.92009353637695
61.19292068481445
54.958641052246094
61.69667053222656
64.13189697265625
77.93112182617188
51.2259521484375
90.03890228271484
78.32293701171875
73.53147888183594
69.3027572631836
64.47855377197266
56.5322380065918
78.34552764892578
84.60289001464844
98.28583526611328
96.38243865966797
38.14717483520508
131.2023162841797
54.02772903442383
85.54541015625
85.31356048583984
88.88750457763672
85.08517456054688
31.015941619873047
113.85984802246094
70.63928985595703
55.01264190673828
83.87324523925781
81.61090087890625
84.53083038330078
93.96929168701172
40.756107330322266
85.93265533447266
87.9973373413086
72.25767517089844
38.21906280517578
56.50678634643555
74.5913314819336
59.0516357421875
105.2613525390625
65.5351333618164
58.23280334472656
56.1552734375
72.63270568847656
70.08948516845703
105.14846801757812
59.857696533203125
62.9188117980957
75.47175598144531
67.75762939453125
71.86272430419922
27.32081413269043
71.27957916259766
79.86382293701172
44.32925033569336
70.22357940673828
103.06671142578125
62.463626861572266
56.3653678894043
78.5605239868164
62.65236282348633
51.52152633666992
93.27604675292969
74.77267456054688
88.34620666503906
50.11243438720703
82.57637786865234
68.78099060058594
78.62434387207031
90.84811401367188
29.593416213989258
72.0373306274414
93.12178802490234
71.56595611572266
108.2039794921875
82.61917114257812
37.75214767456055
86.93152618408203
76.8136978149414
77.11600494384766
68.83618927001953
62.974945068359375
55.606544494628906
49.73761749267578
103.03759765625
111.28750610351562
62.36639404296875
69.14373779296875
55.35753631591797
71.18061065673828
111.555908203125
65.20460510253906
106.34613037109375
107.95781707763672
69.42610168457031
85.64385223388672
91.16218566894531
68.3227767944336
65.45326232910156
81.0095443725586
81.10902404785156
132.85104370117188
89.54732513427734
64.52667999267578
102.94329071044922
100.67068481445312
58.031036376953125
82.51044464111328
55.53248596191406
45.096290588378906
71.40807342529297
70.04566955566406
38.05443572998047
53.38447570800781
64.38690185546875
64.96517181396484
71.98460388183594
99.06753540039062
84.72748565673828
80.08573150634766
62.4870491027832
107.56150817871094
89.09847259521484
98.43798065185547
79.8065414428711
63.352386474609375
54.47914123535156
70.29896545410156
75.55730438232422
87.39651489257812
82.5328140258789
89.25033569335938
46.65516662597656
76.85296630859375
56.543296813964844
90.5663833618164
75.6868667602539
81.96231079101562
57.49147415161133
63.73434066772461
96.67079162597656
37.60761260986328
90.84527587890625
63.19434356689453
58.900733947753906
74.6007080078125
62.888954162597656
75.55329132080078
77.67660522460938
44.31828689575195
50.540706634521484
92.55049896240234
54.389137268066406
90.1027603149414
63.981563568115234
38.08284378051758
70.15117645263672
49.63440704345703
74.90339660644531
85.11332702636719
49.880287170410156
47.020511627197266
98.39601135253906
58.65727233886719
85.2105484008789
85.71601104736328
93.04328918457031
55.43355941772461
45.74660110473633
112.73761749267578
44.08240509033203
90.28510284423828
56.89652633666992
71.21826934814453
62.31657791137695
90.68269348144531
64.72201538085938
44.75279235839844
69.98638916015625
65.06847381591797
74.50270080566406
104.94873046875
65.85706329345703
96.46559143066406
116.70626831054688
83.398681640625
121.85736083984375
71.85157775878906
40.28615188598633
55.3527946472168
82.20442199707031
88.58551788330078
69.01043701171875
94.8155746459961
121.38434600830078
102.71255493164062
60.60918426513672
56.77519989013672
77.27391052246094
83.48810577392578
78.76300811767578
90.86637115478516
85.5937728881836
80.39089965820312
88.34634399414062
61.110958099365234
80.70775604248047
80.043701171875
72.51361083984375
60.04805374145508
94.51466369628906
73.91478729248047
82.55774688720703
66.77577209472656
90.84634399414062
82.87701416015625
86.79934692382812
47.99822998046875
64.86812591552734
69.1826400756836
74.28917694091797
68.33834075927734
93.9354476928711
45.21614456176758
49.619075775146484
68.21812438964844
87.47956848144531
80.60540771484375
84.1211929321289
78.00204467773438
97.68556213378906
45.42195129394531
48.31885528564453
60.59437942504883
59.21920394897461
57.533905029296875
73.35009002685547
61.598819732666016
86.2435073852539
71.43253326416016
112.21991729736328
35.00425338745117
78.02025604248047
77.2850570678711
71.29134368896484
111.28853607177734
82.55426788330078
58.637943267822266
48.83161544799805
82.63761138916016
112.28414154052734
59.4716796875
60.931453704833984
75.39788055419922
84.54772186279297
69.74940490722656
98.52338409423828
76.05484008789062
52.530845642089844
97.99666595458984
65.56255340576172
104.61331176757812
98.23108673095703
52.438655853271484
66.38040161132812
60.4409294128418
55.526458740234375
85.12601470947266
119.1548080444336
89.28463745117188
110.46697235107422
88.92889404296875
48.28940963745117
96.25418090820312
87.04232025146484
100.68547821044922
29.056201934814453
63.67426681518555
46.505088806152344
33.43648147583008
87.81672668457031
43.87900161743164
56.90452194213867
41.00447463989258
100.19279479980469
84.59953308105469
30.940492630004883
55.66423034667969
82.30555725097656
48.6389274597168
69.43415069580078
80.95230865478516
75.92172241210938
81.50074005126953
59.413978576660156
61.92833709716797
78.52997589111328
65.48503875732422
68.09671020507812
91.18915557861328
69.87725067138672
87.8350601196289
124.46226501464844
88.65548706054688
56.7607307434082
88.36308288574219
89.69837188720703
84.0347671508789
49.732486724853516
45.5283088684082
119.4098129272461
92.32361602783203
60.392486572265625
64.5030517578125
103.7149658203125
74.03640747070312
88.8302001953125
41.627254486083984
72.04487609863281
59.51012420654297
70.09321594238281
79.48352813720703
61.5491943359375
55.46023178100586
78.31929016113281
90.34716033935547
64.96407318115234
83.9053955078125
74.84127044677734
51.15534973144531
100.10630798339844
77.67898559570312
110.86064910888672
99.71473693847656
80.64322662353516
72.7274398803711
92.52194213867188
113.20113372802734
63.83952331542969
75.67768096923828
60.01927947998047
100.25650787353516
77.92707824707031
57.021636962890625
58.67682647705078
96.54907989501953
77.4295883178711
42.484195709228516
65.12574005126953
116.33746337890625
79.80985260009766
58.8992805480957
90.62445068359375
129.23728942871094
87.6322250366211
95.93579864501953
105.28243255615234
52.94927978515625
71.30975341796875
57.6453742980957
106.25071716308594
88.60822296142578
88.13236236572266
78.5682601928711
64.46087646484375
60.38356018066406
49.95955276489258
36.872154235839844
99.45912170410156
97.83950805664062
60.715484619140625
69.03157806396484
92.74546813964844
75.87003326416016
112.36271667480469
43.018577575683594
61.462379455566406
66.33094024658203
68.39445495605469
63.4735221862793
89.76911163330078
76.3493423461914
38.215518951416016
64.1481704711914
79.10872650146484
94.56954193115234
98.1029281616211
86.11089324951172
69.04740905761719
44.55282974243164
59.53276062011719
71.82353210449219
34.51815414428711
56.85611343383789
109.39318084716797
93.68268585205078
76.37779998779297
65.30061340332031
55.9644775390625
69.8269271850586
48.25981521606445
115.44802856445312
57.127716064453125
96.12395477294922
63.05731201171875
66.78585052490234
83.24166870117188
61.156768798828125
72.60903930664062
44.44589614868164
71.26815795898438
37.40678024291992
73.43082427978516
78.47602844238281
113.03387451171875
67.97900390625
75.64501190185547
84.88235473632812
66.64678192138672
58.99757766723633
54.26995086669922
47.054073333740234
54.87025451660156
93.63790130615234
49.6102294921875
42.875675201416016
72.21728515625
40.91886901855469
48.64318084716797
76.9033432006836
75.39386749267578
49.14093780517578
41.150142669677734
110.03811645507812
44.52320098876953
111.06629180908203
37.03700637817383
53.472862243652344
77.09480285644531
67.16038513183594
80.97378540039062
92.15498352050781
70.65437316894531
106.19219970703125
86.74058532714844
69.69760131835938
65.80538177490234
55.48522186279297
91.0705337524414
61.732948303222656
102.97296905517578
89.02130126953125
62.7186393737793
95.8446044921875
121.66244506835938
97.2210693359375
78.04666900634766
57.348304748535156
59.39329147338867
44.43691635131836
76.67493438720703
92.01953125
74.30709838867188
68.17999267578125
63.29179000854492
59.6268196105957
97.04322052001953
64.32540130615234
77.97907257080078
79.48881530761719
67.08434295654297
74.01287841796875
66.45342254638672
82.5009994506836
75.81040954589844
69.95660400390625
79.32746887207031
109.04309844970703
51.6661262512207
45.74260330200195
76.7532958984375
66.3640365600586
68.28436279296875
81.34610748291016
55.519859313964844
112.07997131347656
66.2406234741211
61.85820007324219
43.44538879394531
73.23829650878906
51.79030227661133
57.88904571533203
91.89016723632812
65.24391174316406
51.82014846801758
45.946739196777344
89.4668960571289
65.53370666503906
55.106197357177734
64.52822875976562
71.93431854248047
56.854591369628906
78.96803283691406
84.01466369628906
59.183372497558594
90.05659484863281
95.80345153808594
73.42547607421875
107.58843231201172
66.36058044433594
46.18949508666992
87.14987182617188
66.9378890991211
10.080217361450195
74.41607666015625
44.330013275146484
93.6205825805664
48.4813346862793
73.44322967529297
86.60809326171875
86.41956329345703
106.01812744140625
85.93573760986328
57.96788787841797
86.00670623779297
119.59183502197266
50.06151580810547
80.38664245605469
55.217899322509766
62.654396057128906
94.90391540527344
77.41831970214844
86.14529418945312
94.8857192993164
96.1209945678711
62.87093734741211
72.98439025878906
53.181331634521484
108.03395080566406
44.37200927734375
103.53716278076172
70.49385833740234
95.28870391845703
45.289161682128906
108.82887268066406
56.33658218383789
79.16925048828125
80.7076644897461
25.669275283813477
71.81156921386719
59.96299743652344
63.41777801513672
71.3524398803711
90.99613952636719
105.5045394897461
95.28580474853516
70.10797119140625
86.53453063964844
72.01116943359375
84.94092559814453
84.889404296875
70.17823028564453
64.97740173339844
69.791748046875
74.19757843017578
53.15010452270508
88.39339447021484
84.8095474243164
57.04509353637695
121.81649017333984
81.48339080810547
84.8224868774414
65.0665054321289
76.23929595947266
67.71576690673828
43.956138610839844
79.2170181274414
66.89427947998047
45.245880126953125
41.988525390625
96.17415618896484
69.91586303710938
57.959739685058594
107.4937744140625
74.03052520751953
39.843013763427734
78.38237762451172
64.75525665283203
118.06909942626953
79.2829360961914
70.54114532470703
73.97429656982422
59.90715408325195
91.1826400756836
35.238525390625
108.36793518066406
82.844482421875
47.781646728515625
106.95199584960938
66.34675598144531
99.0222396850586
92.11427307128906
73.39923095703125
71.81011962890625
61.516658782958984
65.20538330078125
71.46685028076172
88.08708190917969
79.3550796508789
45.41725540161133
59.95722961425781
52.03958511352539
71.64369201660156
61.49334716796875
108.96802520751953
62.279476165771484
103.23562622070312
68.27735900878906
41.80061340332031
55.360740661621094
63.1806755065918
65.1100845336914
79.1668930053711
48.34395980834961
84.21865844726562
76.0472183227539
84.18195343017578
123.68994903564453
78.36880493164062
36.16108322143555
59.80094528198242
61.44621658325195
51.616729736328125
98.17344665527344
112.61720275878906
65.71258544921875
59.0875129699707
71.66168212890625
32.333457946777344
78.96026611328125
58.218345642089844
54.77779769897461
88.0615005493164
41.354827880859375
101.49638366699219
63.44395065307617
38.7407112121582
93.10359954833984
91.20755767822266
60.56214141845703
85.09785461425781
103.107177734375
81.1970443725586
76.2259521484375
60.77539825439453
60.68494415283203
102.31685638427734
85.1617202758789
85.04778289794922
53.41853332519531
34.83031463623047
83.87860870361328
64.51446533203125
55.26145553588867
97.80465698242188
51.989566802978516
81.6644058227539
43.12022399902344
73.29734802246094
103.08871459960938
61.753684997558594
76.72421264648438
91.78430938720703
72.91728210449219
68.5526351928711
94.82503509521484
81.1563491821289
96.26600646972656
40.161014556884766
48.11861801147461
85.41349792480469
84.10395812988281
41.54016876220703
105.00446319580078
78.51705169677734
62.65336608886719
82.29838562011719
75.13117218017578
78.81436920166016
94.47122955322266
95.49195098876953
112.4304428100586
64.96150207519531
89.88844299316406
69.14808654785156
49.88821792602539
74.81193542480469
71.4122543334961
108.50160217285156
62.65747833251953
70.23027038574219
47.63037109375
65.78065490722656
58.398040771484375
55.444217681884766
96.96682739257812
83.59881591796875
74.50857543945312
38.41243362426758
87.27535247802734
98.1667709350586
69.92713165283203
63.48939895629883
55.47402572631836
64.42317199707031
91.176513671875
56.653934478759766
86.95047760009766
76.4533920288086
61.8215446472168
123.43130493164062
70.44956970214844
123.77497100830078
105.2043685913086
86.89326477050781
72.09227752685547
89.35169219970703
77.56476593017578
55.8267707824707
51.35056686401367
107.02845764160156
58.003997802734375
71.96627044677734
63.55735778808594
92.15157318115234
73.09532928466797
43.89017868041992
70.65502166748047
96.96871948242188
70.58394622802734
93.22686004638672
80.10587310791016
61.8141975402832
37.92366409301758
68.14903259277344
81.77914428710938
79.87120056152344
56.36868667602539
76.25774383544922
74.00926971435547
46.528343200683594
62.403499603271484
66.8121566772461
48.686405181884766
104.00141143798828
90.13721466064453
111.77572631835938
63.09011459350586
82.8942642211914
87.10108947753906
93.20051574707031
86.34502410888672
107.21338653564453
67.48046112060547
98.55084991455078
60.28913497924805
92.24449157714844
110.4493637084961
65.38604736328125
66.28064727783203
73.5110092163086
40.689388275146484
58.19350051879883
82.82907104492188
66.41349792480469
42.38679504394531
67.64321899414062
51.86931228637695
80.09588623046875
69.92855834960938
100.63811492919922
115.137939453125
77.30310821533203
62.597042083740234
101.4902114868164
72.72639465332031
30.385047912597656
82.15553283691406
64.15689086914062
75.80974578857422
50.47557067871094
99.21888732910156
87.6838150024414
66.6568374633789
97.36998748779297
63.2535400390625
67.39810180664062
83.82354736328125
98.9373550415039
48.17047882080078
58.08714294433594
80.0542221069336
60.448448181152344
63.41642761230469
53.01018142700195
92.34395599365234
72.05887603759766
85.35382080078125
52.23146438598633
91.35245513916016
106.85913848876953
74.94784545898438
67.8185043334961
47.935550689697266
100.30317687988281
83.37881469726562
55.05887985229492
53.328067779541016
88.13223266601562
44.10167694091797
45.800148010253906
106.09668731689453
85.70045471191406
75.87295532226562
118.23100280761719
50.38383865356445
66.3490219116211
79.99384307861328
50.23944091796875
63.428070068359375
81.59757232666016
54.9699821472168
65.19729614257812
46.607093811035156
92.7428970336914
55.32223129272461
65.28496551513672
51.069156646728516
44.03162384033203
121.66824340820312
113.33898162841797
68.51356506347656
82.798828125
125.9978256225586
56.23752212524414
66.39273071289062
73.9594497680664
109.43279266357422
83.35613250732422
104.96305084228516
75.36783599853516
58.677574157714844
108.20477294921875
92.8454818725586
87.41043853759766
93.39107513427734
26.120487213134766
81.9423599243164
102.03483581542969
76.61621856689453
60.969669342041016
40.50148391723633
64.29664611816406
63.464630126953125
73.34528350830078
75.45376586914062
110.29399871826172
78.20001983642578
45.72844314575195
77.81742095947266
82.29894256591797
51.43706512451172
80.61441040039062
96.49152374267578
67.55777740478516
81.91276550292969
57.9005126953125
72.27313232421875
57.17153549194336
74.0201416015625
88.1471176147461
58.687522888183594
86.21319580078125
101.46569061279297
110.9016342163086
80.349365234375
83.50255584716797
57.94984436035156
33.005863189697266
104.8351821899414
63.01670455932617
63.73595428466797
86.37564849853516
93.82616424560547
67.65219116210938
76.75293731689453
71.11652374267578
78.45397186279297
22.038253784179688
82.42982482910156
75.06311798095703
66.12657165527344
74.99412536621094
67.7433853149414
53.666011810302734
120.35623931884766
68.00642395019531
68.72041320800781
59.9974479675293
64.5229721069336
56.26716232299805
72.73430633544922
42.06533432006836
111.01416015625
95.54696655273438
68.30059051513672
54.139183044433594
91.89663696289062
89.73763275146484
91.36490631103516
99.47802734375
68.49786376953125
61.58005142211914
90.49577331542969
82.78018188476562
87.68011474609375
41.50183868408203
93.03406524658203
42.5146598815918
91.969970703125
81.27693939208984
69.71298217773438
78.81533813476562
73.39695739746094
67.77444458007812
102.74627685546875
56.49900817871094
103.55815124511719
97.73526000976562
86.010498046875
51.53947067260742
95.91527557373047
50.71225357055664
88.07861328125
35.16637420654297
37.714107513427734
34.954219818115234
74.71790313720703
69.47492980957031
44.67827224731445
55.863033294677734
75.31944274902344
75.94995880126953
96.349853515625
35.981285095214844
83.11505889892578
94.50652313232422
90.64279174804688
57.1644287109375
65.04230499267578
80.32230377197266
102.30413055419922
71.98590850830078
61.05607604980469
