29.760318756103516
41.97956848144531
25.36286735534668
13.518973350524902
30.157039642333984
40.18340301513672
24.805099487304688
28.53539276123047
33.21920394897461
39.28526306152344
14.927919387817383
26.230993270874023
28.478090286254883
18.31257438659668
20.541973114013672
25.156339645385742
33.327640533447266
8.332822799682617
31.538755416870117
34.98907470703125
41.778839111328125
19.4399471282959
20.3133544921875
30.976289749145508
19.78660774230957
25.15984535217285
31.133277893066406
41.440757751464844
17.860074996948242
35.461002349853516
27.23114013671875
8.901017189025879
20.786256790161133
21.876731872558594
29.420005798339844
27.32073402404785
24.50568389892578
35.47378158569336
28.78799057006836
28.030637741088867
11.239147186279297
30.837921142578125
34.72636795043945
18.175485610961914
33.67851257324219
28.276782989501953
35.967315673828125
10.9616117477417
24.102006912231445
37.85362243652344
38.53004455566406
17.96714210510254
27.991308212280273
25.580503463745117
24.154054641723633
11.902787208557129
25.779216766357422
29.057476043701172
31.644365310668945
30.057958602905273
24.22937774658203
14.748238563537598
15.873353958129883
22.350603103637695
26.26692008972168
21.684606552124023
10.328384399414062
27.88134765625
35.11733627319336
14.038274765014648
15.216527938842773
30.797426223754883
25.297401428222656
31.281352996826172
10.768685340881348
18.158018112182617
36.82472610473633
24.275402069091797
11.892224311828613
12.674372673034668
12.19644546508789
39.798431396484375
18.968168258666992
8.743179321289062
14.97786808013916
21.6629695892334
6.720237731933594
8.815977096557617
14.174271583557129
22.84813117980957
27.761747360229492
12.04305362701416
30.64397621154785
47.06566619873047
27.722049713134766
3.020353078842163
33.85114288330078
32.196922302246094
34.12042999267578
23.827394485473633
48.808502197265625
33.73381042480469
24.144187927246094
20.85692596435547
20.065017700195312
24.53692626953125
18.45773696899414
38.49424743652344
35.271934509277344
18.442901611328125
28.587575912475586
39.049964904785156
37.271575927734375
20.136001586914062
31.64502716064453
18.83724594116211
24.34040641784668
17.023038864135742
24.039819717407227
18.240903854370117
11.709320068359375
14.579233169555664
16.679468154907227
32.87298583984375
35.380027770996094
27.545448303222656
46.7740592956543
31.796720504760742
26.97281837463379
8.850568771362305
16.731536865234375
17.530776977539062
8.67921257019043
21.740753173828125
22.690744400024414
43.39013671875
17.726985931396484
48.93968963623047
19.66339111328125
39.82018280029297
31.813480377197266
5.405182838439941
33.41545867919922
26.766632080078125
41.731170654296875
24.799957275390625
20.034746170043945
26.15587615966797
18.76161766052246
6.935009956359863
18.800018310546875
33.22713851928711
17.200559616088867
16.402198791503906
27.59939193725586
15.60805606842041
13.254722595214844
25.073881149291992
42.26351547241211
31.53264617919922
29.90438461303711
31.441755294799805
6.585721015930176
16.77842903137207
35.247196197509766
27.342798233032227
14.595558166503906
40.68525314331055
23.77060890197754
46.50605773925781
33.07857894897461
26.51317024230957
32.9886360168457
10.073991775512695
17.190744400024414
23.341503143310547
29.468830108642578
17.146106719970703
21.2658634185791
25.634824752807617
17.215280532836914
14.879678726196289
16.070207595825195
32.04193115234375
38.117706298828125
25.39725685119629
28.770408630371094
26.739696502685547
14.197441101074219
40.59088134765625
11.249765396118164
17.242965698242188
21.368078231811523
34.57452392578125
7.538017749786377
15.498072624206543
21.819774627685547
42.49951934814453
21.33028793334961
37.14969253540039
8.921611785888672
21.23749351501465
25.243127822875977
12.39516544342041
20.97513771057129
23.766111373901367
34.27421569824219
12.88936710357666
24.040172576904297
7.090126037597656
27.1055908203125
33.8942756652832
17.28531837463379
20.294822692871094
21.952199935913086
46.67032241821289
12.917250633239746
13.981649398803711
26.814075469970703
4.701611518859863
13.532063484191895
27.48383331298828
27.224903106689453
29.012163162231445
27.620195388793945
25.03558921813965
36.64873123168945
13.776375770568848
21.877010345458984
10.040151596069336
25.724760055541992
27.318687438964844
24.33684539794922
9.382079124450684
29.57286834716797
26.413799285888672
12.573854446411133
23.17619514465332
15.63621997833252
24.680156707763672
27.789913177490234
26.05486297607422
17.533756256103516
35.454410552978516
15.322702407836914
28.149272918701172
38.52859878540039
19.00633430480957
24.40802001953125
19.40853500366211
15.177886009216309
8.947331428527832
24.47992515563965
35.320404052734375
18.69552993774414
33.542015075683594
22.16220474243164
19.84185028076172
39.471553802490234
10.590494155883789
29.66281509399414
31.240327835083008
26.241016387939453
37.271366119384766
12.997074127197266
40.53955841064453
20.360803604125977
20.29434585571289
24.437061309814453
24.917818069458008
27.272247314453125
19.833166122436523
27.994426727294922
33.19465255737305
15.336027145385742
10.952482223510742
20.1669979095459
15.524755477905273
22.81827163696289
17.00537109375
42.061954498291016
9.141016960144043
26.734821319580078
35.56926345825195
39.4475212097168
25.036012649536133
39.266666412353516
26.62482261657715
27.266708374023438
18.899856567382812
27.058652877807617
16.531551361083984
43.499229431152344
27.50115966796875
34.271480560302734
15.553178787231445
34.46141052246094
8.512139320373535
19.128925323486328
16.573814392089844
26.31393814086914
7.804563522338867
30.054609298706055
15.619832992553711
32.73455047607422
35.84028244018555
28.64274024963379
27.46977424621582
5.334384441375732
23.151920318603516
18.80369758605957
31.297460556030273
39.65589141845703
6.969781875610352
35.86498260498047
23.802501678466797
18.175264358520508
35.50634002685547
14.944756507873535
42.80103302001953
15.119125366210938
20.146881103515625
15.866904258728027
35.76094436645508
28.153799057006836
19.52517318725586
25.998455047607422
23.070850372314453
19.91353416442871
28.47673988342285
21.619461059570312
19.776533126831055
14.401084899902344
48.34423828125
21.6732177734375
25.159509658813477
22.242704391479492
51.72074508666992
37.83469009399414
12.146272659301758
13.09007453918457
27.22551155090332
27.474477767944336
13.821927070617676
34.76983642578125
34.40620040893555
51.44999694824219
27.716712951660156
27.949186325073242
26.103092193603516
24.157394409179688
29.83386993408203
22.979537963867188
15.530202865600586
26.87371826171875
36.43663024902344
20.161943435668945
2.867624521255493
29.20986557006836
10.120376586914062
18.201908111572266
27.79618263244629
30.332542419433594
25.921409606933594
7.822561264038086
31.747764587402344
39.603416442871094
21.67716407775879
42.49489974975586
20.35795783996582
22.51276397705078
29.047595977783203
29.604875564575195
37.47396469116211
15.9273099899292
27.912425994873047
21.36610221862793
18.312374114990234
26.72292709350586
36.300254821777344
41.51378631591797
19.886274337768555
7.954707145690918
29.110185623168945
26.946685791015625
28.84977149963379
16.692977905273438
13.972911834716797
8.756916999816895
23.248416900634766
25.322736740112305
13.813077926635742
20.720613479614258
33.31881332397461
17.458831787109375
7.539501190185547
19.078100204467773
22.35017967224121
32.068397521972656
19.99869155883789
30.962329864501953
17.780405044555664
17.88059425354004
18.262523651123047
22.34699821472168
27.956613540649414
26.08727264404297
27.585186004638672
41.20113754272461
2.931267738342285
10.892301559448242
34.54352569580078
26.40593719482422
52.73667526245117
34.45304489135742
31.949115753173828
33.16135787963867
23.381162643432617
26.065492630004883
32.4502067565918
9.745895385742188
40.51245880126953
6.888282775878906
25.03369903564453
27.35551643371582
11.175707817077637
25.56745719909668
11.356719017028809
19.616840362548828
25.713577270507812
10.278546333312988
20.52444076538086
29.147245407104492
5.929593086242676
26.931411743164062
38.576454162597656
27.856101989746094
32.779273986816406
26.96832275390625
20.587799072265625
38.351558685302734
20.361400604248047
22.905651092529297
12.969970703125
23.187959671020508
22.67132568359375
26.96184730529785
23.982046127319336
21.7167911529541
18.133224487304688
35.41157913208008
43.6635856628418
12.427786827087402
7.353536605834961
11.909552574157715
28.27561378479004
21.30091667175293
33.12578582763672
33.876895904541016
29.987409591674805
13.69985580444336
23.665008544921875
31.590152740478516
26.143980026245117
34.49751663208008
17.083587646484375
14.833849906921387
6.47982120513916
30.576560974121094
27.403520584106445
21.594852447509766
13.886750221252441
19.482128143310547
41.9757080078125
21.033334732055664
20.525787353515625
5.447279930114746
29.334331512451172
25.173175811767578
24.036542892456055
30.872671127319336
37.158111572265625
26.957918167114258
18.589155197143555
28.67057991027832
12.647541046142578
20.27176856994629
22.260602951049805
15.343461036682129
22.821001052856445
20.5580997467041
28.625417709350586
34.24205017089844
21.571165084838867
31.790231704711914
26.100053787231445
23.221649169921875
28.777145385742188
16.15411376953125
28.03000831604004
15.313671112060547
30.539945602416992
7.667977333068848
15.657783508300781
17.664222717285156
14.984878540039062
20.084753036499023
19.395360946655273
27.416393280029297
25.872447967529297
33.995849609375
10.336905479431152
20.6030330657959
24.636520385742188
27.414690017700195
21.486148834228516
20.64287757873535
26.569116592407227
44.71431350708008
52.931175231933594
40.16090774536133
16.124008178710938
22.17240333557129
16.20157241821289
14.595937728881836
36.24281311035156
28.261812210083008
45.6755256652832
27.033138275146484
36.645301818847656
19.843570709228516
18.39274787902832
23.085500717163086
13.105101585388184
26.840421676635742
23.910375595092773
26.005231857299805
5.90185546875
41.80093765258789
17.87675666809082
22.86316680908203
20.94180679321289
19.055177688598633
47.06715393066406
36.74970626831055
8.678892135620117
20.34001350402832
19.692157745361328
28.89398193359375
49.782135009765625
20.657373428344727
42.64680099487305
27.659839630126953
11.404370307922363
23.686317443847656
25.554513931274414
28.571603775024414
51.730316162109375
27.00901985168457
15.886953353881836
17.093826293945312
22.487165451049805
34.82143020629883
13.757795333862305
21.10186004638672
42.229827880859375
6.936890125274658
16.700225830078125
40.3182373046875
41.98164749145508
13.860761642456055
26.23607635498047
16.195417404174805
20.82843017578125
30.19349479675293
35.97526168823242
21.43741798400879
9.093413352966309
20.11499786376953
41.55400848388672
19.25634002685547
20.830406188964844
13.430329322814941
26.455522537231445
18.048791885375977
15.726066589355469
12.33553409576416
27.450376510620117
33.61770248413086
20.292936325073242
24.26418685913086
8.350625038146973
38.629791259765625
35.65156173706055
25.236833572387695
21.29515838623047
25.422199249267578
12.991369247436523
33.175567626953125
18.49200439453125
50.683597564697266
20.332069396972656
14.313618659973145
15.40970230102539
19.45197296142578
26.40753936767578
7.653237819671631
16.398283004760742
33.810550689697266
34.38555908203125
21.420047760009766
13.851764678955078
23.946945190429688
28.968923568725586
39.24488830566406
15.352951049804688
28.905498504638672
26.542152404785156
17.10894203186035
26.667844772338867
26.374677658081055
53.11747741699219
50.471920013427734
10.756096839904785
7.41493558883667
41.05911636352539
33.11979675292969
13.293306350708008
14.667533874511719
24.450855255126953
11.980413436889648
36.62921142578125
10.616541862487793
26.39992332458496
31.963212966918945
34.05766296386719
32.9286994934082
20.411752700805664
15.429025650024414
37.744789123535156
23.511491775512695
40.36049270629883
13.942643165588379
20.273141860961914
22.050182342529297
43.776702880859375
47.8421745300293
13.13353443145752
17.644285202026367
10.985795974731445
48.2043571472168
22.871074676513672
25.44744110107422
18.353593826293945
42.98478317260742
40.091129302978516
28.294279098510742
18.711484909057617
27.330974578857422
28.40778923034668
38.82634735107422
9.17203426361084
26.280170440673828
30.523103713989258
34.33296203613281
25.774625778198242
50.806983947753906
38.105812072753906
57.074485778808594
35.40377426147461
18.37750244140625
36.96671676635742
26.566171646118164
50.75870132446289
43.431278228759766
40.57595443725586
17.943098068237305
17.421123504638672
18.342491149902344
14.007933616638184
15.70493221282959
10.210472106933594
17.429386138916016
10.939773559570312
31.84590721130371
22.53936767578125
40.99827194213867
31.539329528808594
40.67657470703125
25.99138832092285
19.73763656616211
17.944869995117188
40.802555084228516
21.777524948120117
34.35246658325195
13.099509239196777
39.81452941894531
40.39323806762695
27.55609703063965
11.460419654846191
15.864457130432129
22.634220123291016
13.434174537658691
19.852582931518555
38.434085845947266
25.47926902770996
46.26610565185547
19.824914932250977
42.79231262207031
42.76166534423828
17.93852424621582
17.368106842041016
22.328432083129883
14.561113357543945
26.555490493774414
17.217456817626953
8.491806030273438
43.04314422607422
12.231761932373047
31.673246383666992
38.57604217529297
19.81866455078125
20.537057876586914
20.11166000366211
33.859161376953125
18.39365005493164
21.475101470947266
26.842376708984375
22.14815330505371
33.74657440185547
33.089908599853516
9.222223281860352
28.922143936157227
20.2006778717041
27.105207443237305
28.220863342285156
48.08880615234375
27.725343704223633
19.85873794555664
32.29434585571289
30.11873435974121
24.890962600708008
23.153396606445312
33.017189025878906
36.54500198364258
19.022239685058594
27.419998168945312
32.56571578979492
20.39959144592285
11.688094139099121
25.1582088470459
17.27469253540039
16.419021606445312
23.816112518310547
11.995849609375
34.714515686035156
10.9550142288208
34.4691276550293
17.182411193847656
16.959043502807617
20.04209327697754
29.229015350341797
15.032934188842773
21.662853240966797
22.69051170349121
9.409409523010254
29.882469177246094
13.683155059814453
39.98753356933594
33.0968132019043
18.340822219848633
26.914600372314453
19.920801162719727
13.720006942749023
38.15712356567383
11.092384338378906
26.100706100463867
22.1256046295166
35.35005187988281
47.383487701416016
5.327393531799316
22.6671142578125
36.81305694580078
48.982364654541016
27.10181427001953
15.393230438232422
20.59316635131836
35.3765754699707
27.62221908569336
22.472440719604492
52.665306091308594
31.072555541992188
14.760913848876953
32.939476013183594
39.08198165893555
26.519948959350586
26.943565368652344
20.176898956298828
33.46852111816406
44.94600296020508
36.15945816040039
47.91286087036133
17.816326141357422
22.58557891845703
38.87984085083008
36.06610107421875
10.51927661895752
28.642593383789062
40.61579132080078
14.987388610839844
21.79150390625
25.99199104309082
18.943862915039062
16.57391929626465
29.458539962768555
32.774593353271484
24.16594123840332
29.80441665649414
7.457864761352539
28.73538589477539
24.818899154663086
29.338680267333984
20.484066009521484
27.5694522857666
17.790359497070312
12.290207862854004
39.285640716552734
24.27362060546875
10.170722961425781
20.9525089263916
36.494651794433594
43.9814338684082
30.389217376708984
31.868885040283203
39.796913146972656
22.55103302001953
18.897584915161133
48.54767990112305
17.788713455200195
44.739967346191406
19.32837677001953
28.337703704833984
18.582958221435547
27.692842483520508
17.638959884643555
13.260683059692383
17.195478439331055
17.894014358520508
18.0831356048584
35.555904388427734
35.15012741088867
23.814380645751953
37.45747375488281
24.465227127075195
26.80111312866211
32.897769927978516
19.89236831665039
29.40968132019043
21.995195388793945
23.673818588256836
27.515625
15.80373764038086
36.687442779541016
40.415679931640625
25.44285011291504
12.076606750488281
40.281803131103516
18.22420310974121
21.38410186767578
14.188502311706543
24.30706024169922
39.326080322265625
35.65087890625
24.38152503967285
39.48543167114258
27.458419799804688
13.274543762207031
18.703201293945312
8.248297691345215
15.80515193939209
13.846531867980957
43.677146911621094
23.588333129882812
30.81968879699707
31.009366989135742
17.43173599243164
21.429567337036133
26.312484741210938
34.913639068603516
32.62785339355469
29.904775619506836
25.87469482421875
34.738197326660156
52.5967903137207
31.12169647216797
16.527746200561523
36.26167297363281
42.71171188354492
33.60084915161133
28.63772201538086
18.22882652282715
40.07058334350586
41.435577392578125
37.59320831298828
25.585874557495117
21.519044876098633
23.551572799682617
43.15302276611328
33.61127853393555
15.205193519592285
38.88127517700195
24.799659729003906
19.054954528808594
25.115625381469727
40.68366622924805
21.780229568481445
19.81325340270996
37.970001220703125
24.24829864501953
30.704259872436523
22.981809616088867
18.08747100830078
33.43225860595703
12.397132873535156
37.8112907409668
18.041566848754883
47.72376251220703
25.055585861206055
16.912384033203125
21.202234268188477
25.24765396118164
35.57532501220703
21.001012802124023
39.07388687133789
31.379104614257812
10.349982261657715
27.975109100341797
38.03065872192383
11.279967308044434
19.25484848022461
14.171283721923828
27.426023483276367
26.349966049194336
36.041297912597656
21.557193756103516
10.931570053100586
36.67472839355469
15.835948944091797
32.02012252807617
21.82973861694336
28.92880630493164
13.499504089355469
17.873065948486328
27.226261138916016
9.72144889831543
12.574634552001953
20.748157501220703
29.059003829956055
15.484127044677734
21.714916229248047
47.0817985534668
36.7883415222168
22.48746681213379
20.00831413269043
26.676862716674805
42.3476448059082
29.10715675354004
13.630041122436523
33.18107223510742
21.962135314941406
13.793697357177734
19.517627716064453
19.813121795654297
30.728242874145508
38.69097900390625
20.95937728881836
11.634521484375
28.45572280883789
21.194828033447266
31.484817504882812
37.47966384887695
31.0069522857666
43.14254379272461
43.973812103271484
20.774629592895508
24.786924362182617
26.09151268005371
24.403345108032227
8.262248992919922
17.10068702697754
21.384336471557617
17.059144973754883
38.139442443847656
30.541996002197266
29.480060577392578
27.513797760009766
24.533206939697266
45.72874450683594
32.3515510559082
27.302749633789062
34.52618408203125
15.957558631896973
21.76964569091797
14.951386451721191
15.853141784667969
29.591753005981445
48.37614059448242
14.188732147216797
34.32574462890625
23.330249786376953
15.728002548217773
22.407506942749023
22.74557113647461
21.602724075317383
25.51321029663086
19.557899475097656
13.287299156188965
13.597920417785645
22.16727638244629
29.99444007873535
12.563446998596191
21.842496871948242
20.3684024810791
23.238710403442383
25.96672821044922
12.796875953674316
14.097565650939941
39.527408599853516
33.98868942260742
39.44710159301758
10.128084182739258
48.92644119262695
20.80240249633789
22.04098129272461
18.954763412475586
25.823509216308594
29.632762908935547
24.815902709960938
19.899019241333008
23.433076858520508
21.727476119995117
41.02064895629883
31.5683536529541
36.270503997802734
19.675029754638672
15.23947525024414
25.087352752685547
37.18766784667969
13.004008293151855
26.762176513671875
7.625466346740723
4.55299711227417
20.323101043701172
51.303585052490234
23.576051712036133
41.52011489868164
12.714147567749023
53.082576751708984
16.811141967773438
22.688114166259766
12.928725242614746
24.40118408203125
30.650070190429688
3.5015344619750977
44.00861358642578
15.600366592407227
24.674610137939453
11.281204223632812
26.166818618774414
9.77730941772461
28.895944595336914
23.533201217651367
46.461944580078125
20.33336639404297
24.815967559814453
26.967252731323242
27.533061981201172
10.464813232421875
22.81332778930664
32.875755310058594
3.520608425140381
11.905380249023438
11.141907691955566
47.61270523071289
20.047536849975586
23.136709213256836
15.218510627746582
21.425762176513672
11.404219627380371
22.484676361083984
33.58395767211914
33.97142028808594
22.556472778320312
18.708763122558594
52.09820556640625
45.03469467163086
20.88213348388672
31.871877670288086
30.466278076171875
22.58686065673828
22.320924758911133
19.8968563079834
24.049745559692383
35.511436462402344
45.037254333496094
27.30983543395996
34.382240295410156
31.213748931884766
23.876338958740234
53.09514617919922
23.31834602355957
33.11968231201172
30.58814239501953
20.321264266967773
39.2967529296875
8.08745002746582
11.231685638427734
22.08499526977539
50.31319808959961
9.287071228027344
16.459190368652344
28.44380760192871
38.4296875
36.13294982910156
35.988380432128906
47.91029739379883
22.29880714416504
23.856937408447266
20.257972717285156
30.086498260498047
48.38410949707031
37.696109771728516
27.760786056518555
8.978387832641602
21.386062622070312
26.390104293823242
24.553733825683594
35.37733459472656
41.67454147338867
43.60239791870117
12.974072456359863
18.389339447021484
22.043230056762695
35.88600158691406
14.120920181274414
53.4976806640625
35.260902404785156
12.096693992614746
28.897615432739258
10.808892250061035
30.092981338500977
19.7167911529541
19.57485008239746
22.658447265625
27.36219024658203
20.534975051879883
30.19281578063965
19.66750144958496
15.65667724609375
28.007688522338867
34.756195068359375
14.321046829223633
27.145164489746094
26.800363540649414
36.904136657714844
30.73659896850586
19.908824920654297
35.19761276245117
24.3348331451416
32.80922317504883
5.799140930175781
14.799633026123047
50.89945983886719
18.559844970703125
14.85546875
17.567140579223633
21.626314163208008
36.695945739746094
29.418758392333984
17.981834411621094
17.864147186279297
43.455814361572266
20.776987075805664
39.13624572753906
46.85514450073242
13.172890663146973
25.151546478271484
32.984825134277344
15.381834983825684
35.744110107421875
11.803866386413574
30.29119873046875
21.732784271240234
28.524919509887695
25.377077102661133
19.889394760131836
35.40784454345703
51.16218948364258
31.732812881469727
16.59645652770996
30.682523727416992
36.495391845703125
32.0460205078125
30.792394638061523
17.672780990600586
27.415058135986328
43.88739776611328
40.833106994628906
14.464957237243652
48.38372039794922
31.01842498779297
19.68918228149414
40.57978820800781
15.446037292480469
19.842866897583008
18.869661331176758
19.03887176513672
8.458667755126953
25.91602897644043
42.060970306396484
25.068401336669922
31.00536346435547
14.969999313354492
22.783950805664062
42.051021575927734
14.43091869354248
46.96866226196289
18.657039642333984
34.096561431884766
41.726619720458984
26.419065475463867
35.340023040771484
30.637676239013672
32.11427688598633
20.98233985900879
28.051029205322266
23.313919067382812
61.27172088623047
14.527674674987793
56.01613235473633
26.4683780670166
37.33357620239258
41.53894805908203
23.501964569091797
29.19392204284668
22.53289222717285
20.505754470825195
24.45925521850586
21.734249114990234
34.92733383178711
29.355728149414062
21.505420684814453
25.4227352142334
46.631446838378906
41.373477935791016
31.981855392456055
43.99527359008789
23.525529861450195
30.882125854492188
28.74724578857422
24.808019638061523
28.472885131835938
18.363689422607422
19.350940704345703
18.91478729248047
43.11668014526367
43.97987365722656
48.217529296875
19.23957061767578
30.872394561767578
16.634265899658203
32.935569763183594
22.082523345947266
4.445708274841309
17.52467918395996
28.43947982788086
19.64350700378418
20.164884567260742
26.735353469848633
23.05410385131836
31.60344886779785
38.274139404296875
36.88323974609375
18.802762985229492
29.49169158935547
19.16155242919922
3.56571626663208
22.180944442749023
44.656280517578125
44.95832443237305
24.876760482788086
20.046951293945312
51.77656555175781
50.47260665893555
35.68604278564453
27.417247772216797
28.981529235839844
32.646484375
21.997798919677734
33.003292083740234
18.718807220458984
48.97694778442383
13.277677536010742
31.69486427307129
17.63347625732422
34.05049133300781
17.23930549621582
25.20802116394043
45.44875717163086
27.981416702270508
26.979175567626953
46.079288482666016
48.90066909790039
27.596391677856445
28.06848907470703
33.25111389160156
35.97108459472656
25.442523956298828
25.758132934570312
18.820070266723633
24.194791793823242
23.91455078125
24.7313232421875
28.190874099731445
32.0429801940918
42.082916259765625
27.973953247070312
25.178951263427734
44.457279205322266
16.537700653076172
23.15143585205078
14.536614418029785
11.211740493774414
8.977384567260742
11.137199401855469
46.7657585144043
39.28154373168945
34.87995910644531
29.527252197265625
19.074705123901367
23.042884826660156
27.708236694335938
30.509370803833008
13.89223861694336
20.779207229614258
14.641599655151367
19.849149703979492
51.75951385498047
2.7621982097625732
30.59906005859375
44.59873962402344
20.495927810668945
13.130468368530273
29.735389709472656
23.345565795898438
30.892223358154297
30.48306655883789
17.528968811035156
15.758499145507812
30.01883316040039
22.326047897338867
47.840980529785156
21.488571166992188
7.764017581939697
53.53575134277344
14.816388130187988
37.369510650634766
27.979724884033203
21.974966049194336
22.93068504333496
34.89939498901367
30.313251495361328
23.21234893798828
43.32780838012695
18.3939266204834
34.028785705566406
30.0026912689209
17.303789138793945
42.77849197387695
18.10673713684082
18.113758087158203
20.76184844970703
37.121761322021484
26.334827423095703
23.31953239440918
16.677560806274414
21.396888732910156
16.456932067871094
29.955440521240234
26.99517822265625
18.200218200683594
15.494393348693848
15.37264633178711
28.347593307495117
24.739688873291016
5.681186676025391
12.777979850769043
17.81968879699707
16.548419952392578
24.997753143310547
52.24579620361328
22.354915618896484
16.0201416015625
24.643085479736328
26.818580627441406
19.50526237487793
35.38164138793945
23.528255462646484
12.586442947387695
27.43661117553711
6.769829750061035
33.847389221191406
17.854557037353516
16.049116134643555
11.634575843811035
32.823204040527344
31.976139068603516
37.934627532958984
36.58669662475586
14.067106246948242
27.424482345581055
41.69013977050781
18.898969650268555
12.58399486541748
37.46514129638672
35.33340072631836
34.82058334350586
20.057313919067383
25.01470184326172
45.268165588378906
18.589466094970703
13.704328536987305
38.01945495605469
33.84462356567383
17.941442489624023
28.943574905395508
15.756753921508789
21.564496994018555
34.40668869018555
21.3306941986084
18.785924911499023
26.14113426208496
32.720008850097656
13.464775085449219
21.064851760864258
21.932113647460938
28.76329231262207
25.188072204589844
20.198999404907227
17.149484634399414
23.25135612487793
35.46059799194336
7.190451145172119
21.23670196533203
22.24449920654297
32.4892692565918
23.4450740814209
29.685197830200195
26.850608825683594
19.843799591064453
39.31613540649414
29.48194122314453
21.407976150512695
52.24673080444336
24.443742752075195
30.229263305664062
11.29803466796875
29.06126594543457
15.796546936035156
26.80558204650879
26.477434158325195
26.234649658203125
27.677366256713867
13.823542594909668
43.994606018066406
42.13716506958008
10.715944290161133
18.131305694580078
17.215532302856445
29.935049057006836
25.927011489868164
41.92275619506836
25.74576187133789
31.758745193481445
13.110520362854004
27.671363830566406
28.76688575744629
11.88043212890625
26.910306930541992
26.19062042236328
41.887630462646484
33.70256042480469
28.135501861572266
11.333465576171875
25.35569953918457
31.325925827026367
27.203128814697266
28.409772872924805
10.38583755493164
6.646728515625
39.73575973510742
15.001927375793457
18.250051498413086
30.207088470458984
15.218835830688477
49.65225601196289
24.015453338623047
19.651487350463867
23.73759651184082
33.68537139892578
37.076236724853516
53.55595779418945
28.398805618286133
12.38432502746582
34.56071090698242
16.239545822143555
32.32143020629883
30.154638290405273
10.938563346862793
28.52306365966797
38.19215774536133
22.38399314880371
21.53721809387207
31.214319229125977
24.71355438232422
30.488561630249023
27.21831703186035
37.051700592041016
20.208375930786133
26.117238998413086
26.7413387298584
15.851835250854492
17.125513076782227
32.615745544433594
2.0074002742767334
7.934262752532959
37.11917495727539
27.953893661499023
7.848426342010498
33.287384033203125
27.793853759765625
48.67732620239258
36.68968200683594
39.03432846069336
14.396124839782715
10.854989051818848
35.211944580078125
12.697853088378906
25.797046661376953
19.245037078857422
9.653820037841797
23.748531341552734
10.479154586791992
45.887474060058594
28.394271850585938
34.92341995239258
54.289981842041016
22.49209213256836
20.674259185791016
23.533035278320312
26.40019989013672
46.41404724121094
26.335296630859375
15.880487442016602
28.15712547302246
36.27204895019531
16.497638702392578
35.021759033203125
20.886796951293945
56.684879302978516
26.975116729736328
22.854290008544922
20.419706344604492
2.7443950176239014
41.67538833618164
25.898761749267578
36.48981475830078
29.64105224609375
22.808334350585938
39.878902435302734
19.355894088745117
11.206701278686523
33.6386833190918
29.123868942260742
46.03472900390625
35.33636474609375
21.823347091674805
27.013423919677734
22.755874633789062
32.45222091674805
23.729137420654297
26.85040855407715
38.837677001953125
21.476741790771484
22.458702087402344
16.088611602783203
30.611732482910156
18.420278549194336
29.45050621032715
37.75905990600586
25.04615592956543
33.052955627441406
42.87437057495117
31.011402130126953
14.964373588562012
46.54430389404297
25.143699645996094
36.56703567504883
26.722808837890625
37.98817825317383
17.693336486816406
36.61730194091797
26.880435943603516
49.83910369873047
18.226882934570312
14.464458465576172
35.212921142578125
41.82668685913086
17.34420394897461
12.764487266540527
20.927928924560547
35.0938606262207
27.930618286132812
27.827836990356445
18.73631477355957
20.501123428344727
23.674715042114258
25.351669311523438
17.35109519958496
21.11162567138672
19.43316650390625
18.069271087646484
27.181215286254883
29.27638053894043
48.53911590576172
15.84978199005127
21.99968910217285
47.09677505493164
36.750389099121094
29.435760498046875
20.459012985229492
43.68785858154297
41.894046783447266
8.273472785949707
17.916465759277344
12.598199844360352
27.810108184814453
38.52074432373047
15.667391777038574
23.28471565246582
36.42387390136719
23.075284957885742
20.863147735595703
18.990081787109375
40.8310661315918
18.6672420501709
12.073197364807129
11.41170883178711
27.657854080200195
40.29981231689453
32.90269088745117
19.345539093017578
29.29895782470703
23.298870086669922
15.880372047424316
19.368623733520508
24.815792083740234
42.017578125
36.3945198059082
28.50275421142578
28.859020233154297
29.25275230407715
22.344539642333984
9.305234909057617
62.461917877197266
29.009159088134766
22.3382568359375
38.585384368896484
22.01656723022461
12.824291229248047
31.093021392822266
27.60845947265625
14.253389358520508
23.047338485717773
37.77989196777344
29.022253036499023
24.001535415649414
19.30190086364746
19.149343490600586
48.69086456298828
35.22779846191406
22.607372283935547
12.335855484008789
31.88345718383789
15.797410011291504
35.75487518310547
22.33271598815918
38.69434356689453
9.419167518615723
30.316139221191406
20.03350257873535
18.354421615600586
39.377384185791016
58.5218391418457
10.483476638793945
26.16657066345215
13.229852676391602
20.835678100585938
19.785791397094727
12.284287452697754
6.488077163696289
21.326190948486328
38.27255630493164
15.765814781188965
50.50220489501953
13.981890678405762
12.459444046020508
9.937042236328125
39.357086181640625
29.35418701171875
32.29753112792969
12.397421836853027
24.68258285522461
14.85757064819336
30.6765193939209
25.82806396484375
46.255306243896484
41.45048141479492
35.81816482543945
42.293434143066406
31.161243438720703
29.073366165161133
11.026688575744629
10.400177001953125
19.95502281188965
19.545194625854492
20.25689125061035
29.325632095336914
37.198890686035156
40.1926155090332
40.94964599609375
19.56545066833496
51.82133102416992
23.008262634277344
34.61344909667969
22.84075927734375
26.92285919189453
14.913848876953125
36.98209762573242
32.631370544433594
34.81935119628906
16.903478622436523
27.888042449951172
17.016765594482422
20.327917098999023
32.5607795715332
10.761456489562988
17.051206588745117
32.58027648925781
15.883647918701172
22.158205032348633
19.635623931884766
21.182601928710938
23.804367065429688
22.414264678955078
38.12950134277344
42.368099212646484
12.204126358032227
7.139451026916504
12.35467529296875
27.77960777282715
26.6716365814209
5.991684913635254
42.948028564453125
20.495038986206055
39.91960906982422
41.85111999511719
30.371946334838867
34.0511589050293
37.093318939208984
35.17965316772461
26.94393539428711
46.472312927246094
20.212827682495117
25.313793182373047
30.350778579711914
24.404190063476562
20.706130981445312
22.588815689086914
23.031892776489258
38.925594329833984
30.68646812438965
38.62590789794922
26.13787078857422
19.383249282836914
29.807926177978516
26.448488235473633
21.6231689453125
23.74846076965332
13.817434310913086
10.451550483703613
28.50291633605957
32.08478546142578
24.739625930786133
12.843162536621094
18.839523315429688
7.24204683303833
24.408384323120117
17.832347869873047
45.359642028808594
22.01993751525879
32.705135345458984
12.52299976348877
7.473545074462891
35.68940353393555
25.85885238647461
11.4328031539917
25.88024139404297
37.788421630859375
15.871803283691406
28.34082794189453
31.032712936401367
25.457015991210938
16.233516693115234
28.140644073486328
25.239368438720703
44.56998062133789
24.44883155822754
53.96632766723633
25.424680709838867
20.820980072021484
37.3936653137207
15.81892204284668
21.89727783203125
34.47308349609375
17.18534278869629
22.030458450317383
20.73642921447754
14.63028621673584
23.479843139648438
27.950096130371094
33.24471664428711
26.58489227294922
28.068359375
25.005523681640625
28.018735885620117
26.348602294921875
41.0774040222168
35.986629486083984
18.758209228515625
34.0965576171875
15.693034172058105
31.43917465209961
22.704450607299805
24.562149047851562
26.914817810058594
52.8998908996582
28.20277214050293
20.7570858001709
34.2381477355957
47.16460418701172
39.58595275878906
39.561336517333984
20.86406707763672
22.486181259155273
30.743858337402344
34.74406814575195
27.06446075439453
12.653082847595215
36.192420959472656
31.338850021362305
9.320327758789062
24.690044403076172
36.70588684082031
30.38448715209961
16.093608856201172
14.231666564941406
18.415382385253906
39.438873291015625
30.672306060791016
17.338655471801758
23.80097007751465
35.201576232910156
21.631603240966797
25.999509811401367
39.69332504272461
11.56169319152832
6.41817569732666
19.227327346801758
11.431103706359863
31.02640151977539
25.542877197265625
20.61288833618164
11.882660865783691
27.802186965942383
26.424043655395508
6.40101432800293
21.624256134033203
36.020870208740234
24.969762802124023
22.3735294342041
28.092655181884766
27.57125473022461
17.963539123535156
28.654922485351562
18.80637550354004
28.93804359436035
13.355250358581543
9.32358455657959
36.36907958984375
26.00602149963379
21.02706527709961
28.229202270507812
34.923336029052734
24.959064483642578
40.41510009765625
28.683523178100586
30.334211349487305
40.441165924072266
10.310921669006348
30.21593475341797
4.276675224304199
40.402549743652344
25.55365562438965
18.289749145507812
32.9854736328125
23.14118003845215
16.50535011291504
11.668699264526367
24.138202667236328
33.277164459228516
15.528393745422363
9.748772621154785
9.979303359985352
56.0784797668457
29.844297409057617
24.700098037719727
31.5527400970459
7.834229946136475
18.310638427734375
35.46141815185547
19.197282791137695
17.338991165161133
30.830400466918945
23.556766510009766
21.88814926147461
15.960710525512695
34.01576232910156
12.504768371582031
28.01917266845703
40.13752365112305
7.6517815589904785
15.605001449584961
24.608917236328125
24.244831085205078
26.316146850585938
23.283903121948242
25.70768928527832
27.82302474975586
23.91508674621582
38.371421813964844
39.264339447021484
22.82271957397461
25.806943893432617
2.813971519470215
28.715316772460938
26.827781677246094
14.29493522644043
21.351215362548828
23.8690242767334
10.546716690063477
22.880733489990234
36.89967727661133
41.016075134277344
15.605823516845703
49.079383850097656
23.144775390625
16.20618438720703
29.5521297454834
22.190710067749023
16.805925369262695
14.842330932617188
9.70206356048584
15.218879699707031
29.558382034301758
27.06452751159668
26.09868812561035
28.67096519470215
13.983149528503418
23.501211166381836
45.493858337402344
13.007301330566406
29.345638275146484
16.87090301513672
59.31739044189453
23.342580795288086
3.5299909114837646
43.6124382019043
13.265275001525879
29.25267791748047
22.989072799682617
28.136470794677734
17.8636531829834
38.82248306274414
28.700458526611328
20.232097625732422
19.501739501953125
18.79637336730957
16.098373413085938
8.668901443481445
23.009714126586914
20.82172966003418
24.598316192626953
27.774444580078125
37.65011215209961
7.992603778839111
31.885766983032227
21.935184478759766
21.355558395385742
23.277029037475586
19.676786422729492
54.59577560424805
25.584453582763672
39.753211975097656
15.026192665100098
47.788978576660156
39.369998931884766
22.476526260375977
28.58039093017578
33.9757194519043
28.936986923217773
23.95820426940918
32.31700897216797
17.718114852905273
19.06089973449707
13.452853202819824
15.393025398254395
20.390058517456055
16.347888946533203
24.471187591552734
9.474440574645996
24.92397689819336
33.28958511352539
41.71781921386719
29.680025100708008
17.76512908935547
35.686500549316406
29.470495223999023
16.590822219848633
16.305042266845703
44.61138153076172
23.959230422973633
29.541122436523438
17.250030517578125
12.933906555175781
29.41602897644043
36.61605453491211
42.20744705200195
20.956682205200195
35.252197265625
19.09559440612793
13.706816673278809
20.799509048461914
32.44186019897461
20.259174346923828
42.68061828613281
35.9214973449707
11.714801788330078
17.18238067626953
56.53331756591797
23.27066421508789
19.695955276489258
36.20844268798828
7.58549690246582
36.55531692504883
32.965267181396484
32.15803527832031
6.851667881011963
26.714698791503906
18.889707565307617
37.602901458740234
32.48321533203125
38.29581832885742
9.955057144165039
39.131858825683594
54.17299270629883
41.540000915527344
53.18601989746094
45.17612075805664
9.989457130432129
22.729684829711914
33.9089469909668
19.91383171081543
17.48082160949707
19.69586181640625
9.74639892578125
24.82941246032715
23.99669647216797
19.362483978271484
33.29294204711914
22.106218338012695
12.49538516998291
27.104578018188477
46.3250846862793
29.06817626953125
2.3735151290893555
30.56395721435547
22.4522647857666
17.758073806762695
26.656211853027344
27.451828002929688
34.135986328125
12.9246187210083
23.64299201965332
14.402213096618652
38.52332305908203
8.66782283782959
36.719486236572266
23.463722229003906
26.17640495300293
21.073259353637695
40.25559616088867
29.43885040283203
26.054229736328125
20.80257797241211
22.12764549255371
36.29841995239258
32.20642852783203
38.22890853881836
26.34989356994629
35.04231262207031
33.452152252197266
21.104616165161133
18.552955627441406
31.06023406982422
20.776988983154297
38.61384582519531
16.581499099731445
17.377880096435547
22.82598114013672
36.136478424072266
36.75004959106445
15.044168472290039
17.27410125732422
20.548080444335938
19.667888641357422
31.389942169189453
10.814984321594238
13.0558500289917
12.78399658203125
31.020572662353516
21.603878021240234
20.927326202392578
37.6535758972168
18.066030502319336
19.919008255004883
22.355745315551758
20.979795455932617
23.713220596313477
19.436925888061523
12.890125274658203
32.144439697265625
43.66653060913086
25.969711303710938
24.671815872192383
31.436281204223633
11.766901016235352
14.15965461730957
33.47076416015625
41.549110412597656
16.790285110473633
24.774715423583984
50.319496154785156
36.89401626586914
6.42308235168457
36.96717834472656
50.595333099365234
39.50425720214844
31.58374786376953
33.18157196044922
36.26169204711914
12.183783531188965
31.607297897338867
40.48026657104492
35.0353889465332
12.368897438049316
20.799320220947266
24.468374252319336
30.604406356811523
32.384212493896484
10.807623863220215
28.817710876464844
11.428050994873047
33.823909759521484
23.846046447753906
21.229721069335938
49.38907241821289
13.568458557128906
29.23782730102539
20.222639083862305
41.28172302246094
43.7889404296875
28.027793884277344
25.209871292114258
6.4307026863098145
19.55940818786621
16.593740463256836
37.104942321777344
67.12435150146484
29.03146743774414
37.34476852416992
22.154382705688477
45.992759704589844
38.55487060546875
22.122529983520508
47.59891128540039
22.85715103149414
16.77959442138672
29.171924591064453
45.400115966796875
8.489202499389648
26.298233032226562
26.094701766967773
14.739297866821289
32.44749069213867
36.676658630371094
27.17751121520996
33.341552734375
16.90252685546875
7.37371301651001
29.742311477661133
15.314163208007812
21.2214412689209
28.545833587646484
7.639578819274902
26.312274932861328
11.767010688781738
33.913185119628906
30.746402740478516
12.489097595214844
35.848793029785156
7.624606132507324
28.22876739501953
21.131940841674805
49.476078033447266
32.79167938232422
41.0449333190918
40.78293228149414
24.740537643432617
29.379592895507812
36.79376983642578
40.55335235595703
31.306217193603516
24.078489303588867
19.315223693847656
21.39535140991211
33.111000061035156
27.46356773376465
26.153886795043945
27.195247650146484
15.534173011779785
21.31990623474121
26.721027374267578
56.92428970336914
28.96183967590332
31.023632049560547
30.425155639648438
14.660333633422852
28.40757179260254
16.826595306396484
32.83938980102539
27.961711883544922
10.103140830993652
17.85393714904785
29.598796844482422
32.63660430908203
36.26331329345703
38.64127731323242
30.881118774414062
35.69127655029297
20.60323143005371
21.801904678344727
24.515596389770508
23.738950729370117
34.07841110229492
36.055519104003906
32.910789489746094
16.060945510864258
25.057418823242188
36.599151611328125
12.117135047912598
22.914020538330078
28.294116973876953
21.93638038635254
16.26359748840332
7.306833744049072
31.890993118286133
15.070297241210938
29.60654640197754
35.068111419677734
1.3239344358444214
18.18286895751953
63.01533508300781
26.551206588745117
12.379537582397461
18.245594024658203
22.872634887695312
18.631399154663086
33.24401092529297
35.14336395263672
15.24305248260498
29.01152992248535
39.411537170410156
3.8422024250030518
19.623945236206055
29.074626922607422
40.25762939453125
11.056808471679688
24.81361961364746
23.32366180419922
15.909626007080078
29.273164749145508
14.20016860961914
20.18470573425293
29.59273910522461
30.23731231689453
38.42794418334961
29.15315818786621
14.9447603225708
41.8343391418457
40.86174774169922
19.154640197753906
26.973543167114258
16.04791831970215
28.70351219177246
54.25490951538086
26.479827880859375
22.40610122680664
52.24058532714844
40.077022552490234
35.55495834350586
11.694766998291016
31.694507598876953
42.99616241455078
33.01239013671875
28.5030460357666
26.73716163635254
19.203052520751953
35.0899658203125
25.646312713623047
29.07457733154297
7.449599266052246
11.009414672851562
14.440871238708496
30.566696166992188
30.699464797973633
9.389301300048828
32.33802795410156
22.983667373657227
14.344747543334961
30.833730697631836
41.45897674560547
75.68932342529297
29.642377853393555
32.88315200805664
15.756476402282715
22.0360050201416
23.651865005493164
23.274805068969727
25.208375930786133
16.887027740478516
35.47754669189453
22.116548538208008
44.293521881103516
27.964508056640625
37.23247146606445
25.591045379638672
10.032320976257324
31.11138153076172
18.642986297607422
21.426076889038086
17.934133529663086
23.900320053100586
19.208263397216797
18.244251251220703
13.189916610717773
16.227895736694336
16.743408203125
43.69620132446289
18.873624801635742
29.058456420898438
14.177334785461426
13.77404499053955
37.35696029663086
24.84590721130371
11.88565731048584
26.54268455505371
21.756322860717773
32.90019226074219
20.276254653930664
39.37160110473633
14.86602783203125
42.79928970336914
27.80182647705078
45.250675201416016
33.37295150756836
13.37370491027832
30.52790069580078
44.991153717041016
18.074459075927734
11.417948722839355
40.79008483886719
20.5617618560791
16.902629852294922
21.49726104736328
30.521215438842773
26.848670959472656
23.69797134399414
10.775001525878906
15.525983810424805
13.577265739440918
30.847030639648438
27.741846084594727
32.148101806640625
12.148979187011719
34.41858673095703
36.2977294921875
23.023326873779297
34.400169372558594
24.82825469970703
3.86909818649292
28.706493377685547
17.059371948242188
30.967527389526367
19.610437393188477
31.919206619262695
20.45631980895996
29.792909622192383
32.623207092285156
30.375965118408203
22.40751838684082
13.419626235961914
33.95991897583008
49.613800048828125
42.47159194946289
8.990187644958496
24.958642959594727
30.04029083251953
38.29893493652344
19.352890014648438
28.32668685913086
41.458187103271484
19.861026763916016
36.41497802734375
32.5988655090332
37.69305419921875
54.808067321777344
35.41422653198242
27.177534103393555
39.823829650878906
33.659706115722656
27.743846893310547
23.31206703186035
17.73812484741211
22.4096736907959
29.257652282714844
19.955265045166016
28.473384857177734
25.7755184173584
25.930625915527344
28.44888687133789
28.38714027404785
43.86973571777344
12.701200485229492
28.39580535888672
39.60791015625
40.11713790893555
51.49913787841797
31.925079345703125
18.342004776000977
41.727752685546875
25.045469284057617
12.84380054473877
40.232933044433594
26.341381072998047
22.996299743652344
20.140378952026367
35.722110748291016
54.326881408691406
5.509869575500488
14.104827880859375
28.983301162719727
38.25210189819336
13.807513236999512
25.227466583251953
29.595176696777344
10.901360511779785
23.955320358276367
23.626296997070312
37.61933898925781
16.064027786254883
20.944398880004883
20.913297653198242
33.89557647705078
26.230531692504883
32.68404769897461
41.146026611328125
21.83437156677246
33.57324981689453
28.239595413208008
27.88255500793457
25.924772262573242
26.251441955566406
24.063982009887695
26.19007110595703
35.365196228027344
42.38756561279297
51.36723709106445
20.361650466918945
29.76535415649414
18.003719329833984
46.143619537353516
9.458303451538086
33.687103271484375
30.31861114501953
40.68643569946289
15.40947151184082
33.75605392456055
39.69331359863281
21.261274337768555
31.501482009887695
25.23141098022461
8.31917667388916
20.152318954467773
33.974647521972656
32.48976135253906
23.935972213745117
16.590373992919922
27.899761199951172
22.69405174255371
27.816492080688477
55.77216720581055
23.267114639282227
18.260498046875
14.261519432067871
21.54317855834961
23.942459106445312
23.349018096923828
21.994112014770508
24.260883331298828
28.260753631591797
40.658302307128906
13.170289039611816
16.3052921295166
15.139394760131836
14.235733032226562
36.7912712097168
22.47332000732422
31.195112228393555
34.946746826171875
20.631502151489258
29.9274845123291
48.711849212646484
14.89828872680664
20.747583389282227
15.464742660522461
49.69096755981445
17.36119842529297
28.653520584106445
41.90687561035156
39.88308334350586
20.345867156982422
31.513330459594727
8.268527030944824
21.21208953857422
13.481849670410156
31.224212646484375
37.52992248535156
47.91318130493164
35.71025848388672
14.295744895935059
14.802336692810059
35.549110412597656
18.466880798339844
18.96710968017578
23.7128963470459
27.77231216430664
55.97085952758789
18.181652069091797
32.315582275390625
29.629058837890625
27.2994327545166
12.84322738647461
40.629310607910156
31.80200958251953
17.26828384399414
14.43569564819336
23.8602352142334
51.731143951416016
20.011436462402344
40.46269607543945
19.653614044189453
21.168180465698242
20.868188858032227
30.86701011657715
28.96466636657715
27.90656280517578
46.41295623779297
21.308082580566406
25.67999839782715
24.93048858642578
12.572599411010742
18.917739868164062
42.28639602661133
28.14723777770996
1.9184428453445435
48.11149597167969
37.034427642822266
24.645994186401367
43.18168640136719
25.338970184326172
20.388460159301758
31.8277645111084
34.79664993286133
41.4639778137207
37.67403793334961
33.488407135009766
35.014244079589844
19.144290924072266
8.730534553527832
37.099761962890625
44.10755920410156
28.763072967529297
32.7747688293457
8.053789138793945
32.36848831176758
28.2672061920166
26.34166717529297
13.15408706665039
32.81172561645508
24.856433868408203
27.68775177001953
34.496177673339844
22.055179595947266
28.537858963012695
15.89550495147705
24.675817489624023
31.4445743560791
30.206525802612305
48.16242218017578
20.58196258544922
32.70823287963867
32.00011444091797
33.999881744384766
13.371521949768066
35.712615966796875
15.148787498474121
28.216657638549805
12.878905296325684
34.296226501464844
29.015409469604492
15.523314476013184
32.52367401123047
28.21082305908203
12.773043632507324
20.636812210083008
19.067371368408203
28.216854095458984
19.912302017211914
28.90755844116211
21.842206954956055
17.03246307373047
30.64011573791504
31.04864501953125
35.16206359863281
15.295221328735352
41.81366729736328
49.63087844848633
37.41238784790039
19.780744552612305
24.37940216064453
40.354164123535156
24.108930587768555
18.442445755004883
23.764028549194336
28.25353240966797
39.750450134277344
36.09731674194336
29.83067512512207
9.115970611572266
18.3764591217041
42.27498245239258
39.42510986328125
28.8609561920166
34.62276840209961
12.634431838989258
32.18528366088867
14.11913013458252
6.536978244781494
24.99550437927246
19.556015014648438
18.160707473754883
15.30180835723877
18.366783142089844
19.644115447998047
33.64301681518555
11.89792537689209
25.727495193481445
41.002723693847656
26.341236114501953
25.380456924438477
21.760982513427734
28.614145278930664
25.179519653320312
27.750141143798828
19.351055145263672
22.326629638671875
11.567180633544922
21.725563049316406
11.92931842803955
27.592565536499023
37.69575881958008
27.13239860534668
16.134418487548828
15.291778564453125
18.39554786682129
31.55078887939453
31.424203872680664
26.552310943603516
26.455753326416016
34.445411682128906
37.155906677246094
20.849824905395508
26.62279510498047
38.744083404541016
30.632488250732422
1.4564316272735596
31.316652297973633
15.062878608703613
19.264305114746094
21.039772033691406
26.08927345275879
37.76693344116211
4.769521236419678
23.40720558166504
33.528778076171875
35.73814010620117
24.47536849975586
32.803245544433594
19.39557456970215
17.905996322631836
42.79239273071289
39.23008728027344
48.18964767456055
33.23048782348633
16.655485153198242
57.164329528808594
15.338653564453125
31.563369750976562
16.39981460571289
25.902332305908203
14.351690292358398
40.642391204833984
36.35422134399414
38.07960891723633
25.59741973876953
40.63530731201172
27.18712615966797
29.470901489257812
28.794776916503906
14.277777671813965
23.505441665649414
13.0066499710083
27.996183395385742
29.76201057434082
27.847888946533203
31.871042251586914
22.616304397583008
36.718345642089844
9.70847225189209
30.032299041748047
42.02693557739258
39.06583023071289
29.140474319458008
30.515657424926758
42.176513671875
44.49955749511719
16.274593353271484
23.939714431762695
21.75892448425293
31.33403778076172
20.644800186157227
26.76563835144043
32.4018440246582
17.653152465820312
42.104103088378906
43.587406158447266
36.46246337890625
30.712312698364258
26.93549346923828
17.748735427856445
26.610004425048828
50.39854049682617
22.59471321105957
23.748441696166992
39.55781173706055
9.98293399810791
22.481204986572266
33.19403076171875
30.6020565032959
35.965206146240234
22.008609771728516
28.993675231933594
51.490440368652344
28.871084213256836
28.335649490356445
41.19114303588867
35.60893630981445
16.670454025268555
17.136680603027344
39.356754302978516
31.890493392944336
17.201032638549805
43.16604232788086
35.734859466552734
9.627062797546387
14.806621551513672
23.949806213378906
20.770376205444336
35.802268981933594
26.8643798828125
7.216472148895264
24.764976501464844
9.39317798614502
12.924832344055176
20.97648811340332
21.83074188232422
18.661548614501953
30.486038208007812
33.625240325927734
27.735525131225586
28.53302574157715
15.548737525939941
26.355392456054688
30.034465789794922
27.72275161743164
16.73122215270996
38.539695739746094
49.68971633911133
21.632577896118164
25.218751907348633
23.160451889038086
25.261133193969727
18.617624282836914
11.845675468444824
25.86772918701172
55.69418716430664
16.21928596496582
26.721843719482422
21.160213470458984
16.634071350097656
23.858226776123047
31.186138153076172
35.62990188598633
24.140737533569336
19.024250030517578
30.751291275024414
22.356027603149414
22.8953914642334
38.12211608886719
15.388487815856934
24.816177368164062
21.44852066040039
12.280117988586426
18.78069305419922
27.664443969726562
54.392181396484375
21.143178939819336
54.438419342041016
35.510894775390625
17.365726470947266
38.003414154052734
9.991935729980469
10.652899742126465
18.566055297851562
27.329301834106445
21.808713912963867
24.194456100463867
14.040276527404785
18.945573806762695
19.209644317626953
8.247087478637695
42.56013488769531
52.64210510253906
22.9635009765625
28.87360382080078
36.69087600708008
31.348684310913086
18.27518081665039
