55.34864807128906
76.02708435058594
24.725679397583008
56.39616775512695
58.20498275756836
19.07655143737793
24.96462631225586
47.179725646972656
62.08728790283203
62.80382537841797
26.909759521484375
37.06032943725586
54.874446868896484
34.970924377441406
59.90694808959961
84.89765930175781
38.91608810424805
48.37468719482422
68.5489730834961
83.53373718261719
34.99263381958008
66.05949401855469
85.95780944824219
58.148780822753906
49.360145568847656
42.02211380004883
88.13497161865234
59.32944107055664
65.52820587158203
55.8568115234375
33.27033996582031
26.877817153930664
66.33537292480469
68.67378997802734
35.20571517944336
65.69709014892578
51.575740814208984
29.696582794189453
73.82722473144531
33.73424530029297
34.257537841796875
49.192169189453125
41.38482666015625
57.95686340332031
28.074649810791016
84.88836669921875
62.375526428222656
31.161100387573242
59.060707092285156
80.40892028808594
29.542957305908203
42.76039123535156
32.439903259277344
53.42621994018555
74.64138793945312
66.75535583496094
57.829715728759766
64.50178527832031
36.40449142456055
30.109848022460938
62.20447540283203
55.3436279296875
44.5007209777832
56.05579376220703
56.646026611328125
38.45922088623047
74.09903717041016
30.407909393310547
75.26153564453125
76.41300964355469
51.97399139404297
68.10712432861328
51.87620544433594
72.31380462646484
59.01294708251953
81.70654296875
47.329856872558594
27.870908737182617
59.291419982910156
48.61470413208008
60.62297058105469
46.46953582763672
38.429561614990234
37.90079116821289
32.06614303588867
51.91897201538086
65.75662231445312
55.00453567504883
36.32314682006836
67.91325378417969
43.47218322753906
41.82955551147461
69.0595932006836
57.63460159301758
52.606266021728516
45.0407829284668
50.260337829589844
63.46031951904297
56.9601936340332
42.08856964111328
48.674591064453125
56.568355560302734
52.35089111328125
41.44100570678711
51.09104537963867
75.7677001953125
60.16482162475586
50.70949935913086
41.338775634765625
30.735599517822266
60.780399322509766
55.12031555175781
52.881465911865234
50.27162551879883
51.35552978515625
22.26177978515625
62.94708251953125
60.23392105102539
21.352436065673828
42.45314025878906
83.40792083740234
62.212947845458984
47.04958724975586
44.41938400268555
24.876922607421875
54.93104553222656
66.92314910888672
43.28711700439453
58.30963134765625
51.622764587402344
69.8626480102539
34.67083740234375
49.97593307495117
34.7128791809082
9.916041374206543
60.135013580322266
26.51790428161621
45.220516204833984
32.90248107910156
67.9490737915039
61.58525085449219
56.503299713134766
48.01123046875
82.3649673461914
66.60357666015625
55.26502227783203
38.75394058227539
60.387516021728516
52.019996643066406
45.13167953491211
58.6258544921875
55.69117736816406
45.09062194824219
56.088356018066406
57.38935470581055
63.85744094848633
49.25611114501953
22.531801223754883
46.286399841308594
33.125606536865234
64.9164047241211
63.26554870605469
42.50137710571289
52.45842361450195
53.12651443481445
80.40089416503906
50.748634338378906
32.23672866821289
49.376708984375
64.27891540527344
72.50050354003906
27.767227172851562
10.624754905700684
36.105010986328125
20.196556091308594
63.91834259033203
30.722646713256836
47.00090026855469
54.241092681884766
49.59797286987305
51.56406784057617
52.1826286315918
42.40037155151367
32.27964401245117
52.25935745239258
62.0380859375
41.48747634887695
47.58220291137695
85.36628723144531
50.26873779296875
30.58634376525879
44.458126068115234
26.522817611694336
49.239192962646484
55.7222785949707
50.847076416015625
62.42102813720703
33.99561309814453
63.71525955200195
58.82014846801758
15.689648628234863
37.48466110229492
40.41777420043945
34.442928314208984
69.54232788085938
45.88570785522461
39.58219528198242
38.243404388427734
26.32889747619629
61.45561981201172
53.99811935424805
57.884979248046875
9.626505851745605
51.58115768432617
22.548967361450195
43.60344314575195
47.51198959350586
28.461332321166992
39.879417419433594
44.18274688720703
39.86595153808594
41.413089752197266
64.35633850097656
28.013484954833984
53.1031494140625
34.5452766418457
29.508895874023438
59.86420440673828
63.157981872558594
38.56441116333008
70.34635162353516
61.0194206237793
51.507781982421875
42.579071044921875
62.01105499267578
18.580230712890625
35.37567138671875
53.902069091796875
52.273895263671875
46.01366424560547
56.49483871459961
54.82198715209961
47.32313919067383
91.22323608398438
77.19187927246094
43.72185134887695
40.822818756103516
60.788963317871094
37.54541778564453
65.60038757324219
28.2482967376709
36.382564544677734
38.982723236083984
25.765151977539062
57.213863372802734
39.233001708984375
41.88525390625
49.04729080200195
33.71295166015625
69.75653076171875
49.705848693847656
70.95848083496094
69.50740814208984
50.02330017089844
60.39826583862305
68.39334869384766
34.60908126831055
73.54155731201172
62.41813278198242
39.739173889160156
58.526397705078125
52.672420501708984
46.887962341308594
72.07539367675781
65.13265991210938
62.01112747192383
40.9703254699707
35.72325897216797
38.78946304321289
36.56031799316406
44.093299865722656
58.54707717895508
47.572452545166016
27.879892349243164
51.873199462890625
60.87807846069336
54.79411697387695
54.072471618652344
44.859378814697266
94.0969009399414
63.029911041259766
51.565494537353516
59.78525924682617
70.01446533203125
52.188629150390625
48.0186653137207
58.018211364746094
49.79814147949219
68.62471771240234
23.111574172973633
57.4044075012207
51.65263748168945
62.01291275024414
58.522918701171875
86.44465637207031
50.13801574707031
55.75895690917969
63.310691833496094
69.5365982055664
52.3949089050293
40.74820327758789
59.59326934814453
37.04176330566406
77.82916259765625
52.179080963134766
37.808780670166016
67.2098159790039
62.837120056152344
49.73554992675781
53.16361618041992
52.8259391784668
40.05141067504883
55.47587203979492
63.6534423828125
65.07150268554688
51.70732879638672
26.493480682373047
6.702470302581787
37.770599365234375
22.931175231933594
53.32624816894531
46.286006927490234
38.63497543334961
42.34177780151367
21.018400192260742
27.60736083984375
54.56353759765625
49.23041915893555
63.34547805786133
61.1999626159668
52.771522521972656
82.46290588378906
43.90415954589844
38.20777893066406
60.53016662597656
27.881738662719727
78.09918975830078
34.44245147705078
39.38505554199219
36.70568084716797
41.41154098510742
51.037750244140625
58.69536590576172
34.944705963134766
34.750423431396484
58.14794158935547
39.59266662597656
33.59346389770508
34.9930534362793
55.6115837097168
56.28244400024414
34.88707733154297
45.878787994384766
70.16671752929688
64.27175903320312
37.42019271850586
50.57073211669922
57.231781005859375
51.96977996826172
39.384151458740234
85.25627899169922
80.19512176513672
33.01844024658203
58.27105712890625
59.505149841308594
24.976512908935547
32.51729202270508
56.2446403503418
36.91909408569336
55.269935607910156
28.10955047607422
65.53736877441406
52.102291107177734
42.47889709472656
71.22245025634766
53.2791862487793
48.09837341308594
59.347381591796875
46.74335479736328
61.784210205078125
46.49089431762695
32.95291519165039
54.609012603759766
58.52256774902344
64.55592346191406
46.36355209350586
39.99317169189453
40.49034118652344
36.582035064697266
58.35148620605469
79.82942199707031
62.42662048339844
67.2072525024414
56.318992614746094
73.40911865234375
63.59122848510742
37.23440933227539
49.03147506713867
63.24118423461914
54.19596862792969
61.6640625
32.60523986816406
54.80695343017578
86.97625732421875
48.59358596801758
40.314022064208984
59.50940704345703
29.330265045166016
38.476173400878906
31.34510612487793
100.6822738647461
33.197364807128906
54.76753234863281
46.60411071777344
75.36386108398438
51.43291473388672
52.40806198120117
52.5576286315918
47.245025634765625
52.556053161621094
65.34684753417969
37.99522399902344
67.06378173828125
38.75387191772461
57.7380485534668
44.40892028808594
50.41942596435547
50.6186408996582
49.02898025512695
59.399288177490234
51.77030944824219
59.37135696411133
49.939945220947266
50.14812469482422
71.65894317626953
51.06352615356445
57.06074905395508
55.09091567993164
67.9542236328125
35.77632141113281
39.294334411621094
32.95600509643555
65.40196228027344
39.07474899291992
73.00260162353516
49.67570495605469
68.43134307861328
53.61286926269531
56.40841293334961
53.18809509277344
49.56170654296875
7.156888008117676
68.6488037109375
13.046056747436523
61.12432098388672
53.06830978393555
45.729347229003906
47.45554733276367
59.15766143798828
71.33987426757812
51.85572814941406
38.01445388793945
75.24847412109375
31.528162002563477
52.689300537109375
60.45832443237305
47.36174011230469
45.139652252197266
76.39099884033203
62.887542724609375
84.20196533203125
45.8510856628418
27.50265884399414
81.21426391601562
34.07146453857422
53.220367431640625
55.55682373046875
60.09904479980469
39.8690185546875
56.60262680053711
43.819297790527344
30.384658813476562
42.103851318359375
44.96651077270508
49.1388053894043
44.4647216796875
30.96146583557129
70.21646118164062
23.284238815307617
36.76927185058594
40.09052276611328
60.51860046386719
21.167259216308594
26.01807403564453
22.31502914428711
90.00859069824219
21.14753532409668
34.98369598388672
72.38011932373047
25.094921112060547
68.25774383544922
52.551395416259766
58.30089569091797
61.508487701416016
36.987510681152344
50.94279479980469
39.26606750488281
58.51905822753906
59.88520050048828
34.13336181640625
54.22120666503906
50.67414855957031
47.67414474487305
33.113243103027344
44.60456085205078
34.41678237915039
77.45850372314453
64.20367431640625
47.522762298583984
70.76891326904297
45.67257308959961
34.83658981323242
48.488059997558594
73.41709899902344
73.19129180908203
58.11136245727539
47.5689811706543
37.33992385864258
38.82394027709961
59.19343948364258
40.25077438354492
61.55856704711914
41.07777786254883
79.32110595703125
54.4088134765625
50.24960708618164
46.708621978759766
54.535606384277344
34.574249267578125
50.371116638183594
17.89617347717285
59.49112319946289
66.30512237548828
51.903785705566406
40.87925720214844
50.614131927490234
49.434146881103516
34.973331451416016
55.396793365478516
44.766536712646484
29.720928192138672
95.28544616699219
54.554325103759766
66.18372344970703
57.3184700012207
61.29422378540039
28.74753189086914
37.621498107910156
48.12914276123047
36.23310470581055
33.997318267822266
39.6681022644043
41.0934944152832
60.2417106628418
34.86498260498047
48.61623001098633
58.584598541259766
59.319000244140625
39.65702438354492
41.41392517089844
44.18046951293945
78.98646545410156
30.258209228515625
60.034488677978516
14.763948440551758
45.38978958129883
38.43357849121094
60.51808166503906
45.74582290649414
41.8084602355957
19.829856872558594
67.953857421875
72.84507751464844
48.98001480102539
34.31874084472656
59.91787338256836
57.76984786987305
39.14330291748047
55.55459976196289
26.47108268737793
52.09258270263672
16.774232864379883
32.422569274902344
68.13445281982422
42.82515335083008
43.905792236328125
71.39220428466797
62.10662841796875
54.35747146606445
46.67412185668945
43.33904266357422
69.54663848876953
49.26150131225586
46.77259063720703
42.39923095703125
58.49028396606445
67.36590576171875
17.19959259033203
52.31780242919922
54.01189041137695
73.56098175048828
42.64390182495117
51.96529769897461
52.03371047973633
69.09688568115234
51.594879150390625
61.24849319458008
55.3715934753418
74.75279998779297
41.372928619384766
47.36629104614258
89.90023040771484
53.512123107910156
66.01913452148438
71.90620422363281
65.95658111572266
25.768220901489258
35.590965270996094
23.043222427368164
52.6417350769043
26.878156661987305
37.72892379760742
34.441497802734375
36.63355255126953
58.55853271484375
18.66078758239746
63.41483688354492
39.33877944946289
61.50126647949219
20.59099578857422
63.65098190307617
66.05089569091797
49.385704040527344
26.913225173950195
36.45905685424805
32.09459686279297
72.27018737792969
60.29379653930664
52.07593536376953
38.68944549560547
90.13880920410156
51.98683166503906
31.868473052978516
40.73438262939453
47.20363998413086
30.062620162963867
100.09867858886719
48.93074035644531
30.424816131591797
51.623477935791016
67.56368255615234
25.915178298950195
54.86082458496094
28.996898651123047
39.382606506347656
54.13104248046875
39.352561950683594
61.326480865478516
55.02442932128906
31.354246139526367
24.0257568359375
52.332237243652344
58.33464813232422
56.223819732666016
51.93281555175781
42.96575927734375
48.0019645690918
48.469417572021484
36.498409271240234
81.56285095214844
57.75149154663086
55.02337646484375
44.70206069946289
70.40123748779297
62.76261901855469
46.1354866027832
42.100948333740234
71.01033782958984
46.75333786010742
36.01378631591797
63.335453033447266
26.604171752929688
42.401397705078125
51.059383392333984
46.31645202636719
13.5853910446167
74.18746948242188
40.106388092041016
47.25723648071289
52.017276763916016
54.53303527832031
52.698665618896484
66.1701431274414
36.850013732910156
57.741058349609375
60.640846252441406
40.97972869873047
31.335880279541016
48.97403335571289
75.25658416748047
74.66497802734375
35.61602020263672
60.99003982543945
45.3658332824707
19.626752853393555
49.28300094604492
44.144134521484375
25.1496524810791
70.57794189453125
44.95478820800781
40.715721130371094
35.60877227783203
40.379783630371094
35.038448333740234
35.89739227294922
99.92924499511719
52.403106689453125
21.49217414855957
51.52750015258789
42.452842712402344
55.929664611816406
51.612464904785156
56.3371467590332
44.913936614990234
56.202392578125
35.967918395996094
57.95548629760742
60.885189056396484
53.94145584106445
41.00990676879883
40.736351013183594
43.20198440551758
56.40645217895508
58.612125396728516
31.531108856201172
61.7449836730957
52.21150588989258
75.08575439453125
61.820186614990234
45.1934700012207
45.92515563964844
34.8942985534668
63.20673370361328
52.37444305419922
45.36942672729492
44.05685043334961
45.9916877746582
55.1846923828125
55.21991729736328
45.30927658081055
49.5950813293457
56.043739318847656
6.785759925842285
58.46259689331055
48.95286560058594
30.957218170166016
20.032655715942383
56.723663330078125
42.46986770629883
58.58626174926758
71.47249603271484
59.95207214355469
52.29250717163086
29.775104522705078
88.8872299194336
43.98494338989258
51.3546257019043
53.00467300415039
49.809268951416016
56.42377471923828
68.12648010253906
64.20205688476562
22.840574264526367
52.67450714111328
57.66777038574219
81.12960052490234
56.93370056152344
36.6790885925293
50.03873062133789
51.5991325378418
60.69365692138672
41.77294158935547
64.87726593017578
66.49288940429688
41.196380615234375
64.30574798583984
25.68844985961914
45.47562789916992
68.36688232421875
52.738643646240234
48.95210266113281
47.61579895019531
78.46650695800781
71.00806427001953
81.81356811523438
59.92479705810547
47.13076400756836
52.860652923583984
28.164962768554688
58.638084411621094
41.47174072265625
52.354949951171875
47.819000244140625
38.51902770996094
14.803657531738281
41.52799987792969
34.39189910888672
31.9329833984375
75.5372314453125
62.3445930480957
37.64003372192383
57.210365295410156
18.081117630004883
64.4317626953125
18.202775955200195
52.923797607421875
43.46508026123047
42.54209518432617
38.74022674560547
55.8647346496582
30.934736251831055
36.86722946166992
47.06291961669922
59.36629104614258
78.4432601928711
29.06169891357422
28.094079971313477
36.39804458618164
42.83056640625
15.88916015625
43.556488037109375
86.81986999511719
40.54922866821289
40.281890869140625
18.060461044311523
91.55162048339844
20.869224548339844
19.0748291015625
62.0655517578125
46.8006477355957
29.12967872619629
50.69224548339844
66.64521789550781
32.09086990356445
74.7311019897461
77.6283950805664
38.30339050292969
75.48613739013672
37.07245635986328
60.030765533447266
57.45252990722656
69.18266296386719
26.23187255859375
54.87877655029297
42.542701721191406
35.97266387939453
25.788333892822266
51.615108489990234
56.32062530517578
41.81375503540039
62.402183532714844
69.13192749023438
32.93657302856445
53.24586486816406
58.06364440917969
47.38791275024414
71.68568420410156
65.00542449951172
60.80924987792969
74.85623931884766
33.2415885925293
52.19322967529297
68.35298919677734
21.946428298950195
47.61771774291992
33.745853424072266
61.11038589477539
49.34235382080078
43.817596435546875
71.46792602539062
82.39044952392578
64.7724380493164
44.26798629760742
43.306846618652344
56.67921447753906
56.85564422607422
42.5698356628418
65.09675598144531
35.886985778808594
52.88654327392578
42.65920639038086
40.76909255981445
33.12138748168945
63.873138427734375
35.69139862060547
46.47378921508789
45.49808883666992
13.015931129455566
85.40203857421875
57.29315948486328
38.78373718261719
66.58932495117188
68.10485076904297
45.37083435058594
27.30589485168457
53.34261703491211
18.751724243164062
33.10439682006836
48.79240036010742
42.257511138916016
26.93995475769043
49.24738311767578
68.28407287597656
61.886871337890625
27.512250900268555
29.802648544311523
62.2496337890625
30.12459945678711
36.71353530883789
18.8076171875
21.5507755279541
46.83962631225586
47.47861099243164
72.90270233154297
68.16131591796875
44.21858215332031
42.45599365234375
44.509246826171875
69.73323059082031
34.93255615234375
31.35224723815918
45.797550201416016
26.84857749938965
48.01555252075195
71.8350601196289
65.93363189697266
57.76149368286133
47.91707992553711
58.583282470703125
39.4925422668457
46.21940994262695
85.0957260131836
52.28785705566406
59.847190856933594
74.19801330566406
50.040000915527344
34.911983489990234
44.503475189208984
49.54742431640625
44.7179069519043
65.32740020751953
27.12174415588379
62.48517990112305
48.00809860229492
46.65476989746094
52.40575408935547
59.8985710144043
73.73048400878906
54.2194938659668
64.84485626220703
21.649002075195312
51.27606201171875
37.688453674316406
68.1268539428711
60.29039001464844
56.83158493041992
40.84430694580078
33.61772155761719
49.18617630004883
67.34317016601562
6.693135738372803
48.226112365722656
33.8503532409668
56.69197463989258
79.249755859375
49.096778869628906
36.45358657836914
53.44405746459961
65.61509704589844
39.893089294433594
59.30115509033203
61.66057586669922
50.45491409301758
61.717811584472656
63.06805419921875
54.613529205322266
75.2061767578125
52.65030288696289
42.476409912109375
61.46437454223633
46.979061126708984
52.823387145996094
49.90187072753906
35.136600494384766
42.1296501159668
68.25909423828125
38.03757095336914
66.28852844238281
34.94050216674805
42.47978210449219
44.64713668823242
50.01758575439453
23.216259002685547
61.4312744140625
59.14005661010742
32.55192565917969
45.75064468383789
71.04708099365234
53.747554779052734
47.651798248291016
38.60575485229492
49.391845703125
39.193336486816406
51.4077262878418
46.62077713012695
39.507652282714844
64.46612548828125
45.445865631103516
54.181800842285156
57.137733459472656
49.71880340576172
50.19413375854492
45.02387237548828
56.598426818847656
38.32194137573242
52.89945602416992
37.29254150390625
66.74702453613281
28.105224609375
38.614681243896484
68.10734558105469
38.07625961303711
67.18094635009766
41.48166275024414
38.81074905395508
46.37890625
60.827667236328125
70.31470489501953
65.1032943725586
54.426578521728516
56.030181884765625
65.25745391845703
22.111141204833984
42.56083679199219
38.57179260253906
38.948020935058594
50.264217376708984
63.970985412597656
55.4017333984375
62.5830078125
41.914207458496094
31.85936737060547
59.7597770690918
66.64772033691406
58.16560363769531
50.71502685546875
47.18968200683594
28.464763641357422
49.06489562988281
68.69627380371094
33.44990158081055
100.22314453125
75.40362548828125
39.06416320800781
26.459978103637695
59.850006103515625
71.86602783203125
32.39527130126953
36.3829345703125
65.35955810546875
54.200225830078125
79.05192565917969
59.92506408691406
22.839197158813477
46.380802154541016
36.95906448364258
61.00636291503906
42.571685791015625
80.29230499267578
66.23734283447266
41.25053787231445
39.592681884765625
34.92288589477539
57.52151107788086
34.249053955078125
76.70860290527344
53.2003173828125
48.514888763427734
33.28785705566406
69.09937286376953
51.938907623291016
35.097286224365234
75.02110290527344
78.52206420898438
37.34406661987305
46.29997634887695
68.77583312988281
65.93084716796875
39.79560089111328
52.90143585205078
52.402793884277344
44.05275344848633
34.17726516723633
56.03025436401367
67.107666015625
41.08097457885742
59.46342468261719
44.425018310546875
46.05405044555664
65.83865356445312
72.78140258789062
52.89763641357422
61.41108703613281
39.752906799316406
67.33268737792969
40.982791900634766
65.79290771484375
41.96896743774414
51.376426696777344
25.60042381286621
42.74443054199219
43.52809524536133
40.06327819824219
42.50059509277344
59.867855072021484
60.969573974609375
73.14018249511719
49.3548469543457
33.138938903808594
37.68169021606445
56.12137222290039
45.86334991455078
52.984107971191406
42.7061653137207
58.765716552734375
44.437034606933594
65.7651138305664
70.33457946777344
57.75896453857422
44.05319595336914
46.42658615112305
57.82440185546875
46.317596435546875
49.11914825439453
56.35157775878906
48.68385696411133
15.538698196411133
77.32134246826172
41.67213821411133
63.402923583984375
16.56851577758789
23.178464889526367
44.02021026611328
45.26176071166992
37.354923248291016
98.64457702636719
42.01443862915039
77.72252655029297
56.90732955932617
57.40367889404297
69.6603775024414
89.63058471679688
46.7661247253418
74.30586242675781
29.124935150146484
49.6624870300293
35.63968276977539
62.97369384765625
49.892616271972656
25.994384765625
48.3140869140625
45.09708786010742
45.71900177001953
80.91741180419922
40.46973419189453
43.73727035522461
49.36603927612305
69.08644104003906
29.124605178833008
51.94097137451172
41.59324264526367
46.453697204589844
56.63347625732422
29.873607635498047
32.31270217895508
49.73889923095703
38.1711311340332
37.917022705078125
40.718299865722656
45.08831787109375
44.27840042114258
53.647499084472656
51.74995422363281
78.03504180908203
40.18696975708008
38.170108795166016
70.1983871459961
47.30709457397461
55.43218231201172
31.5323429107666
14.282011985778809
12.796947479248047
45.57107162475586
80.23347473144531
57.46479034423828
65.8385238647461
52.72970962524414
33.12309646606445
59.508689880371094
21.738975524902344
62.77153015136719
22.932279586791992
59.33106231689453
38.77238082885742
37.46347427368164
46.83781433105469
36.82081985473633
54.53199005126953
61.008243560791016
46.74136734008789
79.90288543701172
61.44319152832031
43.3935661315918
58.246742248535156
24.465024948120117
82.24041748046875
42.2830696105957
43.35804748535156
43.934478759765625
53.484283447265625
52.512718200683594
68.14043426513672
38.0849723815918
64.3169174194336
39.42909240722656
71.49996948242188
45.77262496948242
52.284759521484375
46.78899383544922
51.95146179199219
39.96885299682617
60.567901611328125
43.209564208984375
42.54955291748047
22.150054931640625
57.51560974121094
33.95835876464844
40.88499450683594
55.71593475341797
57.849853515625
48.7706298828125
48.373783111572266
40.71727752685547
41.801841735839844
31.99271011352539
21.913843154907227
69.35799407958984
53.1843376159668
68.34580993652344
60.162757873535156
59.045536041259766
60.046810150146484
42.523521423339844
35.92763137817383
39.156883239746094
56.69980239868164
73.36852264404297
55.68059158325195
24.849853515625
33.204341888427734
59.27766799926758
48.095970153808594
43.55869674682617
61.2434196472168
35.85713195800781
34.78628158569336
56.09112548828125
37.049259185791016
54.4304084777832
40.52677536010742
72.21636962890625
82.21138000488281
56.55635452270508
40.870243072509766
65.64181518554688
35.206302642822266
55.8692512512207
59.92658996582031
54.4488525390625
65.35585021972656
45.17692565917969
58.72581481933594
26.547134399414062
66.76891326904297
79.35266876220703
29.299041748046875
42.84944534301758
78.05939483642578
48.00136947631836
55.10518264770508
47.954837799072266
65.93553924560547
92.6246109008789
69.28304290771484
75.46308135986328
53.261749267578125
68.2760009765625
45.9705696105957
29.93602180480957
66.5113754272461
54.0634880065918
78.29705810546875
47.82570266723633
53.230003356933594
39.43837356567383
28.69784927368164
56.01237869262695
28.632465362548828
61.84755325317383
45.10926818847656
59.874080657958984
48.937774658203125
35.395267486572266
29.17937469482422
66.7214584350586
55.76974105834961
38.99385070800781
42.432472229003906
46.76286697387695
61.40370178222656
58.358787536621094
44.742271423339844
59.371768951416016
60.73356628417969
53.745357513427734
34.043060302734375
36.744529724121094
63.86799240112305
77.95995330810547
55.25587844848633
33.50228500366211
49.78315353393555
61.352901458740234
47.71023941040039
34.244346618652344
29.188512802124023
44.333656311035156
70.00941467285156
42.7773551940918
20.456928253173828
51.24274826049805
37.37629318237305
57.03846740722656
64.1162338256836
32.37995147705078
30.20737075805664
42.38731002807617
38.07068634033203
35.206233978271484
45.15803909301758
42.37177276611328
36.10794448852539
39.524940490722656
59.34773635864258
42.943138122558594
57.19178771972656
53.126914978027344
32.6378059387207
47.35436248779297
48.037899017333984
61.646080017089844
43.841651916503906
55.0539436340332
40.37529754638672
57.373321533203125
40.078922271728516
17.49228286743164
48.62346649169922
57.14194869995117
55.132896423339844
46.08380889892578
45.76936721801758
8.511480331420898
73.82184600830078
53.860679626464844
62.9543342590332
74.25061798095703
49.375274658203125
37.484806060791016
37.233619689941406
51.17585372924805
53.20423889160156
32.25469207763672
68.64697265625
66.28992462158203
53.27901077270508
25.223419189453125
61.76757049560547
53.5550651550293
41.28411865234375
77.04847717285156
35.365203857421875
68.53549194335938
77.74732971191406
45.434120178222656
47.80934143066406
41.1677360534668
54.68653869628906
18.832082748413086
62.04404067993164
48.0778923034668
83.57422637939453
26.4503231048584
40.97417068481445
35.6142578125
44.05514907836914
44.009376525878906
62.35521697998047
58.47498321533203
40.10858154296875
48.93634033203125
24.619977951049805
43.05390548706055
58.48161315917969
51.09475326538086
66.48609924316406
55.219322204589844
77.42005157470703
73.46356964111328
82.8436279296875
34.09215545654297
76.63148498535156
43.160953521728516
53.21321105957031
55.50777816772461
19.326210021972656
34.8822135925293
40.76685333251953
72.89045715332031
40.9743537902832
35.12327575683594
37.65985870361328
41.52879333496094
82.40742492675781
54.775604248046875
44.03852462768555
32.37873077392578
36.9739990234375
63.184547424316406
75.35367584228516
52.933685302734375
39.5035400390625
33.879024505615234
62.82240295410156
55.160369873046875
27.37982940673828
58.54450225830078
69.2160873413086
70.0008316040039
35.98591613769531
64.7823715209961
80.56082153320312
27.206090927124023
56.084449768066406
39.34647750854492
57.21881103515625
41.867958068847656
82.70852661132812
51.17790222167969
66.33855438232422
50.82588195800781
51.81269073486328
29.93999481201172
42.30085754394531
35.84817123413086
53.80192947387695
51.93524169921875
30.652345657348633
55.14850616455078
51.087398529052734
50.772430419921875
24.28485107421875
78.23994445800781
45.749996185302734
38.508934020996094
54.459930419921875
69.58973693847656
39.969085693359375
69.44239807128906
62.067317962646484
49.463645935058594
48.709781646728516
49.240234375
43.32846450805664
58.60172653198242
73.23736572265625
66.1362533569336
82.0582504272461
32.265296936035156
46.34797286987305
53.61713790893555
73.4247817993164
47.59009552001953
23.463375091552734
39.702850341796875
32.36726379394531
38.91470718383789
65.2861557006836
30.765361785888672
29.47223663330078
37.62456512451172
48.84772872924805
36.96141052246094
35.54187774658203
83.52692413330078
54.81250762939453
70.1373291015625
65.39615631103516
79.33480072021484
46.40525436401367
43.689666748046875
69.47750091552734
44.00587463378906
56.089332580566406
56.16840362548828
73.53730773925781
90.85404968261719
40.20573806762695
78.19477081298828
64.41136169433594
45.49113845825195
34.48687744140625
22.823040008544922
55.77907943725586
77.00068664550781
46.67943572998047
44.067256927490234
52.036949157714844
67.97419738769531
32.727027893066406
66.84228515625
51.016387939453125
41.76996994018555
34.45808410644531
51.005577087402344
29.735876083374023
69.3505630493164
42.009727478027344
36.460968017578125
36.611881256103516
33.685482025146484
55.0856819152832
62.846744537353516
45.72334671020508
42.664093017578125
55.864234924316406
33.42423629760742
55.91094207763672
59.19137191772461
72.016357421875
58.22125244140625
43.20263671875
45.77576446533203
85.79541778564453
78.9141616821289
50.44758605957031
28.713212966918945
30.651514053344727
43.74459457397461
56.279781341552734
57.2679557800293
44.887977600097656
65.29389953613281
42.85846710205078
50.79014587402344
62.76527404785156
42.73271942138672
63.12921142578125
76.358642578125
85.42919921875
57.26213836669922
60.043968200683594
45.804447174072266
77.49638366699219
53.18364715576172
39.00965118408203
50.976322174072266
29.320959091186523
37.207706451416016
60.06987380981445
44.592529296875
30.92881965637207
63.91691970825195
82.9310531616211
54.33681106567383
33.0150146484375
43.0732421875
36.86271667480469
62.542816162109375
47.95886993408203
43.389827728271484
74.00215911865234
13.993986129760742
78.2004623413086
51.283016204833984
9.900983810424805
71.93440246582031
67.06260681152344
50.18813705444336
37.86174774169922
65.38426971435547
75.28423309326172
44.58279800415039
29.5772705078125
51.00920486450195
58.628910064697266
53.01497268676758
91.67638397216797
64.39932250976562
18.63681411743164
62.96816635131836
31.315261840820312
67.69776916503906
45.15843963623047
37.272911071777344
65.41590118408203
52.47982406616211
54.421207427978516
75.00202178955078
44.1742057800293
60.395957946777344
38.54881286621094
46.18212890625
55.64714431762695
53.83611297607422
43.29446792602539
37.404212951660156
69.42063903808594
32.0438117980957
55.825416564941406
48.19439697265625
58.16164779663086
37.62056350708008
47.224952697753906
73.14439392089844
68.29019165039062
44.450775146484375
73.71754455566406
68.77742004394531
58.585662841796875
43.64036560058594
76.07070922851562
42.1895751953125
34.0455436706543
62.324981689453125
64.49386596679688
46.9024772644043
33.42658233642578
19.835655212402344
54.543704986572266
68.18537139892578
44.36973190307617
58.0078010559082
70.47665405273438
65.65692901611328
77.22700500488281
51.52138137817383
24.3162899017334
52.56726837158203
50.95652389526367
80.91477966308594
80.78244018554688
35.20912170410156
58.706947326660156
20.164932250976562
45.489540100097656
56.22601318359375
56.146759033203125
47.15913009643555
48.14677047729492
22.056133270263672
42.79997634887695
46.6535758972168
61.86500930786133
31.55141258239746
49.353515625
83.13336181640625
35.883358001708984
35.52750015258789
27.451536178588867
51.354488372802734
69.82486724853516
65.70167541503906
53.82992172241211
60.543128967285156
63.37816619873047
44.64255905151367
44.48650360107422
46.63447952270508
9.175762176513672
25.13420295715332
44.96831512451172
62.11384201049805
15.700695037841797
47.326663970947266
66.10795593261719
33.561553955078125
56.6180419921875
26.937353134155273
53.48680114746094
46.06293487548828
53.085838317871094
58.32655715942383
46.410953521728516
50.69371032714844
32.137386322021484
49.84646987915039
38.032440185546875
34.9056396484375
54.359619140625
58.11521530151367
47.553131103515625
48.70877456665039
80.74415588378906
59.166015625
54.33359909057617
37.27005386352539
75.32144927978516
78.63530731201172
63.96637725830078
82.95645141601562
37.34546661376953
74.69671630859375
41.856693267822266
55.1800537109375
72.7739486694336
71.47346496582031
56.31602096557617
51.07099914550781
26.830101013183594
48.73634719848633
44.18535614013672
31.61241340637207
66.36019134521484
49.33222198486328
25.855396270751953
75.42717742919922
38.03417205810547
69.04507446289062
47.85637664794922
67.71710968017578
48.958396911621094
87.09828186035156
50.149105072021484
64.15143585205078
61.16426467895508
60.56317901611328
61.06087112426758
52.107913970947266
63.278404235839844
44.33017349243164
58.30266571044922
44.19968795776367
55.186248779296875
30.549453735351562
53.335853576660156
75.16039276123047
59.165958404541016
47.34256362915039
57.989017486572266
45.745513916015625
64.7556381225586
49.173583984375
46.1754150390625
49.12425994873047
41.215423583984375
71.64032745361328
48.19606018066406
58.70327377319336
37.38382339477539
74.92627716064453
57.73139190673828
61.10548782348633
64.19937896728516
46.25026321411133
75.53443908691406
34.60715103149414
36.02267837524414
64.5445327758789
51.67502975463867
56.75068664550781
55.517372131347656
50.424598693847656
65.03011322021484
16.82008934020996
80.53294372558594
34.991539001464844
39.80758285522461
78.04080963134766
64.31173706054688
48.544532775878906
70.37037658691406
47.7828483581543
52.37845993041992
19.69016456604004
63.893253326416016
53.13689422607422
44.406227111816406
59.90152359008789
58.21184158325195
61.23323059082031
91.62544250488281
46.32535934448242
40.770179748535156
73.83161926269531
64.5421371459961
50.397274017333984
61.35044860839844
49.9517822265625
39.38943862915039
68.96924591064453
49.7271842956543
42.05923843383789
50.17744445800781
53.53335952758789
50.03776550292969
62.280052185058594
75.52827453613281
57.945281982421875
55.8578987121582
70.43421173095703
57.874576568603516
17.589801788330078
47.639549255371094
48.198158264160156
15.876396179199219
49.25718307495117
46.84181594848633
74.1508560180664
62.61355209350586
40.90695571899414
60.254058837890625
62.35930252075195
60.012786865234375
38.536766052246094
53.515357971191406
60.0155029296875
49.6389274597168
54.28055191040039
43.758209228515625
26.647363662719727
23.956932067871094
35.84856033325195
50.356746673583984
45.17314529418945
55.91627502441406
18.453580856323242
56.97809982299805
48.3227653503418
54.49464416503906
65.51806640625
37.15544891357422
48.25922393798828
62.239994049072266
45.67912673950195
69.15702056884766
25.35422706604004
62.12086868286133
34.4815559387207
46.829532623291016
52.78895950317383
35.60468673706055
52.592674255371094
57.439918518066406
86.56056213378906
58.003761291503906
44.08137512207031
23.139772415161133
51.856353759765625
56.56721115112305
37.88946533203125
44.7407341003418
34.35135269165039
65.09658813476562
46.254638671875
51.16813278198242
62.226802825927734
44.77683639526367
43.31978225708008
29.258228302001953
56.174522399902344
53.453651428222656
71.7691650390625
52.59210205078125
49.62494659423828
85.06002044677734
51.13602066040039
55.838226318359375
31.59388542175293
54.31831359863281
19.339094161987305
47.936431884765625
53.88178634643555
55.511539459228516
33.89668655395508
67.09062194824219
49.66217041015625
49.18531036376953
83.25875854492188
53.117584228515625
25.880565643310547
49.31280517578125
51.51298141479492
39.27023696899414
46.86979293823242
45.94648361206055
97.7574462890625
68.66322326660156
59.832489013671875
34.46726608276367
62.662723541259766
66.16387939453125
45.255767822265625
86.94329071044922
71.62010955810547
21.584550857543945
36.56475830078125
34.88868713378906
66.34571075439453
67.130615234375
42.31584167480469
34.186492919921875
27.72698974609375
73.9050521850586
71.96156311035156
48.89393997192383
42.3396110534668
64.90428161621094
45.769710540771484
40.290401458740234
61.593109130859375
53.13780212402344
64.21697235107422
41.78436279296875
39.2076301574707
58.833892822265625
83.02865600585938
75.82258605957031
32.15592956542969
53.6264762878418
41.37110900878906
37.927528381347656
83.44580078125
59.195457458496094
42.106178283691406
34.915679931640625
58.404075622558594
65.52848815917969
72.42037963867188
46.34478759765625
58.23316192626953
48.044673919677734
52.47401809692383
75.27409362792969
62.889156341552734
62.28902053833008
53.97804260253906
35.128787994384766
46.84127426147461
47.969173431396484
75.24642181396484
31.399538040161133
46.12410354614258
94.34685516357422
77.39156341552734
39.783809661865234
74.31098937988281
37.73799133300781
77.25432586669922
47.227413177490234
42.11786651611328
52.61439895629883
65.85464477539062
32.251304626464844
36.1307487487793
52.845436096191406
20.78561019897461
58.28594207763672
73.10138702392578
34.13041305541992
41.58435821533203
35.210445404052734
29.42622947692871
37.30978012084961
32.61417770385742
70.60774993896484
20.827022552490234
43.39348602294922
41.63455581665039
31.81934356689453
33.40232849121094
54.97550582885742
48.1091194152832
20.301801681518555
50.38030242919922
65.13123321533203
26.898117065429688
78.17089080810547
23.294361114501953
56.764286041259766
74.36698913574219
37.003578186035156
26.01131820678711
86.95463562011719
32.81034469604492
75.9212875366211
55.478145599365234
34.74209213256836
63.071990966796875
27.12057113647461
59.65879440307617
54.6254997253418
49.13080596923828
85.42427062988281
50.4736442565918
60.890769958496094
24.37442970275879
45.96037673950195
44.58199691772461
28.6611270904541
57.298465728759766
30.413957595825195
71.4166030883789
28.273151397705078
33.579830169677734
50.07853317260742
36.46519088745117
24.905275344848633
48.98329544067383
47.97679138183594
26.236875534057617
46.4534797668457
44.37690353393555
48.4251823425293
71.51913452148438
49.86151885986328
33.76411819458008
78.05209350585938
71.9657211303711
68.5301513671875
44.66176223754883
56.12952423095703
68.5688247680664
38.071598052978516
61.080718994140625
57.96807861328125
31.880884170532227
52.33150100708008
62.35575866699219
67.59500885009766
17.76885986328125
69.40082550048828
65.5794677734375
49.64155960083008
58.8021354675293
37.17558288574219
23.171146392822266
60.85338592529297
33.485740661621094
47.559749603271484
55.40427017211914
35.51819610595703
87.68219757080078
59.34426498413086
48.98155212402344
38.389793395996094
51.124717712402344
23.84476661682129
87.84639739990234
50.848331451416016
9.698220252990723
22.86386489868164
34.18238830566406
55.96867370605469
28.640201568603516
55.01268768310547
40.34926223754883
51.13874053955078
37.414398193359375
55.910701751708984
25.71611785888672
78.61540985107422
69.9248275756836
38.83964538574219
82.06352996826172
37.57652282714844
52.87840270996094
39.790977478027344
44.365150451660156
50.85820770263672
69.55329132080078
37.81817626953125
59.211849212646484
53.59912872314453
49.5130615234375
65.19873809814453
74.65090942382812
44.008033752441406
37.604713439941406
42.38794708251953
55.07176208496094
71.14360046386719
36.752037048339844
42.06846618652344
64.40782928466797
54.98128890991211
77.75833129882812
51.238243103027344
61.04437255859375
66.03346252441406
19.20689582824707
68.47431945800781
55.96348571777344
43.24359130859375
45.806556701660156
49.95945358276367
78.79265594482422
65.01350402832031
57.11366653442383
56.3372802734375
30.407649993896484
50.3776741027832
73.35193634033203
64.38512420654297
66.13433837890625
55.07191467285156
68.10282897949219
48.44951248168945
86.10258483886719
44.87506866455078
65.07511901855469
29.682348251342773
59.66204833984375
42.21937942504883
68.81189727783203
20.52977180480957
43.53771209716797
25.42723274230957
39.94340515136719
35.57474136352539
64.04913330078125
50.04674530029297
53.45198440551758
33.38156509399414
49.74275207519531
49.30070495605469
43.55875015258789
42.77219772338867
38.72381591796875
36.39776611328125
35.451637268066406
44.109161376953125
60.96905517578125
41.37449264526367
60.06827926635742
58.05329513549805
65.37689208984375
57.1793212890625
51.69820022583008
21.20416831970215
57.0538215637207
68.68424224853516
67.75445556640625
49.95693588256836
41.695133209228516
36.94917678833008
47.027584075927734
43.318580627441406
42.18090057373047
65.9221420288086
59.543209075927734
52.79540252685547
71.22237396240234
47.735111236572266
57.737876892089844
49.82984924316406
21.657188415527344
67.286376953125
60.72096633911133
24.111324310302734
50.790714263916016
38.5186882019043
42.942115783691406
35.60133743286133
41.10318374633789
55.730491638183594
34.916404724121094
68.62667083740234
61.0716552734375
53.7617301940918
68.17818450927734
42.63210678100586
75.8593521118164
66.6714096069336
52.11936569213867
40.09653854370117
51.47822189331055
25.694290161132812
39.04541778564453
62.172706604003906
18.839351654052734
35.858375549316406
55.61726379394531
41.456321716308594
47.64435958862305
28.570877075195312
66.17179107666016
74.39220428466797
36.18192672729492
53.7902946472168
64.18965911865234
57.48033142089844
39.632568359375
49.190731048583984
48.77465057373047
44.95632553100586
57.430362701416016
53.54511260986328
17.51007080078125
27.401315689086914
48.66828536987305
41.227256774902344
41.854576110839844
25.93345832824707
53.96066665649414
70.25424194335938
46.57927703857422
73.9910888671875
30.60691261291504
43.243038177490234
66.71504211425781
29.93775749206543
56.150238037109375
51.93551254272461
45.046695709228516
44.504852294921875
59.4260368347168
69.49867248535156
76.98068237304688
58.22502517700195
51.22245788574219
43.575714111328125
39.84346008300781
45.386234283447266
32.21369552612305
46.5810432434082
57.05270767211914
65.2446060180664
45.59138488769531
34.80249786376953
56.669349670410156
67.19861602783203
63.67915344238281
83.08845520019531
71.90758514404297
78.3866958618164
53.18978500366211
25.041154861450195
54.01375198364258
56.77069091796875
40.60106658935547
65.65534973144531
71.32490539550781
41.25431823730469
43.7777214050293
45.816471099853516
70.8883056640625
54.05373001098633
37.73772048950195
105.52324676513672
87.39494323730469
38.20947265625
67.03522491455078
42.8033332824707
47.48263931274414
74.24055480957031
68.40706634521484
64.43402099609375
21.208070755004883
17.476808547973633
46.30788040161133
44.4339485168457
37.02705764770508
63.295413970947266
54.14418029785156
74.2699203491211
44.09086990356445
25.9705867767334
52.522850036621094
49.65449523925781
60.631187438964844
44.621097564697266
43.45741271972656
72.65387725830078
41.75981140136719
78.26803588867188
58.67359924316406
27.32194709777832
31.13987159729004
73.52154541015625
28.07166290283203
69.81470489501953
42.297786712646484
61.16884994506836
60.306156158447266
65.56853485107422
40.484310150146484
45.124629974365234
51.752445220947266
30.59480094909668
60.26974868774414
44.97519302368164
44.679466247558594
61.601036071777344
34.255985260009766
24.191600799560547
38.49811935424805
77.7317886352539
37.18400573730469
50.856475830078125
42.99420928955078
19.253955841064453
55.92746353149414
60.0255012512207
36.1911735534668
40.06106948852539
59.075103759765625
57.341060638427734
63.176292419433594
38.65142822265625
43.51886749267578
41.378807067871094
22.177833557128906
59.7899284362793
43.43468475341797
48.59608840942383
77.8172607421875
50.66408157348633
58.66664123535156
42.54583740234375
70.89376068115234
45.61696243286133
56.191226959228516
20.1685791015625
39.41938781738281
45.149723052978516
63.91316604614258
31.246654510498047
71.06747436523438
57.70033264160156
55.36606979370117
58.30974197387695
51.244354248046875
28.7087459564209
55.102073669433594
30.5102596282959
37.596187591552734
57.464176177978516
49.28828048706055
49.621055603027344
60.293270111083984
65.74050903320312
63.472129821777344
46.21115493774414
61.195709228515625
53.70930099487305
46.727413177490234
76.9337387084961
99.00359344482422
27.823396682739258
28.084720611572266
46.5048828125
58.17485809326172
51.46863555908203
79.30272674560547
26.07440948486328
66.91924285888672
51.41339874267578
36.82982635498047
39.423370361328125
43.893455505371094
44.554908752441406
28.910032272338867
62.38990020751953
39.70674514770508
84.93941497802734
34.402164459228516
48.8033447265625
72.29771423339844
37.40781021118164
53.604331970214844
82.68787384033203
30.31905746459961
37.70668029785156
51.74399948120117
19.015117645263672
48.16425704956055
51.477447509765625
68.36254119873047
33.6705207824707
45.14341354370117
12.745285034179688
36.51872253417969
60.35996627807617
48.917781829833984
65.37389373779297
53.287254333496094
54.45317840576172
45.72867202758789
47.97873306274414
28.46416473388672
66.52674102783203
76.87083435058594
37.34092330932617
53.876224517822266
83.38838195800781
43.61377716064453
40.07990264892578
71.90491485595703
56.26521682739258
64.11971282958984
51.729164123535156
58.97993469238281
97.02074432373047
62.159637451171875
24.475465774536133
46.14558792114258
34.268741607666016
39.47755813598633
69.67787170410156
38.04249572753906
43.2277946472168
60.50525665283203
43.8685302734375
59.1633415222168
51.490272521972656
36.62566375732422
66.25616455078125
29.624523162841797
52.97502899169922
34.3485221862793
65.29354095458984
16.28624153137207
33.305171966552734
81.9583511352539
49.45364761352539
38.453582763671875
54.768123626708984
60.27410888671875
66.82615661621094
105.97827911376953
98.21261596679688
45.864219665527344
60.353694915771484
58.38283157348633
73.09650421142578
29.89849090576172
49.7532958984375
26.069721221923828
39.78388977050781
53.531700134277344
19.90011978149414
42.076904296875
26.63228416442871
50.995079040527344
38.081871032714844
49.51991271972656
40.44790267944336
42.24212646484375
36.615848541259766
58.52327346801758
40.83344268798828
33.3905143737793
66.6603012084961
47.394527435302734
20.480886459350586
93.44671630859375
64.07158660888672
30.059581756591797
35.41777801513672
80.85811614990234
52.30348587036133
54.844364166259766
90.58879852294922
31.266542434692383
81.87646484375
38.58879470825195
32.84897994995117
49.876338958740234
31.283721923828125
33.3792724609375
68.81059265136719
26.928247451782227
62.57902145385742
47.368446350097656
43.94160842895508
39.7716064453125
59.765708923339844
45.058319091796875
71.2946548461914
30.12968635559082
74.00021362304688
52.29755401611328
37.50614929199219
37.654727935791016
64.39321899414062
41.4859733581543
20.5611629486084
51.465087890625
26.302541732788086
42.18931579589844
53.971580505371094
54.57542419433594
45.73921203613281
38.02073287963867
40.59794998168945
49.2306022644043
61.866580963134766
58.11313247680664
41.29890441894531
41.762630462646484
60.548797607421875
63.551082611083984
46.90214157104492
12.399296760559082
40.0836296081543
37.84604263305664
78.10867309570312
57.30854415893555
49.7262077331543
58.87909698486328
54.312461853027344
33.3021125793457
52.54669952392578
46.68772506713867
101.63447570800781
26.490211486816406
72.74467468261719
59.460044860839844
56.25491714477539
79.08025360107422
54.447349548339844
59.87886047363281
18.54311180114746
68.59140014648438
47.54008483886719
60.86503982543945
34.20229721069336
59.99628829956055
85.3277816772461
34.844879150390625
41.53388214111328
34.62131881713867
45.73097229003906
18.57492446899414
61.80455017089844
77.76708984375
29.10125732421875
63.490577697753906
73.92601013183594
65.04405975341797
72.92100524902344
26.392974853515625
54.596927642822266
56.33589553833008
50.1103401184082
43.03782272338867
30.596059799194336
56.38728713989258
56.5418586730957
52.312625885009766
61.150264739990234
60.48828125
40.36395263671875
43.899261474609375
69.33306121826172
56.848819732666016
61.42197799682617
57.413307189941406
84.29011535644531
11.807499885559082
50.069496154785156
39.16054153442383
75.53235626220703
67.84270477294922
33.279090881347656
66.07219696044922
51.11285400390625
59.103546142578125
80.76090240478516
52.403751373291016
53.126190185546875
60.0992546081543
30.261289596557617
65.2684097290039
24.589570999145508
56.34805679321289
65.68187713623047
69.03466033935547
56.020423889160156
53.705318450927734
66.21439361572266
61.51515579223633
37.155616760253906
53.03391647338867
50.2904052734375
62.62389373779297
45.49848556518555
77.48008728027344
67.5268783569336
33.063941955566406
66.80464935302734
55.51563262939453
32.67502975463867
54.30058288574219
41.81896209716797
61.76007080078125
83.7515640258789
57.24247360229492
27.775760650634766
49.94437789916992
50.078887939453125
41.33091354370117
65.26679992675781
42.03264617919922
57.86637496948242
20.447874069213867
64.28578186035156
62.700653076171875
34.09385681152344
71.9470443725586
32.26860427856445
46.909942626953125
56.73541259765625
44.8228759765625
21.696117401123047
36.62303161621094
39.581695556640625
65.3618392944336
41.70602798461914
49.0479736328125
34.3798828125
68.37814331054688
62.22370529174805
37.45124053955078
61.029762268066406
49.11405563354492
47.23200607299805
70.48906707763672
37.48388671875
65.14168548583984
60.38300323486328
63.57696533203125
52.02482223510742
40.132171630859375
49.4255485534668
25.933046340942383
55.540611267089844
41.36506271362305
53.5438232421875
47.53819274902344
42.21917724609375
43.62049102783203
55.94538116455078
48.03094482421875
61.72132110595703
36.31979751586914
60.86378860473633
48.94823455810547
25.777109146118164
62.05220413208008
67.09874725341797
81.47313690185547
57.2009391784668
67.92969512939453
69.82221984863281
53.697269439697266
56.91451644897461
51.79212188720703
73.63504791259766
59.67676544189453
79.57830047607422
76.51039123535156
57.20096206665039
59.49989318847656
42.53050994873047
70.53790283203125
53.9807014465332
39.282142639160156
63.896331787109375
57.403533935546875
37.149925231933594
13.054203987121582
62.25200653076172
83.93954467773438
20.23370361328125
49.0619010925293
31.262670516967773
29.94190788269043
34.694297790527344
42.302452087402344
48.648460388183594
50.484535217285156
46.18851089477539
30.94906234741211
71.26617431640625
58.688804626464844
55.870880126953125
57.04368209838867
76.9804458618164
48.634552001953125
15.689993858337402
58.13550567626953
43.80122375488281
52.1257438659668
50.267784118652344
29.969009399414062
12.589466094970703
44.060970306396484
41.61140060424805
28.37314224243164
40.18812561035156
52.951316833496094
48.32963562011719
34.20655059814453
64.33869934082031
54.78076934814453
60.59613037109375
65.56248474121094
40.517417907714844
38.71247482299805
51.288795471191406
30.18917465209961
49.50340270996094
84.3746337890625
87.61045837402344
44.44031524658203
45.64868927001953
44.264461517333984
90.33235168457031
32.359745025634766
43.660499572753906
20.372140884399414
46.421607971191406
59.76755142211914
36.12786865234375
59.22343444824219
82.330322265625
81.01657104492188
35.63847732543945
46.261932373046875
61.91850662231445
38.55246353149414
54.033607482910156
86.93668365478516
37.18779373168945
63.395164489746094
60.85700607299805
59.07609939575195
55.16963195800781
64.17696380615234
46.49241638183594
42.51007843017578
54.67555236816406
57.58257293701172
29.77016258239746
90.01825714111328
48.71375274658203
47.94368362426758
48.39588165283203
45.109031677246094
75.49280548095703
56.76626968383789
35.8089485168457
26.186189651489258
53.29482650756836
77.85785675048828
48.30540084838867
78.91453552246094
29.480342864990234
39.172489166259766
51.58259963989258
43.93318557739258
44.40976333618164
45.58414077758789
73.00650787353516
46.15446853637695
30.746292114257812
64.35302734375
70.14668273925781
53.2525520324707
51.46796798706055
36.327110290527344
30.52619743347168
39.66035079956055
43.46291732788086
42.2977180480957
58.510887145996094
56.5932731628418
40.4182243347168
30.381797790527344
49.719905853271484
37.54179382324219
40.75029754638672
47.53293228149414
94.66699981689453
43.41659164428711
39.124916076660156
60.68231201171875
34.630653381347656
68.07714080810547
49.42452621459961
56.28421401977539
94.05850982666016
61.94548797607422
43.05182647705078
38.081817626953125
37.06913757324219
65.89676666259766
29.01856803894043
27.112140655517578
53.495399475097656
48.83289337158203
66.93214416503906
42.005531311035156
33.951255798339844
51.334537506103516
24.752788543701172
75.6539306640625
59.68031311035156
58.717376708984375
32.3074836730957
47.36283493041992
48.44306182861328
52.91048049926758
94.44022369384766
60.19180679321289
82.61017608642578
59.73522186279297
82.41395568847656
47.21663284301758
71.52190399169922
62.04295349121094
62.134864807128906
58.002567291259766
61.07664489746094
60.774757385253906
37.58673858642578
42.868160247802734
44.12587356567383
43.00905227661133
66.59391021728516
60.01581954956055
48.99305725097656
78.3438720703125
56.46690368652344
17.68355941772461
62.19133377075195
43.82088851928711
57.66484832763672
62.029869079589844
50.42369842529297
39.19838333129883
59.82493591308594
37.855403900146484
68.2521743774414
25.786836624145508
56.9804801940918
27.747447967529297
