26.22681999206543
22.127384185791016
39.35472106933594
23.431711196899414
28.485944747924805
24.192258834838867
34.84854507446289
25.929859161376953
39.19550323486328
32.191856384277344
30.955425262451172
25.88606071472168
36.1467170715332
23.07626724243164
31.74665069580078
19.35265350341797
24.54316520690918
44.681678771972656
39.73043441772461
29.416282653808594
51.90475082397461
42.819602966308594
49.618614196777344
44.91725540161133
38.40837478637695
28.941884994506836
20.573627471923828
23.157787322998047
21.3719425201416
23.93767738342285
47.85933303833008
30.341218948364258
31.42378807067871
20.314184188842773
25.567583084106445
25.63743019104004
37.00837326049805
25.756938934326172
50.6150016784668
23.064165115356445
19.267831802368164
31.949277877807617
21.478200912475586
41.445831298828125
15.887459754943848
28.886829376220703
20.146480560302734
18.19797706604004
28.065826416015625
47.675575256347656
44.50853729248047
33.72718048095703
25.476320266723633
22.100353240966797
22.800127029418945
35.16720962524414
22.325706481933594
18.79776954650879
45.35091018676758
38.396644592285156
14.883630752563477
35.59286880493164
29.81043243408203
38.12394714355469
15.162921905517578
24.620479583740234
38.34077072143555
24.066478729248047
35.853294372558594
32.06840515136719
20.65855598449707
23.811199188232422
30.249547958374023
6.484182357788086
18.112491607666016
27.666404724121094
30.15302276611328
23.62476921081543
33.13491439819336
31.234527587890625
62.019203186035156
30.786027908325195
30.43233299255371
37.231689453125
62.34109115600586
32.14564895629883
31.792051315307617
36.68891143798828
28.119787216186523
40.6114501953125
45.94283676147461
36.00264358520508
15.848276138305664
23.950979232788086
43.31882095336914
27.978479385375977
18.729583740234375
38.79579544067383
40.37226486206055
33.797882080078125
38.78679275512695
22.338214874267578
24.701995849609375
44.44491958618164
36.44358825683594
57.1416015625
48.111881256103516
39.63639450073242
15.397439956665039
26.16124153137207
40.52773666381836
16.73441505432129
34.01533126831055
20.590463638305664
27.575387954711914
50.963802337646484
29.83588218688965
30.676101684570312
53.8812141418457
11.383288383483887
19.284297943115234
41.72007751464844
42.110774993896484
12.816418647766113
37.76835250854492
23.67319679260254
11.117722511291504
61.29021453857422
29.051631927490234
27.027799606323242
42.235904693603516
43.83039855957031
48.914695739746094
33.20042037963867
43.98876190185547
44.87752914428711
50.496402740478516
17.01365089416504
21.35300636291504
41.12921905517578
48.01643753051758
25.8797664642334
36.66639709472656
14.346664428710938
26.488258361816406
36.095436096191406
21.85647201538086
20.69375991821289
41.02622985839844
25.955934524536133
36.569759368896484
26.61449432373047
49.260467529296875
27.71894645690918
27.521846771240234
35.160274505615234
28.9603214263916
22.790298461914062
26.578893661499023
51.08720779418945
26.908367156982422
31.49188804626465
20.727184295654297
39.14353942871094
25.0280704498291
28.895099639892578
31.924131393432617
55.51923751831055
32.95737838745117
39.27189636230469
53.46039581298828
25.325693130493164
45.94648742675781
39.89899444580078
47.60615158081055
36.2032470703125
31.443038940429688
41.568294525146484
31.173357009887695
34.777923583984375
21.35135841369629
43.45799255371094
26.265518188476562
31.05208396911621
36.9675178527832
42.16328811645508
47.30600357055664
52.248985290527344
36.475093841552734
13.531622886657715
54.838993072509766
35.47054672241211
33.94019317626953
40.2591438293457
41.73591232299805
46.81904983520508
29.3684024810791
36.92018127441406
33.09740447998047
36.41278839111328
40.98347473144531
32.31396484375
36.93230438232422
48.80260467529297
40.227237701416016
39.16682434082031
20.171226501464844
32.526119232177734
30.465137481689453
57.43497085571289
20.204927444458008
24.566816329956055
34.78490447998047
18.992813110351562
32.749656677246094
41.33053207397461
29.058847427368164
28.769439697265625
29.22627067565918
27.492454528808594
39.46450424194336
51.12068557739258
28.183975219726562
24.251909255981445
42.43756866455078
44.65130615234375
49.916019439697266
44.11627960205078
55.2510871887207
26.114879608154297
33.77610397338867
54.05385971069336
34.378990173339844
35.82206726074219
57.007022857666016
33.73529815673828
6.203396797180176
43.67025375366211
43.64792251586914
28.816335678100586
24.80168342590332
46.0832633972168
20.82950210571289
50.49861526489258
29.957189559936523
32.70341873168945
28.353801727294922
22.158004760742188
32.73946762084961
45.49363327026367
32.201717376708984
35.375640869140625
40.791908264160156
55.32419967651367
39.555355072021484
27.453197479248047
48.185970306396484
22.545949935913086
39.270694732666016
25.95272445678711
38.97325134277344
47.296546936035156
57.95908737182617
49.611427307128906
23.640810012817383
16.51206398010254
21.440635681152344
26.413665771484375
52.252845764160156
48.8864631652832
36.93564224243164
55.19342041015625
41.392208099365234
45.820709228515625
33.073089599609375
13.454724311828613
39.44021224975586
32.34640884399414
27.171968460083008
36.0476188659668
57.56504440307617
40.16854476928711
41.30337142944336
44.38214111328125
21.555896759033203
15.447835922241211
8.731653213500977
31.535316467285156
22.925334930419922
37.22779846191406
38.131263732910156
45.33415985107422
25.9703369140625
30.438472747802734
32.048011779785156
48.90727615356445
28.442689895629883
32.93558883666992
54.65171813964844
18.055572509765625
20.983915328979492
38.069557189941406
28.75424575805664
50.530826568603516
52.17827606201172
26.908952713012695
30.809612274169922
45.85871505737305
34.760128021240234
44.107383728027344
27.27851104736328
54.60649871826172
36.985721588134766
36.99258041381836
24.82868003845215
59.422821044921875
47.71864700317383
26.442855834960938
12.523799896240234
7.6986870765686035
30.73930549621582
34.468814849853516
39.994728088378906
61.51841735839844
48.86091995239258
39.851234436035156
45.15712356567383
35.47003936767578
23.782398223876953
35.87622833251953
59.87439727783203
33.11965560913086
18.37859344482422
23.038471221923828
39.29336166381836
42.074825286865234
27.69325065612793
28.51382827758789
28.148778915405273
30.943965911865234
42.52735137939453
35.53910827636719
4.325204849243164
17.591537475585938
35.62849426269531
35.02014923095703
30.361413955688477
23.351795196533203
27.523792266845703
34.61151123046875
30.88450050354004
41.98805618286133
25.797183990478516
44.65878677368164
35.34135055541992
42.122161865234375
17.813846588134766
29.803403854370117
16.791934967041016
49.89595413208008
32.88753890991211
33.244384765625
15.17597484588623
30.00432586669922
45.64670181274414
42.85710525512695
33.2411003112793
27.315277099609375
23.13373565673828
38.46269989013672
23.621498107910156
17.791465759277344
7.863370895385742
35.9298210144043
39.51483917236328
36.66887664794922
40.685821533203125
34.500823974609375
32.42193603515625
36.76905822753906
19.166427612304688
40.308284759521484
56.402137756347656
22.704708099365234
20.116710662841797
41.51554489135742
26.87753677368164
36.694026947021484
20.05250358581543
28.708898544311523
30.208765029907227
40.22388458251953
19.205076217651367
39.82571029663086
16.311119079589844
48.20233154296875
34.72199630737305
38.143775939941406
21.022754669189453
45.83039093017578
42.03862380981445
43.85093688964844
29.297441482543945
56.85541915893555
29.80677604675293
56.04428482055664
32.159603118896484
25.936141967773438
48.10115051269531
37.11567687988281
26.81772232055664
25.125490188598633
10.599472999572754
42.5361213684082
14.49270248413086
22.074857711791992
55.34682083129883
32.16196823120117
40.9561767578125
33.3809928894043
41.999473571777344
35.757545471191406
21.35501480102539
10.97031021118164
61.794281005859375
43.208824157714844
33.884376525878906
28.2028751373291
25.815908432006836
36.781280517578125
41.31378173828125
23.3337459564209
60.75680923461914
31.80091667175293
18.488950729370117
54.82115936279297
18.659645080566406
4.321476936340332
49.26945877075195
28.83806610107422
30.26879119873047
40.6861457824707
26.83306121826172
14.084150314331055
52.08066940307617
33.96335983276367
53.605018615722656
24.616357803344727
47.12073516845703
38.319549560546875
14.564630508422852
5.611130237579346
27.56577491760254
37.938438415527344
32.47476577758789
37.3385124206543
42.7157096862793
17.384435653686523
17.475248336791992
23.55193519592285
33.833866119384766
49.6317024230957
29.467985153198242
31.4669132232666
20.619733810424805
33.3007698059082
45.04006576538086
39.060176849365234
36.31275939941406
42.35912322998047
39.263389587402344
51.11482238769531
37.47737503051758
33.153812408447266
48.15312194824219
22.14298439025879
35.157073974609375
40.862754821777344
36.26811981201172
29.749052047729492
13.53678035736084
36.6452751159668
59.70412826538086
35.0379524230957
33.40746307373047
17.307355880737305
23.534475326538086
32.92796325683594
41.3862419128418
29.712936401367188
51.10939025878906
56.77083206176758
46.258453369140625
30.9995174407959
23.426956176757812
27.76729393005371
30.248924255371094
72.77439880371094
52.330718994140625
30.674549102783203
32.61442184448242
56.77815246582031
17.914690017700195
31.801956176757812
30.152389526367188
24.267850875854492
37.00410461425781
33.98406219482422
35.79146194458008
43.05763626098633
55.999671936035156
15.71875286102295
48.91252517700195
31.307579040527344
26.96283531188965
23.855260848999023
44.77336502075195
25.63507652282715
31.969541549682617
37.17222595214844
17.49221420288086
30.329395294189453
58.495845794677734
33.854637145996094
28.668344497680664
32.35261917114258
39.31191635131836
16.187515258789062
54.31385040283203
50.64952087402344
23.91253089904785
58.080413818359375
43.31521224975586
42.889381408691406
42.134334564208984
17.386337280273438
18.16728401184082
28.29425621032715
17.054481506347656
20.71786117553711
33.16666030883789
21.75557518005371
42.760459899902344
35.38689422607422
18.9301700592041
41.05615234375
8.641802787780762
35.739200592041016
57.41361618041992
41.129150390625
26.027957916259766
48.02433395385742
22.21506118774414
50.720550537109375
36.30387496948242
18.890357971191406
34.19533920288086
20.754091262817383
48.764892578125
39.4857177734375
33.064857482910156
45.494110107421875
11.542718887329102
43.14752197265625
55.10810852050781
38.30173873901367
27.74146842956543
49.8718376159668
30.76304817199707
15.563286781311035
29.948808670043945
48.03389358520508
22.717918395996094
24.134023666381836
32.210472106933594
34.249359130859375
45.6905632019043
24.982885360717773
39.52165222167969
24.127201080322266
25.32459259033203
15.079715728759766
33.03580856323242
44.61626052856445
39.09282684326172
30.723587036132812
20.642213821411133
23.52369499206543
40.990692138671875
22.346881866455078
49.943538665771484
43.209190368652344
20.151968002319336
27.90262222290039
35.06869125366211
36.355098724365234
31.323026657104492
39.7578010559082
44.22468185424805
22.26740837097168
33.05121994018555
49.924747467041016
51.38276290893555
35.52293395996094
56.122962951660156
14.719388961791992
34.504249572753906
31.217239379882812
44.88730239868164
40.31191635131836
39.97081756591797
48.014556884765625
30.563583374023438
26.642784118652344
41.51950454711914
25.419361114501953
51.46913528442383
22.968645095825195
41.3634033203125
41.98653793334961
29.411142349243164
31.08209800720215
39.703250885009766
67.74150085449219
40.259979248046875
29.754423141479492
32.42597198486328
14.440621376037598
40.60740661621094
30.527585983276367
11.102042198181152
42.279605865478516
44.08244705200195
17.15288543701172
39.35909652709961
48.248573303222656
50.481788635253906
34.06704330444336
35.256378173828125
26.02033042907715
46.01777267456055
26.498023986816406
15.780738830566406
29.57216453552246
34.64585876464844
24.899166107177734
32.957794189453125
28.70440673828125
17.302412033081055
33.756690979003906
9.702568054199219
45.74961471557617
27.40304946899414
24.822799682617188
28.820608139038086
43.70979309082031
12.893914222717285
20.565671920776367
22.65752601623535
29.970508575439453
22.987899780273438
34.20102310180664
35.823585510253906
26.10593605041504
42.18230438232422
31.472698211669922
28.948442459106445
57.4539680480957
18.297924041748047
35.36732864379883
19.991655349731445
16.177337646484375
47.030540466308594
41.89003372192383
20.07029914855957
46.00132369995117
44.409427642822266
51.618446350097656
50.73617172241211
49.20417022705078
40.293190002441406
39.04658126831055
48.255088806152344
26.81351661682129
46.872642517089844
32.81092071533203
58.66399002075195
30.500120162963867
45.153656005859375
26.27505111694336
20.694808959960938
41.492698669433594
41.00391387939453
52.30671310424805
33.46797561645508
33.79631805419922
43.9769401550293
32.99722671508789
24.338071823120117
45.410423278808594
40.23875427246094
35.72228240966797
18.452938079833984
22.436084747314453
35.73465347290039
26.99208641052246
51.254005432128906
27.862234115600586
40.909610748291016
20.118894577026367
34.347530364990234
57.36676025390625
42.75774002075195
47.06550216674805
37.987701416015625
37.0484619140625
33.99297332763672
26.805648803710938
5.564129829406738
48.68667984008789
43.0755500793457
37.18389892578125
50.16118240356445
45.437721252441406
26.833559036254883
18.316255569458008
18.61977767944336
43.539119720458984
35.44775390625
30.168163299560547
59.55665588378906
38.40242004394531
53.79502868652344
23.690324783325195
36.62637710571289
43.85895919799805
36.074493408203125
58.144989013671875
47.93851852416992
24.61049461364746
19.681678771972656
8.705065727233887
50.404945373535156
29.006980895996094
32.9656867980957
30.75504493713379
39.14527130126953
46.26630401611328
43.66354751586914
24.136581420898438
40.06763458251953
28.469688415527344
2.3059074878692627
62.3079948425293
52.440853118896484
12.630023002624512
10.393413543701172
63.73025894165039
39.33856964111328
42.20899963378906
24.025915145874023
59.336387634277344
56.0562629699707
40.15757369995117
61.8630256652832
11.973213195800781
60.27128601074219
31.494678497314453
40.588436126708984
41.414894104003906
35.19776153564453
31.835458755493164
28.29073715209961
36.76710510253906
20.507583618164062
29.06553077697754
66.7593994140625
20.87652015686035
29.09764289855957
54.96086883544922
42.864681243896484
58.86738967895508
26.288105010986328
44.90796661376953
33.03607940673828
29.85696029663086
31.635814666748047
51.179351806640625
27.721956253051758
41.722633361816406
15.477258682250977
29.46197509765625
39.05646514892578
43.33929443359375
41.614559173583984
18.808801651000977
34.57001495361328
24.93211555480957
24.45381736755371
29.70516014099121
19.74458885192871
39.5651969909668
53.042816162109375
59.949440002441406
28.894161224365234
10.649321556091309
37.60129165649414
38.64991760253906
45.84748458862305
35.4184684753418
13.926331520080566
39.879356384277344
28.588743209838867
58.70759963989258
46.66176986694336
24.814054489135742
30.81641387939453
29.00766944885254
50.666141510009766
61.16814041137695
17.182281494140625
19.723573684692383
20.82049560546875
48.63896560668945
24.01176643371582
15.442361831665039
31.43819236755371
37.23493194580078
25.361839294433594
48.7038688659668
51.15719223022461
55.740840911865234
39.66282653808594
31.768592834472656
37.20726776123047
23.1795654296875
34.98953628540039
36.1898078918457
28.381593704223633
29.361347198486328
33.220924377441406
19.37179183959961
38.386375427246094
31.095579147338867
37.39802169799805
49.374000549316406
40.838233947753906
34.03582000732422
51.01350784301758
21.189910888671875
37.955162048339844
22.791942596435547
18.27074432373047
33.96810531616211
19.853221893310547
26.689655303955078
47.877777099609375
32.73678207397461
57.05889129638672
36.40015411376953
42.69473648071289
40.63449478149414
27.35869598388672
42.65139389038086
31.963687896728516
22.368532180786133
49.65947341918945
16.293895721435547
24.468734741210938
38.79546356201172
39.620689392089844
76.13520050048828
43.43773651123047
24.538028717041016
46.039215087890625
34.617942810058594
13.166352272033691
35.08837127685547
29.74782943725586
36.226173400878906
18.031211853027344
44.198368072509766
20.567251205444336
53.170623779296875
71.75848388671875
22.519947052001953
46.29721450805664
34.338104248046875
14.583072662353516
55.07826232910156
7.148674011230469
32.32876205444336
33.77945327758789
34.31912612915039
48.24147033691406
28.110288619995117
19.179851531982422
47.45254898071289
32.730613708496094
38.51020431518555
48.50237274169922
40.80439758300781
47.47712326049805
38.353878021240234
34.17701721191406
41.337181091308594
34.725711822509766
40.711273193359375
34.69834899902344
43.07476043701172
21.080734252929688
35.62744903564453
70.68437957763672
45.01472473144531
22.077693939208984
54.776641845703125
63.11855697631836
48.48076629638672
32.35370635986328
42.08857727050781
47.17172622680664
52.215240478515625
31.182573318481445
34.6702880859375
17.443368911743164
23.676862716674805
12.263362884521484
25.875934600830078
24.328922271728516
37.13945007324219
23.70112419128418
25.711206436157227
19.935001373291016
33.03556823730469
42.17155075073242
15.568306922912598
10.023324012756348
41.41884231567383
18.180545806884766
42.37373352050781
50.83823013305664
42.05522537231445
15.642659187316895
52.81493377685547
34.20664596557617
27.862031936645508
45.394832611083984
33.786376953125
35.03924560546875
26.082229614257812
55.68207550048828
35.342613220214844
11.568209648132324
26.336828231811523
42.14717483520508
32.80000686645508
45.234928131103516
28.883256912231445
15.408740043640137
36.862998962402344
25.303653717041016
68.97772216796875
25.414182662963867
31.022586822509766
29.30995750427246
36.18380355834961
32.19492721557617
50.05839157104492
55.13963317871094
37.537261962890625
43.31283950805664
37.587928771972656
23.761314392089844
21.99168586730957
53.695220947265625
24.805561065673828
62.27761459350586
20.31402587890625
35.55388641357422
34.20461654663086
39.62271499633789
68.1791000366211
50.369632720947266
45.366939544677734
21.169330596923828
34.249107360839844
52.776451110839844
20.046173095703125
19.093996047973633
49.55072784423828
46.675628662109375
40.19654846191406
23.94271469116211
38.10699462890625
29.967872619628906
36.2213249206543
47.429222106933594
34.48801040649414
59.11252212524414
20.10268211364746
28.43550682067871
45.391075134277344
22.15860366821289
29.683792114257812
19.917051315307617
19.00813865661621
36.70777130126953
32.59442901611328
29.59422492980957
58.568572998046875
29.106359481811523
39.12134552001953
38.5437126159668
37.42375183105469
31.45025062561035
36.36997985839844
26.15630531311035
25.101442337036133
29.64081382751465
56.508750915527344
65.49413299560547
16.316007614135742
21.660545349121094
21.452608108520508
24.18140411376953
52.75415802001953
59.80934143066406
30.942140579223633
23.95302963256836
56.12614059448242
29.38267707824707
40.640743255615234
34.52314376831055
47.65385818481445
38.164669036865234
32.99474334716797
31.424335479736328
47.50699996948242
41.02486038208008
32.80793762207031
17.52532958984375
36.78132629394531
35.83441925048828
21.58483123779297
14.759934425354004
29.603464126586914
14.083536148071289
42.369354248046875
33.037139892578125
69.46526336669922
25.357973098754883
33.657569885253906
37.43272018432617
28.623727798461914
28.44413948059082
73.33008575439453
42.41378402709961
27.537620544433594
28.69948959350586
31.497859954833984
49.581993103027344
31.356582641601562
39.57051086425781
37.63672637939453
61.19308090209961
42.86255645751953
35.02015686035156
25.84375
48.20307922363281
29.521432876586914
52.80360794067383
60.42382049560547
30.9965763092041
52.856468200683594
38.16512680053711
45.43444061279297
34.24075698852539
31.931367874145508
37.733001708984375
40.317970275878906
34.093528747558594
17.03687286376953
45.55186080932617
52.98176956176758
28.994951248168945
41.42368698120117
46.35807418823242
25.918169021606445
38.71065902709961
36.81230163574219
24.72760581970215
34.59007263183594
35.16538619995117
36.20680618286133
41.787654876708984
64.8180923461914
35.80455780029297
40.53447341918945
38.27921676635742
44.3564338684082
32.43703079223633
35.14657211303711
31.544187545776367
34.032859802246094
27.490516662597656
41.28655242919922
56.71027374267578
35.32508850097656
43.57607650756836
48.98878860473633
32.7745475769043
32.228702545166016
32.14793014526367
15.932565689086914
52.06404495239258
25.98655891418457
51.54336166381836
30.125940322875977
24.258296966552734
58.11417770385742
40.58779525756836
44.22124099731445
34.84385681152344
56.242977142333984
60.30645751953125
22.203039169311523
32.977500915527344
25.196622848510742
30.805421829223633
24.922740936279297
38.45710754394531
44.500511169433594
28.123088836669922
58.15242004394531
35.62721252441406
35.33591079711914
40.34867858886719
26.35714340209961
22.203142166137695
19.800811767578125
42.1123046875
40.028682708740234
47.03181838989258
41.651336669921875
47.393409729003906
24.01310920715332
20.52998924255371
34.578025817871094
41.38077163696289
45.96352005004883
24.227657318115234
30.96318244934082
44.80753707885742
38.11030960083008
28.595252990722656
26.381378173828125
39.3965950012207
47.2413215637207
43.57917022705078
33.002708435058594
23.899011611938477
39.0826530456543
20.854639053344727
9.086625099182129
37.92626190185547
56.62058639526367
35.9612922668457
34.46672821044922
19.338857650756836
60.426109313964844
50.39737319946289
62.4371452331543
33.552574157714844
40.29490661621094
14.990296363830566
35.33667755126953
24.2741756439209
35.27228546142578
34.08057403564453
31.568710327148438
9.54029655456543
37.419227600097656
44.59715270996094
57.32421112060547
30.294300079345703
33.78255844116211
36.589271545410156
55.9284553527832
41.58472442626953
31.068674087524414
21.370758056640625
22.51357650756836
38.51887130737305
35.32070541381836
56.39119338989258
43.4565544128418
7.660179138183594
30.546913146972656
32.04915237426758
18.78626251220703
22.76140594482422
29.523422241210938
11.329602241516113
67.85197448730469
37.912837982177734
17.641958236694336
8.859248161315918
19.89388084411621
41.803279876708984
42.786380767822266
30.97696304321289
46.09064865112305
30.505430221557617
28.76616859436035
14.732295989990234
15.436068534851074
49.174072265625
15.114715576171875
49.79246520996094
31.427078247070312
21.16722297668457
39.71082305908203
30.496797561645508
25.013566970825195
33.71910095214844
31.70633888244629
18.005083084106445
25.23352813720703
32.78826141357422
33.784828186035156
30.889190673828125
32.250885009765625
60.666648864746094
43.45701217651367
45.499691009521484
39.400115966796875
26.740339279174805
52.25107955932617
35.66194534301758
57.50583267211914
22.097694396972656
17.429412841796875
35.269718170166016
33.61600112915039
48.5269775390625
33.826927185058594
55.61248016357422
22.811664581298828
27.245298385620117
38.74038314819336
14.044487953186035
28.05206871032715
22.999887466430664
38.9570426940918
26.493175506591797
38.16664505004883
21.13862419128418
32.56315231323242
29.859642028808594
24.90011215209961
33.0178337097168
43.81032943725586
51.325347900390625
45.37711715698242
33.83023452758789
52.76774978637695
21.64791488647461
16.258779525756836
38.07547378540039
34.88822555541992
27.793291091918945
28.570161819458008
35.797935485839844
24.025012969970703
37.75444412231445
32.57288360595703
13.085497856140137
26.383607864379883
28.422029495239258
31.10331153869629
47.294273376464844
38.98965835571289
55.63713073730469
25.574832916259766
32.59444808959961
34.74878692626953
39.539554595947266
22.3078670501709
41.941654205322266
30.859914779663086
35.526466369628906
36.15459442138672
41.337642669677734
51.92451477050781
47.678077697753906
35.95368957519531
26.326698303222656
64.1103744506836
27.3449764251709
28.030982971191406
33.657772064208984
40.54083251953125
29.028839111328125
18.245975494384766
18.9387149810791
40.82957077026367
32.15306091308594
28.4289608001709
35.55112075805664
18.43864631652832
55.95840072631836
38.92765426635742
47.412574768066406
32.991455078125
37.0571403503418
22.890058517456055
31.720165252685547
50.763004302978516
38.87297058105469
42.31724166870117
11.980201721191406
19.7834529876709
36.5168342590332
42.19606018066406
35.78547286987305
28.879179000854492
39.757606506347656
42.89453125
41.5313606262207
15.063433647155762
38.42512130737305
24.433305740356445
27.065853118896484
41.466766357421875
25.802623748779297
38.96390914916992
46.69778823852539
29.311574935913086
39.654518127441406
36.94573211669922
37.593116760253906
17.313283920288086
27.226741790771484
22.4949951171875
25.57633399963379
51.99644470214844
23.719392776489258
48.76750946044922
35.749755859375
32.41499328613281
25.481943130493164
32.90884780883789
59.1009635925293
58.74676513671875
27.552947998046875
43.38818359375
24.030921936035156
30.7863712310791
60.94622039794922
42.6617317199707
14.75356674194336
55.79090118408203
32.82441711425781
24.3640193939209
26.194082260131836
45.15640640258789
18.617778778076172
17.929237365722656
26.383594512939453
27.69748306274414
27.744552612304688
20.669126510620117
42.08388137817383
21.72863006591797
17.298051834106445
47.032997131347656
46.153602600097656
30.51945686340332
31.65744972229004
53.44259262084961
33.1787109375
48.43370056152344
46.05742263793945
27.5953426361084
36.626773834228516
39.78072738647461
39.76302719116211
39.908653259277344
32.6309700012207
40.635860443115234
36.89634704589844
28.733970642089844
41.221439361572266
42.26371383666992
57.205318450927734
20.751239776611328
62.09158706665039
29.583707809448242
4.836765766143799
32.47325897216797
40.48595428466797
56.85578536987305
36.09025573730469
40.93709182739258
30.948665618896484
43.437660217285156
41.49236297607422
24.295291900634766
41.056053161621094
45.30079650878906
43.856712341308594
28.326263427734375
35.464176177978516
41.29735565185547
45.46508026123047
42.52783203125
14.74515151977539
15.643741607666016
38.954566955566406
29.314151763916016
23.920398712158203
27.785728454589844
29.431921005249023
51.74863052368164
43.29677963256836
19.27954864501953
67.97644805908203
9.852307319641113
49.671268463134766
15.008220672607422
38.518192291259766
35.92675018310547
49.99465560913086
40.76923751831055
51.914432525634766
57.96042251586914
54.381874084472656
35.28062438964844
51.8165283203125
28.698488235473633
25.22458267211914
24.397541046142578
35.62117385864258
53.14177703857422
29.967527389526367
23.361005783081055
46.60837936401367
43.55088424682617
36.77195358276367
29.714740753173828
61.64419937133789
45.730430603027344
34.584651947021484
52.312007904052734
25.64921760559082
23.808677673339844
34.27229690551758
36.5128173828125
37.39772415161133
61.331321716308594
38.67937469482422
36.065185546875
40.119564056396484
24.525571823120117
45.9076042175293
30.51384925842285
24.436132431030273
32.8505973815918
29.8017520904541
42.129295349121094
22.65540885925293
32.86981201171875
32.957298278808594
30.335067749023438
44.870826721191406
35.38053512573242
33.8654899597168
46.972496032714844
34.109413146972656
27.46714210510254
53.96932601928711
32.98053741455078
18.88437271118164
44.90682601928711
29.86042022705078
49.258670806884766
42.34882736206055
20.34170913696289
17.20862579345703
33.206504821777344
41.43770980834961
34.074249267578125
27.629276275634766
18.642614364624023
33.23957824707031
32.732635498046875
24.475759506225586
29.95529556274414
37.64364242553711
51.51708221435547
26.113332748413086
51.28094482421875
38.7071533203125
23.09920310974121
47.844451904296875
15.483954429626465
34.90442657470703
38.595340728759766
52.15906524658203
28.324663162231445
57.801509857177734
23.16196632385254
25.59905433654785
42.44473648071289
30.852201461791992
43.361473083496094
56.76262664794922
16.895112991333008
20.731342315673828
41.489501953125
37.28744125366211
18.275819778442383
41.688072204589844
34.60165023803711
39.403751373291016
35.301780700683594
47.33349609375
47.785186767578125
46.883670806884766
38.43658447265625
34.463077545166016
21.348831176757812
32.51010513305664
17.11086654663086
28.13656997680664
49.158260345458984
29.59263038635254
11.649697303771973
17.212793350219727
15.572104454040527
34.95381546020508
35.13238525390625
39.43595504760742
40.4459114074707
44.7774772644043
38.74207305908203
54.486698150634766
26.333324432373047
35.74028015136719
32.25416564941406
58.08317184448242
26.371782302856445
42.76349639892578
33.012298583984375
36.85113525390625
13.714580535888672
19.683490753173828
30.702823638916016
10.879140853881836
30.92517852783203
25.856334686279297
35.61663055419922
60.80532455444336
40.000179290771484
52.49833297729492
23.531187057495117
30.676130294799805
58.19867706298828
29.073806762695312
49.18769073486328
43.430728912353516
32.59223175048828
13.591979026794434
44.060794830322266
68.99359130859375
13.139659881591797
32.05984115600586
30.067520141601562
36.22916793823242
50.204833984375
29.020694732666016
39.40610122680664
18.99885368347168
45.1606330871582
40.05612564086914
35.776885986328125
35.11539077758789
50.22930145263672
56.77122116088867
29.887319564819336
35.25830078125
37.650753021240234
68.66185760498047
38.382755279541016
67.49617004394531
57.484886169433594
35.74571228027344
29.364051818847656
26.728946685791016
16.675695419311523
41.83299255371094
21.966310501098633
39.968528747558594
39.75385284423828
50.60535430908203
42.322837829589844
20.9295654296875
34.855201721191406
17.173503875732422
25.943679809570312
31.465696334838867
48.0493278503418
19.252641677856445
25.722436904907227
19.063337326049805
54.67641830444336
47.98663330078125
38.509830474853516
30.752685546875
47.896018981933594
42.44649124145508
13.171384811401367
51.556922912597656
36.4985466003418
13.503252029418945
34.953529357910156
13.8114652633667
26.39908218383789
33.941009521484375
29.29269027709961
38.971473693847656
28.294260025024414
37.637725830078125
35.6390380859375
22.76115608215332
31.056982040405273
32.69172668457031
27.050325393676758
45.780921936035156
52.21141815185547
10.39773178100586
22.97170639038086
44.14228820800781
30.69858169555664
30.708106994628906
22.34701919555664
22.826435089111328
52.817832946777344
28.255388259887695
29.742502212524414
40.48778533935547
18.582393646240234
43.563411712646484
42.12407302856445
39.560081481933594
13.193288803100586
27.230831146240234
58.42799377441406
29.615991592407227
26.747581481933594
32.89850997924805
26.1057186126709
17.09149169921875
41.17144012451172
25.72776222229004
49.088680267333984
34.54925537109375
35.51040267944336
44.6553955078125
44.00826644897461
44.69636154174805
52.50740051269531
32.379512786865234
31.35456657409668
28.45511245727539
44.74092483520508
30.129440307617188
33.345027923583984
35.31355667114258
40.185516357421875
30.355430603027344
30.398733139038086
44.68811798095703
33.63722229003906
51.46852493286133
46.228397369384766
43.24988555908203
46.18665313720703
49.31886291503906
36.22639083862305
39.68807601928711
13.30550765991211
63.67094039916992
25.839174270629883
45.12668991088867
31.35893440246582
39.24650573730469
16.922855377197266
41.54331970214844
17.42424774169922
26.78865623474121
41.87047576904297
21.98391342163086
39.700897216796875
22.102439880371094
53.36412048339844
31.124061584472656
43.52285385131836
45.56309127807617
17.623920440673828
35.765071868896484
41.4307975769043
38.18598556518555
31.896100997924805
16.612380981445312
32.77536392211914
33.1624641418457
41.325809478759766
24.78999137878418
40.67570877075195
42.62266159057617
22.192481994628906
36.89780807495117
44.6590576171875
65.00498962402344
40.052452087402344
34.44166564941406
45.48476028442383
14.734004974365234
38.54450607299805
27.643627166748047
38.52547836303711
21.556337356567383
20.487886428833008
28.039867401123047
24.922582626342773
34.32337188720703
55.764373779296875
53.28565979003906
31.18567657470703
49.3239631652832
42.12531280517578
39.855918884277344
30.575153350830078
50.516597747802734
63.50776672363281
62.5749397277832
39.581539154052734
36.60405731201172
27.3299617767334
49.48297119140625
29.983461380004883
26.83209228515625
39.12389373779297
20.271392822265625
9.863188743591309
55.598148345947266
21.901416778564453
44.33983612060547
52.330413818359375
70.27546691894531
71.64774322509766
56.923095703125
14.215631484985352
35.126895904541016
51.45026397705078
31.58431053161621
57.29663848876953
34.179325103759766
28.851205825805664
16.40621566772461
56.99620819091797
39.23822021484375
17.035076141357422
38.11778259277344
56.86731719970703
17.589454650878906
53.860809326171875
61.046016693115234
23.429658889770508
35.49457931518555
32.214271545410156
60.508235931396484
47.59539794921875
27.784116744995117
28.566648483276367
26.342790603637695
43.4154167175293
30.401123046875
39.72018051147461
25.823917388916016
30.725139617919922
23.941268920898438
46.02994918823242
51.89012908935547
48.957889556884766
22.762897491455078
68.52368927001953
63.146331787109375
32.43272399902344
37.49238967895508
36.350311279296875
36.11420440673828
46.88329315185547
24.409921646118164
74.04827117919922
52.50662612915039
36.662105560302734
26.33484649658203
36.79468536376953
36.1528434753418
27.681825637817383
30.357349395751953
45.1895751953125
31.82830810546875
42.68612289428711
23.000438690185547
31.488933563232422
42.23154067993164
46.11282730102539
29.967971801757812
38.102901458740234
39.706085205078125
60.419551849365234
45.61484909057617
24.575048446655273
46.8260383605957
27.130830764770508
31.01949691772461
15.687207221984863
30.85323715209961
23.91607666015625
24.562990188598633
46.927093505859375
26.043760299682617
17.299177169799805
53.47494888305664
33.65100860595703
44.82941436767578
30.24399185180664
31.614593505859375
50.912994384765625
57.574214935302734
53.35771942138672
19.28020668029785
28.37055206298828
37.744422912597656
47.686798095703125
18.387060165405273
49.395652770996094
38.739112854003906
34.51560592651367
28.792165756225586
14.775589942932129
52.22919464111328
38.96426773071289
52.52663040161133
20.084583282470703
24.255615234375
36.02553939819336
55.410770416259766
10.30290699005127
40.05522918701172
35.04671096801758
47.407798767089844
36.56987762451172
32.06827926635742
36.12260437011719
48.7483024597168
50.455772399902344
38.25624465942383
41.19430923461914
36.04360580444336
55.09902572631836
32.15762710571289
33.10298538208008
29.228195190429688
20.668636322021484
22.998571395874023
42.2208366394043
42.273414611816406
58.68151092529297
50.436710357666016
29.054977416992188
38.030818939208984
39.3530158996582
40.064022064208984
20.5445556640625
27.517879486083984
51.55630111694336
34.74785614013672
32.73078536987305
27.458900451660156
38.179962158203125
48.94894027709961
17.34075355529785
47.84980773925781
45.22018051147461
30.013864517211914
46.88726806640625
50.52448654174805
44.55985641479492
39.068294525146484
22.138423919677734
28.323354721069336
18.834096908569336
25.633573532104492
43.23991012573242
25.148115158081055
29.006120681762695
13.346223831176758
41.34748840332031
32.998329162597656
35.574092864990234
17.848878860473633
26.070743560791016
48.35029983520508
52.35444259643555
47.0608024597168
70.04132843017578
20.570512771606445
23.788589477539062
42.07643127441406
57.61489486694336
14.387051582336426
35.364990234375
32.47517776489258
61.535587310791016
41.8645133972168
33.76504898071289
29.43029022216797
23.414581298828125
30.50723648071289
34.09908676147461
36.55600357055664
23.22465705871582
53.47795486450195
57.28216552734375
19.047964096069336
14.571463584899902
32.344974517822266
52.898006439208984
41.61052322387695
23.078519821166992
47.90327453613281
23.65627098083496
20.077075958251953
39.46995544433594
63.03981399536133
26.946578979492188
45.88748550415039
48.8629264831543
28.437721252441406
57.015663146972656
42.77644729614258
39.571922302246094
22.57020378112793
7.356616497039795
16.80919075012207
26.008150100708008
59.054344177246094
25.226747512817383
59.29636001586914
12.413501739501953
41.388275146484375
14.980047225952148
31.442052841186523
28.447412490844727
40.73276901245117
51.81110382080078
57.77314758300781
55.058597564697266
45.17724609375
38.82097244262695
26.642377853393555
24.522354125976562
47.894859313964844
50.1931266784668
32.78999710083008
28.196441650390625
17.377763748168945
37.646759033203125
41.3318977355957
47.89018630981445
29.34483528137207
26.025724411010742
21.69875717163086
31.713665008544922
27.305004119873047
47.900291442871094
33.477142333984375
22.815765380859375
23.100509643554688
42.16244888305664
33.17236328125
40.93472671508789
30.7396240234375
45.98417663574219
21.945627212524414
75.0405502319336
30.5308837890625
42.77781295776367
22.156352996826172
35.05392074584961
23.010108947753906
31.37885856628418
42.55274200439453
39.87405776977539
29.81142234802246
18.628036499023438
48.81802749633789
34.996002197265625
53.52752685546875
25.601940155029297
19.90777587890625
31.763566970825195
50.185359954833984
21.649137496948242
22.83783721923828
61.67877197265625
41.66654586791992
60.50660705566406
43.29082107543945
40.43360137939453
35.06038284301758
40.91474914550781
32.27988052368164
33.93954849243164
55.39447784423828
32.98823547363281
28.202999114990234
31.24976921081543
13.2345552444458
31.25959587097168
27.8654842376709
20.985559463500977
33.70856857299805
41.92074203491211
29.692811965942383
41.92708969116211
18.348751068115234
32.52886199951172
33.17400360107422
33.657405853271484
26.852399826049805
30.891590118408203
27.176698684692383
47.9688606262207
58.579315185546875
25.57627296447754
31.01283836364746
21.79792594909668
27.73560333251953
57.14521789550781
30.618507385253906
34.86181640625
42.80150604248047
35.35800552368164
40.40670394897461
26.62211799621582
44.764068603515625
47.600772857666016
27.943002700805664
44.57761764526367
31.21863555908203
67.37772369384766
55.20027542114258
16.61595916748047
49.722103118896484
45.54682540893555
21.120790481567383
43.916038513183594
39.00810241699219
34.52777099609375
23.337928771972656
21.810482025146484
19.774812698364258
38.04618835449219
49.821739196777344
17.906538009643555
43.52322006225586
40.86774444580078
41.92086410522461
33.20455551147461
29.221925735473633
60.88294219970703
52.53261184692383
16.34746551513672
50.93645095825195
48.47898483276367
26.084896087646484
35.506378173828125
48.06825256347656
28.79340934753418
70.90149688720703
34.79457092285156
38.72216033935547
78.54557037353516
64.4220962524414
19.91873550415039
28.316831588745117
36.27238082885742
18.779417037963867
24.35051918029785
35.02755355834961
32.28831100463867
33.62223434448242
37.40353775024414
33.648902893066406
34.44916534423828
45.549808502197266
32.23086166381836
36.23422622680664
31.47715950012207
24.9102783203125
36.175960540771484
42.80962371826172
12.391234397888184
41.176734924316406
10.187422752380371
48.43611526489258
25.519729614257812
31.58980941772461
48.253360748291016
43.41325378417969
34.8863525390625
15.254582405090332
45.34333419799805
16.50081443786621
25.517894744873047
37.037471771240234
37.625179290771484
39.08909606933594
37.86190414428711
36.77422332763672
23.091835021972656
39.44454574584961
61.182891845703125
31.277725219726562
32.26478576660156
27.449493408203125
53.7940673828125
27.245553970336914
61.06916427612305
36.880706787109375
33.347747802734375
50.18801498413086
54.200504302978516
26.651752471923828
44.26786804199219
32.708770751953125
55.19495391845703
31.436594009399414
30.020051956176758
25.88160514831543
54.28757095336914
51.12763214111328
38.69227981567383
16.809354782104492
11.63371753692627
23.930418014526367
30.653114318847656
32.70276641845703
44.3674201965332
29.09845542907715
21.926979064941406
26.703657150268555
20.604948043823242
39.74494552612305
28.748077392578125
19.374221801757812
49.46499252319336
31.83614730834961
54.58692169189453
20.729869842529297
20.47125816345215
30.113285064697266
17.35954475402832
12.80430793762207
34.96446990966797
23.919906616210938
28.563486099243164
31.902250289916992
40.092716217041016
24.839452743530273
47.71475601196289
34.34538269042969
30.534217834472656
23.110506057739258
32.2979736328125
26.7575626373291
38.5928955078125
33.55417251586914
73.0406265258789
36.22652816772461
41.906734466552734
47.8830680847168
54.4976806640625
58.505428314208984
36.92430114746094
17.478647232055664
54.6940803527832
47.027217864990234
36.89011001586914
57.053829193115234
34.861976623535156
51.867835998535156
32.013511657714844
56.84869384765625
26.761159896850586
54.4326286315918
6.5227251052856445
37.30199432373047
23.11075782775879
31.113059997558594
47.160831451416016
34.51692199707031
39.48179626464844
24.77459144592285
34.72561264038086
41.68230438232422
36.7957763671875
57.0174446105957
26.988313674926758
68.10543060302734
40.05715560913086
36.6434211730957
25.170581817626953
16.987483978271484
44.12125778198242
25.559329986572266
34.40978240966797
12.270410537719727
23.987802505493164
15.804506301879883
31.246919631958008
44.47418975830078
31.70117950439453
38.8728141784668
11.988642692565918
38.765281677246094
29.917383193969727
26.652070999145508
20.2425537109375
18.037872314453125
35.31962203979492
34.180599212646484
41.28376388549805
35.517738342285156
14.94494915008545
37.56475830078125
47.92829132080078
15.032240867614746
52.31402587890625
42.4807243347168
30.231538772583008
29.1981201171875
14.096314430236816
56.51518630981445
32.68535232543945
53.827674865722656
25.436338424682617
36.46161651611328
20.17234992980957
23.896066665649414
41.66719055175781
23.548683166503906
37.83818054199219
53.638580322265625
35.818214416503906
25.00817108154297
30.457780838012695
48.979583740234375
21.94687271118164
37.328861236572266
27.193950653076172
35.240875244140625
32.15707778930664
42.933834075927734
46.51168441772461
20.68317222595215
31.523773193359375
28.902523040771484
37.280006408691406
14.448076248168945
44.980220794677734
32.265907287597656
25.61411476135254
22.139251708984375
44.447139739990234
42.52699661254883
31.579050064086914
14.845719337463379
52.65651321411133
57.94008255004883
38.0914192199707
13.255492210388184
30.474294662475586
47.860145568847656
36.36054992675781
35.32645034790039
36.64949035644531
19.17565155029297
44.30443572998047
40.28976058959961
19.759986877441406
16.181394577026367
26.418197631835938
29.757301330566406
31.84975814819336
38.80059814453125
38.56632995605469
53.72785949707031
31.786815643310547
30.37908935546875
36.225399017333984
32.375465393066406
40.448455810546875
31.423933029174805
34.54364013671875
15.246342658996582
41.40184783935547
40.835391998291016
51.787559509277344
27.123600006103516
30.33484649658203
17.832693099975586
38.87895584106445
49.806861877441406
25.48647117614746
28.29155921936035
19.181015014648438
42.92030334472656
37.30247116088867
30.321428298950195
52.11887741088867
62.16454315185547
47.20530319213867
47.66798782348633
46.458011627197266
50.38058853149414
42.00161361694336
29.451807022094727
21.482540130615234
44.86286926269531
25.593852996826172
28.230905532836914
41.8106575012207
7.958352088928223
22.501575469970703
34.93143081665039
40.9069938659668
48.36469268798828
49.19219970703125
32.012306213378906
49.532325744628906
25.50817108154297
43.68155288696289
34.30861282348633
39.09965133666992
45.78818130493164
6.155753135681152
65.74032592773438
28.10407066345215
4.8688273429870605
44.063541412353516
34.14846420288086
25.122264862060547
27.063806533813477
22.43996810913086
21.221115112304688
30.04265594482422
44.272216796875
27.917129516601562
39.102054595947266
23.074264526367188
25.893489837646484
27.767621994018555
48.4901237487793
51.18764114379883
23.828956604003906
17.979942321777344
28.921875
28.819719314575195
52.63130187988281
29.676074981689453
16.585914611816406
9.921701431274414
46.83544158935547
19.03131866455078
25.84341049194336
51.801597595214844
29.104429244995117
27.09579849243164
48.04579544067383
41.586666107177734
63.18433380126953
22.926586151123047
24.499235153198242
28.06243133544922
33.086647033691406
51.12875747680664
36.92828369140625
55.366451263427734
39.66899490356445
60.74269104003906
53.11506271362305
34.424678802490234
30.095169067382812
52.06854248046875
33.13046646118164
36.492881774902344
39.22819519042969
33.40598678588867
27.98258399963379
39.718902587890625
53.07386016845703
27.970544815063477
48.256988525390625
24.27859878540039
20.7254695892334
41.7265739440918
6.427493572235107
25.896757125854492
39.5131721496582
48.20036315917969
50.69926071166992
42.39246368408203
34.08601379394531
24.1585636138916
34.48974609375
48.88002395629883
35.10557174682617
20.55513572692871
6.668638706207275
24.217472076416016
26.226844787597656
35.96925354003906
32.74889373779297
39.96270751953125
27.52468490600586
19.353437423706055
15.87173080444336
27.152671813964844
35.36136245727539
62.49665069580078
16.391727447509766
33.636592864990234
23.970314025878906
18.66512107849121
46.19860076904297
35.35438537597656
40.95632553100586
40.78517532348633
47.00345230102539
32.7962760925293
38.295475006103516
47.49203872680664
35.37168502807617
46.94464874267578
12.282530784606934
44.88836669921875
23.443483352661133
41.93788528442383
55.721336364746094
9.64629077911377
28.692829132080078
31.313373565673828
34.70713424682617
42.76466751098633
26.231307983398438
45.01559829711914
29.49421501159668
37.05401611328125
21.552640914916992
13.295517921447754
28.163631439208984
24.315567016601562
54.69841766357422
35.65980911254883
52.604148864746094
34.15000534057617
42.32857894897461
30.810609817504883
37.863895416259766
15.038098335266113
51.77859878540039
45.43016052246094
17.61186981201172
45.31939697265625
40.4575309753418
34.12351608276367
7.992927551269531
49.20058822631836
51.70370864868164
40.4707145690918
36.071109771728516
29.8858642578125
23.664854049682617
39.5664176940918
36.034141540527344
78.2860107421875
5.915337562561035
37.98347854614258
23.5400447845459
32.571807861328125
8.329957962036133
24.2855167388916
27.09940528869629
30.443246841430664
53.709903717041016
32.593597412109375
33.02851104736328
21.65273666381836
31.40873908996582
23.668664932250977
19.918058395385742
33.641483306884766
37.95823287963867
21.096508026123047
42.74313735961914
38.922645568847656
57.64042663574219
39.06816101074219
39.68885803222656
51.07408905029297
24.535194396972656
41.20764923095703
23.828205108642578
23.100067138671875
32.02885055541992
45.66361999511719
34.719886779785156
47.4273681640625
33.52926254272461
41.281429290771484
59.45072555541992
44.151004791259766
32.11078643798828
23.503597259521484
21.76652717590332
33.65936279296875
43.32664108276367
21.274816513061523
53.03932571411133
40.30535888671875
51.240997314453125
41.251590728759766
49.82083511352539
33.81678009033203
39.74106216430664
34.29652404785156
29.004276275634766
31.688976287841797
68.57770538330078
25.541929244995117
43.275455474853516
37.71445083618164
48.10646057128906
41.349937438964844
34.137611389160156
23.0886173248291
40.33488464355469
57.026092529296875
26.04584503173828
28.886432647705078
60.01519012451172
40.24838638305664
24.98040771484375
30.54952621459961
22.796388626098633
42.49478530883789
41.88843536376953
17.788543701171875
40.026058197021484
58.462764739990234
36.761531829833984
29.23796272277832
32.854644775390625
33.293251037597656
34.59590530395508
41.91324996948242
16.846832275390625
34.12983703613281
50.30924606323242
29.851560592651367
51.97833251953125
50.612831115722656
47.27688217163086
40.131961822509766
31.982942581176758
36.15203857421875
34.46977233886719
48.223567962646484
44.45408248901367
24.574607849121094
37.00161361694336
37.52568054199219
30.892072677612305
27.148244857788086
22.140766143798828
28.406848907470703
39.752445220947266
47.43929672241211
25.189952850341797
32.40828323364258
42.0987548828125
47.23215103149414
42.14143753051758
31.25560760498047
42.49009704589844
29.25834846496582
51.690834045410156
54.3386344909668
41.33375930786133
27.006023406982422
34.473106384277344
29.00633430480957
18.99046516418457
43.68259048461914
32.12675857543945
16.74605941772461
53.5613899230957
24.500789642333984
40.298423767089844
37.52692794799805
26.58844757080078
40.98587417602539
41.60873794555664
54.7965202331543
38.77468490600586
13.510139465332031
15.211709022521973
23.162065505981445
19.98624038696289
40.7813606262207
48.72813415527344
26.737497329711914
68.67768859863281
56.198081970214844
41.55302047729492
32.32566833496094
35.46189498901367
23.91830062866211
45.95029830932617
35.13025665283203
39.961666107177734
49.34186935424805
25.99713134765625
21.9951229095459
46.26715087890625
22.123685836791992
29.172069549560547
22.818395614624023
42.765953063964844
12.008190155029297
40.8787727355957
26.689741134643555
22.904804229736328
30.238201141357422
48.53742218017578
55.50584030151367
52.57744598388672
24.974754333496094
25.55728530883789
13.090166091918945
40.761051177978516
18.44692611694336
33.77731704711914
62.72883224487305
45.188720703125
22.595611572265625
28.083642959594727
22.435523986816406
12.760259628295898
31.35574722290039
39.667572021484375
28.30830192565918
52.52140808105469
29.9903564453125
34.4952392578125
40.35124969482422
53.422210693359375
34.831626892089844
36.13312530517578
37.54540252685547
27.565114974975586
41.192832946777344
31.809694290161133
25.862640380859375
33.84437942504883
38.2621955871582
37.67758560180664
40.19659423828125
18.396350860595703
29.97872543334961
38.62702560424805
18.821910858154297
29.434240341186523
26.375627517700195
68.31201934814453
42.45448303222656
51.55961990356445
38.91172409057617
15.558087348937988
57.894630432128906
44.71540069580078
39.31864929199219
19.380292892456055
34.75110626220703
48.36590576171875
48.57266616821289
31.742813110351562
42.103172302246094
34.257843017578125
44.7979621887207
42.291603088378906
22.44108772277832
37.36641311645508
2.32960844039917
44.73563766479492
38.80592727661133
27.68272590637207
40.47100830078125
21.507265090942383
48.27614212036133
36.87983322143555
22.58817481994629
43.5980224609375
19.327167510986328
40.49209213256836
31.91388702392578
36.33759689331055
49.564178466796875
27.456096649169922
62.0677490234375
64.12101745605469
26.893360137939453
34.777889251708984
60.320220947265625
37.11821746826172
40.99608612060547
61.69185256958008
45.956966400146484
35.67170715332031
18.202842712402344
23.7916202545166
33.01890563964844
23.43924903869629
34.912315368652344
26.1944637298584
55.14640808105469
35.13627624511719
42.16670608520508
29.43280792236328
36.736629486083984
51.05763244628906
36.350284576416016
26.596349716186523
38.17919921875
50.4542236328125
58.68851852416992
23.209203720092773
12.621733665466309
40.50220489501953
13.053472518920898
43.70159912109375
25.898256301879883
41.99348831176758
27.502094268798828
35.39197540283203
32.69257354736328
17.712499618530273
33.117706298828125
26.276643753051758
46.973976135253906
24.456180572509766
41.12731170654297
20.76832389831543
25.734859466552734
19.55933952331543
57.1483268737793
57.25603103637695
45.30516815185547
27.122623443603516
32.08906173706055
45.19952392578125
62.53878402709961
28.867151260375977
45.73417282104492
62.23554992675781
23.351409912109375
72.80313110351562
14.545350074768066
46.669151306152344
31.350008010864258
22.15062141418457
51.3287239074707
36.02334976196289
58.02775955200195
43.59050750732422
33.79668426513672
44.575843811035156
35.712738037109375
29.559736251831055
30.30762481689453
40.553279876708984
36.04589080810547
28.11136245727539
32.86958694458008
40.81336975097656
28.48627281188965
22.789134979248047
31.68624496459961
31.117578506469727
45.9423828125
7.956536293029785
22.650217056274414
53.188846588134766
20.810270309448242
24.10174560546875
23.019176483154297
34.74333190917969
33.52197265625
35.09254455566406
28.90756607055664
35.294036865234375
37.2169075012207
22.06593132019043
31.376842498779297
30.679290771484375
36.20016098022461
32.61418533325195
53.17936706542969
30.97850799560547
56.129817962646484
44.68165969848633
49.38227844238281
20.966644287109375
22.842527389526367
30.625473022460938
22.969144821166992
67.8551025390625
33.429840087890625
35.42591857910156
52.81814956665039
32.866458892822266
21.55133056640625
47.42817687988281
31.917877197265625
15.576333999633789
29.44797706604004
41.905460357666016
18.455062866210938
34.03539276123047
27.590368270874023
22.595727920532227
43.04423522949219
17.31702423095703
21.5495548248291
25.815336227416992
35.12001037597656
35.179962158203125
61.378753662109375
24.32904624938965
18.305110931396484
20.906524658203125
17.99564552307129
62.36573028564453
36.63154983520508
34.11691665649414
32.399131774902344
20.072053909301758
56.46202850341797
30.191843032836914
47.733985900878906
19.18655776977539
18.588268280029297
38.96786117553711
46.40394973754883
16.497005462646484
22.382232666015625
31.411916732788086
11.975849151611328
22.195545196533203
17.80043601989746
35.263710021972656
40.81928634643555
45.44584274291992
62.06863021850586
12.235079765319824
29.624563217163086
42.25330352783203
24.037342071533203
52.14811325073242
40.03898239135742
33.28955078125
37.72383117675781
22.241458892822266
