50.810245513916016
23.20030975341797
40.298587799072266
20.132421493530273
25.92319107055664
18.762195587158203
37.87468338012695
15.630318641662598
41.73975372314453
29.132495880126953
21.228397369384766
20.823026657104492
2.3475565910339355
33.67084884643555
29.015104293823242
26.117279052734375
48.80448532104492
26.853897094726562
37.667266845703125
22.816617965698242
36.015113830566406
34.01177215576172
36.770301818847656
27.430383682250977
31.407560348510742
32.468135833740234
28.785316467285156
34.92750549316406
21.755531311035156
31.441896438598633
20.677642822265625
40.385711669921875
16.116043090820312
23.21117401123047
22.73954200744629
26.849082946777344
36.946327209472656
9.335394859313965
24.74356460571289
10.097861289978027
23.35373306274414
40.04853057861328
29.714611053466797
11.960885047912598
26.188505172729492
38.62693786621094
34.52325439453125
44.22996139526367
31.80284881591797
32.64024353027344
32.89789581298828
17.2310848236084
11.73101806640625
35.963008880615234
26.579355239868164
7.709948539733887
18.86028480529785
36.58488464355469
27.811382293701172
24.738391876220703
34.19205093383789
40.711585998535156
17.478792190551758
28.247533798217773
18.23288345336914
17.02314567565918
25.472469329833984
16.499649047851562
38.112308502197266
14.64832592010498
16.750802993774414
17.99392318725586
31.12813949584961
18.332761764526367
31.53266716003418
17.94757652282715
28.326623916625977
26.023235321044922
19.567752838134766
33.25
17.559600830078125
21.35692596435547
18.349365234375
47.84532928466797
29.184301376342773
31.699893951416016
10.160994529724121
29.31984519958496
34.851966857910156
23.410322189331055
29.151870727539062
28.05145263671875
18.704235076904297
26.190690994262695
10.389288902282715
27.96642303466797
22.60899543762207
26.200836181640625
35.42252731323242
43.03958511352539
21.3725528717041
39.89414596557617
34.97108459472656
20.173017501831055
29.111547470092773
47.37100601196289
25.350488662719727
31.739639282226562
30.85936737060547
17.348142623901367
20.313335418701172
18.404268264770508
31.018640518188477
29.68332290649414
40.94319152832031
43.849464416503906
29.863262176513672
45.67684555053711
27.203676223754883
36.167537689208984
21.253063201904297
10.785881996154785
22.017915725708008
20.101463317871094
28.331188201904297
29.750268936157227
20.867341995239258
5.206046104431152
17.080284118652344
11.6663179397583
44.120758056640625
25.090139389038086
6.5592827796936035
10.218854904174805
20.024219512939453
28.395559310913086
19.48575210571289
33.60375213623047
29.79256820678711
23.357736587524414
16.05100440979004
5.306084156036377
38.82330322265625
6.180986404418945
16.27584457397461
37.727237701416016
17.497608184814453
16.64068603515625
27.91791534423828
48.57132339477539
16.459775924682617
16.677947998046875
30.588390350341797
19.81365394592285
29.634946823120117
13.787637710571289
22.96278953552246
10.157776832580566
36.99586868286133
49.71101379394531
29.979412078857422
17.340715408325195
26.818038940429688
55.596771240234375
49.32572937011719
21.615434646606445
34.57079315185547
50.4582633972168
46.00252914428711
27.04987144470215
14.94499683380127
33.53816604614258
12.109930038452148
31.751056671142578
21.308914184570312
37.110748291015625
41.680870056152344
22.327560424804688
24.585840225219727
43.18527603149414
41.09109878540039
36.0617561340332
50.26054763793945
45.86620330810547
29.744909286499023
42.99064636230469
28.732126235961914
9.929925918579102
29.948888778686523
14.225404739379883
21.73355484008789
20.742979049682617
27.24523162841797
34.435585021972656
38.484371185302734
42.09127426147461
20.85220718383789
28.910602569580078
18.735849380493164
35.00283432006836
18.673355102539062
9.651508331298828
40.24378204345703
27.15022087097168
34.81047821044922
26.375646591186523
24.39216423034668
17.53901481628418
45.20667266845703
34.661922454833984
18.197711944580078
36.171424865722656
21.951740264892578
27.411258697509766
67.08889770507812
29.34827995300293
13.961712837219238
33.03910827636719
14.609094619750977
16.142169952392578
36.433834075927734
31.499113082885742
44.89696502685547
20.95308494567871
26.528282165527344
27.35001564025879
34.219940185546875
48.41594314575195
34.20465087890625
6.551436424255371
31.931392669677734
31.074291229248047
13.681859970092773
47.472049713134766
41.2992057800293
38.32559585571289
47.02579879760742
31.09923553466797
15.35634994506836
19.689212799072266
22.68324089050293
19.09256935119629
19.208152770996094
28.23413848876953
20.007400512695312
38.43045425415039
32.62498092651367
29.644943237304688
21.01712989807129
15.991726875305176
27.796985626220703
32.32357406616211
20.108505249023438
22.10553550720215
16.755409240722656
19.58620834350586
5.797037124633789
39.937503814697266
36.839088439941406
54.136871337890625
30.84726905822754
29.913585662841797
15.321277618408203
41.05799865722656
20.825265884399414
52.22651672363281
29.66448211669922
6.749606132507324
20.148855209350586
30.454872131347656
24.97200584411621
27.06080436706543
26.736248016357422
44.539573669433594
20.0518856048584
17.108909606933594
20.491863250732422
26.232994079589844
29.411481857299805
30.8496036529541
43.031864166259766
28.450950622558594
29.558048248291016
24.533815383911133
16.83429527282715
23.991714477539062
15.449487686157227
21.927297592163086
40.78585433959961
39.07047653198242
18.447010040283203
10.806323051452637
12.299023628234863
46.73678207397461
22.857389450073242
16.89876365661621
37.75852966308594
20.733610153198242
25.30180549621582
30.824960708618164
24.37291145324707
40.53767776489258
32.48211669921875
18.084394454956055
16.56310272216797
36.59465789794922
31.912765502929688
17.022321701049805
25.755624771118164
27.834081649780273
16.09092903137207
16.656286239624023
29.10797691345215
5.355076313018799
17.439123153686523
26.79071807861328
3.3364295959472656
32.83491897583008
30.108001708984375
34.245235443115234
24.08814239501953
23.250883102416992
15.632765769958496
36.304080963134766
26.506132125854492
36.512210845947266
20.76763916015625
21.43265151977539
26.625268936157227
14.162328720092773
18.774267196655273
25.645954132080078
20.104450225830078
22.360559463500977
29.68886947631836
33.93601608276367
35.371829986572266
36.41957473754883
32.575958251953125
25.108774185180664
12.835786819458008
29.4002685546875
21.384033203125
13.033856391906738
19.484830856323242
47.03611373901367
16.41056251525879
32.985355377197266
24.662927627563477
9.5182466506958
32.78514099121094
25.918643951416016
36.95540237426758
23.601943969726562
20.665390014648438
23.056087493896484
38.03968048095703
10.789312362670898
34.06566619873047
17.395137786865234
20.168840408325195
27.54984474182129
15.892520904541016
13.035213470458984
20.953149795532227
35.74610137939453
39.50807571411133
20.301692962646484
34.24907684326172
51.490234375
13.368805885314941
27.326433181762695
34.656494140625
17.598922729492188
40.39069366455078
34.138668060302734
30.053207397460938
36.68039321899414
36.00146484375
27.057279586791992
29.070920944213867
24.67839241027832
44.24714279174805
29.23068618774414
39.58225631713867
28.06242561340332
20.640520095825195
10.573555946350098
25.794933319091797
12.025376319885254
20.64455223083496
21.583782196044922
42.797672271728516
23.595075607299805
37.22693634033203
22.76652717590332
4.916999816894531
29.338953018188477
27.51597023010254
26.315093994140625
30.976957321166992
24.19460105895996
36.83595275878906
32.68989181518555
27.90310287475586
25.416427612304688
3.627963066101074
10.804482460021973
26.027156829833984
33.20105743408203
10.933856964111328
46.671630859375
41.474220275878906
43.34394454956055
32.05149841308594
24.844999313354492
39.07535171508789
35.4444580078125
43.48460006713867
38.55185317993164
12.741251945495605
36.76727294921875
27.304214477539062
31.53864860534668
39.606536865234375
30.019344329833984
15.508563995361328
23.791732788085938
25.739337921142578
52.53059387207031
44.235145568847656
21.034151077270508
23.99127197265625
27.56499481201172
28.39358901977539
23.27863121032715
19.929868698120117
22.955759048461914
13.73153018951416
23.310888290405273
36.30706024169922
39.24757385253906
41.17153549194336
33.82341003417969
37.38227462768555
11.495057106018066
12.60791301727295
25.075984954833984
34.451560974121094
20.986032485961914
26.993900299072266
35.533782958984375
26.4216365814209
45.493045806884766
13.930607795715332
25.043182373046875
33.65188217163086
17.91243553161621
9.465075492858887
22.88288116455078
25.404970169067383
29.028657913208008
28.94236946105957
28.582538604736328
7.626905918121338
11.725383758544922
46.303367614746094
19.38226890563965
17.639543533325195
32.48373794555664
32.35072326660156
35.46925735473633
23.910402297973633
26.305316925048828
36.575347900390625
32.31420135498047
23.566085815429688
16.95793914794922
42.20290756225586
46.00226974487305
22.03330421447754
16.86260414123535
27.432968139648438
26.0157413482666
19.73738670349121
19.319137573242188
21.731962203979492
15.076584815979004
16.922704696655273
46.35042953491211
22.22917366027832
33.26055908203125
23.966440200805664
26.96759605407715
31.015239715576172
21.53399085998535
27.358074188232422
20.18157386779785
32.10234832763672
30.582921981811523
38.524906158447266
27.392976760864258
26.375436782836914
24.914867401123047
36.41850662231445
28.115158081054688
30.769723892211914
21.58099937438965
32.29561233520508
25.750516891479492
42.87327575683594
21.25417709350586
17.617382049560547
18.056930541992188
25.452747344970703
36.9532470703125
31.143993377685547
25.88216781616211
37.32540512084961
15.143918991088867
45.772701263427734
37.60771179199219
25.19959831237793
18.562036514282227
46.94686508178711
30.575481414794922
16.077062606811523
6.13238525390625
17.671764373779297
40.48734664916992
48.50775909423828
33.12675094604492
30.354982376098633
34.43081283569336
42.256370544433594
8.66269588470459
49.8669548034668
10.787952423095703
31.560157775878906
26.825716018676758
22.770092010498047
27.06136131286621
18.175704956054688
25.48678970336914
43.607059478759766
28.643579483032227
27.294050216674805
6.402181625366211
25.1407527923584
41.249168395996094
27.32933235168457
29.325817108154297
18.97503662109375
45.32132339477539
26.700241088867188
24.180994033813477
20.23908042907715
7.074692726135254
9.196907997131348
13.550830841064453
32.938602447509766
5.495650291442871
56.24690628051758
38.685203552246094
9.50041389465332
14.733128547668457
38.11257553100586
29.846786499023438
45.96854019165039
41.09782409667969
31.91584014892578
14.113201141357422
33.484745025634766
11.440507888793945
22.894756317138672
42.38291931152344
38.91279220581055
18.16556739807129
15.00582504272461
10.448760986328125
48.86914825439453
32.61186981201172
29.624692916870117
28.50572967529297
44.33314514160156
20.846649169921875
45.056156158447266
21.689105987548828
26.480844497680664
12.38726806640625
33.79924392700195
31.198957443237305
9.068178176879883
38.816219329833984
53.307334899902344
12.717371940612793
24.307071685791016
21.118927001953125
38.88237380981445
42.702964782714844
26.047996520996094
21.016765594482422
24.667081832885742
23.801942825317383
29.982669830322266
22.23477554321289
17.14920997619629
42.61607360839844
32.36193084716797
17.98992347717285
27.64375114440918
22.71820831298828
40.691341400146484
21.786052703857422
33.996429443359375
27.792163848876953
34.65425491333008
23.46767234802246
30.371917724609375
29.063901901245117
22.31235694885254
24.59882354736328
21.688623428344727
29.4183349609375
27.72523307800293
13.489920616149902
28.23537826538086
21.785329818725586
33.6351318359375
34.65189743041992
17.732946395874023
27.056968688964844
32.75371551513672
39.3785285949707
15.651313781738281
22.913944244384766
31.375993728637695
18.267677307128906
22.383630752563477
33.12192916870117
53.23259735107422
33.37128829956055
18.5472412109375
28.988128662109375
34.1232795715332
21.32900047302246
30.735736846923828
33.18654251098633
39.44302749633789
24.10114097595215
38.48264694213867
36.60224151611328
31.0764217376709
19.340862274169922
30.581832885742188
26.032241821289062
40.972557067871094
40.857662200927734
34.02347183227539
27.68495750427246
45.7156982421875
20.723745346069336
16.240774154663086
28.99006462097168
3.175328016281128
34.22840881347656
31.667259216308594
14.542367935180664
29.099180221557617
41.420326232910156
20.040802001953125
34.34743881225586
50.04973220825195
20.42940330505371
55.968467712402344
31.83302879333496
42.35395050048828
9.378543853759766
30.384672164916992
34.69276428222656
17.47278594970703
20.659626007080078
14.975337982177734
36.36327362060547
23.263843536376953
14.852940559387207
36.30852508544922
43.771446228027344
35.49024963378906
33.6564826965332
32.0132942199707
33.64656448364258
16.86477279663086
26.16999053955078
39.91127014160156
14.803431510925293
33.035247802734375
35.30630874633789
37.324005126953125
38.222957611083984
33.239891052246094
15.825844764709473
43.21384048461914
50.767433166503906
34.382686614990234
42.895790100097656
26.323436737060547
27.71322250366211
10.14345645904541
16.14005470275879
17.18621063232422
46.14945983886719
25.068164825439453
30.653335571289062
8.960573196411133
39.52988052368164
27.832752227783203
37.512420654296875
24.646282196044922
26.568628311157227
27.222761154174805
25.811147689819336
30.489973068237305
31.45901870727539
32.83149337768555
25.31288719177246
30.131074905395508
39.82463836669922
32.660675048828125
30.4615535736084
28.36958122253418
41.96272277832031
30.54326820373535
29.03787612915039
24.623565673828125
26.38163948059082
11.5192232131958
14.562503814697266
28.50383949279785
24.829021453857422
27.695354461669922
26.759639739990234
14.006464958190918
18.18971061706543
25.73365592956543
36.16030502319336
46.7067756652832
34.896636962890625
29.91743278503418
26.52886199951172
26.129608154296875
28.845335006713867
4.457406997680664
27.090179443359375
20.207624435424805
32.43339920043945
45.46457290649414
35.229698181152344
6.2243852615356445
37.45955276489258
26.16010856628418
34.21536636352539
37.32452392578125
50.83881378173828
14.520134925842285
5.500110149383545
33.012847900390625
32.319305419921875
31.215675354003906
27.553234100341797
31.61115837097168
27.834280014038086
23.803714752197266
31.57745933532715
31.138978958129883
25.03110122680664
29.90432357788086
29.197952270507812
20.98371124267578
25.39729881286621
39.85084533691406
23.233442306518555
21.947120666503906
27.53618049621582
26.461559295654297
16.636302947998047
22.942495346069336
23.530662536621094
21.442785263061523
35.35845184326172
23.44550895690918
29.725143432617188
19.97185707092285
31.513622283935547
29.10260581970215
31.27142906188965
42.51986312866211
31.84239959716797
21.25541877746582
26.102113723754883
35.445228576660156
19.06095314025879
34.936710357666016
20.046524047851562
22.57986831665039
5.708736419677734
24.090717315673828
31.050086975097656
26.169761657714844
31.890316009521484
25.37565803527832
25.977188110351562
53.271907806396484
21.102264404296875
14.584006309509277
36.45669174194336
32.41925811767578
14.857336044311523
53.387786865234375
35.13603591918945
22.10519790649414
41.20464324951172
21.613433837890625
28.536182403564453
25.95695686340332
24.626890182495117
39.559547424316406
27.180038452148438
40.8966064453125
42.955291748046875
32.15375900268555
34.68858337402344
53.92814254760742
45.94768142700195
22.174360275268555
18.280351638793945
15.940742492675781
26.518699645996094
28.34041404724121
17.17683219909668
23.768918991088867
35.67438507080078
23.07815170288086
4.578265190124512
25.727371215820312
26.391490936279297
37.37337875366211
33.8687629699707
55.25377655029297
32.11365509033203
27.902090072631836
13.734811782836914
13.858431816101074
39.50241470336914
17.078083038330078
49.13117980957031
13.967784881591797
19.83658790588379
10.245648384094238
37.660369873046875
18.84178352355957
23.360061645507812
18.067262649536133
32.02631378173828
34.975914001464844
22.078327178955078
34.4046516418457
15.98000431060791
37.249908447265625
7.094058990478516
15.852822303771973
31.96601104736328
21.510013580322266
52.41680145263672
1.2421214580535889
30.13947105407715
37.8978157043457
68.42662811279297
33.46119689941406
28.191734313964844
23.19837760925293
33.367244720458984
64.74009704589844
38.492244720458984
38.63788604736328
29.659013748168945
29.694427490234375
20.55197525024414
35.45856475830078
11.364055633544922
31.782562255859375
23.246109008789062
16.176898956298828
19.96687889099121
6.342785835266113
20.263996124267578
26.347448348999023
25.286760330200195
34.72562789916992
30.435997009277344
27.602439880371094
14.1910400390625
10.352412223815918
44.88571548461914
19.576993942260742
38.719635009765625
23.928224563598633
27.60975456237793
28.918119430541992
11.53736686706543
16.147621154785156
33.17224884033203
32.67208480834961
35.926998138427734
45.08994674682617
21.20918083190918
35.160526275634766
34.067298889160156
31.024822235107422
45.799251556396484
60.943363189697266
29.141895294189453
17.07916259765625
15.783143043518066
13.78003215789795
57.367576599121094
21.10283660888672
12.790044784545898
22.473285675048828
22.781497955322266
35.584190368652344
19.106163024902344
57.661556243896484
17.44192123413086
19.5026798248291
30.085092544555664
19.68994140625
40.5224609375
17.99611473083496
36.96331024169922
25.00920867919922
23.180675506591797
36.72544479370117
44.33545684814453
38.3272819519043
29.951587677001953
37.45262145996094
15.070796966552734
44.35186004638672
40.66877746582031
32.824562072753906
46.04693603515625
21.534433364868164
14.526300430297852
27.40746307373047
22.540071487426758
9.595044136047363
8.839723587036133
20.109134674072266
44.71371078491211
18.355253219604492
16.00048828125
21.648101806640625
23.584054946899414
21.156740188598633
17.616897583007812
24.886396408081055
23.192337036132812
48.98887634277344
24.477947235107422
40.005306243896484
27.025135040283203
34.62129211425781
6.475315093994141
55.079986572265625
29.692855834960938
28.775684356689453
12.419649124145508
7.248896598815918
9.552228927612305
11.394285202026367
35.29618453979492
42.22563171386719
6.766582489013672
22.538990020751953
59.49093246459961
44.118865966796875
8.119668960571289
32.364295959472656
27.60064125061035
39.144569396972656
6.736181735992432
22.13208770751953
22.07379150390625
9.216063499450684
28.97238540649414
21.830764770507812
26.984386444091797
17.658695220947266
50.38906478881836
23.515888214111328
28.483642578125
21.662504196166992
25.119844436645508
37.60304641723633
23.726036071777344
18.766738891601562
16.64666175842285
12.46151351928711
29.310762405395508
46.37946701049805
23.09638786315918
27.093250274658203
38.386871337890625
18.096149444580078
28.634056091308594
31.39503288269043
33.49813461303711
17.581499099731445
14.436413764953613
44.67953872680664
20.64414405822754
48.924007415771484
33.03640365600586
21.636682510375977
24.484573364257812
50.719017028808594
49.401912689208984
23.548477172851562
23.051820755004883
37.958805084228516
40.79128646850586
24.202316284179688
29.832632064819336
29.343507766723633
32.23244857788086
12.048240661621094
63.895538330078125
13.52534294128418
26.12279510498047
21.593582153320312
27.72329330444336
33.39599609375
43.649993896484375
16.047088623046875
19.90186882019043
20.039222717285156
11.763853073120117
33.77312469482422
20.286174774169922
16.551860809326172
25.03023338317871
10.98180103302002
24.002151489257812
24.196807861328125
12.08806324005127
44.79289245605469
30.371746063232422
37.32202911376953
13.57174015045166
43.08879852294922
22.56097984313965
27.40419578552246
26.13558006286621
26.941896438598633
30.41459083557129
20.228864669799805
36.20272445678711
24.122262954711914
16.22283363342285
41.2945442199707
28.636682510375977
46.06610870361328
25.956693649291992
33.450408935546875
18.208518981933594
19.47843360900879
10.900106430053711
32.65157699584961
23.122100830078125
23.47051239013672
24.412134170532227
34.413692474365234
31.07088851928711
32.103633880615234
28.228931427001953
32.2636833190918
29.617490768432617
39.57269287109375
25.190237045288086
16.220806121826172
11.819157600402832
41.48560333251953
28.130367279052734
15.731576919555664
15.795313835144043
35.39578628540039
38.0782356262207
30.051300048828125
33.36494445800781
17.320831298828125
20.642902374267578
21.37522315979004
34.38374710083008
12.714906692504883
16.492969512939453
33.15732192993164
51.92628860473633
33.71044158935547
21.687305450439453
24.028854370117188
25.75050926208496
52.90831756591797
14.767664909362793
26.027082443237305
21.60371208190918
41.93864822387695
37.136905670166016
29.424972534179688
10.750185012817383
18.48165512084961
11.770883560180664
28.21859359741211
29.933120727539062
27.853839874267578
14.290456771850586
10.522127151489258
11.435781478881836
35.94937515258789
48.76219177246094
12.927539825439453
43.82295608520508
36.5870361328125
11.651278495788574
43.414920806884766
22.383577346801758
15.953332901000977
9.742928504943848
28.885087966918945
16.87758445739746
20.46993637084961
39.41343688964844
23.196279525756836
30.375307083129883
41.479183197021484
19.03385353088379
41.16676712036133
26.02783203125
9.390022277832031
22.813846588134766
20.898717880249023
28.607404708862305
31.09597396850586
34.5960578918457
25.783565521240234
14.230300903320312
36.237892150878906
27.75576400756836
42.063655853271484
11.731647491455078
31.728322982788086
16.941381454467773
20.94124984741211
75.97077178955078
27.078859329223633
22.258554458618164
32.3730583190918
26.660276412963867
35.29933166503906
13.545230865478516
51.451690673828125
32.231624603271484
15.822050094604492
13.047357559204102
23.624608993530273
22.775339126586914
17.990234375
25.376060485839844
13.049032211303711
27.77039909362793
25.886009216308594
39.228824615478516
29.004350662231445
44.89990997314453
30.68400764465332
14.13393497467041
18.56656265258789
31.903745651245117
33.52001953125
15.655943870544434
20.996530532836914
38.916202545166016
15.510798454284668
39.766197204589844
6.557506561279297
54.56617736816406
25.295316696166992
34.15331268310547
29.33661651611328
41.54435729980469
15.594622611999512
14.129678726196289
17.842832565307617
27.9409236907959
37.42963409423828
18.877471923828125
34.91727066040039
22.00177001953125
13.6062593460083
1.2859899997711182
32.963260650634766
26.6781063079834
11.013740539550781
29.353759765625
17.598752975463867
45.64173126220703
10.24812126159668
35.34537124633789
15.04440689086914
36.595462799072266
27.086204528808594
34.15071487426758
37.340396881103516
12.023748397827148
2.367500066757202
30.15618896484375
29.6865291595459
25.25422477722168
21.528392791748047
28.094654083251953
20.817001342773438
23.810401916503906
17.94045639038086
24.894458770751953
17.0391788482666
44.074432373046875
36.59127426147461
41.42377471923828
46.18414306640625
6.3192925453186035
31.107038497924805
20.18244743347168
27.569374084472656
22.218408584594727
22.517004013061523
4.633469104766846
23.262163162231445
15.966320037841797
50.488956451416016
19.37127113342285
43.327152252197266
20.67998504638672
28.55760955810547
13.283538818359375
13.571969032287598
30.657712936401367
47.25271224975586
17.975374221801758
28.666261672973633
22.77570343017578
26.456825256347656
36.30860137939453
22.82658576965332
27.30304527282715
31.38267707824707
25.6824893951416
34.26876449584961
30.276031494140625
24.91539764404297
40.572174072265625
46.56074523925781
31.89694595336914
37.26564025878906
34.4893684387207
26.484766006469727
24.69297218322754
47.13902282714844
38.65744400024414
30.65723419189453
37.218902587890625
23.68626594543457
20.64078712463379
51.3292350769043
35.00547409057617
23.385086059570312
33.84720993041992
27.851106643676758
19.073848724365234
43.30855941772461
18.95379066467285
30.850971221923828
31.428010940551758
33.56682586669922
22.836130142211914
18.28885269165039
35.747276306152344
21.48124885559082
39.44553756713867
24.5871524810791
16.203514099121094
35.94551467895508
27.680139541625977
34.58833694458008
36.14377975463867
20.90005111694336
29.86882781982422
11.522375106811523
34.288700103759766
28.18071937561035
38.471763610839844
44.47835159301758
24.161340713500977
29.141271591186523
39.787330627441406
9.15314769744873
30.90725326538086
35.062442779541016
19.139131546020508
36.370094299316406
26.00926399230957
12.8441162109375
12.536938667297363
23.318939208984375
25.420766830444336
39.05702209472656
20.161052703857422
18.514930725097656
35.98264694213867
26.42656898498535
34.31193542480469
22.75499153137207
16.74491310119629
28.713272094726562
16.910140991210938
33.533058166503906
40.57835006713867
14.26298713684082
23.573474884033203
31.200336456298828
36.85734176635742
43.1357536315918
26.22429656982422
14.847159385681152
29.03371810913086
53.798439025878906
42.24014663696289
11.09298324584961
34.61970901489258
38.18037033081055
47.79312515258789
8.207615852355957
37.32858657836914
37.970001220703125
45.440185546875
33.64934158325195
16.148130416870117
25.84306526184082
30.825870513916016
12.784083366394043
24.241178512573242
26.482641220092773
12.83166217803955
38.34566116333008
28.652368545532227
48.40781784057617
38.44240188598633
7.3918938636779785
33.08525085449219
14.024182319641113
9.80733585357666
17.869680404663086
25.32257652282715
31.356346130371094
2.611246109008789
8.12252426147461
21.254283905029297
27.539827346801758
17.508028030395508
31.71584701538086
4.326850891113281
24.78011131286621
41.0947151184082
32.66108703613281
28.100872039794922
26.453474044799805
22.534835815429688
54.16874313354492
54.515323638916016
41.702171325683594
56.32420349121094
22.269832611083984
36.29921340942383
30.274707794189453
35.731082916259766
28.27488136291504
24.753211975097656
37.23223876953125
40.21380615234375
46.360595703125
22.474384307861328
14.221663475036621
18.083961486816406
20.317562103271484
7.1236677169799805
29.91810417175293
26.5266170501709
37.740943908691406
26.553489685058594
29.696897506713867
36.713172912597656
48.80607986450195
51.11250686645508
41.192508697509766
21.211090087890625
20.13995361328125
8.686447143554688
19.473344802856445
16.94097328186035
26.007156372070312
9.50538444519043
18.878984451293945
35.66425704956055
8.538704872131348
38.953365325927734
47.87051773071289
27.350311279296875
21.907392501831055
16.19144058227539
28.580007553100586
24.647953033447266
24.752424240112305
23.967456817626953
16.049631118774414
13.558798789978027
12.49373722076416
19.95233917236328
12.344584465026855
33.151641845703125
33.22121810913086
26.715030670166016
18.9738712310791
33.39582824707031
17.727346420288086
18.086727142333984
24.203411102294922
33.28293228149414
33.07416534423828
22.62603759765625
13.009733200073242
18.936031341552734
46.58788299560547
22.235870361328125
27.901100158691406
38.08182907104492
15.413969039916992
22.17694854736328
37.44991683959961
32.660316467285156
38.36302185058594
17.666648864746094
25.555315017700195
27.93763542175293
24.262556076049805
35.875850677490234
17.23479461669922
34.770687103271484
41.555912017822266
19.969669342041016
17.766727447509766
16.360822677612305
8.488292694091797
60.17478561401367
11.73958969116211
25.205448150634766
23.74677848815918
32.1496467590332
62.12974548339844
31.727256774902344
28.501218795776367
22.23959732055664
43.407005310058594
37.150325775146484
17.005870819091797
24.21586036682129
31.835847854614258
18.187870025634766
33.629661560058594
12.377580642700195
20.996990203857422
21.76599884033203
36.88704299926758
27.30002784729004
15.992247581481934
37.06440353393555
26.99148941040039
23.117652893066406
11.709184646606445
21.43851661682129
35.36077117919922
29.327465057373047
23.41564178466797
36.220680236816406
36.15254211425781
11.126299858093262
14.129741668701172
38.209957122802734
43.574947357177734
25.7836856842041
30.28465461730957
37.19547653198242
36.24502944946289
21.877300262451172
38.510887145996094
26.779109954833984
25.241647720336914
34.71336364746094
35.07630157470703
3.6261510848999023
16.37141990661621
26.737754821777344
37.33623504638672
33.3775749206543
39.44520568847656
17.654827117919922
17.716920852661133
43.982540130615234
36.22283172607422
17.208642959594727
34.270565032958984
39.03997802734375
46.94590759277344
25.092105865478516
13.428868293762207
21.0096492767334
55.957061767578125
29.288677215576172
33.35014724731445
21.250850677490234
73.34119415283203
34.87899398803711
25.835933685302734
22.80730628967285
20.205059051513672
38.65737533569336
36.32255554199219
25.83058738708496
24.91725730895996
28.968324661254883
38.763607025146484
20.571887969970703
25.541318893432617
46.18367385864258
28.922908782958984
25.63418960571289
14.026800155639648
18.845678329467773
20.11447525024414
57.48013687133789
26.027420043945312
32.076778411865234
19.58072853088379
26.845882415771484
12.280153274536133
41.36576461791992
10.166358947753906
44.59647750854492
30.28055191040039
51.719764709472656
45.45503234863281
29.937294006347656
37.62199401855469
27.219053268432617
51.56024169921875
26.549243927001953
21.280498504638672
27.385040283203125
19.392459869384766
30.33565902709961
30.316696166992188
37.483863830566406
29.494890213012695
24.573020935058594
20.45119285583496
27.90535545349121
37.761444091796875
23.46480369567871
20.503313064575195
20.0825252532959
37.338233947753906
40.23152160644531
30.873960494995117
29.45515251159668
49.44434356689453
30.783374786376953
18.080591201782227
20.9316349029541
11.560648918151855
32.924678802490234
13.55542278289795
18.313514709472656
19.50486183166504
41.268489837646484
20.338356018066406
31.364286422729492
18.134403228759766
39.22849655151367
19.716800689697266
32.087215423583984
21.006071090698242
29.69974136352539
26.138431549072266
39.782432556152344
23.71663475036621
20.512271881103516
17.658626556396484
40.540828704833984
30.66689109802246
26.497039794921875
40.053680419921875
23.730972290039062
29.16649055480957
25.224071502685547
20.28309440612793
28.759414672851562
14.130576133728027
43.57688522338867
29.28089714050293
21.609067916870117
28.112041473388672
15.379061698913574
38.757667541503906
30.506120681762695
42.98021697998047
17.243349075317383
32.60911560058594
23.931194305419922
50.62614059448242
30.068605422973633
30.052968978881836
23.18379783630371
28.14608383178711
18.163860321044922
21.748119354248047
35.05548095703125
30.599363327026367
24.41257667541504
22.172903060913086
39.43244171142578
21.229990005493164
34.21259307861328
48.35877227783203
36.53323745727539
35.71329116821289
21.20244789123535
39.39024353027344
17.347013473510742
27.89670753479004
37.75137710571289
42.457420349121094
27.362171173095703
16.64303207397461
37.001522064208984
45.863277435302734
31.147762298583984
13.690560340881348
45.97824478149414
3.6036953926086426
23.33323860168457
23.125307083129883
46.428810119628906
30.258230209350586
42.212066650390625
38.17296600341797
11.956530570983887
41.0593376159668
18.00606346130371
45.05659866333008
34.79644775390625
11.604839324951172
30.593156814575195
36.07400131225586
33.04388427734375
37.78652572631836
26.398799896240234
32.84792709350586
32.987709045410156
11.140751838684082
29.130578994750977
17.028202056884766
50.43413543701172
15.353589057922363
25.24730110168457
31.966934204101562
32.5201301574707
25.72681999206543
14.325618743896484
27.75957679748535
22.16834259033203
40.78030776977539
20.2020206451416
39.66145324707031
40.946075439453125
32.92515182495117
32.371463775634766
28.766408920288086
33.5132942199707
26.74860954284668
54.136146545410156
38.07195281982422
28.43096160888672
27.830936431884766
7.562849998474121
27.15276527404785
45.17519760131836
7.226818084716797
21.15385627746582
31.72536849975586
24.97458839416504
36.966697692871094
10.93163013458252
20.18651580810547
34.70687484741211
26.595842361450195
41.9642333984375
21.24772071838379
45.15852737426758
33.767730712890625
18.681224822998047
43.26779556274414
25.799407958984375
51.46477508544922
21.1831111907959
27.759279251098633
42.623512268066406
16.22452163696289
37.9943733215332
55.740299224853516
31.053783416748047
27.630887985229492
22.018404006958008
23.70191192626953
24.528749465942383
17.751514434814453
27.975072860717773
41.43978500366211
18.877626419067383
26.317651748657227
16.304738998413086
28.43817901611328
12.433260917663574
26.361745834350586
23.93598175048828
27.576704025268555
23.754302978515625
40.28181838989258
28.995424270629883
44.040428161621094
34.959266662597656
22.473663330078125
34.326812744140625
21.38958740234375
23.74254608154297
56.01396179199219
27.515457153320312
24.201906204223633
9.197835922241211
24.31941032409668
11.892959594726562
13.997138977050781
15.720071792602539
20.856403350830078
30.05942726135254
6.647418022155762
31.53306770324707
31.277700424194336
47.04030227661133
36.359344482421875
53.598976135253906
36.53634262084961
16.640602111816406
21.57583236694336
38.36598587036133
54.281124114990234
19.257680892944336
24.250356674194336
25.873695373535156
38.978675842285156
28.865760803222656
15.971558570861816
22.992895126342773
30.36269760131836
30.716272354125977
15.248822212219238
23.661762237548828
36.35728454589844
30.328102111816406
28.64811134338379
20.6302433013916
11.753287315368652
41.91386413574219
31.86749267578125
24.51990509033203
3.9480159282684326
36.011478424072266
8.846675872802734
32.087318420410156
8.13150691986084
30.17354965209961
30.113384246826172
35.27554702758789
24.269794464111328
33.05241775512695
46.06725311279297
16.685386657714844
19.486825942993164
38.29517364501953
16.358755111694336
41.49834442138672
25.810651779174805
36.25625228881836
35.33952713012695
41.82182312011719
15.359549522399902
32.814353942871094
23.70713233947754
36.31696701049805
19.54401969909668
38.21654510498047
13.154722213745117
40.004539489746094
23.771068572998047
21.494298934936523
25.82189178466797
35.728485107421875
31.187602996826172
24.166954040527344
20.613143920898438
23.635093688964844
35.53282165527344
12.063271522521973
29.39560890197754
11.849510192871094
18.198097229003906
26.861492156982422
37.14697265625
27.832408905029297
16.983877182006836
37.70068359375
41.08589172363281
24.235097885131836
33.778099060058594
29.916704177856445
17.314491271972656
33.89397430419922
39.01595687866211
20.17372703552246
21.225021362304688
9.769317626953125
24.649625778198242
14.846539497375488
35.867855072021484
14.593810081481934
47.186038970947266
16.460840225219727
33.71244812011719
38.739261627197266
14.699553489685059
21.157197952270508
27.406394958496094
9.790934562683105
21.800228118896484
35.725624084472656
38.0057373046875
26.156131744384766
27.336963653564453
14.767069816589355
25.754236221313477
41.030548095703125
16.43509292602539
46.39033126831055
26.166255950927734
13.679861068725586
50.31494140625
12.52545166015625
1.7977471351623535
14.074454307556152
32.65614700317383
26.42176055908203
25.704383850097656
49.76597595214844
50.80414581298828
28.785018920898438
33.487606048583984
18.220367431640625
22.32722282409668
8.587247848510742
12.09537124633789
50.93824768066406
45.23373794555664
35.22764587402344
27.35150718688965
37.42619323730469
40.14875793457031
37.34064865112305
17.930906295776367
43.34195327758789
19.28394317626953
10.745861053466797
39.858238220214844
19.251230239868164
28.73902702331543
73.4076156616211
25.28519058227539
54.178611755371094
27.104528427124023
26.03565216064453
29.85969352722168
36.909061431884766
45.08221435546875
50.99774932861328
24.71439552307129
22.406105041503906
22.33558464050293
29.485164642333984
14.213316917419434
33.721473693847656
25.075035095214844
29.70584487915039
31.88050079345703
25.295047760009766
26.468544006347656
17.875450134277344
27.000507354736328
14.769545555114746
18.7788028717041
21.26611328125
39.43268585205078
22.118410110473633
25.860158920288086
20.38758087158203
25.32635498046875
45.10137939453125
30.644287109375
10.496557235717773
32.677574157714844
45.512813568115234
32.317203521728516
17.747777938842773
44.78821563720703
34.111019134521484
33.03266525268555
25.740253448486328
17.3092098236084
46.47987747192383
24.63402557373047
51.13520812988281
17.088468551635742
40.15202331542969
18.946624755859375
42.367225646972656
29.2928466796875
30.086956024169922
28.22430419921875
17.836177825927734
25.438573837280273
26.797636032104492
23.442441940307617
29.098251342773438
51.606807708740234
28.21821403503418
38.4462890625
30.256900787353516
21.402616500854492
33.276710510253906
30.929052352905273
32.046417236328125
40.582244873046875
10.671940803527832
28.374074935913086
36.01884460449219
27.363222122192383
20.840181350708008
31.60792350769043
42.61027145385742
31.933290481567383
24.969890594482422
18.989206314086914
22.835432052612305
26.844270706176758
37.498085021972656
16.323749542236328
36.62940979003906
25.373273849487305
18.701494216918945
31.278451919555664
16.792564392089844
19.377002716064453
27.765766143798828
36.89973831176758
37.797691345214844
36.944339752197266
34.922977447509766
20.160804748535156
28.194063186645508
38.43278121948242
24.474201202392578
38.674076080322266
11.794320106506348
15.918741226196289
27.055614471435547
39.207969665527344
3.6928179264068604
35.628726959228516
9.85689926147461
31.424306869506836
56.616485595703125
26.549192428588867
15.055156707763672
19.599506378173828
57.681819915771484
40.847938537597656
34.78399658203125
30.964937210083008
33.43855667114258
25.89444923400879
36.31394577026367
29.77399253845215
32.706459045410156
49.37893295288086
6.24535608291626
38.156044006347656
28.532146453857422
37.959903717041016
42.87983703613281
19.981842041015625
21.064817428588867
17.59972381591797
51.16115951538086
15.106589317321777
27.598243713378906
43.49452209472656
16.520896911621094
25.77442169189453
28.54086685180664
45.77500915527344
26.923948287963867
18.61277961730957
36.243534088134766
40.261226654052734
38.61447525024414
28.079984664916992
47.547794342041016
69.04299926757812
31.255168914794922
19.996021270751953
40.04072952270508
46.312259674072266
35.121673583984375
33.50613021850586
52.71346664428711
22.217390060424805
38.42496871948242
31.438861846923828
21.711462020874023
8.231161117553711
19.54159927368164
25.75835418701172
38.065834045410156
33.24222946166992
27.516748428344727
30.157920837402344
11.061678886413574
39.00975036621094
17.050479888916016
29.8527889251709
32.63406753540039
22.4976749420166
40.01939010620117
14.729660034179688
1.8671958446502686
17.193044662475586
16.624542236328125
40.689117431640625
26.573593139648438
37.89760208129883
5.762106895446777
17.907756805419922
32.80775451660156
23.81959342956543
23.597919464111328
11.999107360839844
41.377079010009766
22.48721694946289
64.93226623535156
43.69607925415039
21.759897232055664
17.90677261352539
45.0926513671875
27.48102569580078
15.629230499267578
19.17839813232422
34.95479202270508
21.289396286010742
23.997194290161133
26.90680503845215
23.803226470947266
26.937278747558594
58.32794952392578
43.54545974731445
7.571385383605957
12.1513090133667
33.48717498779297
34.67526626586914
28.117740631103516
32.46176528930664
31.869380950927734
19.329421997070312
44.570335388183594
31.482664108276367
32.377281188964844
34.14386749267578
25.307708740234375
20.92835235595703
12.42161750793457
22.4532527923584
49.82973098754883
34.900108337402344
39.0297966003418
14.13386058807373
20.9044189453125
18.45350456237793
10.18962287902832
38.50320053100586
26.505464553833008
41.975685119628906
29.15508270263672
24.55550765991211
18.939743041992188
28.36986541748047
28.32076072692871
49.320533752441406
29.9876766204834
36.220420837402344
26.840938568115234
13.058093070983887
22.61425018310547
24.40645408630371
37.86363220214844
28.02940559387207
25.349361419677734
50.235965728759766
11.633707046508789
47.729007720947266
22.184772491455078
33.608619689941406
19.02518081665039
28.1840763092041
18.865022659301758
38.91937255859375
33.3692626953125
34.70238494873047
7.392272472381592
30.535749435424805
35.21293640136719
26.663082122802734
34.04511260986328
22.97772216796875
31.137596130371094
18.818675994873047
18.485233306884766
27.967180252075195
18.24916648864746
21.864864349365234
25.410198211669922
37.6528434753418
27.389305114746094
35.00284194946289
52.79215621948242
24.320528030395508
29.550617218017578
23.09538459777832
22.355871200561523
25.120677947998047
18.448978424072266
22.540517807006836
27.420047760009766
31.03604507446289
19.08831024169922
17.470319747924805
44.43023681640625
15.157363891601562
36.122989654541016
54.539703369140625
18.992483139038086
31.894323348999023
26.132354736328125
26.894075393676758
27.72650146484375
30.209346771240234
26.680925369262695
18.810779571533203
27.507442474365234
30.463855743408203
13.19192886352539
25.45773696899414
40.32403564453125
33.379638671875
22.138595581054688
22.739845275878906
21.21710777282715
39.32720947265625
16.988325119018555
43.16824722290039
27.359851837158203
21.799760818481445
29.74534797668457
19.076709747314453
13.653995513916016
51.12394714355469
35.753971099853516
42.60093307495117
23.39580535888672
34.301109313964844
18.6555118560791
30.16425895690918
10.471231460571289
20.91101837158203
20.81237030029297
31.917327880859375
8.640910148620605
47.9853401184082
24.08637046813965
29.169851303100586
26.103282928466797
32.72481155395508
33.99244689941406
8.788002014160156
43.295631408691406
21.92949104309082
37.798309326171875
20.30731964111328
37.438941955566406
44.31008529663086
23.66459846496582
29.617197036743164
19.523771286010742
15.108154296875
23.724876403808594
35.686866760253906
25.449447631835938
40.356807708740234
7.9155731201171875
31.34140396118164
37.57315444946289
47.88602828979492
45.55716323852539
32.088356018066406
18.995018005371094
42.036617279052734
29.67231559753418
18.494070053100586
18.875032424926758
20.078264236450195
14.669772148132324
36.23533630371094
35.88087844848633
18.383214950561523
28.447343826293945
18.86623191833496
19.965953826904297
23.46849250793457
29.635604858398438
38.5511589050293
8.813605308532715
34.91205596923828
31.961013793945312
22.384510040283203
21.450817108154297
45.82844924926758
15.078338623046875
25.449798583984375
31.158573150634766
23.497093200683594
36.36196517944336
36.3216552734375
15.316434860229492
22.07480812072754
26.367748260498047
36.7454833984375
34.73743438720703
42.92189025878906
28.89462661743164
15.726459503173828
18.510122299194336
24.532033920288086
39.264347076416016
29.92538070678711
25.73568344116211
12.647175788879395
10.430732727050781
17.63376808166504
25.24041748046875
33.775577545166016
20.103229522705078
22.843429565429688
28.584196090698242
43.762332916259766
7.337802886962891
22.14101791381836
16.80475616455078
53.50372314453125
35.64862823486328
25.23621368408203
19.15146255493164
53.069156646728516
12.947576522827148
22.09208869934082
28.20973777770996
34.67456817626953
50.77299118041992
35.49603271484375
24.512420654296875
16.572662353515625
31.835744857788086
40.92638397216797
42.979251861572266
46.274009704589844
27.688528060913086
28.335458755493164
28.872722625732422
25.164630889892578
41.404415130615234
29.954011917114258
34.05160140991211
9.674256324768066
18.94499397277832
17.130502700805664
13.690973281860352
24.40292739868164
17.483232498168945
23.246288299560547
50.61634826660156
32.670772552490234
34.00126647949219
30.38033676147461
30.379390716552734
37.296382904052734
30.222545623779297
37.748443603515625
31.62818717956543
62.91753387451172
16.741302490234375
24.662729263305664
18.31619644165039
30.421628952026367
17.768810272216797
14.43470287322998
36.924034118652344
55.963531494140625
39.581600189208984
32.36338424682617
47.295021057128906
49.81362533569336
40.60256576538086
9.262506484985352
43.8718376159668
27.72605323791504
26.240846633911133
27.07628059387207
29.844463348388672
34.01542282104492
25.42414665222168
50.03423309326172
21.493968963623047
28.42272186279297
30.766632080078125
24.408254623413086
26.535688400268555
26.134563446044922
32.08462905883789
26.46994400024414
29.474010467529297
24.750713348388672
43.60689163208008
18.60093879699707
12.91321086883545
52.39772415161133
39.48719787597656
14.896597862243652
39.24371337890625
40.37974548339844
31.45060920715332
44.12088394165039
32.19871520996094
32.058528900146484
38.27234649658203
57.62057876586914
42.85198974609375
14.116870880126953
55.707298278808594
23.026901245117188
30.50209617614746
33.83737564086914
30.45539093017578
37.19038772583008
16.144872665405273
32.938140869140625
2.308983325958252
17.921554565429688
27.446311950683594
9.324440002441406
14.277027130126953
42.91460418701172
25.803457260131836
10.826969146728516
21.827836990356445
36.328941345214844
28.402116775512695
20.184534072875977
8.474953651428223
6.714222431182861
17.989124298095703
22.519466400146484
27.347482681274414
32.0718994140625
29.940780639648438
21.833852767944336
11.024272918701172
13.456029891967773
16.396591186523438
24.383071899414062
20.825469970703125
8.237468719482422
23.113929748535156
11.660734176635742
23.004150390625
18.928234100341797
38.003902435302734
26.60202980041504
45.3221549987793
41.860801696777344
32.2741813659668
53.5047607421875
43.619388580322266
35.697296142578125
44.839622497558594
49.52042007446289
37.78125762939453
26.36302947998047
25.065624237060547
33.63625717163086
41.41111755371094
17.168359756469727
43.88093948364258
20.145355224609375
34.85127258300781
35.9967155456543
31.241565704345703
22.973758697509766
31.76631736755371
33.47357940673828
13.428094863891602
20.604881286621094
25.162500381469727
31.981613159179688
35.12917709350586
30.33150291442871
35.271453857421875
18.332277297973633
33.21626663208008
51.52467727661133
24.7678279876709
33.91796112060547
45.08045196533203
44.640403747558594
39.36003494262695
14.007573127746582
27.417272567749023
28.434814453125
21.811683654785156
42.184730529785156
45.17673873901367
27.170942306518555
3.4085159301757812
26.95647430419922
18.04153060913086
35.12189865112305
21.740478515625
17.247142791748047
34.16511154174805
45.746543884277344
10.406864166259766
25.02411460876465
34.62299728393555
34.835121154785156
44.033241271972656
50.01485824584961
39.83806610107422
19.606857299804688
28.186809539794922
14.382933616638184
18.050086975097656
26.80832290649414
39.877445220947266
16.808692932128906
16.364931106567383
29.43956756591797
35.212913513183594
25.007535934448242
33.53276824951172
23.37437629699707
24.30388069152832
44.44294738769531
24.274742126464844
32.632591247558594
20.47159767150879
27.64671516418457
29.11788558959961
24.748275756835938
21.678531646728516
51.107582092285156
25.247468948364258
16.258277893066406
35.739200592041016
11.045029640197754
22.034791946411133
30.436351776123047
33.263057708740234
24.561386108398438
23.502670288085938
57.644901275634766
31.801883697509766
8.800647735595703
37.79574203491211
30.973636627197266
24.420795440673828
29.710954666137695
11.02922248840332
30.157310485839844
30.36614227294922
19.403850555419922
35.68882751464844
23.49128532409668
24.293087005615234
37.43642807006836
23.40736198425293
21.730497360229492
17.235963821411133
25.167917251586914
16.359283447265625
35.84254455566406
21.77581787109375
35.525177001953125
20.591989517211914
33.37159729003906
37.330448150634766
10.972463607788086
24.073713302612305
34.358795166015625
28.622705459594727
30.224546432495117
19.543907165527344
15.781438827514648
19.553951263427734
40.379173278808594
10.436984062194824
13.388343811035156
24.528371810913086
40.1936149597168
31.454856872558594
39.395511627197266
27.02427101135254
31.032207489013672
43.49350357055664
36.36903762817383
45.32683563232422
57.00957489013672
42.432918548583984
17.168424606323242
30.572772979736328
29.423437118530273
30.02469825744629
46.115325927734375
15.717713356018066
32.067142486572266
51.104034423828125
22.992782592773438
9.43853759765625
44.45519256591797
10.388387680053711
26.355806350708008
23.32070541381836
25.472135543823242
21.07379150390625
26.61228370666504
21.764596939086914
26.14665412902832
47.3326530456543
20.76518440246582
15.342255592346191
57.143245697021484
16.220067977905273
20.86408805847168
27.331735610961914
19.550853729248047
14.458553314208984
35.953514099121094
44.17487335205078
12.707314491271973
31.888877868652344
42.682186126708984
5.102214336395264
32.82377243041992
29.597841262817383
21.543235778808594
32.75025939941406
12.94289779663086
26.949607849121094
18.038488388061523
37.440406799316406
33.19657897949219
32.3806266784668
12.653898239135742
22.369508743286133
23.815752029418945
40.655982971191406
17.140304565429688
22.19239616394043
38.413902282714844
17.448596954345703
33.189998626708984
38.2775993347168
18.437376022338867
22.43783950805664
21.87928009033203
20.927825927734375
19.832895278930664
25.9779052734375
21.129884719848633
14.462124824523926
17.371213912963867
16.006229400634766
15.491118431091309
1.7679708003997803
57.16484069824219
24.771011352539062
28.19640350341797
23.280048370361328
37.0491828918457
32.22188949584961
29.512121200561523
33.480228424072266
31.687150955200195
9.987122535705566
30.115982055664062
30.936433792114258
16.05539321899414
28.922266006469727
49.32777404785156
34.15531921386719
33.061607360839844
33.03122329711914
17.942493438720703
23.947969436645508
32.540313720703125
4.551905632019043
23.21175765991211
30.610275268554688
27.29109764099121
8.320954322814941
20.67154312133789
30.892724990844727
38.211483001708984
34.77669143676758
24.49660301208496
36.92179870605469
36.66088104248047
39.02257537841797
29.90057945251465
33.2226676940918
19.83641815185547
34.232234954833984
24.746828079223633
21.037813186645508
39.672794342041016
52.23558807373047
45.525352478027344
27.48050308227539
41.41798400878906
53.72933578491211
25.781288146972656
16.758567810058594
18.691381454467773
6.105710506439209
44.101810455322266
21.108173370361328
19.813447952270508
50.79684829711914
29.301700592041016
15.184494972229004
19.19916534423828
31.652563095092773
50.10214614868164
33.55064010620117
25.925344467163086
35.91777801513672
27.500438690185547
15.29248332977295
38.064029693603516
49.732357025146484
20.86937713623047
14.200085639953613
18.96780014038086
26.178390502929688
20.1179256439209
21.40949821472168
37.110939025878906
24.7343692779541
31.811452865600586
27.340980529785156
45.679443359375
37.45648956298828
37.34068298339844
37.97465515136719
36.97576141357422
27.47618293762207
40.454994201660156
21.1866512298584
23.81049156188965
23.16039276123047
24.768993377685547
40.63190841674805
35.60861587524414
34.53324508666992
30.65182876586914
44.41012191772461
44.18601608276367
52.00469970703125
30.47788429260254
31.18482208251953
45.48624038696289
20.059953689575195
23.06334686279297
12.187626838684082
47.247314453125
35.0877685546875
51.563629150390625
22.423913955688477
20.827762603759766
13.310863494873047
23.272045135498047
42.71150588989258
45.4617805480957
33.30021286010742
53.431312561035156
10.676372528076172
34.7314338684082
20.976716995239258
31.78936767578125
43.417449951171875
20.942028045654297
44.11067199707031
35.09876251220703
32.131046295166016
31.026386260986328
44.28522491455078
34.296199798583984
46.330604553222656
31.77572250366211
9.686358451843262
23.058589935302734
19.443140029907227
25.270334243774414
19.5711612701416
31.33880043029785
27.875946044921875
17.474308013916016
33.1735954284668
35.596553802490234
24.690967559814453
19.285451889038086
19.40191078186035
23.859792709350586
12.430768013000488
47.42333984375
16.80377960205078
31.915464401245117
35.772422790527344
42.4294319152832
17.80694580078125
45.74715042114258
35.19426727294922
57.145965576171875
25.325580596923828
40.22893524169922
22.74774169921875
25.401029586791992
50.23377990722656
34.29452133178711
8.985344886779785
17.983566284179688
32.91225051879883
26.014446258544922
25.353565216064453
44.21589279174805
28.677804946899414
34.63865661621094
32.508731842041016
42.34686279296875
12.253588676452637
33.81270217895508
33.637718200683594
10.163152694702148
18.185890197753906
18.813636779785156
36.21672439575195
37.04325485229492
39.363487243652344
37.54179000854492
31.77672004699707
28.063175201416016
25.744037628173828
12.537320137023926
16.79334259033203
17.421934127807617
35.7734260559082
50.33829879760742
37.87294006347656
14.920317649841309
4.03929328918457
38.6683349609375
34.33773422241211
39.42365264892578
31.276033401489258
18.707807540893555
23.425865173339844
41.81807327270508
55.35505294799805
19.667999267578125
40.73281478881836
28.517940521240234
45.40528106689453
39.00665283203125
41.60124969482422
16.51407814025879
28.240741729736328
35.76813507080078
18.607593536376953
24.606903076171875
27.07925796508789
25.76274299621582
15.081121444702148
11.336418151855469
23.462743759155273
21.858901977539062
44.32311248779297
29.78274154663086
35.78575897216797
27.981767654418945
47.33805465698242
25.332534790039062
52.22771072387695
32.84382247924805
34.84593963623047
31.53810691833496
31.693735122680664
43.911739349365234
36.81709289550781
9.66881275177002
44.23945999145508
28.676382064819336
32.177860260009766
16.049793243408203
25.47353744506836
17.389225006103516
18.85671615600586
17.158178329467773
30.761804580688477
15.041053771972656
32.35124969482422
56.96302795410156
48.54840850830078
25.149442672729492
44.02762222290039
36.35193634033203
26.161027908325195
55.370487213134766
6.878968238830566
21.38438606262207
18.896236419677734
44.077423095703125
19.384212493896484
39.05931854248047
28.185577392578125
18.44558334350586
28.890424728393555
16.941635131835938
18.147184371948242
20.64333152770996
