44.99422836303711
44.499183654785156
64.91844177246094
49.465030670166016
52.11342239379883
27.857498168945312
29.827972412109375
26.60479164123535
56.220027923583984
35.536434173583984
9.94430160522461
39.670867919921875
54.725215911865234
24.41327476501465
31.754377365112305
79.86421966552734
31.820650100708008
28.59503746032715
47.73186111450195
38.93326187133789
51.54027557373047
32.16545104980469
74.64348602294922
16.706480026245117
35.4675407409668
63.333160400390625
34.256439208984375
54.02652359008789
56.789833068847656
50.21009063720703
47.09044647216797
27.874557495117188
49.731082916259766
53.3144416809082
37.44757843017578
72.22655487060547
43.15715789794922
48.638816833496094
51.97470474243164
68.67642211914062
37.74665069580078
42.401939392089844
101.24504089355469
53.844112396240234
44.821197509765625
14.998546600341797
40.61277770996094
37.947715759277344
54.55974197387695
68.51695251464844
44.67599105834961
28.57819175720215
45.5711555480957
44.626705169677734
54.4648551940918
50.67510223388672
31.080537796020508
44.261260986328125
63.36323928833008
51.61497497558594
45.03789520263672
35.00774002075195
58.5451545715332
45.80098342895508
47.215049743652344
34.21131134033203
36.14410400390625
58.921112060546875
72.2081527709961
37.53757858276367
52.45149230957031
30.069068908691406
60.381561279296875
54.63496398925781
27.35062026977539
28.12496566772461
29.475526809692383
67.44449615478516
35.329833984375
52.46082305908203
58.81865310668945
43.98501968383789
54.716575622558594
50.8902702331543
10.4389009475708
36.72294998168945
32.67319869995117
37.49203109741211
59.754188537597656
28.75565528869629
53.70620346069336
41.4048957824707
48.0615348815918
51.90004348754883
21.319229125976562
27.281064987182617
35.01932144165039
64.5259780883789
30.93263053894043
31.61604881286621
39.788307189941406
59.98281478881836
47.57828903198242
39.12594985961914
45.36982727050781
61.89901351928711
51.2624626159668
43.686866760253906
19.246566772460938
46.32675552368164
27.712268829345703
26.421363830566406
68.15310668945312
49.607662200927734
68.73574829101562
31.809667587280273
33.93341064453125
51.11985397338867
58.38380432128906
57.898311614990234
34.13774490356445
26.147930145263672
35.45560836791992
26.18393898010254
43.546085357666016
31.44994354248047
49.06357955932617
41.62434387207031
52.6796989440918
71.75535583496094
56.73005294799805
40.70827102661133
39.289703369140625
57.83633041381836
55.50136947631836
41.58778381347656
30.2495059967041
47.95424270629883
33.81230163574219
32.88246154785156
50.006980895996094
45.876670837402344
74.22649383544922
34.13743591308594
26.579910278320312
51.66944122314453
42.499141693115234
57.90755081176758
62.9721565246582
32.324005126953125
61.392208099365234
40.943946838378906
44.464149475097656
33.942535400390625
40.04379653930664
48.423500061035156
36.111534118652344
39.61961364746094
14.732605934143066
33.13763427734375
63.42242431640625
46.43201446533203
59.64244842529297
60.0297966003418
83.3537368774414
70.80146789550781
29.881078720092773
49.08467102050781
44.89900588989258
44.01693344116211
43.05070877075195
48.09412384033203
44.70030212402344
59.15985107421875
6.431863307952881
31.538333892822266
76.61888885498047
27.00756072998047
45.73851013183594
39.066829681396484
17.806278228759766
37.444374084472656
46.34644317626953
40.206172943115234
70.90338134765625
73.30599975585938
42.26722717285156
43.92853546142578
25.42983627319336
54.96442413330078
66.80850219726562
31.8772029876709
65.85415649414062
48.91482162475586
41.19994354248047
51.85193634033203
52.250614166259766
67.75933837890625
32.82478713989258
36.90993881225586
50.11579895019531
71.47073364257812
45.59572219848633
47.226905822753906
48.49523162841797
30.875572204589844
25.654836654663086
34.313194274902344
35.33145523071289
31.51112174987793
57.777801513671875
23.434526443481445
66.47187042236328
34.03994369506836
38.788639068603516
31.882484436035156
34.767555236816406
49.054351806640625
35.783512115478516
50.314029693603516
84.60526275634766
7.086094856262207
37.96638870239258
38.27817153930664
39.6591682434082
44.72494888305664
44.32682800292969
37.463375091552734
38.589317321777344
38.73068618774414
52.371490478515625
43.54641342163086
26.105619430541992
39.87057876586914
52.0911750793457
75.60468292236328
58.056671142578125
37.739009857177734
37.714996337890625
48.90325164794922
46.66933822631836
40.75929260253906
62.49156188964844
33.9089241027832
58.13357925415039
42.49177551269531
55.33985900878906
51.94844055175781
61.802337646484375
25.2421932220459
61.64788818359375
39.77293014526367
58.3535270690918
56.41469192504883
44.30595016479492
50.06291580200195
43.16252899169922
64.14702606201172
75.73140716552734
62.224876403808594
96.61598205566406
59.872955322265625
47.50868225097656
26.094036102294922
34.00835037231445
38.539554595947266
65.1495361328125
49.144901275634766
36.7898063659668
36.64124298095703
57.638084411621094
17.495800018310547
42.216163635253906
67.39289093017578
29.94157600402832
18.323163986206055
66.32014465332031
39.506404876708984
63.5261116027832
73.39702606201172
47.15887451171875
83.65501403808594
64.76885223388672
67.93434143066406
63.53911590576172
39.19807052612305
4.180898666381836
59.734153747558594
27.745119094848633
32.17734909057617
48.00852584838867
48.15293884277344
35.747982025146484
60.83638000488281
40.3568115234375
32.076011657714844
46.989402770996094
49.562232971191406
45.419429779052734
31.732431411743164
52.98648452758789
53.11445617675781
70.38034057617188
20.728994369506836
31.006738662719727
49.12067794799805
48.73670196533203
52.53434753417969
39.393043518066406
63.31806564331055
20.811279296875
43.669071197509766
47.817596435546875
31.82374382019043
70.81161499023438
49.817195892333984
43.69541931152344
51.44473648071289
53.4660530090332
58.90892028808594
46.36309051513672
39.34443283081055
38.67866134643555
35.98126220703125
57.2728271484375
45.7125244140625
63.845855712890625
44.92939758300781
27.018091201782227
46.88232421875
62.40972900390625
53.12034606933594
53.24641036987305
30.725095748901367
56.91059875488281
28.76282501220703
73.3934097290039
48.8503532409668
15.264583587646484
50.96129608154297
61.01567077636719
65.83272552490234
65.6100845336914
61.12563705444336
47.81267166137695
62.71208572387695
71.59574127197266
66.71479797363281
43.91364669799805
46.52686309814453
60.642242431640625
55.121883392333984
81.75465393066406
47.3731575012207
56.73454284667969
46.14849853515625
51.72535705566406
36.89171600341797
54.642337799072266
32.69889450073242
36.73869705200195
52.12641143798828
48.37166213989258
54.20972442626953
45.65610122680664
63.32017517089844
65.74765014648438
51.03853988647461
34.752384185791016
55.16393280029297
47.71085739135742
30.147920608520508
50.67506408691406
27.68731689453125
46.69723892211914
54.12263870239258
40.90746307373047
55.85244369506836
42.80853271484375
42.29600143432617
37.242088317871094
34.865482330322266
46.507362365722656
41.054561614990234
58.82839584350586
61.10888671875
45.94174575805664
52.305057525634766
40.716033935546875
71.45980072021484
77.61079406738281
51.71904754638672
52.235748291015625
73.0154037475586
73.5947036743164
37.01185607910156
39.87807083129883
49.06978988647461
67.9736099243164
57.07209777832031
48.275779724121094
57.675697326660156
54.28984832763672
39.118995666503906
46.16032791137695
23.57794761657715
38.964412689208984
53.320167541503906
54.36700439453125
29.847999572753906
65.77861785888672
35.21835708618164
42.60610580444336
36.76601028442383
66.6547622680664
43.78681945800781
68.42656707763672
45.37871551513672
44.019107818603516
20.899702072143555
60.228240966796875
38.9100341796875
22.481491088867188
34.99396514892578
63.07306671142578
44.434906005859375
50.70843505859375
63.762298583984375
69.08903503417969
42.80064392089844
32.294044494628906
52.84951400756836
32.70014572143555
44.94009017944336
67.76480102539062
47.46673583984375
49.010379791259766
48.16667556762695
30.7274169921875
42.55175018310547
49.25082015991211
45.67839813232422
36.815216064453125
51.838619232177734
38.82090759277344
33.00579833984375
57.564170837402344
45.24605178833008
28.712675094604492
32.09176254272461
72.37187194824219
41.19111251831055
72.00647735595703
36.705257415771484
66.0307388305664
39.39861297607422
41.23526382446289
89.26460266113281
73.15096282958984
41.76630401611328
44.654727935791016
44.823692321777344
30.387914657592773
23.33770751953125
56.869834899902344
60.221988677978516
64.2691421508789
62.00190353393555
29.70978355407715
30.05868911743164
29.381877899169922
12.591059684753418
41.164886474609375
70.38104248046875
39.884559631347656
61.050865173339844
46.26055908203125
44.00551223754883
63.73093795776367
49.38483428955078
60.00566101074219
33.598812103271484
39.341548919677734
41.268943786621094
75.42628479003906
30.536035537719727
25.229448318481445
34.29780197143555
37.9759635925293
34.68297576904297
50.9015007019043
45.723140716552734
63.96207809448242
65.78429412841797
29.331989288330078
45.934104919433594
54.883968353271484
53.10560989379883
27.575315475463867
28.305788040161133
58.11336898803711
27.116682052612305
41.347862243652344
43.662357330322266
28.472867965698242
22.139347076416016
28.20218849182129
31.07149887084961
43.80240249633789
41.26687240600586
30.60894012451172
65.77848052978516
39.613067626953125
39.47332000732422
46.84980392456055
39.069637298583984
36.406211853027344
31.950132369995117
70.22357177734375
51.42431640625
22.05885124206543
27.765268325805664
23.782730102539062
57.54375457763672
35.63373947143555
68.6150131225586
40.272613525390625
45.48689651489258
60.816349029541016
42.55405807495117
39.39781188964844
51.172245025634766
50.75749969482422
58.540191650390625
73.55537414550781
50.72285461425781
43.03110122680664
48.77144241333008
44.06814956665039
59.41642379760742
96.54767608642578
13.49030876159668
27.575992584228516
45.383724212646484
49.5189323425293
40.10984420776367
30.41594696044922
38.56069564819336
30.382770538330078
40.08984375
46.909183502197266
30.51788330078125
59.72105407714844
35.25810241699219
55.47286605834961
47.16074752807617
46.24005889892578
41.05523681640625
46.60786437988281
12.032320976257324
51.09171676635742
43.59535598754883
80.57296752929688
51.449642181396484
35.443016052246094
43.82489013671875
17.95328140258789
54.710105895996094
77.30905151367188
53.85507583618164
38.93220901489258
46.863929748535156
39.87662124633789
35.74824142456055
40.30946731567383
34.47903823852539
60.27834701538086
31.55187225341797
55.91949462890625
45.0074348449707
36.23463439941406
67.91439056396484
41.82528305053711
46.4985466003418
62.49723815917969
61.93539047241211
64.7442398071289
53.25973892211914
25.03839111328125
26.009241104125977
41.05925369262695
41.01032257080078
42.251434326171875
57.213993072509766
68.93359375
40.59683609008789
27.7230281829834
16.577409744262695
54.421417236328125
37.824005126953125
70.58261108398438
30.21160888671875
39.45695877075195
73.4278335571289
58.183780670166016
58.90049362182617
50.590553283691406
40.97383499145508
53.50469970703125
47.489871978759766
19.682193756103516
57.802734375
40.8316764831543
35.32227325439453
42.30727767944336
72.0681381225586
39.73801803588867
59.736873626708984
38.668609619140625
50.23923110961914
43.63032150268555
66.9542465209961
57.02635955810547
43.693824768066406
54.266937255859375
24.673538208007812
51.29914093017578
37.37369155883789
63.324676513671875
67.27409362792969
35.24176788330078
35.80815505981445
52.057884216308594
36.84036636352539
34.93996047973633
29.377859115600586
15.18136978149414
48.78115463256836
49.84218978881836
23.597673416137695
62.95669937133789
50.01483154296875
40.05971145629883
12.4107027053833
53.78387451171875
50.95491027832031
35.0271110534668
44.84348678588867
28.396276473999023
22.54110336303711
24.510160446166992
68.22107696533203
29.071443557739258
38.57500457763672
56.90049362182617
77.95891571044922
30.55953025817871
63.21820831298828
69.2821044921875
37.78683853149414
41.143489837646484
33.91571807861328
40.79157257080078
61.227630615234375
30.51441192626953
62.94490432739258
53.58524703979492
32.2558708190918
72.33690643310547
64.30398559570312
27.58321762084961
53.49873733520508
16.23733139038086
48.30705261230469
40.400474548339844
46.72126388549805
56.25522994995117
20.520217895507812
29.758148193359375
36.19617462158203
22.99188995361328
51.49334716796875
47.36479949951172
58.057350158691406
57.72835159301758
33.89871597290039
32.34481430053711
27.964622497558594
45.20747375488281
18.228269577026367
42.061527252197266
35.453834533691406
64.29214477539062
25.930286407470703
64.74633026123047
38.2332878112793
41.339168548583984
37.79683303833008
28.883581161499023
27.453012466430664
44.14564895629883
28.61124610900879
75.7709732055664
60.701873779296875
50.55854415893555
41.37022399902344
27.232513427734375
51.51698684692383
58.05291748046875
20.10027503967285
41.32356643676758
27.869197845458984
35.77181625366211
44.872276306152344
64.23646545410156
49.610599517822266
68.8837890625
40.14678192138672
62.418128967285156
76.25237274169922
45.05914306640625
54.87300491333008
38.081634521484375
47.716896057128906
62.58677673339844
33.991912841796875
29.520883560180664
84.82054901123047
38.53995132446289
49.2108039855957
34.749061584472656
20.870363235473633
29.34758186340332
55.5392951965332
38.18566131591797
56.706912994384766
39.50014114379883
37.259212493896484
44.44677734375
55.950077056884766
59.2048454284668
19.222854614257812
40.601070404052734
22.78352165222168
50.96214294433594
42.55647277832031
46.259796142578125
75.30298614501953
26.972755432128906
32.30316162109375
39.835845947265625
44.3002815246582
39.484230041503906
71.91512298583984
65.24474334716797
59.03767776489258
29.052780151367188
74.50666809082031
45.33937454223633
46.63926696777344
20.600393295288086
52.85272216796875
33.279083251953125
47.8274040222168
58.324302673339844
43.40357208251953
48.09535217285156
55.980010986328125
52.87607192993164
24.420330047607422
35.961307525634766
69.12415313720703
32.75927734375
63.38780212402344
38.610111236572266
52.99870300292969
66.08345794677734
33.74775695800781
76.82551574707031
45.68558120727539
39.588985443115234
44.55974578857422
50.983642578125
37.35374450683594
52.63361358642578
50.45981216430664
42.51826477050781
19.779422760009766
11.8885498046875
57.46048355102539
49.225528717041016
42.02779769897461
69.04171752929688
62.0494270324707
5.262054443359375
39.38908767700195
48.798702239990234
30.789724349975586
33.34485626220703
47.73564910888672
60.25728225708008
48.142608642578125
41.814151763916016
42.31110763549805
17.513660430908203
49.65350341796875
66.06208038330078
46.488670349121094
67.54608917236328
53.7630500793457
54.02268600463867
90.19159698486328
36.51897430419922
52.980648040771484
45.43511199951172
59.27964782714844
52.04486846923828
67.96660614013672
35.96206283569336
49.37551498413086
48.715694427490234
43.70498275756836
89.959228515625
68.81425476074219
52.49045181274414
73.34019470214844
48.14494323730469
30.686126708984375
55.213157653808594
48.53814697265625
44.93415832519531
51.5932502746582
59.26727294921875
30.657175064086914
46.521183013916016
32.5142936706543
38.609737396240234
18.69436264038086
27.127805709838867
40.94620132446289
51.568702697753906
53.830322265625
51.04598617553711
24.695241928100586
41.48005676269531
12.104013442993164
43.24554443359375
40.082916259765625
62.95655059814453
69.07195281982422
69.44808197021484
74.87065124511719
48.967010498046875
48.35137939453125
32.963722229003906
36.66456604003906
51.24985122680664
69.25599670410156
36.620513916015625
46.54058074951172
54.166709899902344
51.82403564453125
31.443191528320312
46.85380935668945
57.82476806640625
19.88648796081543
63.30259704589844
35.80376434326172
60.87071228027344
50.56865692138672
37.05172348022461
44.92376708984375
41.622493743896484
42.00770568847656
43.412498474121094
65.2831039428711
42.84687805175781
48.55881118774414
56.07035827636719
49.96215057373047
38.80250549316406
32.0679817199707
48.13816452026367
29.45981788635254
46.006866455078125
24.86355972290039
59.02408218383789
22.331829071044922
35.12624740600586
47.58079147338867
38.609901428222656
53.60776901245117
41.14958572387695
31.253507614135742
43.31732940673828
26.783506393432617
35.918235778808594
47.57070541381836
35.678314208984375
71.61970520019531
66.21446990966797
43.06989288330078
39.850990295410156
28.396560668945312
40.20596694946289
24.029401779174805
50.97793960571289
39.44132614135742
57.31153869628906
55.66006088256836
44.549888610839844
12.568432807922363
17.03594970703125
83.9093246459961
51.95886993408203
37.0787353515625
51.56821823120117
44.760467529296875
33.747833251953125
43.435970306396484
32.07843017578125
66.77323150634766
60.75405502319336
48.508140563964844
36.73896408081055
42.68281555175781
37.554779052734375
39.60935974121094
49.407344818115234
35.47435760498047
66.92156219482422
36.881004333496094
62.95139694213867
71.2815170288086
34.120155334472656
55.19609451293945
21.212207794189453
49.546241760253906
48.474754333496094
16.53538703918457
64.45236206054688
52.80073928833008
47.04396057128906
24.945987701416016
29.781951904296875
50.53840255737305
52.87217330932617
50.34332275390625
38.8770866394043
44.45058059692383
31.269338607788086
78.87001037597656
32.333091735839844
65.12496948242188
65.8199691772461
71.60460662841797
35.535404205322266
31.523761749267578
45.62016677856445
27.721769332885742
56.53866195678711
85.05730438232422
65.09260559082031
58.27180480957031
33.84046173095703
25.214344024658203
19.58970832824707
61.00170135498047
76.03189849853516
71.8446044921875
40.209228515625
69.93994140625
27.391691207885742
41.99443054199219
45.97246551513672
56.352657318115234
48.216278076171875
28.786518096923828
28.248199462890625
51.47774124145508
30.998666763305664
43.451316833496094
50.773033142089844
22.61667251586914
46.41310119628906
12.423200607299805
23.249858856201172
61.543975830078125
73.53404235839844
59.603031158447266
49.99314498901367
38.549560546875
92.30730438232422
51.14528274536133
54.068603515625
70.85086822509766
38.6049919128418
12.341996192932129
43.0853271484375
35.49816131591797
37.365936279296875
40.2784309387207
47.16275405883789
42.823421478271484
28.297283172607422
48.02897644042969
38.93196105957031
56.39834213256836
27.278879165649414
48.94902420043945
49.52305221557617
48.27738952636719
45.367923736572266
78.2755126953125
66.68097686767578
32.66870880126953
34.22360610961914
49.81623077392578
43.59128952026367
76.96417999267578
24.873605728149414
49.01045608520508
55.88496780395508
29.846473693847656
34.2476692199707
45.39263916015625
49.54004669189453
47.86140441894531
46.83168411254883
16.218868255615234
54.88362121582031
32.339942932128906
29.330276489257812
35.86574935913086
35.749794006347656
60.14807891845703
63.4317626953125
50.5495719909668
56.124794006347656
37.09239196777344
42.948448181152344
57.4403190612793
65.45054626464844
50.50510787963867
48.312400817871094
29.65460968017578
38.61111068725586
75.30087280273438
71.32884979248047
25.947092056274414
44.80878829956055
75.62278747558594
39.551025390625
54.918418884277344
66.03982543945312
41.599510192871094
32.390647888183594
26.316465377807617
39.676048278808594
47.92884826660156
53.65068817138672
57.80326461791992
33.069190979003906
47.00498580932617
55.46748352050781
35.8878173828125
61.62952423095703
33.019222259521484
69.41817474365234
57.29481506347656
43.74905776977539
55.42645263671875
43.5125846862793
31.877962112426758
58.37306213378906
35.64096450805664
52.63112258911133
39.52246856689453
18.7498779296875
35.41164016723633
59.115020751953125
33.685874938964844
64.70680236816406
44.11541748046875
16.65550994873047
52.99620819091797
26.561857223510742
46.031837463378906
54.38196563720703
54.943206787109375
52.37593460083008
51.232337951660156
53.219783782958984
49.944236755371094
14.365245819091797
45.37345504760742
44.16716766357422
48.26136016845703
29.86009979248047
40.790714263916016
50.40699768066406
60.370201110839844
30.454132080078125
55.198974609375
55.47161102294922
74.54313659667969
53.771793365478516
74.97447204589844
34.67325210571289
33.05101013183594
38.07123947143555
33.62607955932617
50.49604797363281
46.50263977050781
37.12000274658203
52.66543197631836
70.76660919189453
40.18094253540039
50.15360641479492
32.35572052001953
74.13807678222656
47.26341247558594
40.73390197753906
39.9730110168457
34.18461227416992
29.562532424926758
36.568397521972656
56.83320236206055
19.341463088989258
47.16372299194336
65.7640609741211
31.199548721313477
38.82136154174805
60.530025482177734
25.81608009338379
71.72021484375
42.338768005371094
27.077709197998047
25.711734771728516
84.8135986328125
50.8697509765625
59.67434310913086
40.091712951660156
74.37004852294922
73.09410095214844
52.574745178222656
21.30824089050293
64.5127944946289
29.14898109436035
41.02512741088867
51.486572265625
32.188133239746094
52.0353889465332
42.337249755859375
42.659488677978516
61.26605987548828
45.55910110473633
41.70155715942383
43.07502365112305
35.618812561035156
50.06661605834961
60.33580017089844
38.72737121582031
34.623043060302734
50.604591369628906
39.73038101196289
37.99504470825195
47.76911163330078
24.321292877197266
59.475955963134766
22.259775161743164
31.180971145629883
47.13150405883789
45.09934997558594
36.04924011230469
28.158405303955078
51.958763122558594
54.21886444091797
36.75455093383789
54.42247772216797
57.0358772277832
52.82766342163086
50.252540588378906
52.582794189453125
81.03516387939453
59.53563690185547
64.37396240234375
61.975074768066406
55.754512786865234
59.87492752075195
53.868736267089844
44.12821960449219
51.88378143310547
45.450592041015625
22.90679931640625
55.44839859008789
61.637203216552734
57.68749237060547
34.69349670410156
32.348670959472656
41.01527786254883
56.187740325927734
28.536540985107422
100.3914794921875
21.159273147583008
21.697113037109375
56.463470458984375
67.19660186767578
20.074909210205078
32.14060592651367
31.139541625976562
52.312652587890625
33.9750862121582
60.008827209472656
56.347835540771484
69.05218505859375
63.842987060546875
65.5307388305664
53.785850524902344
46.88407897949219
15.143832206726074
45.363128662109375
47.757110595703125
34.99001693725586
33.8846549987793
52.05245590209961
28.64375114440918
29.410449981689453
34.79964065551758
56.35407638549805
46.348567962646484
54.5345573425293
31.043664932250977
29.347829818725586
40.38693618774414
34.498348236083984
46.33332443237305
38.287994384765625
86.53756713867188
47.6912956237793
43.60099792480469
44.50666427612305
71.6198959350586
80.20970916748047
60.2706413269043
26.885757446289062
22.289134979248047
48.31736373901367
40.47175979614258
69.6256332397461
32.13269805908203
66.57626342773438
46.38230514526367
34.792396545410156
38.24323654174805
36.23257827758789
63.17341995239258
45.797523498535156
46.66936111450195
74.0519790649414
56.199119567871094
29.632247924804688
53.22545623779297
28.89583396911621
34.89573669433594
49.1461067199707
55.37258529663086
58.79144287109375
35.88566207885742
20.446434020996094
26.858745574951172
37.44024658203125
32.7338752746582
36.79793930053711
32.39008331298828
49.01325607299805
52.950950622558594
39.00514221191406
64.71478271484375
49.57683563232422
58.52166748046875
47.21592330932617
81.11849975585938
21.93960189819336
39.723541259765625
44.1560173034668
50.1984748840332
49.20738983154297
84.85740661621094
62.131404876708984
60.70765686035156
31.73757553100586
41.903751373291016
55.90767288208008
28.270034790039062
68.7304916381836
68.22200012207031
42.397647857666016
25.357641220092773
32.967281341552734
47.63483810424805
68.98965454101562
21.897430419921875
56.74348831176758
41.076263427734375
66.4712905883789
47.07301330566406
51.384002685546875
60.70310592651367
46.03656768798828
40.05223083496094
53.95158767700195
43.174320220947266
57.14099884033203
19.35796546936035
43.698944091796875
54.983978271484375
67.79029846191406
30.53207015991211
60.91664505004883
67.95954132080078
46.09003829956055
24.50190544128418
50.52457809448242
10.660993576049805
62.14270782470703
52.63737487792969
38.256126403808594
54.21902084350586
70.98523712158203
40.79292678833008
49.971683502197266
41.794368743896484
31.201780319213867
52.25135803222656
49.534515380859375
36.4827995300293
47.915687561035156
35.276241302490234
26.111242294311523
42.18172073364258
73.75654602050781
62.078346252441406
30.5695743560791
44.916786193847656
54.18741989135742
22.338483810424805
40.16947555541992
58.97205352783203
33.290428161621094
44.06632995605469
25.717823028564453
51.98667907714844
44.35597229003906
55.38218688964844
23.208797454833984
37.93006134033203
31.22049331665039
36.19168472290039
35.70336151123047
50.555057525634766
53.1529655456543
51.30730056762695
58.02406692504883
51.17523956298828
39.4890022277832
59.61159896850586
30.320926666259766
48.310020446777344
58.06883239746094
43.270225524902344
38.18043899536133
45.128822326660156
35.22372817993164
46.81780242919922
58.97645568847656
35.66443634033203
64.4407730102539
28.277854919433594
81.44151306152344
33.51264190673828
22.739225387573242
20.84907341003418
25.12837791442871
39.595603942871094
37.30771255493164
43.02504348754883
32.37373733520508
50.21293640136719
26.261859893798828
37.17403030395508
23.10042953491211
38.80403137207031
47.88551712036133
43.13916778564453
18.67302703857422
62.81617736816406
58.32950973510742
11.015462875366211
44.027103424072266
55.41830825805664
54.20009231567383
30.574472427368164
45.98583221435547
54.951656341552734
70.55303192138672
29.211252212524414
46.06513977050781
55.464111328125
40.58592987060547
45.08077621459961
31.94620132446289
32.28075408935547
28.672746658325195
58.775184631347656
45.66294479370117
40.064735412597656
35.58739471435547
33.13220977783203
19.090988159179688
46.07346725463867
61.690773010253906
60.460514068603516
40.18227005004883
46.14556884765625
46.89575958251953
64.80673217773438
37.65156555175781
51.92206573486328
33.50382995605469
18.908700942993164
57.483314514160156
53.338279724121094
30.55994987487793
71.59364318847656
62.984066009521484
51.81956100463867
66.5809326171875
55.126731872558594
64.68305206298828
34.0950927734375
49.708587646484375
25.763124465942383
51.76922607421875
75.76239013671875
42.34358215332031
36.51700973510742
18.68511199951172
40.89802932739258
63.7710075378418
42.40532684326172
37.60530090332031
42.42473602294922
56.31058883666992
36.08500671386719
45.09762191772461
47.294281005859375
52.975746154785156
44.762046813964844
54.35200500488281
54.791664123535156
50.76280212402344
36.856109619140625
59.92072296142578
29.413789749145508
49.67525100708008
35.1545295715332
21.651443481445312
74.09764862060547
58.964569091796875
50.957942962646484
42.82755661010742
12.785386085510254
68.1766586303711
60.785831451416016
39.588226318359375
78.30408477783203
46.78194808959961
60.98792266845703
44.3207893371582
43.545833587646484
39.18754959106445
16.624324798583984
57.70329284667969
61.76787567138672
29.411762237548828
50.19205093383789
55.094295501708984
42.389404296875
52.70876693725586
39.35266876220703
81.6056137084961
40.56949996948242
38.97077941894531
18.765443801879883
28.188459396362305
57.798770904541016
93.21517944335938
35.031253814697266
50.79838943481445
59.036808013916016
55.19195556640625
42.831817626953125
45.975555419921875
39.615478515625
33.34360885620117
56.56734848022461
26.780838012695312
29.006568908691406
51.27873229980469
50.41904830932617
34.424129486083984
55.22114562988281
33.475826263427734
54.13954162597656
68.39827728271484
66.15069580078125
62.17792892456055
27.721412658691406
36.01142120361328
53.80092239379883
57.8061408996582
79.90150451660156
57.359004974365234
32.86039352416992
58.728267669677734
40.26607894897461
10.537640571594238
31.687484741210938
23.440046310424805
40.04325866699219
63.345558166503906
54.90174102783203
61.104705810546875
52.816253662109375
48.12919235229492
53.69843673706055
32.24124526977539
58.80430603027344
43.147762298583984
45.58710479736328
47.460060119628906
55.47944259643555
44.84860610961914
32.36812210083008
43.68269729614258
39.53273391723633
70.89743041992188
39.57884979248047
25.190746307373047
35.27603530883789
46.660987854003906
38.5716552734375
64.38182067871094
45.911643981933594
56.13117599487305
41.253780364990234
51.19379425048828
44.88011932373047
27.690481185913086
53.44192886352539
24.43458366394043
57.740447998046875
70.99858093261719
57.56446838378906
30.582820892333984
29.890993118286133
35.41462707519531
60.947017669677734
27.000762939453125
76.44029235839844
57.04243469238281
34.0732421875
49.220985412597656
61.20624542236328
59.96465301513672
25.644311904907227
71.0057601928711
19.378372192382812
46.25959777832031
29.585294723510742
55.10438537597656
44.271602630615234
37.28300476074219
37.38564682006836
10.60168743133545
22.89448356628418
20.785362243652344
42.8006477355957
64.3095474243164
58.68973159790039
70.46874237060547
49.61285400390625
31.798816680908203
58.198909759521484
29.098148345947266
59.46691131591797
53.86457824707031
33.98695373535156
60.808773040771484
38.29443359375
31.466182708740234
27.096677780151367
31.938940048217773
27.762990951538086
8.11845588684082
16.582592010498047
52.696205139160156
39.083030700683594
51.159698486328125
38.519256591796875
64.03538513183594
44.92565155029297
22.734281539916992
50.54388427734375
45.07481384277344
46.82341003417969
49.860450744628906
43.63418960571289
72.36451721191406
30.20762825012207
24.722047805786133
55.89622497558594
52.64371109008789
77.11512756347656
40.672916412353516
38.94261169433594
62.88286209106445
35.198020935058594
31.67084503173828
56.29253005981445
31.907732009887695
71.01399993896484
26.158687591552734
22.483747482299805
31.21666717529297
40.98360824584961
44.29476547241211
47.84664535522461
47.037174224853516
56.571807861328125
45.772586822509766
28.92755889892578
44.740699768066406
60.03199768066406
60.97041702270508
45.69707107543945
43.67184066772461
61.0416145324707
72.76383209228516
62.047393798828125
16.493408203125
45.7932014465332
27.068004608154297
49.61790084838867
37.33865737915039
58.80757522583008
42.913536071777344
53.51188278198242
65.67081451416016
56.35121536254883
48.65550231933594
41.75525665283203
60.15431594848633
55.85297775268555
41.8282470703125
62.66149139404297
61.29357147216797
41.694461822509766
39.97239303588867
13.5578031539917
56.443119049072266
41.401832580566406
50.46441650390625
41.33149337768555
27.622333526611328
39.581207275390625
25.60340690612793
78.38578033447266
50.084346771240234
63.673404693603516
35.358036041259766
52.11833190917969
51.286380767822266
62.89463424682617
41.61703109741211
47.050296783447266
60.733638763427734
40.11083221435547
34.894325256347656
89.57980346679688
61.6413459777832
59.841590881347656
40.83346176147461
31.316055297851562
50.994285583496094
40.15108108520508
52.1093864440918
61.19154357910156
60.58174514770508
57.767417907714844
44.706119537353516
50.0869140625
35.43623352050781
25.838205337524414
39.391212463378906
61.23682403564453
67.64607238769531
72.17573547363281
38.352325439453125
45.83271026611328
58.58229446411133
69.23438262939453
71.67068481445312
30.10961151123047
54.943546295166016
52.22542953491211
53.05513000488281
54.27839279174805
38.819435119628906
27.191926956176758
28.881568908691406
53.49391555786133
32.52668380737305
18.21599006652832
24.3647518157959
67.96590423583984
40.6090202331543
44.0283203125
47.078086853027344
69.71804809570312
58.73705291748047
16.648178100585938
35.80007553100586
21.483692169189453
56.926048278808594
31.160491943359375
41.284645080566406
35.435752868652344
45.59762954711914
55.98673629760742
40.4589729309082
21.859952926635742
55.72250747680664
40.24775314331055
63.551856994628906
32.04383850097656
56.276344299316406
51.81035614013672
68.61283874511719
37.3191032409668
65.98429870605469
62.46456527709961
64.25228881835938
45.94762420654297
57.74739456176758
29.308012008666992
60.51849365234375
53.76685333251953
49.15567398071289
76.04190826416016
38.03547286987305
28.00136947631836
60.56660079956055
43.25181198120117
45.58216857910156
80.6025619506836
46.27549362182617
53.62053298950195
41.23810577392578
28.0645694732666
48.549964904785156
50.7700309753418
39.4962272644043
38.09503173828125
56.131011962890625
56.22581481933594
71.01875305175781
50.34074020385742
59.80710983276367
39.37923812866211
50.00056838989258
70.57774353027344
25.601593017578125
43.803104400634766
55.86928939819336
26.839447021484375
53.459625244140625
36.198463439941406
37.44635009765625
37.18961715698242
65.56511688232422
43.092655181884766
49.478939056396484
58.80826187133789
35.68622589111328
80.66315460205078
39.72759246826172
30.822633743286133
32.34109115600586
58.371910095214844
12.038036346435547
27.249431610107422
67.6406478881836
92.30694580078125
42.96049880981445
12.177419662475586
55.05525207519531
56.87968826293945
48.78432083129883
44.0383186340332
39.083072662353516
32.63193893432617
56.719139099121094
47.223045349121094
45.98876190185547
41.26378631591797
48.15351104736328
44.063087463378906
35.048709869384766
32.86258316040039
43.1771240234375
79.67188262939453
38.95271301269531
42.09788513183594
73.4618148803711
58.36862564086914
65.24864959716797
10.664057731628418
27.765480041503906
47.36802291870117
80.17231750488281
32.00617980957031
94.85301971435547
60.313053131103516
51.318241119384766
48.7633056640625
59.53728485107422
56.876644134521484
73.89237976074219
90.04532623291016
64.75172424316406
41.07817840576172
44.397605895996094
38.36290740966797
50.54240417480469
29.933961868286133
36.70912551879883
33.86342239379883
37.96546936035156
48.36720275878906
23.02760887145996
55.416019439697266
68.65019226074219
56.042903900146484
30.89215850830078
57.9453125
47.415645599365234
38.04816818237305
11.157509803771973
26.845306396484375
56.836360931396484
53.29292678833008
36.253936767578125
21.775789260864258
44.71238708496094
37.41188049316406
65.33544921875
66.98246765136719
50.3189811706543
39.86118698120117
54.78493118286133
58.02629089355469
62.27873229980469
24.08843994140625
51.39000701904297
43.051727294921875
35.87864685058594
20.508913040161133
69.57487487792969
48.57638168334961
45.184974670410156
77.9776382446289
58.289669036865234
73.60444641113281
53.00433349609375
37.40897750854492
81.37733459472656
32.825687408447266
29.717620849609375
68.20514678955078
45.08269500732422
29.979822158813477
70.7192611694336
25.793447494506836
30.810579299926758
46.3615837097168
37.17939376831055
38.45577621459961
50.145362854003906
21.80263900756836
71.71456909179688
47.07549285888672
48.51985549926758
52.47651672363281
56.599266052246094
56.51483917236328
48.5532341003418
76.70587158203125
38.31831741333008
25.197473526000977
77.8194808959961
43.147396087646484
55.742042541503906
30.546493530273438
40.63511276245117
71.74495697021484
47.73741912841797
41.3315544128418
40.494686126708984
26.84575843811035
22.09412956237793
60.65840148925781
38.81791305541992
40.66190719604492
22.521699905395508
35.08112335205078
47.60302734375
19.26304817199707
42.32767868041992
52.81308364868164
49.150047302246094
63.59868240356445
56.99961471557617
36.378231048583984
47.55663299560547
28.75890350341797
37.4802131652832
52.271915435791016
54.42611312866211
41.5939826965332
64.50680541992188
30.835430145263672
43.033748626708984
38.979000091552734
69.98799896240234
37.7923698425293
50.3255729675293
44.6727180480957
39.707489013671875
44.890968322753906
26.809478759765625
76.6849594116211
59.1560173034668
45.20997619628906
42.68975067138672
28.878650665283203
60.204933166503906
38.50802230834961
49.41603469848633
28.68840789794922
39.97837448120117
33.21772766113281
30.16960334777832
36.301570892333984
61.178428649902344
38.4820442199707
59.981101989746094
77.5177230834961
44.98262405395508
31.101360321044922
32.221710205078125
30.78798484802246
49.46306610107422
42.574188232421875
21.522951126098633
43.16581344604492
64.62794494628906
16.90890884399414
28.585670471191406
52.57967758178711
58.8087272644043
54.77342224121094
59.164337158203125
38.021812438964844
40.31985092163086
49.609580993652344
33.49201202392578
63.987327575683594
62.16450119018555
66.96971893310547
40.493316650390625
36.83034896850586
63.44797134399414
41.20107650756836
64.33659362792969
55.9189453125
29.295011520385742
37.46498489379883
65.54978942871094
45.465240478515625
55.612152099609375
42.21385955810547
28.540637969970703
38.465545654296875
76.779052734375
38.1376953125
47.73964309692383
26.45343780517578
43.94422912597656
56.17080307006836
60.92319107055664
24.99018669128418
80.34147644042969
82.40469360351562
38.219261169433594
50.09781265258789
42.557552337646484
51.69139099121094
56.91416549682617
60.10584259033203
60.812747955322266
43.73759841918945
39.76937484741211
59.98085403442383
52.45718765258789
38.076053619384766
29.112932205200195
48.4685173034668
47.05782699584961
23.524599075317383
25.66582679748535
69.47289276123047
32.101707458496094
49.42508316040039
42.905487060546875
31.27847671508789
62.2236213684082
87.29576873779297
38.44740295410156
45.690696716308594
76.48566436767578
68.60846710205078
54.75478744506836
63.59840774536133
26.389392852783203
62.824485778808594
69.26380157470703
52.135498046875
40.834476470947266
47.46285629272461
57.29848861694336
67.88153076171875
58.720802307128906
46.505775451660156
46.095054626464844
19.001012802124023
13.78133773803711
71.69158172607422
31.941152572631836
50.873897552490234
38.30070877075195
58.15464782714844
62.46166229248047
20.394704818725586
52.71866226196289
25.373817443847656
36.956546783447266
35.22297668457031
63.50273513793945
65.9061050415039
65.23880767822266
61.97908401489258
63.17732620239258
78.52762603759766
54.79915237426758
50.702335357666016
53.26606369018555
50.55775833129883
74.05000305175781
58.988548278808594
68.59044647216797
20.445140838623047
26.751575469970703
34.52610778808594
19.183500289916992
61.40117645263672
47.76516342163086
41.46478271484375
17.408344268798828
35.74699401855469
54.452945709228516
36.83173751831055
52.03981399536133
25.211917877197266
61.79296112060547
28.11981201171875
52.12590789794922
30.01726531982422
27.989450454711914
75.78001403808594
58.359352111816406
46.21689987182617
46.108314514160156
40.63447570800781
41.47770309448242
52.034420013427734
46.29008483886719
60.77906799316406
67.08242797851562
24.476360321044922
38.39138412475586
46.38070297241211
27.003435134887695
65.32747650146484
55.444602966308594
52.91584014892578
46.62297058105469
40.8591423034668
34.46781921386719
29.05132293701172
52.3392219543457
25.74456024169922
31.318544387817383
40.80404281616211
48.23288345336914
59.046180725097656
35.494449615478516
66.44508361816406
44.96358108520508
53.14937973022461
43.52416229248047
39.51045227050781
31.424053192138672
90.33077239990234
39.449684143066406
54.029354095458984
34.464111328125
79.21796417236328
43.743125915527344
57.033329010009766
36.567626953125
47.54396438598633
18.38051986694336
42.05632019042969
40.26061248779297
40.56583786010742
40.90182113647461
40.27318572998047
46.85137176513672
39.98175048828125
49.983375549316406
28.23630714416504
21.487625122070312
67.73902130126953
60.875244140625
44.461734771728516
39.25091552734375
50.10813903808594
51.656436920166016
21.55951690673828
54.02890396118164
40.38414764404297
47.64140701293945
32.725120544433594
45.86314392089844
36.860618591308594
27.047060012817383
83.71864318847656
40.54389572143555
41.46661376953125
46.55239486694336
56.863521575927734
3.3758835792541504
45.159149169921875
59.49745559692383
70.9383544921875
25.052379608154297
41.410831451416016
27.830350875854492
43.32921600341797
46.3309211730957
35.7210578918457
52.64980697631836
52.75217056274414
51.18265151977539
55.21315002441406
41.4895133972168
65.94944763183594
52.3375129699707
44.91387176513672
33.594940185546875
37.108673095703125
57.00023651123047
98.94325256347656
24.385679244995117
69.88311004638672
41.96483612060547
61.096435546875
52.249534606933594
43.63538360595703
43.26869201660156
58.818092346191406
66.46361541748047
40.109256744384766
48.699195861816406
48.4585075378418
38.689910888671875
51.478797912597656
48.3176155090332
34.91930389404297
30.50723648071289
39.840267181396484
56.901126861572266
35.813873291015625
50.776344299316406
38.98213195800781
45.735206604003906
55.81574249267578
44.941612243652344
38.87604522705078
55.6512451171875
46.743316650390625
32.06095504760742
56.16486740112305
41.63230514526367
48.683815002441406
33.475006103515625
30.431522369384766
40.21134567260742
62.488948822021484
72.8875732421875
64.50110626220703
27.71095085144043
50.11505126953125
50.58486557006836
48.84861755371094
61.970069885253906
62.13310241699219
37.121490478515625
28.562259674072266
52.47718048095703
38.17293167114258
47.21555709838867
38.786136627197266
21.914169311523438
60.16045379638672
71.07611083984375
25.2893123626709
35.64755630493164
43.848873138427734
47.67021942138672
34.353302001953125
36.45792770385742
64.08692169189453
27.768545150756836
41.33802795410156
57.2801513671875
65.11164093017578
36.01655578613281
15.369468688964844
76.59461212158203
78.24126434326172
54.276031494140625
38.43303680419922
48.8072624206543
35.69309997558594
32.31317138671875
11.040404319763184
28.328716278076172
42.88357925415039
85.50223541259766
47.697853088378906
46.22138214111328
47.67393112182617
43.2370491027832
40.56007766723633
27.88735008239746
68.70268249511719
30.68791389465332
42.58335494995117
46.808349609375
30.928482055664062
73.79080200195312
41.71894073486328
75.64373016357422
50.768924713134766
19.32560157775879
35.85301971435547
52.8626823425293
71.87596130371094
28.108867645263672
82.42284393310547
51.438785552978516
27.921222686767578
54.15998077392578
49.43791198730469
64.84129333496094
65.48301696777344
61.514556884765625
41.82291793823242
45.42972946166992
55.16242599487305
30.582019805908203
26.187618255615234
51.5831298828125
42.86280059814453
48.56258773803711
56.58966827392578
51.997249603271484
29.15325927734375
56.316932678222656
68.044677734375
46.708045959472656
77.81658935546875
43.98079299926758
56.56020736694336
51.37519073486328
30.019350051879883
63.16753387451172
53.326446533203125
46.773193359375
70.02323150634766
52.67741775512695
43.62115478515625
73.7392807006836
28.71858024597168
34.73499298095703
88.91368103027344
64.96534729003906
61.82123565673828
34.60540771484375
34.5348014831543
65.09906005859375
48.163124084472656
43.01731872558594
66.7336654663086
71.51008605957031
45.42184829711914
49.364715576171875
78.79483032226562
65.4881362915039
70.86962890625
50.77121353149414
37.857059478759766
44.04991149902344
75.39057159423828
46.59837341308594
54.16228485107422
55.13219451904297
31.82436180114746
32.99578094482422
45.37815475463867
58.732784271240234
44.649906158447266
71.4459228515625
53.81742858886719
49.760562896728516
11.40678882598877
25.764476776123047
43.10627746582031
32.10017395019531
22.65589714050293
27.85587501525879
51.129432678222656
41.13698196411133
68.40739440917969
67.41057586669922
37.82442092895508
52.839569091796875
40.384437561035156
32.49357604980469
48.02088165283203
37.25614547729492
101.97590637207031
38.29555892944336
39.78628921508789
64.78032684326172
35.83122634887695
64.09696960449219
33.69048309326172
24.471036911010742
51.3151741027832
51.54075241088867
60.34508514404297
59.631465911865234
58.145050048828125
65.05194854736328
45.84882354736328
56.56306838989258
33.745933532714844
35.036067962646484
35.2760009765625
54.911376953125
34.222328186035156
41.58708190917969
44.52210235595703
65.56527709960938
55.76004409790039
36.9760627746582
48.82966613769531
46.40531921386719
28.412525177001953
24.036579132080078
35.006629943847656
35.77831268310547
42.43915557861328
81.94135284423828
36.28523635864258
29.005859375
53.24520492553711
43.19404220581055
53.26350021362305
61.91694641113281
44.47649383544922
27.35509490966797
35.00515365600586
58.94627380371094
58.17696762084961
61.820682525634766
35.645362854003906
29.65656280517578
53.04830551147461
46.888938903808594
66.76083374023438
24.208566665649414
31.6635799407959
41.70698165893555
10.502036094665527
43.124080657958984
63.89147186279297
43.506996154785156
32.05912399291992
75.31889343261719
46.434024810791016
36.191463470458984
57.827239990234375
59.49885177612305
43.331871032714844
47.96913528442383
44.69871139526367
53.16657257080078
37.43224334716797
50.561832427978516
33.18336486816406
54.336151123046875
55.6498908996582
43.962921142578125
67.33482360839844
49.973358154296875
36.21406555175781
59.0606575012207
75.72775268554688
53.78226089477539
24.1423397064209
50.63709259033203
27.479692459106445
43.92028045654297
22.827526092529297
46.849517822265625
37.04686737060547
36.14494705200195
30.783836364746094
28.381711959838867
70.90906524658203
49.146385192871094
62.64689254760742
85.92530822753906
40.091976165771484
43.001380920410156
77.6128921508789
56.71210479736328
16.908763885498047
47.90675735473633
24.235414505004883
82.17679595947266
49.173404693603516
69.96727752685547
30.591520309448242
36.15690231323242
53.361244201660156
53.615966796875
52.70252990722656
40.998252868652344
35.569664001464844
78.17120361328125
52.54712677001953
36.03578567504883
53.446678161621094
73.28101348876953
29.90765953063965
13.037866592407227
29.529695510864258
72.36211395263672
30.761018753051758
24.930267333984375
35.42171096801758
62.315670013427734
32.846107482910156
99.67715454101562
24.905975341796875
48.65983963012695
42.01364517211914
45.76586151123047
23.553979873657227
59.51030731201172
28.252321243286133
41.066566467285156
27.73670196533203
42.39878463745117
26.519350051879883
42.06117248535156
42.767303466796875
32.690608978271484
47.31477355957031
46.09757614135742
46.82268524169922
61.7800407409668
53.62358093261719
43.878936767578125
46.34567642211914
39.292449951171875
26.30826759338379
50.58194351196289
70.52159118652344
37.41513442993164
63.753726959228516
38.04652786254883
32.11891555786133
51.224151611328125
32.734954833984375
30.26700782775879
40.01431655883789
41.3284797668457
83.67693328857422
82.14791870117188
70.66292572021484
50.27280807495117
61.58197021484375
38.26571273803711
56.76780319213867
49.02945327758789
62.89691925048828
30.968421936035156
33.794708251953125
81.98682403564453
51.70546340942383
37.56241226196289
51.071678161621094
60.71255111694336
65.24877166748047
49.45755386352539
79.04515075683594
21.085477828979492
23.59443473815918
70.10758209228516
43.28867721557617
55.51112365722656
35.92612838745117
28.87457847595215
31.99688148498535
45.554107666015625
60.56643295288086
78.67767333984375
63.860328674316406
49.82168960571289
24.194578170776367
66.421142578125
21.008508682250977
67.53727722167969
32.59880065917969
23.6346492767334
47.52223205566406
39.65605163574219
66.10697174072266
64.19087219238281
51.165042877197266
55.64139938354492
27.305646896362305
61.32350540161133
54.542842864990234
27.063255310058594
34.50638198852539
38.9158821105957
21.965490341186523
74.80415344238281
39.31084442138672
30.11884307861328
57.844520568847656
52.527225494384766
39.07620620727539
51.89131164550781
67.89044952392578
39.89569091796875
36.64194107055664
61.158504486083984
52.820491790771484
34.23215103149414
34.97494125366211
58.701663970947266
30.822439193725586
35.315120697021484
44.08321762084961
59.3880500793457
45.48242950439453
54.30522155761719
22.208263397216797
29.405399322509766
62.59235763549805
54.17537307739258
38.52737808227539
29.08834457397461
20.99961280822754
47.75998306274414
53.877288818359375
52.18194580078125
27.85789680480957
44.2550163269043
30.25326156616211
64.28571319580078
49.15964126586914
34.05072784423828
59.77626419067383
53.88227844238281
60.884178161621094
65.73594665527344
56.925559997558594
62.310157775878906
50.29873275756836
74.90045928955078
50.54112243652344
76.83455657958984
62.414974212646484
60.346458435058594
50.58490753173828
68.70458984375
21.849315643310547
32.01046371459961
63.79920196533203
22.673200607299805
19.770492553710938
61.02992630004883
47.833072662353516
53.83871841430664
54.697750091552734
33.40966796875
49.56022644042969
41.51449203491211
57.468711853027344
76.19892120361328
45.219791412353516
61.0610237121582
66.70194244384766
37.17683029174805
54.993507385253906
44.00881576538086
66.24365234375
41.48810958862305
22.955554962158203
19.542081832885742
38.71318817138672
26.76983070373535
41.24604034423828
48.80651092529297
31.41088104248047
28.62754249572754
85.03170013427734
21.35990333557129
48.90324783325195
42.4537239074707
35.357181549072266
26.382095336914062
38.643218994140625
30.179067611694336
19.465347290039062
45.550228118896484
68.87037658691406
31.481101989746094
78.8536376953125
37.557167053222656
43.1798095703125
40.64336013793945
69.65677642822266
55.81925964355469
37.68479919433594
34.699710845947266
29.978431701660156
41.738887786865234
35.03978729248047
40.94205093383789
41.79020309448242
61.05343246459961
33.32518768310547
23.82569122314453
50.68385314941406
37.72332000732422
40.8042106628418
49.7085075378418
32.65475082397461
28.425270080566406
31.584976196289062
53.23970031738281
43.243770599365234
36.95140075683594
60.272640228271484
47.96479034423828
47.69007873535156
63.883296966552734
60.91320037841797
50.42748260498047
64.72352600097656
81.30221557617188
50.79314422607422
40.81863784790039
26.689085006713867
76.26274108886719
26.17556381225586
69.60807800292969
24.957462310791016
50.64155960083008
49.168663024902344
34.96387481689453
55.3624153137207
33.28499221801758
55.859535217285156
41.09819793701172
47.7006721496582
37.19062805175781
57.31941604614258
44.4429817199707
31.8770809173584
47.48428726196289
46.684024810791016
63.29922103881836
33.20243453979492
40.55522155761719
47.5291862487793
47.968257904052734
47.22035217285156
51.57804489135742
41.09030532836914
36.403446197509766
66.07161712646484
41.60616683959961
50.27997970581055
59.09135055541992
36.355587005615234
28.960067749023438
43.49433517456055
33.79707717895508
50.90449523925781
42.362083435058594
44.02070999145508
30.229467391967773
15.010178565979004
47.256202697753906
49.76136016845703
54.387882232666016
81.06221771240234
38.84088897705078
57.25456237792969
67.80354309082031
59.38774490356445
61.111534118652344
54.67831039428711
22.13534927368164
38.65677261352539
68.30062103271484
78.31975555419922
59.490169525146484
54.32501220703125
62.65143966674805
26.80076789855957
41.489662170410156
40.50035858154297
72.79740142822266
67.15064239501953
31.836849212646484
38.169681549072266
48.07563400268555
84.0478515625
52.36930847167969
43.96165466308594
67.42809295654297
64.3827133178711
38.23680877685547
66.3551025390625
13.94752311706543
52.54743957519531
38.85911560058594
54.00330352783203
47.711124420166016
44.7556266784668
87.19811248779297
32.12263107299805
62.52244186401367
82.26773834228516
21.093420028686523
66.78398895263672
44.63563919067383
76.01837921142578
46.74628829956055
46.92359924316406
55.72583770751953
28.154766082763672
84.8238525390625
73.89679718017578
33.41419219970703
63.25080108642578
15.904324531555176
75.28496551513672
15.615568161010742
50.41593551635742
80.42232513427734
52.5695686340332
70.72686767578125
48.99862289428711
78.48580169677734
39.417457580566406
40.475486755371094
48.100372314453125
52.45174789428711
47.568092346191406
31.350994110107422
29.312036514282227
42.92412567138672
69.8029556274414
57.36684036254883
65.21832275390625
64.35462188720703
66.24278259277344
44.1876335144043
32.511619567871094
79.75861358642578
67.10577392578125
44.78571701049805
25.816593170166016
74.96147918701172
45.73999786376953
42.89974594116211
33.201786041259766
31.554590225219727
65.72383880615234
39.667659759521484
38.50773239135742
51.46841049194336
40.06647491455078
35.85650634765625
52.773475646972656
43.09524154663086
48.71708297729492
80.48758697509766
96.38094329833984
73.81045532226562
45.15936279296875
66.86891174316406
75.97826385498047
40.67837142944336
33.9595832824707
29.6995792388916
75.75993347167969
36.41300964355469
25.295333862304688
44.13816833496094
46.880462646484375
57.18699645996094
58.762271881103516
50.869850158691406
43.419456481933594
27.243770599365234
79.80990600585938
63.794254302978516
40.06361389160156
37.894527435302734
57.920799255371094
52.01089859008789
22.355756759643555
52.12945556640625
49.28207778930664
51.2973518371582
52.20100784301758
39.35567855834961
56.099212646484375
73.32079315185547
56.96147155761719
38.98517608642578
33.31439971923828
44.30760192871094
48.71337127685547
38.830753326416016
59.928314208984375
36.590614318847656
57.5858039855957
30.45176887512207
46.22073745727539
34.35198974609375
52.792236328125
21.291980743408203
47.639225006103516
