62.012168884277344
74.59998321533203
64.13340759277344
66.18696594238281
49.428565979003906
97.7728271484375
44.87537384033203
86.69126892089844
57.13670349121094
66.80457305908203
96.58121490478516
69.00728607177734
71.05429077148438
107.52836608886719
64.78059387207031
71.23400115966797
69.6699447631836
68.07780456542969
67.48744201660156
68.69310760498047
76.31526947021484
82.6458511352539
73.79607391357422
72.22312927246094
75.70560455322266
58.14381790161133
89.02420043945312
60.75996017456055
80.6591567993164
51.38819885253906
50.12255859375
41.05474853515625
92.69611358642578
95.88098907470703
62.773399353027344
105.53137969970703
70.30423736572266
90.40254974365234
62.068355560302734
37.66220474243164
45.95227813720703
85.593505859375
76.23551940917969
117.2191390991211
68.74622344970703
100.39341735839844
95.20185852050781
51.422149658203125
87.05253601074219
28.78421401977539
35.575965881347656
74.13128662109375
76.09788513183594
86.89994049072266
71.7392349243164
74.10414123535156
95.8381576538086
67.53614044189453
128.67138671875
56.40085220336914
36.89133834838867
32.00905990600586
64.17418670654297
91.45840454101562
80.67257690429688
106.63044738769531
53.146968841552734
52.92546463012695
64.71804809570312
72.74171447753906
82.271240234375
71.67302703857422
77.89039611816406
30.4457950592041
116.29301452636719
90.84420776367188
78.99868774414062
61.39531707763672
86.29249572753906
85.1947021484375
82.58202362060547
56.17622375488281
44.44672775268555
81.49050903320312
45.7939453125
36.50400924682617
50.67353439331055
82.35912322998047
68.10527038574219
73.41425323486328
71.60741424560547
75.7616195678711
84.03634643554688
51.670249938964844
59.122806549072266
101.73991394042969
66.07394409179688
65.84284973144531
67.4530029296875
75.2333984375
93.10079193115234
56.75232696533203
74.2592544555664
36.207725524902344
63.06239700317383
56.211204528808594
65.24034881591797
104.63938903808594
62.559329986572266
45.95710372924805
91.55638885498047
89.21401977539062
64.06343078613281
71.27710723876953
80.10723876953125
57.237693786621094
96.10281372070312
53.400821685791016
49.795318603515625
49.06789779663086
48.579898834228516
87.10478973388672
81.04234313964844
69.58880615234375
66.34003448486328
55.08485412597656
56.415504455566406
65.65095520019531
102.53778839111328
105.41838836669922
89.40106201171875
64.08037567138672
66.27770233154297
60.756134033203125
85.06033325195312
47.667747497558594
125.98521423339844
71.2862548828125
77.75606536865234
105.30438995361328
50.500823974609375
57.4493408203125
68.69422149658203
112.58712768554688
72.02132415771484
89.22460174560547
61.902801513671875
68.885498046875
91.58547973632812
56.71858215332031
48.024349212646484
70.52993774414062
100.6272964477539
66.51117706298828
62.20942687988281
78.20838165283203
68.87440490722656
58.48731994628906
60.01443862915039
63.05199432373047
69.19038391113281
74.76531219482422
50.95294952392578
101.16988372802734
35.23113250732422
45.073577880859375
88.03194427490234
73.84812927246094
104.39351654052734
58.625648498535156
80.42874908447266
84.72405242919922
59.90481948852539
47.669925689697266
72.40050506591797
43.06422424316406
67.71405029296875
54.479698181152344
31.146982192993164
64.68829345703125
80.68289947509766
71.26195526123047
67.26966857910156
63.335689544677734
61.8758544921875
70.30982971191406
116.7378921508789
69.63656616210938
66.06369018554688
96.51105499267578
56.0915641784668
98.47171020507812
48.25433349609375
86.3309555053711
60.716514587402344
102.98687744140625
58.46096420288086
76.54820251464844
40.69723892211914
62.56675338745117
117.99029541015625
82.78506469726562
49.30512237548828
74.38936614990234
68.13542175292969
86.48641967773438
63.022457122802734
65.68025970458984
66.89263153076172
81.33966064453125
99.31656646728516
86.97235107421875
56.254783630371094
75.1908187866211
84.40155792236328
66.58882141113281
68.82926940917969
57.07500457763672
65.11527252197266
65.53619384765625
68.63177490234375
46.30997848510742
95.9542465209961
63.407012939453125
77.14617156982422
80.76730346679688
102.83560180664062
40.244873046875
67.47212982177734
73.610107421875
64.99739837646484
59.31513595581055
38.2293815612793
65.93781280517578
69.12319946289062
37.600399017333984
70.70318603515625
78.87970733642578
43.36332702636719
41.399566650390625
51.139137268066406
88.3104476928711
80.54916381835938
53.21397399902344
109.48431396484375
74.62992858886719
68.22237396240234
43.149986267089844
65.05206298828125
59.42560577392578
82.99365997314453
56.310447692871094
71.4402847290039
81.78572845458984
55.4226188659668
60.21931838989258
86.06343078613281
58.61275100708008
61.48849105834961
76.35405731201172
37.531166076660156
57.444820404052734
52.04216766357422
103.86264038085938
98.0414047241211
44.356346130371094
52.01588439941406
81.18712615966797
56.30047607421875
67.88426208496094
49.534645080566406
69.4400863647461
49.50743865966797
82.86383819580078
58.9975700378418
57.85333251953125
55.33734893798828
88.09898376464844
50.20368194580078
82.51974487304688
104.1863021850586
40.15525436401367
69.920166015625
48.66228103637695
57.34627151489258
70.03514099121094
50.290672302246094
82.10942840576172
52.07954788208008
65.20171356201172
83.05937194824219
63.76290512084961
68.69532012939453
82.72712707519531
64.73707580566406
34.206504821777344
49.442054748535156
94.2569580078125
62.38438415527344
58.10661315917969
81.3439712524414
101.84314727783203
58.552669525146484
63.18650817871094
92.22757720947266
66.33346557617188
53.69997787475586
91.2382583618164
53.32326889038086
65.7153091430664
57.93354415893555
87.84032440185547
54.01343536376953
78.0643310546875
73.64633178710938
120.2305908203125
86.41304016113281
60.87437438964844
73.02230072021484
128.5224151611328
98.39158630371094
105.28404998779297
101.32292938232422
63.0628547668457
61.113067626953125
34.686378479003906
77.6702651977539
63.52090072631836
63.66853713989258
90.51959228515625
89.78071594238281
59.1981315612793
85.83561706542969
60.219276428222656
86.60501861572266
41.933799743652344
77.50536346435547
96.74603271484375
77.54044342041016
58.614933013916016
71.6637191772461
63.35319519042969
54.61668395996094
40.29185104370117
67.81080627441406
93.83744049072266
61.6536750793457
98.07855987548828
126.72737884521484
39.51679229736328
98.49514770507812
69.77965545654297
51.658302307128906
64.17240142822266
124.96300506591797
112.92711639404297
87.37322235107422
58.49769973754883
71.47940826416016
65.24703979492188
29.302165985107422
38.91111373901367
104.28584289550781
50.66490936279297
68.67745971679688
73.48467254638672
73.65239715576172
68.40592956542969
61.53895950317383
59.40461730957031
98.6596908569336
60.74978256225586
93.9022445678711
72.00330352783203
55.430137634277344
68.6292724609375
65.83258056640625
106.6263427734375
96.9181137084961
44.857208251953125
71.1345443725586
71.67688751220703
68.48867797851562
63.56790542602539
72.85874938964844
67.5307846069336
54.289947509765625
50.02296829223633
50.93553924560547
34.23668670654297
68.25220489501953
72.91455841064453
40.18254852294922
72.4906997680664
60.29971694946289
52.77391815185547
75.89453125
103.18758392333984
52.599159240722656
78.50952911376953
81.67926025390625
74.48099517822266
66.24060821533203
72.51580810546875
63.279727935791016
89.54352569580078
58.252235412597656
63.76936721801758
37.563785552978516
63.95254898071289
69.8578109741211
51.63106155395508
85.94561767578125
60.499122619628906
75.00865936279297
56.82476043701172
68.82891082763672
103.49557495117188
67.8514175415039
68.23931884765625
38.334800720214844
109.79945373535156
80.16069793701172
27.08101463317871
69.44676208496094
50.32571029663086
52.46353530883789
57.68754196166992
94.3426742553711
88.34686279296875
85.87894439697266
80.96765899658203
49.265377044677734
65.72163391113281
65.35456848144531
105.384521484375
93.70735931396484
51.11902618408203
64.29584503173828
88.25479125976562
51.40250015258789
83.57086181640625
75.28899383544922
77.65229797363281
95.33869934082031
101.62905883789062
67.13619995117188
59.998451232910156
76.63890838623047
92.36934661865234
115.27618408203125
72.64875030517578
73.59918212890625
63.27360916137695
38.35373306274414
92.53144073486328
57.90037536621094
43.986087799072266
77.3306884765625
75.59925842285156
49.02492141723633
77.5558853149414
48.74577331542969
107.58975982666016
92.23471069335938
72.85257720947266
61.196388244628906
55.97823715209961
62.78926086425781
73.83282470703125
101.5064926147461
84.19447326660156
51.78522491455078
56.51310729980469
79.77072143554688
99.22770690917969
86.87550354003906
45.343299865722656
91.61520385742188
90.48152923583984
56.15279006958008
53.68698501586914
85.38276672363281
70.01116943359375
66.810791015625
60.22834014892578
71.91552734375
48.25227355957031
86.32894134521484
101.05635833740234
67.05793762207031
59.59600067138672
50.22007369995117
86.59565734863281
88.41674041748047
76.53733825683594
60.40067672729492
71.91983795166016
69.59344482421875
62.23985290527344
49.39897155761719
81.12972259521484
89.51669311523438
77.74059295654297
27.0085391998291
62.62520980834961
60.82260513305664
69.94967651367188
89.38394927978516
56.066097259521484
85.88899993896484
52.821922302246094
69.9589614868164
24.18275260925293
80.90284729003906
70.14717102050781
85.85346984863281
70.71330261230469
79.50651550292969
76.32669830322266
74.30374908447266
76.08787536621094
113.59415435791016
46.45904541015625
100.4903793334961
54.87681579589844
77.55288696289062
81.01373291015625
95.19782257080078
79.76592254638672
66.9632797241211
95.03401947021484
62.79252243041992
70.88301849365234
81.8609848022461
70.01969146728516
84.48209381103516
61.124595642089844
45.98899841308594
37.48081588745117
35.44874572753906
85.3267822265625
30.941434860229492
74.77565002441406
85.4141616821289
39.98342514038086
60.11251449584961
78.99149322509766
28.570680618286133
81.953369140625
73.74409484863281
90.8012466430664
56.58658981323242
43.54123306274414
74.81846618652344
74.11991119384766
57.54607009887695
112.78308868408203
56.794883728027344
63.928062438964844
45.89321517944336
54.077701568603516
57.717620849609375
38.08085632324219
32.887184143066406
79.33618927001953
25.685226440429688
100.62433624267578
94.23939514160156
70.5736083984375
88.84442138671875
89.46585845947266
75.81034088134766
57.54632568359375
39.73965835571289
46.39685821533203
58.45351028442383
40.78639221191406
53.92908477783203
71.0934829711914
92.86040496826172
76.9361572265625
59.88883590698242
75.03417205810547
40.46291732788086
41.055240631103516
78.67607116699219
50.007747650146484
61.94749069213867
51.666316986083984
91.83324432373047
71.22406005859375
70.9595718383789
52.960060119628906
52.842979431152344
107.57919311523438
103.54298400878906
65.43834686279297
99.89873504638672
36.01897430419922
93.45659637451172
47.620662689208984
104.83224487304688
45.811317443847656
35.22815704345703
91.26144409179688
111.62042236328125
64.78538513183594
72.16787719726562
57.600189208984375
86.902099609375
53.28643798828125
73.9908447265625
64.58061981201172
64.27125549316406
54.58268356323242
83.99485778808594
80.37899780273438
106.07499694824219
45.90946578979492
84.64067077636719
60.46509552001953
47.30840301513672
61.74045944213867
104.33978271484375
85.60807800292969
60.08240509033203
70.50343322753906
72.5229263305664
86.17546844482422
67.31210327148438
81.4428482055664
82.33029174804688
131.6681365966797
51.4138069152832
86.66194915771484
101.62977600097656
89.63465881347656
75.74223327636719
77.15769958496094
77.24179077148438
98.2208480834961
87.64032745361328
40.35573196411133
36.503387451171875
54.269466400146484
36.8321418762207
57.435001373291016
41.45436096191406
78.276611328125
52.15814208984375
42.81809997558594
45.234336853027344
95.5411148071289
62.233154296875
77.01382446289062
55.98140335083008
75.34332275390625
86.14473724365234
80.21862030029297
89.26123809814453
52.98936080932617
65.91980743408203
59.31513214111328
63.36686325073242
60.91618347167969
73.41504669189453
61.102874755859375
63.8339958190918
31.609088897705078
61.29296875
56.27782440185547
72.19894409179688
90.99026489257812
77.02510833740234
58.19651794433594
85.23892211914062
56.79494857788086
63.585540771484375
60.18821716308594
106.94926452636719
52.272705078125
65.22586822509766
63.69560623168945
71.76222229003906
79.8304672241211
40.25532531738281
64.41381072998047
80.2268295288086
73.87544250488281
49.985740661621094
78.51285552978516
61.62167739868164
42.43574523925781
87.16465759277344
105.94544219970703
57.66112518310547
79.69759368896484
57.214691162109375
75.58512115478516
70.2260513305664
59.85936737060547
60.289283752441406
89.71905517578125
69.0707015991211
59.96640396118164
55.759483337402344
76.21641540527344
60.15324783325195
67.09728240966797
49.07238006591797
56.547794342041016
72.59152221679688
72.8465805053711
87.15882110595703
54.86931610107422
64.60842895507812
93.92923736572266
53.2829704284668
41.14982223510742
57.81836700439453
51.37110137939453
55.914161682128906
91.76290893554688
135.81948852539062
69.46453857421875
94.95484161376953
81.01991271972656
67.14990997314453
100.6644287109375
87.094482421875
59.543209075927734
85.89769744873047
59.559776306152344
66.57691192626953
50.184043884277344
77.52084350585938
53.17690658569336
60.03569793701172
43.97014236450195
98.05543518066406
47.190185546875
66.14022064208984
56.4792366027832
74.62255859375
70.11078643798828
51.05472946166992
90.1117172241211
105.23661041259766
34.72076416015625
53.77913284301758
12.0354642868042
63.605369567871094
47.635101318359375
65.90133666992188
110.39623260498047
28.35964012145996
67.33834075927734
79.45624542236328
62.80744171142578
97.58193969726562
63.12912368774414
100.69841766357422
40.072052001953125
72.5154800415039
79.31025695800781
56.59060287475586
54.3962287902832
58.67131805419922
54.0699348449707
65.05025482177734
69.99695587158203
75.20490264892578
64.05516815185547
88.2228012084961
66.99396514892578
82.75166320800781
80.3843002319336
62.869197845458984
98.99810791015625
52.91176986694336
69.48270416259766
50.41910934448242
43.43501281738281
75.2958984375
71.4151382446289
88.56781005859375
33.34585952758789
79.09978485107422
41.25873947143555
82.19625091552734
83.861328125
50.60625457763672
64.43478393554688
50.79142761230469
90.63622283935547
57.89055252075195
38.184791564941406
66.927978515625
90.51566314697266
62.297454833984375
57.62465286254883
63.963924407958984
87.820556640625
79.71663665771484
68.61357116699219
58.142887115478516
43.8818359375
68.61309051513672
64.1211166381836
65.57210540771484
81.9776382446289
51.17467498779297
78.67570495605469
73.73170471191406
125.30575561523438
67.20162200927734
73.22298431396484
55.587135314941406
44.30354309082031
77.79666137695312
75.80823516845703
79.33187103271484
61.07234573364258
105.07579040527344
38.82585525512695
82.67437744140625
29.534948348999023
66.34635925292969
34.56883239746094
58.74479293823242
48.63349533081055
85.86370086669922
23.131837844848633
88.57935333251953
47.34495162963867
53.501277923583984
100.26295471191406
76.38652038574219
81.93830871582031
70.46424102783203
55.77762222290039
83.82295989990234
58.871337890625
75.0059585571289
49.101531982421875
70.09185028076172
65.81488037109375
86.16815185546875
82.51774597167969
59.320030212402344
52.861629486083984
71.79479217529297
52.77959060668945
72.99882507324219
56.06050109863281
78.7646255493164
93.86404418945312
76.77288818359375
68.1560287475586
75.6684799194336
81.27337646484375
44.218360900878906
53.28396224975586
70.94471740722656
45.77181625366211
73.2699203491211
55.60041809082031
72.20697784423828
66.44279479980469
48.49746322631836
64.52854919433594
57.68824005126953
65.26026153564453
65.87751770019531
67.45556640625
95.0880126953125
80.44611358642578
68.15853118896484
54.40744400024414
47.842018127441406
61.163612365722656
93.97061157226562
96.8673095703125
66.13298797607422
70.52406311035156
64.61332702636719
69.82228088378906
63.441856384277344
48.10844039916992
51.1308479309082
65.94950866699219
76.23162078857422
63.740509033203125
27.481605529785156
65.42972564697266
28.867042541503906
70.1465835571289
90.39979553222656
98.73114776611328
39.21922302246094
95.8939437866211
99.49759674072266
70.67598724365234
101.43256378173828
93.0123519897461
56.00099182128906
46.33214569091797
39.98398208618164
67.99671936035156
34.629581451416016
55.44426727294922
49.17560958862305
55.536006927490234
63.01130294799805
94.74543762207031
78.95535278320312
48.47429656982422
74.3644027709961
42.02581787109375
67.2987060546875
62.97922897338867
78.88567352294922
113.17430877685547
76.03943634033203
107.9517822265625
58.691017150878906
88.36788177490234
50.98320007324219
51.39057159423828
50.520965576171875
82.56334686279297
77.02804565429688
73.67455291748047
55.516971588134766
42.93842697143555
63.89334487915039
66.45187377929688
77.19023895263672
60.79736328125
81.02680206298828
103.63836669921875
74.45211029052734
47.358177185058594
70.1339340209961
88.02336120605469
80.5621109008789
34.767513275146484
57.765113830566406
48.66265106201172
78.76356506347656
84.97949981689453
69.46958923339844
66.9947280883789
73.97200012207031
75.08338165283203
61.813785552978516
54.28821563720703
71.91909790039062
114.54988098144531
57.7613639831543
73.51715087890625
70.81729888916016
117.39217376708984
64.19560241699219
74.03050994873047
108.06097412109375
90.081298828125
70.43891143798828
57.284423828125
72.60267639160156
65.59712219238281
81.3036117553711
60.771114349365234
77.4419174194336
85.69754028320312
80.61367797851562
50.486549377441406
64.85444641113281
56.96808624267578
54.38957977294922
62.75560760498047
42.31452941894531
58.88535690307617
66.628173828125
86.4535140991211
45.7491340637207
78.98723602294922
42.065528869628906
87.1815185546875
73.97772216796875
53.06873321533203
62.507835388183594
74.66908264160156
73.8971176147461
94.0079574584961
69.14471435546875
70.37249755859375
73.81564331054688
57.28456497192383
78.77445220947266
75.82372283935547
39.63036346435547
57.48715591430664
55.63614273071289
78.2119369506836
76.93277740478516
74.62113189697266
92.06402587890625
52.35714340209961
49.16282272338867
78.60546112060547
70.07546997070312
73.16448974609375
96.80451965332031
55.653934478759766
102.71210479736328
104.28871154785156
50.473533630371094
39.84566116333008
33.263240814208984
72.25374603271484
78.74757385253906
53.707298278808594
88.555419921875
49.080265045166016
81.65161895751953
59.868534088134766
67.24561309814453
70.35794830322266
47.00796127319336
82.22018432617188
101.04009246826172
68.32791137695312
90.06156921386719
77.95416259765625
74.94287109375
58.12092971801758
63.24781036376953
58.5948600769043
96.71427154541016
69.73902130126953
59.46589660644531
91.89134979248047
82.40088653564453
35.58889389038086
53.14097595214844
85.33460235595703
46.89726257324219
48.031089782714844
96.7247543334961
71.68824768066406
85.64131927490234
97.77192687988281
76.31758117675781
60.513919830322266
92.02501678466797
39.715938568115234
94.32421112060547
102.5213394165039
66.93357849121094
80.2550277709961
54.58954620361328
56.0759391784668
21.72027015686035
71.81575012207031
83.45402526855469
66.95128631591797
69.99993133544922
61.25106430053711
58.74699783325195
95.29408264160156
57.63603973388672
69.54021453857422
70.28211975097656
59.27267074584961
81.31489562988281
41.83656311035156
48.6336555480957
66.38445281982422
68.36906433105469
54.520896911621094
66.37466430664062
64.26142120361328
56.85380935668945
84.90593719482422
46.639915466308594
77.07355499267578
91.25847625732422
39.14862823486328
44.908756256103516
62.75518035888672
69.76588439941406
37.76616668701172
67.86721801757812
90.4407958984375
60.48603820800781
36.918392181396484
45.948280334472656
96.56282806396484
72.0628890991211
65.271240234375
72.25611877441406
52.53873825073242
70.16374969482422
64.96382904052734
52.7153205871582
82.91146087646484
95.67365264892578
81.21390533447266
39.47764587402344
21.758943557739258
65.860595703125
46.11091995239258
89.35076141357422
63.38734436035156
89.13990783691406
48.36564254760742
87.07337188720703
37.00810241699219
93.01103210449219
41.97117233276367
103.20976257324219
82.82875061035156
37.50270080566406
70.57393646240234
47.07147979736328
54.47780227661133
89.82608795166016
97.5488052368164
75.42658233642578
47.32524490356445
82.58369445800781
74.31736755371094
88.71791076660156
81.32210540771484
92.78633117675781
36.883033752441406
54.318702697753906
52.627750396728516
62.084129333496094
49.905845642089844
49.77499771118164
32.98146057128906
56.481346130371094
72.70591735839844
60.65813064575195
37.27161407470703
49.420127868652344
28.00141143798828
54.56675338745117
89.06881713867188
81.57747650146484
31.52450180053711
85.11663818359375
62.11957931518555
81.2882308959961
51.18608474731445
75.3652572631836
83.24523162841797
67.04988098144531
101.8945083618164
81.88593292236328
70.89698028564453
63.866878509521484
63.606327056884766
101.8165283203125
57.739540100097656
67.85860443115234
59.25973892211914
54.66508102416992
81.9051284790039
47.3422737121582
91.7964859008789
100.91232299804688
77.60485076904297
90.73794555664062
119.35430908203125
105.33833312988281
63.0001220703125
51.80754089355469
106.21221160888672
56.1966667175293
61.73809051513672
96.82508850097656
95.63760375976562
67.1913833618164
97.74109649658203
90.37686920166016
73.00221252441406
94.649658203125
73.99637603759766
70.34400939941406
62.55038070678711
88.07513427734375
80.07633209228516
60.766876220703125
29.696611404418945
104.20980072021484
41.672061920166016
65.32471466064453
60.12308120727539
27.279037475585938
96.22593688964844
78.27113342285156
50.13178634643555
91.72661590576172
90.44258880615234
108.93111419677734
64.48653411865234
76.56501007080078
64.93974304199219
134.92367553710938
67.20721435546875
64.94095611572266
86.68869018554688
72.3515853881836
78.62218475341797
39.53307342529297
75.84848022460938
98.59172821044922
56.83349609375
67.37942504882812
96.12042236328125
65.39444732666016
64.84921264648438
90.2687759399414
51.48589324951172
54.15217590332031
71.39753723144531
59.43219757080078
75.7711410522461
42.586402893066406
81.06935119628906
61.62659454345703
68.77835083007812
55.31840896606445
53.57054901123047
61.34821701049805
64.93863677978516
67.61785125732422
91.87785339355469
72.21001434326172
67.4069595336914
94.54472351074219
37.726898193359375
35.92584228515625
82.20125579833984
42.664894104003906
60.083038330078125
46.75578308105469
58.83155822753906
74.81581115722656
79.3846435546875
121.50059509277344
67.50728607177734
82.55241394042969
76.50530242919922
52.950767517089844
52.27381896972656
50.59779739379883
67.90613555908203
68.32523345947266
82.34188079833984
57.387367248535156
73.55980682373047
62.743167877197266
58.45881271362305
98.78186798095703
83.3393325805664
40.750831604003906
49.16902542114258
57.8486442565918
87.9809341430664
73.08194732666016
75.7262954711914
83.40757751464844
63.449703216552734
96.79495239257812
117.9547119140625
62.854087829589844
52.42353439331055
56.7797737121582
66.21961975097656
61.587589263916016
83.3384017944336
69.36194610595703
42.506492614746094
53.17511749267578
99.88399505615234
69.89315032958984
79.55424499511719
63.4597282409668
70.24002075195312
78.12391662597656
84.92925262451172
52.240909576416016
69.8017807006836
55.827796936035156
90.76164245605469
103.06774139404297
61.48202896118164
57.84881591796875
86.90892028808594
71.08380126953125
65.034912109375
79.0707778930664
28.050981521606445
43.355064392089844
43.05634307861328
80.14016723632812
87.19747924804688
81.16053771972656
74.69098663330078
60.99933624267578
90.0308837890625
87.42390441894531
65.08758544921875
76.28845977783203
51.65006637573242
67.41947174072266
77.0296401977539
84.76896667480469
40.03607177734375
45.84821701049805
91.17994689941406
92.2439956665039
66.69309997558594
64.52832794189453
81.2822265625
80.0709228515625
94.03052520751953
91.43570709228516
57.90758514404297
96.64036560058594
67.95631408691406
61.65398406982422
60.39301681518555
64.87267303466797
51.212249755859375
72.0475082397461
67.27326202392578
37.29509735107422
38.34595489501953
43.17538070678711
38.906375885009766
81.89231872558594
51.127315521240234
90.42288970947266
59.7391471862793
50.93581771850586
86.27098846435547
54.937171936035156
61.95665740966797
76.438232421875
86.72892761230469
74.46539306640625
78.27220916748047
56.56792449951172
94.97068786621094
70.4402084350586
53.13047409057617
41.02122497558594
80.18550109863281
71.38202667236328
76.28157043457031
76.15059661865234
69.41000366210938
71.01734924316406
76.44532775878906
101.79537200927734
65.97663116455078
46.380802154541016
69.07640075683594
47.76507568359375
52.546714782714844
100.88916015625
63.471927642822266
71.32674407958984
80.77497863769531
90.55738067626953
61.01020431518555
84.75601959228516
73.2446517944336
77.55198669433594
78.73475646972656
25.741558074951172
72.77163696289062
80.60450744628906
96.63506317138672
80.63507080078125
95.2420883178711
51.292484283447266
61.92130661010742
80.93409729003906
72.64892578125
74.47594451904297
70.91482543945312
81.57595825195312
51.06538391113281
51.05600357055664
56.78654861450195
70.67540740966797
71.3822250366211
82.47993469238281
65.35256958007812
48.112030029296875
63.52749252319336
72.435546875
56.49978256225586
74.49327850341797
72.52069854736328
51.92826461791992
60.8089714050293
47.352447509765625
64.74165344238281
89.22125244140625
112.73786926269531
77.54804229736328
98.94853973388672
50.28107452392578
39.059574127197266
103.1007080078125
82.0651626586914
69.30541229248047
63.17150115966797
90.9079360961914
52.669307708740234
83.63623809814453
57.802268981933594
78.50736236572266
71.43853759765625
70.0305404663086
55.63114547729492
64.08374786376953
85.53591918945312
84.28230285644531
69.99132537841797
83.74746704101562
93.37506103515625
84.63076782226562
98.43750762939453
79.42926788330078
80.82624816894531
41.88753890991211
55.48991012573242
73.67257690429688
106.68424987792969
33.17036819458008
91.47599792480469
52.97220230102539
56.26116180419922
64.61460876464844
109.45172119140625
77.6772689819336
101.50713348388672
62.19560623168945
38.96485137939453
71.17195892333984
71.50497436523438
79.18168640136719
82.17312622070312
75.8741226196289
80.27838134765625
68.1805419921875
88.68726348876953
88.8109130859375
115.51968383789062
38.82445526123047
60.819114685058594
65.34937286376953
99.49995422363281
101.29904174804688
29.39281463623047
46.1722297668457
84.80431365966797
57.317935943603516
61.930091857910156
32.11623764038086
64.83881378173828
35.427284240722656
92.95079803466797
62.81168746948242
124.15750885009766
49.655391693115234
45.66454315185547
111.6681137084961
45.417572021484375
49.69453430175781
57.162879943847656
61.47175216674805
64.68653106689453
89.22470092773438
69.35392761230469
53.132076263427734
48.74951171875
95.08434295654297
42.492515563964844
81.21490478515625
77.88057708740234
70.75664520263672
44.820003509521484
81.58972930908203
63.78110122680664
100.82600402832031
61.22930145263672
51.04037857055664
55.77996063232422
101.28889465332031
89.85928344726562
102.71954345703125
85.09003448486328
75.20355987548828
37.09212875366211
70.44329071044922
108.8484878540039
55.42770767211914
77.1638412475586
97.3972396850586
86.81745147705078
45.42799377441406
107.31965637207031
60.37705993652344
49.36414337158203
68.05149841308594
63.38722229003906
114.945556640625
58.73143005371094
82.5464859008789
72.40586853027344
76.42420959472656
72.89405059814453
43.029083251953125
53.55450439453125
38.00952911376953
72.21900177001953
82.98339080810547
66.58685302734375
60.038116455078125
70.90219116210938
62.31541442871094
65.79757690429688
96.06600952148438
45.5776252746582
62.01078796386719
52.45478439331055
21.12415885925293
73.81108856201172
57.21480178833008
46.79943084716797
48.47040939331055
80.46292877197266
47.936805725097656
63.47577667236328
58.62788772583008
65.94017028808594
76.76612854003906
115.80968475341797
75.62073516845703
53.28945541381836
42.37873077392578
69.4296646118164
94.00904846191406
28.490123748779297
48.56159973144531
91.80132293701172
94.81253051757812
47.73295211791992
56.814151763916016
37.91249465942383
59.37668991088867
68.4287338256836
122.58463287353516
85.9100570678711
82.69849395751953
62.4221076965332
45.613956451416016
70.66830444335938
26.346446990966797
75.17243194580078
76.49249267578125
73.7935562133789
63.21876907348633
99.1766128540039
56.80539321899414
85.44905090332031
53.15211868286133
89.85785675048828
40.36520004272461
46.126407623291016
97.64051818847656
61.62548828125
87.91471099853516
84.61566925048828
104.29327392578125
56.53425216674805
56.34763717651367
52.94403076171875
120.1536865234375
44.70130157470703
52.086753845214844
78.81684875488281
83.61610412597656
84.61380004882812
86.47706604003906
72.42259216308594
81.32398223876953
47.16242218017578
91.24151611328125
69.00328063964844
67.64035034179688
84.61990356445312
42.283321380615234
86.7347640991211
39.05665588378906
63.677886962890625
73.56293487548828
89.87791442871094
69.30803680419922
97.05950927734375
94.45662689208984
48.66458511352539
32.18804168701172
71.25146484375
60.75284957885742
84.48688507080078
99.89717864990234
52.728126525878906
41.496700286865234
53.109527587890625
70.19447326660156
29.44579315185547
65.15594482421875
113.94448852539062
16.13028335571289
26.85525894165039
62.0214958190918
90.20580291748047
53.05052947998047
69.95068359375
59.78873825073242
68.75379180908203
49.87281799316406
60.90548324584961
52.50678253173828
86.24100494384766
42.09476852416992
46.54194259643555
83.33943939208984
53.73305892944336
65.5458984375
87.59149932861328
46.56898498535156
44.85537338256836
111.23853302001953
78.87885284423828
68.86663818359375
81.38239288330078
102.45085906982422
77.44306945800781
63.319854736328125
84.41625213623047
62.057952880859375
85.73423767089844
61.9425163269043
89.92708587646484
68.05255889892578
63.482913970947266
48.50840759277344
71.1083755493164
72.10728454589844
47.919883728027344
53.10407638549805
91.67780303955078
65.17802429199219
37.678585052490234
51.92879104614258
79.59477233886719
62.98443603515625
56.08268737792969
99.64962768554688
77.43412780761719
68.06868743896484
70.50704193115234
72.18740844726562
99.70747375488281
70.00921630859375
46.79857635498047
63.48727035522461
79.9417953491211
56.446537017822266
66.28783416748047
93.54473876953125
30.451711654663086
66.45086669921875
81.88771057128906
76.47054290771484
82.75875854492188
64.0417709350586
78.13239288330078
69.24610137939453
49.12488555908203
74.10292053222656
72.29318237304688
83.76841735839844
63.733055114746094
66.81059265136719
65.87760162353516
79.13936614990234
56.59311294555664
46.912662506103516
62.829715728759766
86.96724700927734
84.39412689208984
80.96923828125
94.62630462646484
64.50218200683594
71.00934600830078
116.7899169921875
61.213016510009766
86.00749969482422
36.56429672241211
54.74440002441406
73.66644287109375
59.33700942993164
75.53233337402344
56.83549499511719
63.3446044921875
53.51978302001953
75.56114959716797
36.69269943237305
66.56553649902344
66.0018081665039
78.89372253417969
67.99140930175781
76.25787353515625
109.1587905883789
62.130313873291016
81.0765151977539
95.9926528930664
64.36832427978516
90.27672576904297
58.841156005859375
46.152774810791016
20.09779930114746
68.70045471191406
81.78548431396484
35.7945671081543
67.92532348632812
89.18134307861328
52.60441207885742
64.62277221679688
75.1767349243164
72.46150207519531
43.520713806152344
61.89716720581055
34.659950256347656
83.14688873291016
103.31475830078125
67.06802368164062
87.16978454589844
13.41973876953125
46.24370193481445
76.04851531982422
82.51830291748047
36.87356185913086
69.61050415039062
56.9605712890625
64.8297119140625
69.95016479492188
62.82848358154297
52.63525390625
69.66424560546875
68.54362487792969
55.6934700012207
74.06448364257812
37.54079818725586
102.26563262939453
67.77336120605469
74.66778564453125
83.67816162109375
68.24427032470703
72.81513214111328
91.08618927001953
31.11687660217285
58.38459777832031
122.94967651367188
106.9824447631836
50.734153747558594
69.31256866455078
63.31398391723633
53.36760711669922
35.202999114990234
68.48694610595703
53.609588623046875
66.59527587890625
57.99411392211914
57.732566833496094
92.61080932617188
51.247615814208984
104.53926849365234
55.274173736572266
80.02406311035156
63.33811569213867
63.377784729003906
71.71305084228516
54.750675201416016
54.77886962890625
53.45135498046875
85.60786437988281
68.74125671386719
50.72669219970703
103.48638916015625
68.72713470458984
98.98480987548828
58.33122253417969
70.751708984375
56.2668571472168
49.85392379760742
51.44602966308594
83.65074157714844
76.72083282470703
105.30013275146484
71.66268157958984
67.3722152709961
102.11714172363281
41.62749481201172
88.74475860595703
93.91508483886719
75.66616821289062
56.43374252319336
85.97296905517578
37.758670806884766
76.88951873779297
109.07209014892578
56.99901580810547
99.84007263183594
80.88107299804688
55.50932693481445
54.74011993408203
76.57875061035156
51.98202896118164
51.60374069213867
97.38844299316406
58.02068328857422
49.98834228515625
61.63946533203125
70.727294921875
47.609981536865234
113.15313720703125
47.3753662109375
66.3321762084961
53.05059051513672
88.76885223388672
72.11550903320312
56.87474060058594
89.36528015136719
87.47801208496094
76.5864486694336
39.343082427978516
78.14864349365234
60.80168914794922
39.03928756713867
106.70830535888672
84.56458282470703
56.75758743286133
79.58361053466797
70.94374084472656
58.85533142089844
91.74044036865234
74.1806869506836
91.93174743652344
73.22994232177734
77.75750732421875
83.80789184570312
61.24453353881836
81.16836547851562
99.41472625732422
38.00630569458008
58.9578742980957
55.996551513671875
76.97703552246094
67.82817077636719
51.38713073730469
66.66310119628906
68.43206787109375
77.90491485595703
75.51206970214844
45.20284652709961
31.19196128845215
60.29216384887695
80.96781921386719
36.85286331176758
93.2032699584961
50.58772659301758
99.80779266357422
56.32265853881836
59.89917755126953
59.04018783569336
101.7548828125
47.870811462402344
62.50156021118164
73.64016723632812
50.17537307739258
68.75642395019531
52.89966583251953
55.03480911254883
68.4870834350586
73.375732421875
96.61400604248047
49.82253646850586
80.60174560546875
62.45551681518555
83.44999694824219
123.0020980834961
64.6717529296875
36.35202407836914
43.74650955200195
98.43633270263672
29.54375648498535
30.277162551879883
42.09715270996094
48.412227630615234
67.35995483398438
77.07940673828125
86.22188568115234
55.85359191894531
87.73009490966797
58.40645217895508
82.1069564819336
90.46855926513672
75.1679458618164
33.9039421081543
59.21515655517578
53.92509841918945
22.146766662597656
38.4321403503418
47.81180191040039
83.80567169189453
55.76309585571289
104.96763610839844
67.98734283447266
72.46690368652344
67.42601776123047
57.69178771972656
82.3208236694336
51.2619743347168
114.94043731689453
83.6072769165039
43.34593200683594
96.03507995605469
53.765464782714844
83.02275848388672
63.11573028564453
58.78632736206055
54.33182144165039
94.42623138427734
61.85145568847656
72.08177947998047
58.00454330444336
45.72842788696289
65.9878921508789
58.48344039916992
81.98841857910156
50.448570251464844
73.37886047363281
51.030582427978516
76.18858337402344
82.31253051757812
76.10970306396484
85.66510009765625
55.36263656616211
71.55965423583984
92.98355102539062
70.08612823486328
110.90415954589844
83.27592468261719
14.075044631958008
86.61250305175781
57.76674270629883
79.25473022460938
61.114784240722656
49.494041442871094
45.67823028564453
53.19468307495117
89.25101470947266
66.35112762451172
61.59087371826172
59.01984786987305
62.85770034790039
68.46025848388672
96.0176010131836
88.9522933959961
61.17510223388672
66.72689819335938
80.9329605102539
41.43199157714844
99.14614868164062
53.00828170776367
50.208526611328125
71.53909301757812
26.83635139465332
63.60313034057617
118.55708312988281
83.0641860961914
95.06880950927734
87.09662628173828
42.034061431884766
56.23053741455078
75.8426513671875
53.14185333251953
51.54094314575195
73.8743667602539
56.01568603515625
80.32028198242188
74.0438003540039
65.19489288330078
47.79720687866211
57.507972717285156
59.38047409057617
76.01753234863281
65.93431091308594
55.734527587890625
47.13282012939453
92.13968658447266
85.79100799560547
69.52701568603516
74.71573638916016
98.17205047607422
72.46826934814453
53.21879196166992
102.95841217041016
48.015045166015625
59.485450744628906
58.19270324707031
77.18282318115234
99.76138305664062
52.2422981262207
50.43461990356445
70.41162872314453
35.6015739440918
88.5921401977539
54.20518493652344
60.39738845825195
72.72090911865234
49.23099136352539
75.40845489501953
79.92214965820312
54.172462463378906
81.63008117675781
69.5545883178711
79.98683166503906
84.9863052368164
93.75360107421875
94.310791015625
89.09960174560547
57.45896911621094
58.93381118774414
65.43998718261719
46.14509582519531
73.73054504394531
73.29408264160156
87.62972259521484
104.31709289550781
80.40109252929688
86.69608306884766
62.36426544189453
86.15009307861328
73.5906982421875
67.056396484375
62.12919235229492
75.59204864501953
52.44872283935547
79.88899230957031
60.18783187866211
65.41047668457031
69.94336700439453
99.06328582763672
86.5179443359375
79.42666625976562
90.78423309326172
78.85189819335938
88.79104614257812
64.71028137207031
72.73582458496094
51.783870697021484
66.55049896240234
83.16925048828125
59.89366149902344
59.1221809387207
59.02992630004883
106.53260040283203
78.83302307128906
55.808074951171875
45.66814041137695
85.15914916992188
63.7489128112793
74.93197631835938
68.08895874023438
80.54035186767578
60.70942306518555
94.09820556640625
67.20561981201172
54.484947204589844
113.21055603027344
52.17848205566406
77.10444641113281
76.4254379272461
64.49886322021484
102.55765533447266
73.96022033691406
85.96243286132812
91.67701721191406
75.05986785888672
38.8050422668457
70.2011947631836
92.63868713378906
88.74544525146484
68.60440063476562
89.04203796386719
89.3090591430664
83.6341552734375
40.773014068603516
48.380462646484375
74.03291320800781
48.81485366821289
82.05484771728516
98.40814208984375
52.64189147949219
46.61773681640625
78.05765533447266
66.0987548828125
58.17633056640625
60.594722747802734
87.41270446777344
43.051719665527344
75.36764526367188
46.834476470947266
108.8393325805664
67.91230773925781
45.4844970703125
43.06942367553711
81.08938598632812
44.10258102416992
41.61620330810547
75.15763092041016
77.49026489257812
83.19241333007812
74.2364273071289
71.87828826904297
56.03691482543945
54.01228713989258
62.246158599853516
95.36087799072266
59.25027084350586
53.9564208984375
65.38712310791016
77.12142181396484
69.1644287109375
75.43415069580078
60.282569885253906
52.8643913269043
53.793758392333984
73.20550537109375
94.80184936523438
49.111000061035156
48.950618743896484
63.97105407714844
69.38581085205078
119.0898208618164
99.84579467773438
39.07121658325195
51.96677017211914
53.03593444824219
88.38523864746094
36.423431396484375
51.987945556640625
111.6834716796875
101.1838150024414
65.89753723144531
111.54386901855469
75.62278747558594
84.54246520996094
66.41813659667969
50.63594055175781
61.286651611328125
37.30167007446289
62.372413635253906
57.60142517089844
24.734785079956055
71.47216796875
60.97209167480469
70.85034942626953
78.0164566040039
53.2320442199707
66.7599105834961
85.4791259765625
53.04957962036133
88.94176483154297
80.34819030761719
74.84480285644531
60.9666862487793
49.15250015258789
26.298768997192383
65.60735321044922
66.01033020019531
88.26220703125
70.33692169189453
39.919219970703125
67.72459411621094
64.41768646240234
90.07373809814453
68.75714874267578
60.848289489746094
67.64863586425781
87.89161682128906
53.4148063659668
80.12808990478516
49.799156188964844
54.90462112426758
92.0045394897461
86.83415985107422
66.3410873413086
40.70221710205078
44.941078186035156
68.00633239746094
67.78321075439453
66.66146850585938
56.07383346557617
92.66793060302734
49.86573028564453
56.43748092651367
44.068511962890625
57.50615310668945
94.46245574951172
89.62667083740234
81.4742202758789
68.59766387939453
68.34809112548828
49.53330993652344
50.36716842651367
76.89187622070312
88.03401184082031
60.046112060546875
53.90018081665039
124.12065124511719
73.06915283203125
40.2342529296875
87.26048278808594
46.00723648071289
66.37153625488281
66.54656219482422
108.01429748535156
71.28397369384766
70.0280990600586
55.02676773071289
46.76729965209961
99.44096374511719
67.38462829589844
86.66182708740234
42.48999786376953
83.96086120605469
67.9618911743164
80.17649841308594
92.11417388916016
87.16415405273438
76.76058959960938
50.992332458496094
50.862281799316406
61.25837707519531
73.39694213867188
57.58049774169922
104.82674407958984
99.74060821533203
74.53999328613281
44.55453109741211
64.56906127929688
63.85981369018555
85.52294158935547
50.942481994628906
87.31742858886719
63.67853546142578
68.81151580810547
84.67021179199219
102.62394714355469
78.6811294555664
47.53459930419922
56.51770782470703
37.634422302246094
62.47040939331055
69.2729263305664
90.07723999023438
61.72860336303711
65.55428314208984
58.1286506652832
54.38306427001953
64.39729309082031
80.83263397216797
74.33575439453125
90.39644622802734
63.39474105834961
61.58279037475586
52.14351272583008
73.73284912109375
43.35948944091797
51.42747497558594
98.63748168945312
22.137466430664062
48.89882278442383
87.64836120605469
61.03866195678711
71.23829650878906
96.70552825927734
88.08930206298828
70.75517272949219
100.35238647460938
56.73271942138672
34.26509094238281
85.14505004882812
64.86066436767578
45.60929870605469
73.9256362915039
83.35577392578125
54.841461181640625
63.48637008666992
97.19120788574219
30.64558219909668
94.24503326416016
53.9193000793457
49.40746307373047
113.17240142822266
27.957197189331055
47.851112365722656
40.58937454223633
59.7520751953125
109.61918640136719
61.97129440307617
56.558372497558594
56.21589279174805
77.05924987792969
72.81834411621094
74.21849060058594
83.76121520996094
57.43312454223633
71.32325744628906
76.3125228881836
45.8484992980957
65.89332580566406
75.627197265625
68.41438293457031
77.49138641357422
63.540828704833984
85.04570770263672
90.85499572753906
82.17953491210938
49.29782485961914
69.27044677734375
66.3520278930664
56.43672180175781
66.8704833984375
58.0224609375
62.887550354003906
65.59583282470703
75.28634643554688
87.74596405029297
64.49462890625
37.05685043334961
83.11002349853516
53.75784683227539
102.70397186279297
120.76749420166016
53.07062911987305
109.96559143066406
56.91072463989258
94.592529296875
69.06861114501953
78.01615142822266
93.21654510498047
62.167415618896484
54.47631072998047
78.08650207519531
55.33919143676758
73.02778625488281
69.65243530273438
50.19878387451172
55.5465087890625
94.40120697021484
39.21683883666992
61.55784606933594
81.38211059570312
94.36582946777344
103.19520568847656
105.06468963623047
91.88353729248047
75.50507354736328
61.721717834472656
47.33176040649414
91.57189178466797
51.16859436035156
79.57730102539062
64.54557037353516
60.11883544921875
82.90315246582031
101.8129653930664
60.29139709472656
63.089141845703125
70.60494232177734
82.06320190429688
93.94054412841797
64.92448425292969
103.18690490722656
55.213035583496094
68.78457641601562
116.56361389160156
50.91167068481445
108.96443176269531
104.46636962890625
63.39567565917969
42.9182014465332
72.58748626708984
55.608375549316406
37.59614181518555
64.10021209716797
58.48394775390625
56.497032165527344
79.2261734008789
86.96824645996094
101.32081604003906
102.15057373046875
54.84136199951172
66.78485107421875
57.57149887084961
78.2126235961914
91.11190032958984
61.42491149902344
100.83625793457031
69.99177551269531
37.06303024291992
67.68719482421875
84.92845916748047
95.93412780761719
70.60051727294922
64.82813262939453
69.42121124267578
61.98724365234375
83.30919647216797
49.14580535888672
95.8668441772461
94.28775787353516
68.72447204589844
49.71818923950195
46.85709762573242
56.18720626831055
79.66045379638672
58.17497634887695
78.02086639404297
89.72052001953125
64.29808044433594
52.081146240234375
63.53960418701172
64.92745971679688
49.670188903808594
58.13445281982422
68.23303985595703
65.91356658935547
66.12289428710938
41.387351989746094
94.83671569824219
44.878143310546875
66.15296936035156
52.84741973876953
48.41785430908203
100.89038848876953
25.39455223083496
72.10816192626953
34.269126892089844
70.4395751953125
61.881710052490234
55.7180290222168
41.26945877075195
109.56460571289062
32.86880874633789
60.473045349121094
63.6875114440918
61.78700256347656
64.95829010009766
90.9460678100586
72.38272857666016
70.9207534790039
76.14000701904297
78.65066528320312
50.50677490234375
51.025596618652344
83.31621551513672
97.1185531616211
70.1197280883789
59.2488899230957
67.32078552246094
53.18593978881836
59.12470626831055
69.44821166992188
58.450775146484375
58.676025390625
74.44824981689453
53.90572738647461
63.44465637207031
102.97393035888672
74.99493408203125
98.73856353759766
58.64521789550781
75.22034454345703
109.49447631835938
48.80796813964844
44.21548843383789
94.25019836425781
63.44453811645508
97.04676055908203
69.92964935302734
79.83609771728516
98.6446762084961
75.45591735839844
32.99563217163086
75.36616516113281
73.21446990966797
54.19351577758789
73.89612579345703
75.48943328857422
117.96650695800781
82.72201538085938
48.29571533203125
52.65486145019531
67.79116821289062
90.5386962890625
45.01445007324219
48.890689849853516
78.91510009765625
59.278194427490234
64.59041595458984
84.80803680419922
127.7276382446289
64.268798828125
76.12041473388672
75.3410415649414
30.854736328125
43.74998474121094
72.27967071533203
88.7662124633789
83.6309585571289
72.08702087402344
55.58034896850586
87.53550720214844
73.15736389160156
75.34493255615234
104.38047790527344
70.45415496826172
41.78134536743164
42.579322814941406
69.63587188720703
84.28500366210938
102.08433532714844
45.030181884765625
69.46160125732422
64.138427734375
31.728267669677734
37.72125244140625
57.034732818603516
84.78385925292969
103.84439086914062
94.64229583740234
63.7208251953125
88.41862487792969
50.78439712524414
67.2231216430664
81.34884643554688
49.70221710205078
44.95524597167969
85.34680938720703
60.18632125854492
74.24964904785156
70.22582244873047
53.99716567993164
57.35661697387695
69.00297546386719
63.399532318115234
104.96061706542969
45.92806625366211
77.38121795654297
52.048988342285156
110.74536895751953
101.56340789794922
80.9402847290039
81.81925964355469
73.9740982055664
38.84257125854492
53.628997802734375
64.50287628173828
62.51052474975586
73.26134490966797
83.82453918457031
75.3374252319336
61.37443542480469
95.33707427978516
58.53030776977539
72.54054260253906
97.56270599365234
89.73629760742188
59.66270065307617
78.86388397216797
84.88717651367188
106.04470825195312
54.021034240722656
86.81798553466797
88.23921966552734
64.42561340332031
35.92637634277344
71.13870239257812
60.34098815917969
91.09508514404297
88.2214584350586
54.22911071777344
62.86727523803711
91.35009765625
74.9457015991211
79.77476501464844
93.07036590576172
47.98733901977539
34.682640075683594
57.06690216064453
50.730377197265625
75.8452377319336
63.53030014038086
73.73339080810547
61.42849349975586
73.8072280883789
74.2511215209961
77.36214447021484
94.19544219970703
72.69723510742188
69.10336303710938
96.89678192138672
81.031982421875
40.395111083984375
65.39423370361328
100.77223205566406
63.30422592163086
51.47744369506836
61.0685920715332
86.5237808227539
90.47720336914062
44.251644134521484
102.96395111083984
61.19976043701172
66.11288452148438
93.28504180908203
69.8172607421875
62.01833724975586
47.302764892578125
51.9486083984375
96.307861328125
72.97172546386719
68.8289794921875
77.41322326660156
85.91806030273438
55.368614196777344
100.6718978881836
71.10929870605469
61.5217170715332
67.75993347167969
77.22183990478516
95.68492889404297
91.35503387451172
53.391815185546875
61.73021697998047
56.9499397277832
69.88509368896484
78.70330810546875
82.35055541992188
29.118806838989258
81.24987030029297
75.11480712890625
58.78424835205078
53.13386917114258
57.71070861816406
61.39298629760742
87.86585998535156
58.28880310058594
106.13616943359375
47.1334114074707
55.68287658691406
87.80880737304688
58.60409927368164
57.11637878417969
69.04452514648438
72.40734100341797
63.807533264160156
65.04240417480469
39.37019729614258
59.153568267822266
43.534000396728516
21.03767967224121
70.593505859375
34.25452423095703
50.88620376586914
33.06830978393555
84.88191986083984
55.85283279418945
73.4832534790039
46.491294860839844
70.70536804199219
95.7768783569336
90.78077697753906
49.56730270385742
77.65047454833984
63.32062911987305
70.24777221679688
68.33112335205078
34.853240966796875
50.89189529418945
68.11004638671875
67.65538787841797
56.78190612792969
75.55564880371094
59.21879959106445
75.23966217041016
72.18292236328125
99.09874725341797
58.81172561645508
86.8029556274414
66.14007568359375
34.92232894897461
99.22660827636719
69.68683624267578
58.883018493652344
87.65128326416016
65.3578109741211
64.25045776367188
64.5841293334961
44.953163146972656
83.89356231689453
69.53253936767578
53.123050689697266
63.82518005371094
71.95075988769531
46.83780288696289
56.59664535522461
54.33989334106445
61.88422393798828
51.59632873535156
68.16644287109375
37.86796569824219
53.68478012084961
74.8104019165039
48.251617431640625
72.0249252319336
63.34408950805664
61.718597412109375
32.014068603515625
59.11148452758789
70.7521743774414
83.05570220947266
82.56980895996094
56.899505615234375
51.798213958740234
55.228553771972656
53.08408737182617
80.13215637207031
96.5174331665039
53.09377670288086
117.21925354003906
55.77952575683594
52.324249267578125
47.920982360839844
62.159820556640625
70.009521484375
91.76960754394531
33.77081298828125
72.45293426513672
49.3641357421875
72.26278686523438
68.45747375488281
52.33921432495117
68.88113403320312
38.31438064575195
43.25
55.96955490112305
82.91942596435547
62.85649108886719
81.7696533203125
51.05365753173828
64.56808471679688
40.36790466308594
68.93863677978516
62.29453659057617
74.07748413085938
86.75006103515625
57.78531265258789
48.205299377441406
54.842872619628906
43.51250457763672
75.2549819946289
94.91028594970703
31.759185791015625
58.529300689697266
45.24567413330078
61.582847595214844
58.46029281616211
101.86659240722656
70.41819763183594
69.2158432006836
79.21308135986328
70.2918472290039
77.4122085571289
64.80758666992188
61.61675262451172
47.659339904785156
86.69961547851562
79.01335906982422
87.2414321899414
66.38624572753906
65.39784240722656
83.61564636230469
65.6383056640625
114.71725463867188
38.238224029541016
55.47772216796875
25.678617477416992
82.82492065429688
96.17322540283203
72.9954833984375
78.78667449951172
65.61161041259766
72.42733001708984
78.42118072509766
78.25590515136719
88.61359405517578
100.24524688720703
78.95999908447266
64.16539001464844
79.1602783203125
74.54227447509766
87.8498306274414
86.3734359741211
69.85489654541016
71.41072082519531
54.57293701171875
78.24085235595703
71.31217193603516
82.62577056884766
60.6281623840332
50.51150131225586
49.1802978515625
54.79756164550781
57.461421966552734
78.73217010498047
85.29960632324219
63.44228744506836
75.9533462524414
59.61006546020508
88.76763916015625
100.46684265136719
66.58985137939453
51.902130126953125
55.61141586303711
85.26828002929688
66.4968032836914
63.84532928466797
78.05547332763672
67.27591705322266
61.24810791015625
44.247962951660156
84.24274444580078
53.56244659423828
75.04212951660156
91.36730194091797
74.42220306396484
69.3562240600586
93.56553649902344
46.99532699584961
40.46303939819336
59.0791130065918
78.61624908447266
88.51205444335938
53.762611389160156
80.52835083007812
25.777828216552734
74.1307144165039
37.52041244506836
80.52239990234375
61.69589614868164
40.76934814453125
87.16015625
75.95510864257812
72.33805847167969
55.06574249267578
83.20362854003906
70.5457763671875
114.22197723388672
59.90567398071289
39.92489242553711
