37.592140197753906
50.971229553222656
59.616554260253906
48.115909576416016
55.827754974365234
33.0577278137207
38.44757080078125
44.40560531616211
77.79759216308594
46.20074462890625
65.14098358154297
25.30535125732422
47.6419677734375
30.098169326782227
53.42708969116211
46.362911224365234
17.381940841674805
27.339704513549805
22.189279556274414
35.369415283203125
31.061891555786133
44.97916793823242
31.36686134338379
72.55349731445312
33.60908889770508
26.27157974243164
35.49788284301758
33.821685791015625
64.47012329101562
35.432823181152344
81.91373443603516
55.20036697387695
70.91310119628906
32.67326736450195
45.23556900024414
37.294857025146484
49.081966400146484
58.027164459228516
32.38833999633789
56.788028717041016
35.926780700683594
48.105220794677734
34.521087646484375
17.299076080322266
34.060123443603516
29.136165618896484
35.89739227294922
16.544706344604492
5.321383953094482
70.77948760986328
26.2919864654541
25.818103790283203
30.946121215820312
38.1803092956543
50.71054458618164
42.58444595336914
54.706241607666016
56.12665557861328
41.24338150024414
51.96549606323242
38.15243148803711
36.2508430480957
28.740779876708984
29.910743713378906
73.4666519165039
50.2684211730957
42.887943267822266
48.92798614501953
63.02123260498047
52.69571304321289
24.13399314880371
44.62675094604492
49.75979995727539
32.03944396972656
30.628923416137695
68.91622161865234
2.359173059463501
39.898963928222656
27.248886108398438
36.15052032470703
69.94032287597656
39.603878021240234
47.20521545410156
15.662120819091797
48.96200942993164
35.518672943115234
49.30182647705078
48.54774475097656
56.39586639404297
40.59132766723633
42.10858917236328
70.30290985107422
44.18466567993164
37.83701705932617
35.55187225341797
33.63416290283203
48.76887893676758
38.39534378051758
44.986595153808594
49.664634704589844
37.05251693725586
46.271183013916016
29.134756088256836
36.42877197265625
47.15155029296875
59.23200225830078
27.321672439575195
36.27967834472656
45.82278823852539
24.041492462158203
38.8701286315918
61.25862121582031
53.4406852722168
56.600914001464844
17.32691192626953
54.06894302368164
48.122196197509766
63.95943069458008
65.5376968383789
35.97362518310547
44.54867935180664
59.33180618286133
37.81828689575195
52.8738899230957
20.945463180541992
45.05830001831055
27.870752334594727
49.562828063964844
44.939002990722656
71.03294372558594
75.45484924316406
32.209068298339844
33.95603561401367
40.41823196411133
58.65550231933594
20.145627975463867
32.36284637451172
66.48199462890625
12.193975448608398
30.773876190185547
36.33953857421875
59.40177917480469
28.278074264526367
49.891414642333984
42.99781799316406
55.707847595214844
34.580039978027344
49.47289276123047
52.069828033447266
36.7745246887207
17.73158836364746
68.7557373046875
37.228939056396484
29.835521697998047
54.83068084716797
43.16337585449219
54.5251579284668
39.91460037231445
43.26841735839844
42.177757263183594
26.638851165771484
48.722251892089844
40.50111389160156
62.294822692871094
28.875642776489258
13.030561447143555
58.87736511230469
25.56950569152832
55.1271858215332
38.16739273071289
49.31746292114258
41.18376159667969
67.6263427734375
50.313026428222656
11.415581703186035
17.674854278564453
36.25368118286133
56.05060958862305
52.030296325683594
49.73848342895508
48.106475830078125
72.41832733154297
76.34435272216797
12.087635040283203
35.87496566772461
57.226924896240234
41.18677520751953
53.4611930847168
57.70914840698242
52.236961364746094
66.87142181396484
39.85515213012695
29.305940628051758
48.58171463012695
42.57136535644531
40.755313873291016
27.169410705566406
44.94159698486328
19.857196807861328
18.82956886291504
41.787078857421875
14.996111869812012
37.41044235229492
42.85005187988281
14.14777946472168
37.606895446777344
56.58823013305664
36.41845703125
29.341449737548828
66.74369812011719
35.54579162597656
56.35955047607422
54.282691955566406
70.80516052246094
49.749847412109375
16.65178108215332
72.11972045898438
64.75011444091797
58.467559814453125
32.42254638671875
63.656925201416016
80.74371337890625
50.6552734375
44.760807037353516
9.947612762451172
34.272483825683594
64.6463623046875
41.944950103759766
53.22055435180664
49.93206787109375
61.38954544067383
33.00666809082031
40.64874267578125
47.858394622802734
41.802677154541016
59.097103118896484
55.00825119018555
57.324867248535156
48.0659294128418
24.94078254699707
42.52031707763672
36.328941345214844
41.45817184448242
26.553874969482422
39.78523635864258
37.254241943359375
40.122108459472656
62.91830825805664
61.34446334838867
55.05507278442383
42.23355484008789
38.602848052978516
35.10098648071289
51.45807647705078
73.22525024414062
56.34935760498047
42.48299789428711
20.747636795043945
40.1386833190918
41.04890441894531
33.003395080566406
61.25112533569336
48.02751922607422
42.74025344848633
29.286869049072266
45.89048767089844
51.20421600341797
46.684486389160156
26.40418243408203
31.989381790161133
56.671661376953125
22.17399024963379
48.774559020996094
37.04852294921875
59.918495178222656
35.58242416381836
33.712852478027344
50.45543670654297
50.54202651977539
18.955549240112305
33.57263946533203
30.030630111694336
42.91892623901367
52.46207046508789
45.26897048950195
41.0844612121582
58.18328094482422
46.329349517822266
19.383222579956055
29.91093635559082
42.12561798095703
26.079608917236328
46.37027359008789
38.985721588134766
33.139007568359375
24.05524253845215
49.71186447143555
44.25190353393555
48.81767272949219
70.77692413330078
35.38470458984375
88.80096435546875
43.2487907409668
73.3759994506836
37.72760772705078
28.504318237304688
35.990623474121094
63.60054397583008
40.2786979675293
59.197593688964844
50.73613739013672
29.96841812133789
37.49384307861328
46.6444206237793
56.201297760009766
67.4748306274414
23.177757263183594
41.125335693359375
62.080665588378906
41.34280014038086
32.55530548095703
36.2021369934082
50.690242767333984
36.871131896972656
52.570255279541016
26.0906925201416
32.200904846191406
32.22026062011719
22.883892059326172
23.881717681884766
29.844337463378906
50.908050537109375
9.185280799865723
65.35667419433594
63.114383697509766
36.56121826171875
25.566532135009766
21.371397018432617
34.5346794128418
47.740474700927734
33.752994537353516
28.94835090637207
24.626811981201172
38.53850173950195
29.82204246520996
47.664493560791016
53.19886016845703
31.715648651123047
23.286373138427734
24.13697624206543
62.5777587890625
78.29002380371094
35.72998046875
42.079002380371094
39.952545166015625
55.09381866455078
24.625207901000977
46.730445861816406
40.086788177490234
41.906551361083984
40.1632080078125
65.133056640625
65.87871551513672
58.713104248046875
59.584693908691406
41.61189270019531
70.40178680419922
53.955360412597656
69.87240600585938
43.03132247924805
45.784584045410156
28.04798126220703
37.84835433959961
17.91204071044922
63.79365921020508
57.76587677001953
51.72998809814453
47.50407791137695
40.67201614379883
40.19377136230469
43.5378303527832
60.32463073730469
40.172916412353516
44.23759460449219
36.22525405883789
44.80486297607422
33.70859146118164
30.553869247436523
39.82899856567383
24.969688415527344
58.097816467285156
62.28644943237305
52.632266998291016
51.485633850097656
41.70799255371094
65.14385223388672
19.067779541015625
48.680179595947266
43.86897277832031
61.372127532958984
36.69002151489258
54.00748062133789
44.80644226074219
57.25191879272461
63.28800582885742
54.71146774291992
47.530269622802734
50.37244415283203
47.25360107421875
28.759899139404297
43.74043273925781
24.596820831298828
23.519397735595703
35.380550384521484
54.90187072753906
73.22651672363281
27.00832176208496
31.844507217407227
53.624176025390625
39.58952713012695
43.156185150146484
13.062421798706055
36.125831604003906
24.244945526123047
23.469532012939453
48.67814254760742
51.042572021484375
55.21719741821289
36.43268585205078
42.85636520385742
46.38338088989258
72.94046020507812
38.202491760253906
34.615509033203125
46.899574279785156
53.20072555541992
64.47201538085938
26.03058624267578
67.17955780029297
16.141334533691406
35.690269470214844
43.082252502441406
53.650936126708984
41.40522384643555
56.7105712890625
46.72919845581055
61.3753662109375
20.502710342407227
34.34144973754883
32.18992233276367
27.888551712036133
43.60970687866211
70.34949493408203
43.8946647644043
36.01845169067383
20.199342727661133
39.509239196777344
43.39958190917969
39.28876495361328
53.21446990966797
58.5030632019043
67.46867370605469
39.79228973388672
34.78449630737305
41.991920471191406
32.06580352783203
57.51914978027344
54.57225799560547
21.951196670532227
65.48334503173828
31.068994522094727
29.201324462890625
45.496891021728516
58.918033599853516
54.8523063659668
42.228824615478516
24.246932983398438
54.92194747924805
21.354230880737305
29.618637084960938
23.392993927001953
34.525184631347656
56.24589157104492
39.56721115112305
49.458038330078125
48.8455924987793
30.78445053100586
45.63511276245117
38.19213104248047
65.77478790283203
60.807159423828125
60.697471618652344
24.45082664489746
29.881351470947266
29.01043701171875
59.13512420654297
45.18622970581055
53.5959358215332
56.34825897216797
78.15705108642578
32.415409088134766
41.196083068847656
52.59318923950195
17.646757125854492
21.140121459960938
49.956661224365234
28.797378540039062
39.715721130371094
50.01191329956055
37.60658645629883
54.652671813964844
62.06163024902344
35.65652084350586
51.76519012451172
23.715818405151367
56.99036407470703
38.68387222290039
62.3453254699707
41.45724868774414
31.39188003540039
46.888729095458984
51.58278274536133
31.122228622436523
35.59379196166992
50.923824310302734
52.82576370239258
43.70018768310547
61.956146240234375
18.810871124267578
34.850914001464844
47.91624069213867
49.399349212646484
22.613252639770508
55.05070877075195
53.72610092163086
25.303876876831055
39.68330764770508
80.02275085449219
29.825557708740234
80.00018310546875
45.778358459472656
69.9981460571289
26.291597366333008
30.38262367248535
53.78262710571289
39.2697868347168
30.899858474731445
65.49036407470703
52.46603775024414
35.091529846191406
41.076595306396484
53.8201789855957
94.64202117919922
42.255374908447266
24.4735050201416
44.838985443115234
45.45892333984375
54.287601470947266
39.20459747314453
57.343788146972656
47.770851135253906
23.64641761779785
41.41814422607422
43.686790466308594
37.976322174072266
85.1326675415039
31.818885803222656
14.878207206726074
31.749338150024414
49.02103805541992
55.878353118896484
29.719017028808594
15.575313568115234
28.761232376098633
59.26395034790039
27.915327072143555
37.42323303222656
36.92304992675781
32.21036911010742
40.39121627807617
42.27492904663086
32.16521453857422
42.96541213989258
52.14548110961914
26.10464096069336
48.24882888793945
44.256202697753906
54.23118591308594
54.538394927978516
48.11327362060547
53.96461486816406
21.029922485351562
35.945701599121094
36.281211853027344
37.91996765136719
57.832550048828125
67.6767807006836
72.0509033203125
30.97711944580078
46.03199005126953
46.57476806640625
35.79441452026367
28.51580238342285
33.67794418334961
24.790447235107422
36.88569259643555
46.53221130371094
48.279441833496094
25.588001251220703
15.634920120239258
35.904502868652344
55.23964309692383
43.072410583496094
22.93611717224121
25.880382537841797
29.80908203125
53.551963806152344
33.88829803466797
76.83000183105469
55.73268127441406
75.1258544921875
71.08808898925781
62.49831008911133
31.661392211914062
68.35115814208984
27.844493865966797
58.47853088378906
22.392566680908203
36.62408447265625
50.514320373535156
36.007450103759766
28.707731246948242
37.70905303955078
62.31662368774414
48.406463623046875
47.86339569091797
28.600078582763672
64.24632263183594
43.272132873535156
40.42597198486328
46.061912536621094
32.26252746582031
26.898488998413086
25.455322265625
28.53894805908203
67.27794647216797
22.57688331604004
65.66726684570312
52.429508209228516
39.47409439086914
38.93302536010742
31.467172622680664
52.882991790771484
53.812923431396484
40.83712387084961
57.817527770996094
43.01431655883789
35.982704162597656
30.202123641967773
54.88347625732422
57.28114700317383
73.5741958618164
17.579843521118164
40.03184509277344
36.581729888916016
44.93896484375
29.671133041381836
42.59315872192383
40.72226333618164
51.325721740722656
43.00385284423828
38.60715866088867
38.912315368652344
70.86627960205078
37.82891845703125
48.52543258666992
32.983829498291016
47.40711975097656
65.0220718383789
38.505699157714844
57.94844055175781
53.29530334472656
35.98102569580078
32.10041046142578
35.87794876098633
47.870330810546875
26.225149154663086
52.720664978027344
36.32052230834961
82.8787841796875
37.214447021484375
38.406951904296875
60.34740447998047
26.17507553100586
51.19749450683594
48.841373443603516
33.284423828125
46.09614944458008
54.965118408203125
32.464134216308594
26.098546981811523
50.713966369628906
42.17772674560547
68.3007583618164
37.98231506347656
54.384666442871094
58.17247009277344
34.39496994018555
45.5574951171875
51.96531677246094
40.83860397338867
50.32202911376953
48.9055061340332
50.232994079589844
50.323368072509766
44.64420700073242
32.55630111694336
53.60525131225586
36.462921142578125
44.55640411376953
48.84756851196289
28.136274337768555
28.078643798828125
38.9613151550293
63.17520523071289
48.24379348754883
40.48390197753906
29.959169387817383
38.922447204589844
47.32117462158203
50.110023498535156
47.23333740234375
50.749446868896484
40.997039794921875
49.88180923461914
55.716941833496094
65.161376953125
39.386146545410156
52.38507080078125
31.647571563720703
26.49006462097168
51.72462844848633
42.403907775878906
48.16010665893555
38.546409606933594
43.9468879699707
28.879735946655273
50.42622375488281
35.85752487182617
29.457977294921875
45.35795211791992
32.92638397216797
22.46428680419922
25.671236038208008
27.843528747558594
38.742652893066406
25.81951904296875
64.61803436279297
42.15919494628906
44.15774917602539
40.95655822753906
49.807342529296875
55.60283279418945
55.40986251831055
45.55615234375
54.33311462402344
36.4698371887207
69.05243682861328
30.88719940185547
47.46415328979492
9.048786163330078
27.692529678344727
58.86817169189453
47.39766311645508
21.651926040649414
35.12614059448242
37.832366943359375
36.70429229736328
45.3570442199707
31.58570098876953
74.93579864501953
45.24691390991211
59.68563461303711
41.853538513183594
40.10553741455078
47.528316497802734
58.7868537902832
65.44402313232422
21.373538970947266
42.23872756958008
30.741857528686523
73.27852630615234
49.63452911376953
55.82265090942383
53.8081169128418
50.65327453613281
60.12740707397461
45.50274658203125
13.13144588470459
47.272422790527344
51.50173568725586
22.163259506225586
44.51000213623047
40.50813293457031
59.02250289916992
34.35825729370117
22.262826919555664
25.770320892333984
33.601802825927734
42.92616271972656
37.55741882324219
51.113983154296875
64.77946472167969
35.53803634643555
52.76060104370117
45.49894714355469
63.28821563720703
20.14811897277832
33.093475341796875
31.875911712646484
38.503814697265625
35.04692840576172
41.88657760620117
61.45304870605469
13.089929580688477
31.234678268432617
31.186182022094727
58.468990325927734
51.377952575683594
66.73816680908203
46.515254974365234
73.71611785888672
50.970130920410156
69.72603607177734
48.267295837402344
37.12982177734375
39.11567306518555
37.476802825927734
75.06661987304688
35.50991439819336
24.493061065673828
41.7136344909668
59.934757232666016
38.48450469970703
37.801876068115234
52.82823181152344
63.75345230102539
30.684219360351562
32.612083435058594
63.24201583862305
49.9233283996582
47.82973861694336
48.815757751464844
31.196475982666016
44.49562454223633
34.160011291503906
54.134552001953125
49.95785903930664
65.16166687011719
55.5689811706543
48.862274169921875
69.69596862792969
64.28973388671875
47.54280471801758
53.438743591308594
43.73886489868164
49.68235397338867
58.433624267578125
36.00876235961914
62.926937103271484
85.78056335449219
37.440731048583984
49.57204055786133
63.21897506713867
25.7497501373291
66.40713500976562
29.651628494262695
44.99463653564453
54.46923828125
64.59369659423828
58.86865234375
24.058990478515625
20.278438568115234
27.60304832458496
27.014690399169922
33.48812484741211
40.2587890625
51.00839614868164
59.39150619506836
22.43709945678711
26.246217727661133
32.42270278930664
53.60089874267578
40.75881576538086
47.3194580078125
28.27590560913086
41.87501907348633
42.552249908447266
51.83857345581055
25.4008846282959
36.944889068603516
27.11898422241211
29.060102462768555
56.18202209472656
50.11077880859375
40.237831115722656
48.175743103027344
36.429508209228516
67.303955078125
59.74945831298828
24.762798309326172
102.84419250488281
43.442230224609375
40.19850540161133
55.90599822998047
66.3226547241211
35.52943801879883
38.90849304199219
30.350587844848633
84.53047943115234
35.64918518066406
29.853469848632812
58.77165222167969
35.599700927734375
19.104713439941406
54.07914733886719
39.4992561340332
31.544109344482422
34.708946228027344
55.917327880859375
31.528289794921875
66.57308959960938
30.543045043945312
39.38188934326172
80.95411682128906
59.34857940673828
37.19442367553711
25.382314682006836
25.438505172729492
15.662150382995605
49.738067626953125
20.98447608947754
64.83834075927734
37.27068328857422
33.54438781738281
46.67805099487305
14.972874641418457
26.54165267944336
62.57461166381836
23.299150466918945
34.40899658203125
75.98920440673828
36.52410888671875
62.479610443115234
52.62591552734375
43.479679107666016
44.011810302734375
40.82125473022461
15.496539115905762
42.339576721191406
34.5331916809082
12.127942085266113
51.14938735961914
43.53129959106445
55.511329650878906
34.84366226196289
40.29164123535156
37.77757263183594
58.1567268371582
39.84843444824219
42.24497985839844
38.1337890625
22.700199127197266
25.854217529296875
28.240720748901367
58.277931213378906
56.88063049316406
16.730527877807617
57.182579040527344
25.202829360961914
30.088884353637695
62.51706314086914
66.24907684326172
47.33091354370117
30.027978897094727
50.58439254760742
43.6662483215332
38.06230545043945
67.24398803710938
24.817502975463867
54.057838439941406
61.9714241027832
29.380186080932617
59.97138214111328
40.87564468383789
52.197265625
59.79387283325195
46.860069274902344
24.86087417602539
52.66448211669922
12.71987247467041
76.21734619140625
48.46160125732422
44.222679138183594
50.682762145996094
38.539058685302734
31.651844024658203
40.12553024291992
62.796939849853516
17.45304298400879
43.04758071899414
57.013710021972656
28.0047607421875
39.38376998901367
32.49451446533203
38.138328552246094
46.964290618896484
47.580204010009766
23.28571319580078
35.40644836425781
39.1667594909668
51.9677619934082
12.89278793334961
40.77199935913086
75.80906677246094
43.401695251464844
58.55416488647461
44.14894485473633
43.96274185180664
58.499664306640625
39.64705276489258
25.284622192382812
69.49981689453125
55.932559967041016
75.13629913330078
22.5924072265625
38.543724060058594
20.029325485229492
39.65247344970703
49.57157516479492
31.81605339050293
66.3186264038086
15.013379096984863
61.69072723388672
55.155006408691406
67.01445007324219
58.63224411010742
37.144798278808594
69.92203521728516
59.11260223388672
33.33904266357422
39.55438232421875
40.30219268798828
23.67432975769043
28.997453689575195
33.33119583129883
19.269750595092773
38.18880081176758
49.795310974121094
57.06822204589844
44.914310455322266
26.666025161743164
49.415077209472656
71.88143920898438
42.55080032348633
54.73526382446289
23.28567886352539
53.63276672363281
36.10784912109375
32.43031311035156
64.0857925415039
56.355567932128906
55.73725128173828
39.184669494628906
35.55250549316406
45.29415512084961
62.74919128417969
46.86583709716797
48.501426696777344
38.62013244628906
23.5059757232666
46.90055465698242
18.545412063598633
57.01140594482422
44.989315032958984
18.380842208862305
48.31596755981445
60.27881622314453
38.726863861083984
46.0998420715332
23.64007568359375
49.936317443847656
54.656211853027344
63.10728073120117
33.30141067504883
49.17383575439453
33.39972686767578
54.680423736572266
62.560760498046875
50.26165771484375
46.439937591552734
64.31851196289062
53.99869155883789
33.39884567260742
49.32379150390625
28.98858642578125
45.483028411865234
40.01430130004883
30.499107360839844
63.48084259033203
29.709747314453125
38.85340118408203
32.46548843383789
64.37418365478516
22.51519203186035
26.34156608581543
34.57716369628906
56.173377990722656
23.267135620117188
24.397890090942383
41.53152847290039
57.52080535888672
32.32526779174805
35.5173454284668
64.31067657470703
67.0634536743164
53.58396911621094
14.396679878234863
49.613014221191406
46.04514694213867
66.36842346191406
58.879356384277344
19.103363037109375
60.97883987426758
51.616451263427734
47.60050964355469
30.136119842529297
24.838138580322266
50.12393569946289
39.36117172241211
18.604305267333984
40.44138717651367
29.301973342895508
34.167518615722656
36.571407318115234
38.76152420043945
43.217796325683594
87.88867950439453
40.735572814941406
26.640348434448242
30.714527130126953
28.306673049926758
53.41913604736328
22.89349365234375
60.043701171875
58.674591064453125
45.3532600402832
19.934829711914062
24.72467613220215
40.874542236328125
37.13235092163086
37.04967498779297
38.63374328613281
45.30529022216797
50.81256866455078
55.4686164855957
51.80388641357422
63.22054672241211
17.83298110961914
40.51871109008789
45.56822967529297
37.773807525634766
72.70954895019531
61.702720642089844
51.51408767700195
46.27268981933594
24.283954620361328
26.546066284179688
56.41244888305664
37.20107650756836
35.71055221557617
48.48432540893555
61.6064338684082
54.60367965698242
34.67239761352539
36.222503662109375
28.031505584716797
32.520164489746094
56.068302154541016
57.64046096801758
20.02187156677246
41.476322174072266
47.41334533691406
35.07562255859375
22.245399475097656
50.10100555419922
38.72062683105469
66.30215454101562
67.85509490966797
27.64668846130371
42.97740936279297
46.000362396240234
30.044551849365234
25.65984535217285
58.385292053222656
47.758758544921875
42.24985885620117
63.69068145751953
53.92287063598633
69.74044036865234
23.284852981567383
35.69777297973633
54.790828704833984
46.073421478271484
52.73151397705078
62.017269134521484
37.60470962524414
30.66490364074707
32.36472702026367
44.8231086730957
33.18024444580078
50.786094665527344
40.566532135009766
38.7390022277832
47.44581604003906
13.446032524108887
45.89839172363281
63.97772216796875
24.6811466217041
54.805084228515625
38.484676361083984
66.01985168457031
32.765899658203125
47.47954559326172
60.523616790771484
42.986942291259766
20.471555709838867
49.969966888427734
34.99485397338867
31.53749656677246
55.3590202331543
40.59096908569336
66.86441802978516
37.205711364746094
34.44916915893555
42.73493957519531
46.14677810668945
34.8754768371582
44.17717361450195
57.49633026123047
21.097890853881836
50.24525833129883
34.51404571533203
35.453460693359375
39.99018859863281
48.0545768737793
54.55173873901367
43.68766403198242
15.945976257324219
37.94486618041992
43.79848861694336
59.08404541015625
69.13500213623047
24.164875030517578
22.06890106201172
51.1848030090332
50.35197448730469
49.54997634887695
22.205629348754883
57.213356018066406
21.464963912963867
43.18596267700195
42.991207122802734
40.597412109375
37.86232376098633
44.897098541259766
58.38432693481445
51.37262725830078
32.65874099731445
23.64002227783203
57.48239517211914
56.892295837402344
70.31631469726562
34.17007064819336
64.70392608642578
49.67775344848633
32.739227294921875
62.21925735473633
34.22592544555664
41.44778823852539
56.907230377197266
45.039833068847656
39.68168258666992
40.668270111083984
13.331976890563965
49.856807708740234
54.145782470703125
52.86321258544922
46.3213005065918
44.87453079223633
45.15237808227539
47.54261016845703
32.969112396240234
55.32371139526367
24.192310333251953
36.91373825073242
43.82785415649414
52.670196533203125
35.43193817138672
37.61674499511719
29.201494216918945
25.640657424926758
41.77079391479492
39.65122985839844
70.54446411132812
61.41212463378906
42.0660514831543
41.69945526123047
61.8332405090332
24.498964309692383
37.930885314941406
25.162050247192383
47.10875701904297
32.1248893737793
54.10658264160156
53.929222106933594
62.199737548828125
88.03211975097656
50.12150573730469
63.86496353149414
67.54207611083984
56.440025329589844
47.80171203613281
60.4256477355957
38.17472457885742
22.065526962280273
65.23422241210938
32.01217269897461
49.26028060913086
67.22373962402344
42.61357116699219
37.5526237487793
37.49239730834961
46.754573822021484
35.16265106201172
16.91535186767578
34.165496826171875
59.579566955566406
50.712623596191406
77.32456970214844
59.05204391479492
23.947914123535156
38.65459442138672
41.680198669433594
39.11142349243164
37.97384262084961
18.15997314453125
32.28430938720703
47.69745635986328
44.66838073730469
48.44749450683594
33.328277587890625
65.50598907470703
28.6207218170166
37.38574981689453
28.135175704956055
67.88865661621094
62.62139892578125
44.48245620727539
72.67677307128906
49.25175094604492
53.00382614135742
64.98686218261719
32.1618766784668
54.802547454833984
41.758758544921875
69.60098266601562
31.978525161743164
37.10948944091797
26.507047653198242
41.94954299926758
54.161441802978516
30.153980255126953
38.51494216918945
50.7628059387207
38.02497100830078
41.83460998535156
51.56306457519531
46.243099212646484
61.192928314208984
57.93734359741211
69.73284149169922
46.5601921081543
36.26997375488281
30.070331573486328
40.80907440185547
75.06336212158203
58.740020751953125
45.12071990966797
30.02713966369629
59.58039855957031
43.56698989868164
51.68800735473633
10.475255012512207
52.213253021240234
50.327056884765625
55.76375198364258
34.23876953125
40.19045639038086
42.642948150634766
56.004302978515625
36.64744567871094
35.82622146606445
39.59428405761719
70.54869079589844
51.94083786010742
53.43675231933594
44.400794982910156
34.10694885253906
41.75908660888672
57.76112365722656
35.291255950927734
34.3758544921875
55.42581558227539
27.801008224487305
61.211971282958984
24.696081161499023
44.9818000793457
39.038848876953125
60.14868927001953
43.62328338623047
39.208946228027344
30.492143630981445
39.36143493652344
52.24211502075195
20.925865173339844
49.25831604003906
51.25175476074219
45.49288558959961
38.922325134277344
49.73384094238281
45.590126037597656
24.54652976989746
32.769142150878906
34.43777847290039
9.177411079406738
60.70919418334961
59.915977478027344
43.064693450927734
22.79661750793457
21.575458526611328
64.40830993652344
45.574424743652344
35.341590881347656
35.988040924072266
21.264047622680664
57.560874938964844
52.311553955078125
20.766159057617188
58.81842803955078
38.67549133300781
12.134573936462402
44.15484619140625
34.88743591308594
52.59101867675781
34.937957763671875
50.295265197753906
47.759952545166016
50.596622467041016
73.24058532714844
67.44793701171875
17.453401565551758
68.36314392089844
18.99115753173828
43.84376907348633
51.90510940551758
14.57603645324707
62.44923782348633
58.841217041015625
70.27147674560547
66.97042846679688
33.89286804199219
56.33126449584961
35.33673095703125
40.47526550292969
62.390384674072266
47.72605514526367
49.32063293457031
57.03615188598633
53.96976089477539
41.16292953491211
58.57939910888672
46.40486145019531
46.16191482543945
52.150306701660156
62.36322021484375
34.87306594848633
42.15581130981445
42.44074630737305
41.227928161621094
37.054317474365234
36.8465576171875
48.31007385253906
59.574790954589844
53.14668273925781
37.070777893066406
49.242366790771484
20.891765594482422
27.97368621826172
31.359413146972656
28.089548110961914
51.94300079345703
9.846891403198242
9.513359069824219
58.44111251831055
35.52888107299805
26.075267791748047
5.660516738891602
35.2520866394043
59.531612396240234
32.25580978393555
33.04782485961914
63.060890197753906
33.575958251953125
66.76287841796875
30.526634216308594
59.31877517700195
78.76940155029297
37.51454162597656
69.75704193115234
66.4444351196289
58.36248779296875
51.884483337402344
61.23777770996094
34.53553009033203
47.08842468261719
58.352760314941406
19.68897247314453
51.84816360473633
39.293922424316406
87.49980926513672
48.25299835205078
42.5064697265625
34.58123016357422
54.23157501220703
36.46633529663086
27.48212242126465
49.01197052001953
55.62944412231445
39.71231460571289
30.912899017333984
46.090938568115234
54.5533561706543
43.59226608276367
46.48255157470703
44.991241455078125
24.842065811157227
42.2708625793457
54.3121337890625
44.61410903930664
27.215904235839844
15.432147979736328
75.82366943359375
44.83650588989258
37.17014694213867
53.2522087097168
38.21720886230469
51.971038818359375
53.26490020751953
36.901458740234375
41.32030487060547
59.23424530029297
29.761566162109375
45.503177642822266
71.68465423583984
44.958457946777344
20.45650863647461
64.38137817382812
56.265846252441406
55.44167709350586
41.75652313232422
71.96393585205078
48.97641372680664
39.34026336669922
21.490541458129883
70.43384552001953
40.14234924316406
53.74989318847656
50.382293701171875
60.420867919921875
59.857696533203125
72.22076416015625
47.31139373779297
33.457279205322266
40.72575378417969
31.505001068115234
49.420265197753906
32.71668243408203
39.49171829223633
49.108192443847656
35.0704345703125
57.38587188720703
31.082326889038086
55.63499450683594
31.49138641357422
40.84682083129883
37.62297439575195
49.494571685791016
31.27367401123047
48.444969177246094
39.93896484375
67.16150665283203
66.7755126953125
51.01167678833008
43.397216796875
40.52891540527344
45.610694885253906
66.24744415283203
38.22365951538086
45.23944091796875
34.49452590942383
29.66421890258789
53.6919059753418
35.33018493652344
52.87565994262695
26.787214279174805
48.592193603515625
42.00028991699219
57.32392883300781
55.469688415527344
23.148460388183594
60.90223693847656
5.460315704345703
22.981508255004883
44.00757598876953
39.61260223388672
41.74909973144531
58.701087951660156
79.84526824951172
67.35783386230469
52.703922271728516
33.56538772583008
41.76482391357422
35.0233154296875
47.83330154418945
12.79483699798584
28.212352752685547
46.307861328125
57.46857452392578
55.607017517089844
27.20975112915039
29.511987686157227
32.2269287109375
24.153976440429688
57.64485168457031
28.383495330810547
46.86985778808594
43.56774139404297
44.65829086303711
57.17546463012695
33.96708297729492
58.58316421508789
12.314332008361816
55.80778503417969
35.83202362060547
52.21489334106445
33.730857849121094
63.01084899902344
42.3646125793457
8.979025840759277
67.22330474853516
17.70758056640625
31.92340850830078
37.45340347290039
12.350629806518555
46.51203155517578
64.2750244140625
21.28702735900879
40.658905029296875
58.05551528930664
49.401649475097656
56.148345947265625
33.80308532714844
46.76716995239258
41.06907653808594
27.701330184936523
65.77790069580078
65.77088928222656
40.424861907958984
46.178409576416016
64.07453918457031
58.352684020996094
54.696685791015625
29.748390197753906
40.727169036865234
37.711524963378906
43.78165817260742
45.30085754394531
26.902400970458984
46.892921447753906
40.869728088378906
26.517454147338867
45.07928466796875
32.020408630371094
61.43217086791992
35.821327209472656
77.72614288330078
35.17471694946289
28.45991325378418
49.97529602050781
36.11753463745117
38.97455596923828
49.83424377441406
57.25562286376953
52.838626861572266
43.389102935791016
47.194435119628906
12.03426456451416
30.810344696044922
38.87107467651367
60.04130554199219
27.38421058654785
61.32630157470703
60.69291687011719
40.811134338378906
49.23094940185547
42.504737854003906
76.59159088134766
30.07078742980957
72.58206939697266
49.52267074584961
25.162511825561523
28.322397232055664
47.400691986083984
42.651123046875
53.01823425292969
49.26062774658203
42.07273864746094
34.63999557495117
63.62649154663086
33.021263122558594
45.30631637573242
36.99602508544922
35.065914154052734
80.93696594238281
55.49573516845703
36.5534553527832
41.54940414428711
58.83856964111328
32.65785217285156
49.76622772216797
44.848785400390625
35.007450103759766
43.609107971191406
42.60688781738281
50.04719924926758
35.437931060791016
36.00191879272461
23.03185272216797
39.347713470458984
49.488460540771484
79.43743133544922
37.069400787353516
34.375247955322266
27.76740074157715
44.65170669555664
39.785301208496094
50.207244873046875
43.544654846191406
64.96000671386719
46.981075286865234
44.819618225097656
64.65534973144531
35.82038879394531
49.29969024658203
24.57064437866211
45.33967590332031
37.22682189941406
50.91912841796875
34.879920959472656
52.74253845214844
42.907020568847656
26.682004928588867
49.144737243652344
41.963157653808594
48.96989822387695
43.724117279052734
40.024662017822266
28.293045043945312
68.53260040283203
36.84138107299805
46.879669189453125
51.893856048583984
40.01726531982422
20.66768455505371
51.05253219604492
33.549949645996094
36.927730560302734
88.25638580322266
39.53921127319336
16.78069496154785
39.7255859375
97.61530303955078
40.834171295166016
53.43461227416992
71.87393188476562
28.252544403076172
39.228763580322266
44.022647857666016
70.55377960205078
56.4483528137207
80.81734466552734
80.93782043457031
10.050541877746582
24.86424446105957
48.166160583496094
71.26727294921875
44.47732162475586
28.74681854248047
24.247459411621094
37.78171920776367
36.26850128173828
64.8949203491211
41.780399322509766
80.15299224853516
29.605754852294922
83.18980407714844
42.4795036315918
57.17288589477539
44.435272216796875
76.974853515625
46.13458251953125
94.78770446777344
53.1729621887207
63.27960968017578
39.06638717651367
48.478736877441406
41.874603271484375
42.10683822631836
49.49299240112305
77.01106262207031
42.43848419189453
34.131492614746094
54.4261589050293
65.84188842773438
30.345033645629883
51.028133392333984
37.93917465209961
30.94820785522461
69.70414733886719
28.442441940307617
40.29059982299805
54.345733642578125
21.239791870117188
77.84492492675781
63.988922119140625
45.41933059692383
47.707054138183594
45.53068923950195
27.461496353149414
33.11747360229492
55.34022903442383
45.4979362487793
78.01559448242188
63.74819564819336
44.20205307006836
19.65691375732422
39.0082893371582
55.28510665893555
45.38373565673828
39.51164245605469
36.81145095825195
62.180809020996094
75.73687744140625
40.22563171386719
32.20808029174805
41.49596405029297
64.9259033203125
18.267332077026367
53.115013122558594
38.16621017456055
48.17081832885742
28.871320724487305
36.85266876220703
39.60893249511719
51.55519485473633
35.91474151611328
13.456636428833008
82.2035903930664
67.79181671142578
57.89911651611328
42.65462875366211
7.073254108428955
53.32969665527344
85.1867446899414
40.83676528930664
41.52350616455078
54.165828704833984
48.23834991455078
50.493770599365234
56.851112365722656
42.015140533447266
48.54349136352539
26.031736373901367
25.900924682617188
58.185997009277344
48.38810729980469
61.12668228149414
55.35993194580078
18.19417381286621
42.22156524658203
68.46653747558594
52.620845794677734
20.525739669799805
74.81367492675781
58.63704299926758
45.69017791748047
35.77241134643555
38.427406311035156
38.08978271484375
41.4388542175293
40.397743225097656
50.28120422363281
22.935165405273438
50.499969482421875
35.646915435791016
52.99324035644531
24.603713989257812
55.008052825927734
53.77988052368164
46.657588958740234
20.422462463378906
69.00508880615234
41.07726287841797
46.48349380493164
12.468402862548828
57.26176071166992
46.14745330810547
58.694644927978516
38.769901275634766
21.910404205322266
42.00059509277344
46.221317291259766
47.73219299316406
24.87272071838379
36.151737213134766
35.7994270324707
45.096900939941406
39.26231384277344
34.95967483520508
41.769466400146484
39.90414810180664
38.34266662597656
43.902549743652344
30.09048843383789
35.688812255859375
50.74013137817383
55.166351318359375
38.93703079223633
63.74085235595703
42.132259368896484
36.08543014526367
0.7345000505447388
50.66669464111328
35.893218994140625
28.45671272277832
47.0008544921875
38.55717468261719
40.01371765136719
43.917850494384766
48.98087692260742
47.24574279785156
51.48440933227539
22.21245574951172
49.17193603515625
27.394989013671875
49.54353332519531
22.647022247314453
48.947731018066406
28.056049346923828
74.31859588623047
17.896682739257812
36.32082748413086
21.716291427612305
36.84859085083008
53.51505661010742
56.3764762878418
54.62176513671875
35.19258499145508
24.32013702392578
27.989593505859375
38.288875579833984
45.915252685546875
59.4857063293457
34.206851959228516
54.72528076171875
38.04465103149414
25.61404800415039
45.26350784301758
24.223085403442383
39.632469177246094
42.8608512878418
37.27878952026367
35.50285339355469
28.09477996826172
59.944313049316406
15.737693786621094
31.857803344726562
62.35639953613281
60.8872184753418
47.77077865600586
52.92240524291992
31.66019058227539
35.29975509643555
62.982330322265625
42.598819732666016
39.986061096191406
71.76271057128906
47.91145324707031
68.11575317382812
57.22273635864258
39.396522521972656
55.30137252807617
48.294532775878906
36.43852615356445
45.51737976074219
54.66358184814453
32.176170349121094
30.012239456176758
61.96913146972656
46.40384292602539
28.180124282836914
52.05076217651367
19.978952407836914
39.20262145996094
28.975584030151367
39.494937896728516
72.55902099609375
56.87073516845703
39.40205764770508
43.872188568115234
59.941200256347656
63.45743179321289
28.094879150390625
47.87039566040039
50.10001754760742
51.48982620239258
41.49443054199219
50.82938003540039
26.563365936279297
35.93262481689453
19.078590393066406
55.6549186706543
33.74065017700195
33.84612274169922
37.81376266479492
53.00732421875
35.59797286987305
25.42369270324707
64.44898986816406
22.444551467895508
17.10902976989746
40.70384979248047
36.719642639160156
48.78999328613281
52.0346794128418
23.292667388916016
28.860179901123047
38.2289924621582
68.5549545288086
30.658042907714844
27.65708351135254
47.724666595458984
22.689247131347656
30.680641174316406
29.494184494018555
54.66946792602539
55.90175247192383
48.16585922241211
45.36947250366211
49.95709228515625
69.72038269042969
57.22825622558594
48.900390625
55.00151443481445
45.322269439697266
33.01823806762695
46.25852966308594
31.68528938293457
45.834468841552734
46.75228500366211
53.32221984863281
49.49912643432617
47.03956604003906
50.45310974121094
50.01871871948242
37.14311981201172
56.891571044921875
49.88774108886719
62.80158996582031
50.59050750732422
56.11104965209961
39.16368103027344
41.45011901855469
56.960693359375
44.05219650268555
16.99471664428711
41.06879425048828
55.05805587768555
37.49097442626953
21.660123825073242
28.748119354248047
29.796648025512695
24.93718910217285
29.02541732788086
72.61112976074219
22.056486129760742
45.47916793823242
27.715787887573242
79.6205825805664
66.59352111816406
70.50383758544922
48.031131744384766
29.122587203979492
26.600305557250977
47.40968704223633
35.42908477783203
42.33636474609375
33.51333236694336
52.19511413574219
59.83634948730469
49.38930892944336
63.17731857299805
41.725425720214844
16.64788055419922
26.726696014404297
25.499103546142578
26.22421646118164
49.09101486206055
28.535825729370117
41.50401306152344
45.92239761352539
32.60810852050781
48.79388427734375
67.38929748535156
31.607999801635742
38.58891677856445
73.31426239013672
63.85548400878906
72.23606872558594
60.525814056396484
26.300100326538086
25.57552719116211
26.950220108032227
41.39695358276367
50.331512451171875
58.384735107421875
58.57537841796875
52.53878402709961
49.87006759643555
31.568052291870117
31.05137825012207
45.406986236572266
33.075889587402344
41.07421112060547
60.647926330566406
67.99703979492188
50.0791015625
29.76515007019043
25.690088272094727
21.465726852416992
36.538578033447266
54.68415451049805
45.44865798950195
25.436750411987305
46.52967834472656
32.27849197387695
40.007747650146484
63.15940856933594
42.14530563354492
29.317630767822266
69.74968719482422
49.30271530151367
39.87244415283203
29.60886001586914
92.17581939697266
59.808895111083984
45.05453872680664
40.92637634277344
72.07351684570312
78.24166870117188
64.1452407836914
35.15450668334961
43.66471481323242
25.91983413696289
37.30171203613281
56.89653778076172
43.8006477355957
32.62241744995117
54.82283020019531
22.0795841217041
42.500083923339844
43.291839599609375
66.06309509277344
48.0230827331543
86.56057739257812
28.01970672607422
34.31423568725586
33.80340576171875
34.174583435058594
40.74922561645508
38.25216293334961
55.51228332519531
53.50253677368164
30.3070011138916
46.56325149536133
41.618865966796875
11.394096374511719
27.21204948425293
46.66905212402344
32.847450256347656
53.0881233215332
42.51026153564453
39.93985366821289
33.38371276855469
37.718955993652344
54.386478424072266
44.50624084472656
44.45048141479492
33.23198699951172
53.54556655883789
48.9841423034668
26.473031997680664
43.198970794677734
59.767723083496094
40.17900848388672
34.49396514892578
50.74812698364258
59.85468292236328
27.978139877319336
22.364290237426758
54.01136779785156
34.920166015625
18.724565505981445
33.11377716064453
36.974700927734375
55.490501403808594
42.5642204284668
36.75540542602539
38.854042053222656
48.787776947021484
18.89630126953125
26.829322814941406
56.52330780029297
51.927188873291016
53.531044006347656
55.58169174194336
29.677467346191406
57.981876373291016
39.364402770996094
24.25495719909668
60.896087646484375
32.276729583740234
50.58034133911133
48.424713134765625
43.882266998291016
33.29262161254883
52.74434280395508
78.4776611328125
53.05422592163086
70.73200225830078
31.173315048217773
56.24742126464844
64.61334991455078
34.287933349609375
61.13325500488281
59.157047271728516
26.469799041748047
57.31822967529297
32.66730880737305
58.911258697509766
50.48701477050781
30.10509490966797
47.23146057128906
27.148788452148438
45.44902038574219
28.31589126586914
61.814971923828125
55.43977355957031
70.31523132324219
35.89368438720703
74.31138610839844
12.235275268554688
76.72062683105469
43.925376892089844
56.160377502441406
26.848159790039062
29.039466857910156
49.8056755065918
73.0784912109375
53.189125061035156
26.822065353393555
51.377166748046875
54.5556640625
26.795265197753906
37.157108306884766
33.793113708496094
35.2076416015625
25.801002502441406
48.85073471069336
55.21855926513672
37.333526611328125
36.46989440917969
34.3358154296875
41.297332763671875
59.5314826965332
42.16774368286133
31.518320083618164
22.718706130981445
19.606325149536133
40.58292770385742
30.165477752685547
68.74495697021484
34.341278076171875
75.64027404785156
28.47003746032715
31.96702766418457
57.934913635253906
49.89540100097656
67.87506866455078
52.84960174560547
47.812278747558594
32.38224411010742
65.02340698242188
39.85576629638672
48.360321044921875
17.17837905883789
48.52090835571289
42.55805587768555
48.41970443725586
50.592864990234375
56.48584747314453
13.122814178466797
16.501678466796875
48.6135368347168
42.84868621826172
31.78561782836914
50.05760955810547
54.37965774536133
62.2603645324707
36.036895751953125
84.36202239990234
60.46494674682617
29.698923110961914
30.630849838256836
29.956811904907227
33.38772964477539
44.98954772949219
43.265933990478516
47.51898193359375
39.8205680847168
73.10713958740234
46.26359176635742
25.772048950195312
60.8746223449707
86.0030517578125
72.29239654541016
52.7071418762207
47.55619812011719
55.36871337890625
24.453872680664062
38.499595642089844
49.69514083862305
58.11652755737305
19.09636116027832
55.948116302490234
36.05699920654297
48.74037170410156
48.49056625366211
51.91146469116211
64.73365783691406
31.57949447631836
53.086647033691406
56.417442321777344
55.439002990722656
69.62153625488281
26.70883560180664
53.45765686035156
23.094654083251953
59.10586929321289
26.103464126586914
49.75555419921875
35.27452850341797
41.967552185058594
34.20581817626953
55.43674850463867
31.96807098388672
47.63141632080078
23.876087188720703
51.18169021606445
21.733545303344727
78.16490173339844
33.82429885864258
27.067163467407227
48.50135803222656
50.19148254394531
32.248470306396484
67.13396453857422
23.476072311401367
40.60562515258789
28.457685470581055
54.63890075683594
35.30055618286133
29.918174743652344
32.25634765625
28.44837760925293
40.76325988769531
48.50048828125
62.56917953491211
66.14769744873047
73.32469940185547
58.23917007446289
62.548797607421875
54.63420867919922
25.537683486938477
47.606502532958984
53.853858947753906
56.67634582519531
36.99677276611328
63.26795959472656
60.39646911621094
52.92395782470703
51.78042221069336
32.73125076293945
57.140499114990234
30.75592803955078
32.87405776977539
23.76019287109375
33.33024978637695
27.82273292541504
50.858009338378906
48.89958190917969
33.80823516845703
30.019775390625
40.467830657958984
36.226863861083984
48.98399353027344
21.863317489624023
41.566810607910156
35.048946380615234
19.24291229248047
28.746076583862305
40.3279914855957
47.82047653198242
43.75402069091797
12.088530540466309
55.86844253540039
22.527637481689453
41.924686431884766
41.41025161743164
34.96722412109375
66.46504211425781
9.352068901062012
67.13984680175781
73.80884552001953
84.10604095458984
48.98401641845703
42.02387619018555
30.82377815246582
63.221839904785156
59.44444274902344
57.172183990478516
71.7142333984375
41.69121170043945
39.65242004394531
62.68193817138672
51.0546760559082
68.5279541015625
47.70487976074219
24.86372184753418
41.085411071777344
49.41321563720703
29.60668182373047
40.73581314086914
39.80283737182617
45.53375244140625
60.00712585449219
25.9093017578125
55.943580627441406
17.304365158081055
51.6231803894043
30.323652267456055
46.58171081542969
33.83167266845703
48.990478515625
60.310115814208984
31.5029296875
52.065406799316406
51.32909393310547
60.61812210083008
38.663883209228516
63.24421310424805
29.90432357788086
7.626548767089844
76.2522964477539
55.53359603881836
69.259765625
53.44517517089844
26.320756912231445
38.005653381347656
33.005130767822266
31.114839553833008
21.579330444335938
53.814178466796875
44.41081619262695
41.376102447509766
14.434394836425781
33.84049987792969
29.738201141357422
45.1192512512207
66.07405090332031
45.9539794921875
32.37136459350586
23.406082153320312
47.6485710144043
44.76015853881836
48.797096252441406
59.19506072998047
53.94449996948242
38.026039123535156
39.65256881713867
74.26461791992188
28.412315368652344
37.475948333740234
47.71308517456055
51.41172409057617
69.41605377197266
48.99884796142578
34.73535919189453
19.88396453857422
47.76114273071289
29.537307739257812
48.98159408569336
50.3228645324707
41.52811813354492
52.952354431152344
47.75200653076172
53.46986770629883
48.76154327392578
41.16618728637695
20.12622833251953
47.30332565307617
35.4040412902832
48.92995071411133
40.61234664916992
15.585164070129395
31.540815353393555
57.244564056396484
64.27982330322266
45.764076232910156
64.47618865966797
55.578956604003906
49.80644607543945
64.59839630126953
39.672706604003906
45.466827392578125
69.62409210205078
28.685678482055664
27.66861343383789
48.43285369873047
72.39386749267578
48.563655853271484
36.30136489868164
35.65031051635742
40.75725555419922
45.37017059326172
35.435970306396484
31.714832305908203
24.995298385620117
33.25845718383789
25.984434127807617
53.47885513305664
19.768407821655273
40.26895523071289
49.13883590698242
49.53145217895508
30.26466941833496
40.6609992980957
45.1312141418457
52.691932678222656
46.46357727050781
28.524911880493164
32.74909210205078
55.86744689941406
74.10259246826172
56.11538314819336
72.85591888427734
27.017391204833984
20.999603271484375
38.66475296020508
41.58192443847656
55.388465881347656
61.16673278808594
24.55333137512207
44.13699722290039
54.428871154785156
53.944175720214844
60.88680648803711
28.92842674255371
34.731685638427734
50.523536682128906
20.0041561126709
61.98067855834961
43.58945846557617
55.82186508178711
57.3639030456543
17.07769012451172
31.97782325744629
33.08976364135742
39.94889831542969
55.16514205932617
30.052078247070312
47.01233673095703
58.77023696899414
56.587039947509766
37.27651596069336
55.64651870727539
61.93550109863281
76.4825210571289
57.70195007324219
41.839637756347656
35.963623046875
56.39472579956055
30.258481979370117
27.151737213134766
34.50837707519531
52.893131256103516
42.62675094604492
69.27867126464844
40.98129653930664
55.98721694946289
52.10347366333008
45.19256591796875
65.5704574584961
26.632781982421875
49.78839111328125
48.154624938964844
38.186126708984375
68.18114471435547
56.912391662597656
48.12250518798828
62.95249938964844
40.00816345214844
54.40364456176758
47.917545318603516
34.58815002441406
37.8547248840332
44.32341766357422
56.113685607910156
26.296279907226562
23.423839569091797
35.79071044921875
56.98122787475586
95.40165710449219
42.307674407958984
31.895709991455078
45.368858337402344
57.950225830078125
58.844749450683594
44.00845718383789
30.891586303710938
29.494705200195312
47.12838363647461
57.73503494262695
28.29371452331543
32.720909118652344
36.29798889160156
38.30867004394531
62.138973236083984
54.61062240600586
50.23670959472656
43.938072204589844
17.07322883605957
39.08020782470703
29.816789627075195
26.30082893371582
89.87271881103516
36.572052001953125
41.2737922668457
46.55244445800781
27.213409423828125
64.43901824951172
18.34943199157715
19.486303329467773
67.8630599975586
47.58505630493164
34.19771194458008
77.28073120117188
32.10041046142578
66.79584503173828
39.777870178222656
48.53436279296875
29.270763397216797
48.00916290283203
27.17816162109375
50.761993408203125
53.06243133544922
59.46097946166992
41.07455825805664
71.23981475830078
41.43329620361328
27.45066261291504
14.812435150146484
31.08690071105957
56.93185043334961
47.41692352294922
47.40199661254883
49.798709869384766
36.226463317871094
47.84539794921875
55.30183410644531
41.441078186035156
49.17794418334961
54.29104232788086
37.352882385253906
57.431427001953125
37.337608337402344
57.89986801147461
62.515254974365234
46.38148498535156
62.296241760253906
44.41923141479492
47.289058685302734
64.11767578125
45.77009582519531
35.64617919921875
37.740238189697266
44.7786750793457
42.0639533996582
9.980409622192383
41.80345916748047
26.058242797851562
34.34428024291992
41.82292175292969
51.73651123046875
65.46879577636719
25.258607864379883
34.17433547973633
49.321720123291016
39.17311096191406
41.22439193725586
60.215816497802734
42.30662536621094
16.122676849365234
43.791141510009766
66.52938079833984
54.9338493347168
49.40913009643555
31.763975143432617
52.634037017822266
57.09634780883789
85.15702819824219
60.170936584472656
45.70215606689453
77.67150115966797
34.500431060791016
25.277122497558594
35.41365432739258
28.315673828125
34.127838134765625
59.203887939453125
36.08662796020508
37.979305267333984
19.634967803955078
40.531707763671875
49.57997131347656
64.1796875
31.833017349243164
39.969608306884766
53.94830322265625
28.43260955810547
39.66883087158203
67.7309799194336
38.05030822753906
65.01558685302734
43.58906173706055
14.504207611083984
34.477256774902344
41.464176177978516
41.90084457397461
67.08860778808594
58.4329948425293
61.860382080078125
40.61781692504883
22.193483352661133
49.646087646484375
17.394277572631836
23.636680603027344
47.04811477661133
32.06359100341797
49.431941986083984
68.7242431640625
40.11476135253906
40.25115966796875
11.25888729095459
43.25032043457031
39.26811981201172
42.73312759399414
33.72990036010742
39.98997497558594
48.21284103393555
40.18593978881836
48.63747024536133
70.98624420166016
39.68141555786133
64.70413208007812
67.29927062988281
45.61113739013672
51.05888748168945
42.78327560424805
47.5273323059082
39.56807327270508
63.11234664916992
72.77336883544922
60.5191650390625
41.44624710083008
22.0977725982666
72.01292419433594
52.986087799072266
46.866004943847656
75.29444885253906
53.522804260253906
42.78144454956055
36.2577018737793
55.34209060668945
51.486663818359375
27.71305274963379
37.486106872558594
34.84701156616211
61.0112190246582
33.36190414428711
48.02940368652344
68.97846984863281
36.829124450683594
55.9133415222168
34.183414459228516
56.79570770263672
46.07661437988281
35.094032287597656
31.031597137451172
32.440147399902344
47.57659149169922
32.64067840576172
25.622066497802734
59.836978912353516
29.51106834411621
47.49851608276367
49.30990219116211
62.27304458618164
32.543312072753906
37.13151168823242
46.24612045288086
44.59064865112305
66.2784423828125
58.15566635131836
45.23447799682617
41.02753829956055
45.56533432006836
50.04911422729492
40.08892059326172
44.81734848022461
53.74239730834961
38.31560516357422
50.14082336425781
33.64794921875
46.24933624267578
44.394901275634766
20.461856842041016
53.21856689453125
33.08148956298828
42.459754943847656
69.99887084960938
48.96596908569336
59.989280700683594
51.87403869628906
33.01115798950195
28.033039093017578
51.30855178833008
18.85334014892578
31.928455352783203
51.70833969116211
62.812923431396484
25.62420654296875
76.01531982421875
73.29212951660156
64.98580169677734
56.32841110229492
36.49546432495117
39.55972671508789
