12.296966552734375
25.454944610595703
11.625284194946289
19.24341583251953
38.67863464355469
28.331090927124023
13.216506004333496
19.162370681762695
26.101146697998047
12.73133373260498
17.36014747619629
16.580095291137695
39.70339584350586
11.587074279785156
12.460582733154297
17.773406982421875
18.647287368774414
12.329452514648438
23.929887771606445
7.964021682739258
28.53139877319336
21.824560165405273
19.393535614013672
26.6460018157959
22.196922302246094
27.39364242553711
8.561586380004883
12.451244354248047
48.22240447998047
16.953880310058594
19.752164840698242
10.108421325683594
20.177030563354492
22.71108627319336
17.891510009765625
9.07114315032959
26.177431106567383
8.366695404052734
26.10381317138672
9.707310676574707
18.927112579345703
14.994683265686035
11.04503059387207
27.109800338745117
51.47937774658203
13.290921211242676
19.04598045349121
20.003185272216797
8.833843231201172
19.112173080444336
49.89108657836914
18.89804458618164
19.30429458618164
15.688032150268555
27.62306022644043
12.186416625976562
6.184237003326416
24.68794059753418
23.022626876831055
11.846857070922852
28.412403106689453
15.790870666503906
19.66274642944336
5.267077445983887
18.766021728515625
28.074079513549805
23.240333557128906
32.89832305908203
22.929872512817383
15.824542045593262
28.781238555908203
18.79410743713379
24.02907371520996
23.4180965423584
18.479970932006836
23.066694259643555
38.15574645996094
23.13169288635254
9.79985237121582
10.86293888092041
25.40528678894043
21.317493438720703
37.536956787109375
33.26255416870117
10.577016830444336
23.876575469970703
35.229183197021484
37.97641372680664
30.66327667236328
33.80180740356445
29.132034301757812
28.40439224243164
12.660011291503906
18.857391357421875
34.558128356933594
21.16905403137207
21.137409210205078
15.484293937683105
11.842634201049805
23.21497344970703
21.029645919799805
9.258092880249023
17.36864471435547
32.516868591308594
25.331499099731445
36.71848678588867
16.038272857666016
29.4315185546875
26.368040084838867
26.76845932006836
24.52085304260254
28.131349563598633
6.384116172790527
26.937076568603516
39.650657653808594
27.2488956451416
23.674163818359375
23.6070556640625
36.84330749511719
21.758365631103516
43.5089111328125
22.69979476928711
4.520243167877197
26.127763748168945
25.818933486938477
25.645896911621094
20.490385055541992
21.055831909179688
23.27496910095215
15.66547966003418
18.033992767333984
28.29545783996582
14.46535873413086
15.556069374084473
20.409120559692383
11.784070014953613
24.37846565246582
14.590408325195312
7.357659339904785
18.81979751586914
6.125868797302246
12.541547775268555
27.51040267944336
13.915074348449707
48.44818878173828
22.85419464111328
37.42841720581055
27.63710594177246
44.90460205078125
30.50849723815918
22.383390426635742
9.98038387298584
25.92646026611328
21.166149139404297
14.904351234436035
30.28192710876465
11.128669738769531
26.79163932800293
7.037980079650879
25.39828109741211
9.726396560668945
7.645978927612305
29.39401626586914
25.771326065063477
29.959579467773438
21.223590850830078
33.448123931884766
9.191704750061035
17.45529556274414
35.01674270629883
27.652109146118164
17.843610763549805
16.51787757873535
17.84796905517578
37.292720794677734
20.220243453979492
12.768101692199707
23.119218826293945
17.540653228759766
26.651840209960938
20.217575073242188
27.692453384399414
15.464512825012207
18.87750816345215
27.174413681030273
27.110923767089844
13.714895248413086
25.645544052124023
25.170700073242188
18.64720344543457
34.91202926635742
16.021146774291992
23.319442749023438
30.36372947692871
17.62515640258789
22.528684616088867
23.45793342590332
13.469799041748047
8.779775619506836
16.59279441833496
14.046488761901855
34.674076080322266
22.004709243774414
2.389110565185547
16.870498657226562
24.598791122436523
32.9709358215332
11.473026275634766
20.98465347290039
13.493956565856934
16.617576599121094
13.24290657043457
34.81266784667969
21.19214630126953
5.938296794891357
21.314973831176758
8.920669555664062
15.66844367980957
17.23033905029297
23.621599197387695
10.385613441467285
26.826580047607422
24.49925994873047
19.470502853393555
24.786306381225586
14.153692245483398
20.422378540039062
26.112646102905273
27.149038314819336
16.654043197631836
24.203086853027344
31.245779037475586
17.467365264892578
33.44089126586914
31.96038818359375
28.012950897216797
17.784183502197266
34.204681396484375
13.921792984008789
36.49199676513672
19.0045108795166
8.20279598236084
44.891719818115234
37.34391403198242
26.440698623657227
16.43567657470703
7.59134578704834
12.018271446228027
11.159388542175293
16.908597946166992
11.852147102355957
17.49523162841797
12.649510383605957
22.518329620361328
11.223891258239746
34.895591735839844
4.662191390991211
48.546669006347656
20.84864044189453
11.059898376464844
36.6776237487793
3.194878339767456
16.373878479003906
19.73219108581543
26.892704010009766
31.07532501220703
18.067598342895508
29.927282333374023
14.22739315032959
19.494487762451172
14.315325736999512
32.611724853515625
27.307872772216797
25.823034286499023
22.988800048828125
6.9920549392700195
34.71266555786133
19.575937271118164
26.483964920043945
22.532976150512695
30.686613082885742
20.073463439941406
24.199121475219727
6.040999889373779
14.137235641479492
22.347238540649414
12.62566089630127
33.17124557495117
44.490760803222656
21.475400924682617
63.396732330322266
28.290077209472656
17.873119354248047
22.96880531311035
12.292046546936035
18.900644302368164
39.15317916870117
32.280086517333984
23.020837783813477
24.652297973632812
32.41492462158203
23.239601135253906
31.70204734802246
23.39854621887207
9.573458671569824
44.15426254272461
17.926715850830078
25.118152618408203
8.421671867370605
30.829143524169922
23.121320724487305
17.885055541992188
41.030799865722656
31.374555587768555
36.680198669433594
37.26255416870117
27.60599708557129
24.96959686279297
33.4060173034668
27.78434944152832
23.606853485107422
17.602771759033203
7.929743766784668
17.23239517211914
19.690046310424805
32.92772674560547
37.07080078125
19.414424896240234
16.991092681884766
22.609092712402344
29.787193298339844
17.456809997558594
13.828706741333008
8.469489097595215
40.99870300292969
10.269471168518066
26.05755615234375
11.804671287536621
18.256467819213867
27.684616088867188
23.826900482177734
28.26024055480957
21.65235137939453
11.807186126708984
17.357942581176758
31.465293884277344
25.16952896118164
15.430479049682617
8.955263137817383
31.889108657836914
22.577844619750977
10.718804359436035
23.563232421875
49.80542755126953
20.29785919189453
14.459735870361328
20.227699279785156
29.176790237426758
23.632295608520508
22.513038635253906
25.286705017089844
57.35883331298828
23.520423889160156
14.073225021362305
24.97181510925293
16.045413970947266
17.553438186645508
29.52813720703125
30.102493286132812
19.158817291259766
20.748088836669922
24.990131378173828
45.806556701660156
19.20772361755371
21.298381805419922
15.062347412109375
25.95296287536621
20.646770477294922
10.97299861907959
21.88294219970703
14.389654159545898
34.63071060180664
20.464580535888672
12.149923324584961
21.348989486694336
16.889482498168945
7.73115348815918
18.595491409301758
20.496231079101562
26.06753921508789
7.4712982177734375
34.434757232666016
13.825774192810059
19.99709701538086
18.84572410583496
19.584062576293945
26.593856811523438
16.273395538330078
19.957290649414062
39.90697479248047
38.74390411376953
30.334686279296875
20.63189697265625
42.11335754394531
25.68527603149414
40.053855895996094
13.97008991241455
33.296119689941406
13.894052505493164
36.485225677490234
20.252134323120117
10.036921501159668
41.77063751220703
20.003538131713867
19.73893928527832
36.30356216430664
35.72889709472656
20.045480728149414
17.926044464111328
37.83116149902344
19.127037048339844
23.013233184814453
37.28059005737305
27.971649169921875
29.839366912841797
32.84210205078125
28.385507583618164
21.504335403442383
36.22127914428711
27.46491813659668
27.50270652770996
28.79327964782715
19.438236236572266
17.547388076782227
27.4521427154541
42.199623107910156
5.887262344360352
23.420536041259766
15.266439437866211
26.14665412902832
42.75938034057617
5.905055999755859
16.46559715270996
20.744016647338867
38.42146301269531
16.903337478637695
20.956491470336914
19.497779846191406
40.59443283081055
31.933086395263672
40.436302185058594
14.081364631652832
7.32266092300415
8.882232666015625
26.195018768310547
32.599361419677734
21.04266929626465
20.71560287475586
14.335381507873535
14.69788932800293
20.939462661743164
54.70656967163086
26.031099319458008
24.657413482666016
30.593353271484375
8.232102394104004
31.35721206665039
10.849863052368164
26.72694969177246
10.039336204528809
44.18733215332031
26.876619338989258
20.240060806274414
10.333560943603516
12.619222640991211
25.28407096862793
14.878345489501953
38.940799713134766
15.457592010498047
20.093168258666992
34.46564483642578
19.57819366455078
19.415403366088867
26.417402267456055
8.416778564453125
30.700958251953125
13.74519157409668
15.197920799255371
30.799575805664062
24.865602493286133
25.788137435913086
28.125701904296875
26.1713924407959
13.356167793273926
30.455245971679688
12.332193374633789
16.33795166015625
16.50249671936035
25.87895393371582
16.754745483398438
24.63520622253418
24.16136360168457
25.100900650024414
29.409706115722656
24.41311264038086
34.946598052978516
34.80458068847656
33.494102478027344
9.208366394042969
13.88913631439209
24.231048583984375
23.456134796142578
17.657032012939453
26.773393630981445
27.663002014160156
19.153427124023438
8.200118064880371
22.665122985839844
26.79113006591797
26.374523162841797
19.279245376586914
28.706192016601562
11.762176513671875
37.36408233642578
8.120367050170898
16.94319725036621
24.869815826416016
14.316793441772461
24.776466369628906
25.84452247619629
25.26547622680664
3.6873509883880615
37.05247116088867
18.194747924804688
20.92959976196289
10.438576698303223
22.464916229248047
43.50824737548828
19.87895965576172
28.18552017211914
50.55967712402344
14.359884262084961
11.198525428771973
33.04627227783203
25.3824405670166
15.234380722045898
8.458330154418945
27.45805549621582
15.18514633178711
11.266093254089355
30.924287796020508
50.7076301574707
22.155385971069336
18.091899871826172
6.087289810180664
26.324392318725586
13.678261756896973
19.70233154296875
23.340675354003906
17.123600006103516
24.477130889892578
13.4916353225708
35.32148361206055
18.269460678100586
11.08871841430664
23.833677291870117
8.547088623046875
19.66371726989746
24.82945442199707
22.464962005615234
18.418750762939453
29.964143753051758
32.93547058105469
11.612397193908691
22.939741134643555
23.33469581604004
22.393848419189453
29.538633346557617
13.422121047973633
25.437015533447266
19.828311920166016
16.656164169311523
22.829639434814453
10.520811080932617
10.813440322875977
23.54351806640625
18.327932357788086
9.26497745513916
30.984115600585938
14.718291282653809
28.851938247680664
19.474178314208984
28.53058624267578
17.96956443786621
42.46372604370117
20.293031692504883
7.60881233215332
35.41095733642578
32.48499298095703
10.317709922790527
10.908254623413086
20.217172622680664
35.826236724853516
13.970830917358398
17.38791847229004
8.761956214904785
2.6889102458953857
20.664487838745117
19.2208251953125
10.416659355163574
6.370054721832275
14.951035499572754
11.447993278503418
20.811628341674805
20.999982833862305
22.57244300842285
9.795191764831543
24.935588836669922
18.373483657836914
43.9706916809082
21.912080764770508
28.01144027709961
17.99643325805664
36.72835159301758
27.688053131103516
27.102495193481445
25.64902687072754
22.150787353515625
36.0186882019043
35.97830581665039
19.081647872924805
16.684406280517578
32.7630615234375
13.181581497192383
25.164379119873047
23.891193389892578
21.506654739379883
29.624683380126953
20.13909912109375
16.32805824279785
35.99567794799805
17.0022029876709
33.873165130615234
11.589085578918457
23.219350814819336
23.7431640625
39.435752868652344
13.928627014160156
21.440515518188477
15.926653861999512
15.288662910461426
21.078458786010742
10.836217880249023
24.349037170410156
23.669147491455078
24.421098709106445
18.591230392456055
27.369144439697266
20.412437438964844
35.6114616394043
12.045544624328613
17.43649673461914
29.411155700683594
23.617311477661133
35.662044525146484
23.46693992614746
8.398492813110352
50.34706115722656
13.990920066833496
18.46268653869629
21.17312240600586
43.11127853393555
29.18659210205078
21.655027389526367
18.947771072387695
34.01410675048828
21.449748992919922
19.80793571472168
35.96513748168945
14.50028133392334
22.534767150878906
10.005884170532227
41.722923278808594
44.778541564941406
8.093659400939941
21.756914138793945
13.174729347229004
20.03783416748047
14.936875343322754
22.923145294189453
24.272850036621094
31.225933074951172
14.438798904418945
19.05166244506836
5.464217662811279
10.135412216186523
8.80423355102539
19.312528610229492
24.522659301757812
29.873167037963867
18.201465606689453
28.412038803100586
13.757295608520508
13.753355026245117
25.884294509887695
33.59632110595703
15.727314949035645
23.730743408203125
40.74211883544922
24.865238189697266
24.643108367919922
34.889408111572266
27.828022003173828
22.916208267211914
14.565930366516113
20.496261596679688
25.801795959472656
24.155797958374023
2.6767396926879883
37.245948791503906
36.30651092529297
15.6183443069458
27.595373153686523
33.779850006103516
22.092666625976562
17.384796142578125
5.3723602294921875
20.932876586914062
16.0086727142334
14.195555686950684
32.19090270996094
16.336292266845703
8.965150833129883
20.236671447753906
2.792827606201172
28.78937530517578
26.0411376953125
8.258655548095703
13.979799270629883
15.53229808807373
27.573062896728516
25.274940490722656
34.832061767578125
50.916526794433594
34.292423248291016
26.100563049316406
14.937396049499512
7.961132049560547
17.409223556518555
24.592679977416992
46.1711311340332
39.90395736694336
20.287721633911133
38.43116760253906
14.174079895019531
23.288558959960938
12.369132995605469
13.20579719543457
19.389034271240234
20.476675033569336
19.9803409576416
15.511938095092773
20.859947204589844
8.508254051208496
16.749263763427734
24.555370330810547
30.06203269958496
10.029050827026367
16.396808624267578
14.250638008117676
11.387181282043457
24.137481689453125
30.397506713867188
26.321544647216797
30.470993041992188
34.53623580932617
44.6571159362793
19.89059066772461
11.018834114074707
15.649551391601562
25.70830535888672
31.764753341674805
15.738974571228027
23.335554122924805
14.106406211853027
30.52365493774414
26.70121192932129
35.14653396606445
15.915858268737793
30.672319412231445
17.64096450805664
19.131505966186523
21.858001708984375
22.066831588745117
10.294891357421875
7.063370227813721
18.708080291748047
19.612918853759766
6.95005989074707
48.73067855834961
29.13178253173828
47.32797622680664
16.295345306396484
23.57994842529297
8.595747947692871
15.698190689086914
9.606477737426758
10.261024475097656
29.40007781982422
18.17173957824707
16.24141502380371
50.002967834472656
22.213136672973633
22.45444679260254
15.16641616821289
18.17433738708496
25.29865837097168
19.970613479614258
34.1511344909668
20.44770050048828
13.980853080749512
9.268413543701172
13.864396095275879
7.9783830642700195
8.91363525390625
13.352141380310059
12.250626564025879
23.217844009399414
31.66594123840332
24.4269962310791
34.0749397277832
16.071773529052734
10.472431182861328
5.361596584320068
26.91556167602539
29.880704879760742
14.303359985351562
7.955624103546143
24.536582946777344
24.509267807006836
47.73242950439453
28.031957626342773
26.92198944091797
13.722883224487305
22.627811431884766
20.295150756835938
37.18650436401367
34.05290603637695
7.622725963592529
6.296557903289795
10.245111465454102
30.95691680908203
21.326871871948242
34.4684944152832
22.114002227783203
44.69349670410156
36.18940353393555
35.656944274902344
26.92284393310547
15.409342765808105
5.9868950843811035
9.496918678283691
15.958747863769531
25.21384620666504
14.357837677001953
14.719026565551758
38.85993194580078
10.211645126342773
42.437225341796875
24.982839584350586
24.276561737060547
33.259803771972656
11.042634010314941
11.238445281982422
32.49834060668945
16.63576889038086
22.65873146057129
5.358313083648682
16.004972457885742
16.897287368774414
24.90279197692871
13.089306831359863
24.341466903686523
48.97179412841797
16.053468704223633
11.9951753616333
21.31674575805664
27.1387939453125
13.344980239868164
19.584192276000977
22.08680534362793
24.984477996826172
21.633197784423828
22.873863220214844
8.79722785949707
29.902273178100586
29.495588302612305
27.886394500732422
19.81816864013672
17.91619873046875
47.57747268676758
6.00591516494751
37.8199577331543
48.161014556884766
17.257741928100586
10.23306941986084
34.22465896606445
25.22858238220215
16.691049575805664
9.96339225769043
13.25356388092041
20.87595558166504
30.2777099609375
26.67629623413086
19.261125564575195
22.23658561706543
14.050025939941406
14.51867389678955
19.831274032592773
55.10699462890625
11.822775840759277
13.162460327148438
14.369690895080566
31.40448760986328
13.11362361907959
26.43761444091797
14.117074966430664
7.174928188323975
29.869718551635742
33.973899841308594
11.1827392578125
37.74330139160156
12.60431957244873
8.524885177612305
25.853185653686523
37.925392150878906
31.693206787109375
21.684558868408203
23.888280868530273
30.968700408935547
6.2876667976379395
28.390832901000977
20.736581802368164
18.525022506713867
19.690601348876953
9.311881065368652
10.602668762207031
17.62889862060547
36.08152770996094
16.238239288330078
10.216958999633789
35.65244674682617
29.16986083984375
34.01728439331055
11.50125503540039
20.519636154174805
18.291175842285156
21.277376174926758
26.923898696899414
11.27153491973877
18.982419967651367
21.887117385864258
21.80803680419922
10.228245735168457
25.839202880859375
18.03973960876465
27.778162002563477
30.89027976989746
26.018144607543945
24.880516052246094
14.613548278808594
21.012737274169922
22.565998077392578
48.5028190612793
22.18505859375
22.497390747070312
26.705963134765625
12.709525108337402
28.677505493164062
30.209579467773438
24.79868507385254
34.37028121948242
24.248308181762695
11.562873840332031
13.886186599731445
22.412460327148438
32.56761932373047
18.312501907348633
37.226776123046875
24.768857955932617
18.320491790771484
16.92120361328125
23.41873550415039
32.8060417175293
21.836444854736328
35.548545837402344
25.728151321411133
15.748342514038086
16.294923782348633
30.90185546875
21.580734252929688
26.563724517822266
28.241044998168945
17.157947540283203
9.32500171661377
28.785594940185547
39.40206527709961
26.45206642150879
24.541757583618164
39.23486328125
11.735264778137207
36.20458984375
38.45581817626953
17.624197006225586
24.47572898864746
26.873878479003906
15.980700492858887
8.855886459350586
18.91184425354004
20.49064826965332
26.564590454101562
6.453367233276367
12.931161880493164
28.57781410217285
43.19538497924805
22.3253116607666
22.672109603881836
14.691731452941895
24.20444679260254
27.81589126586914
28.63010025024414
7.482797622680664
26.1076602935791
16.416309356689453
21.686697006225586
16.27364158630371
18.723676681518555
19.769575119018555
9.632190704345703
18.807016372680664
43.31664276123047
16.577754974365234
13.377143859863281
18.093469619750977
48.30751419067383
13.140578269958496
20.822534561157227
20.39352035522461
14.857503890991211
21.062862396240234
23.15584945678711
18.133777618408203
22.675220489501953
8.58544921875
43.93528747558594
8.086808204650879
30.64042854309082
7.973972320556641
26.145998001098633
18.33921241760254
13.698267936706543
13.373384475708008
35.80919647216797
36.099632263183594
19.373424530029297
12.94815444946289
32.68153762817383
10.817207336425781
25.973886489868164
20.0936222076416
20.167911529541016
10.208370208740234
39.332191467285156
24.03470802307129
16.51329803466797
26.494462966918945
19.609155654907227
8.015237808227539
17.999622344970703
21.321237564086914
34.790191650390625
23.14225196838379
15.42870044708252
30.977554321289062
9.47871208190918
12.19991683959961
18.923843383789062
19.283985137939453
35.447021484375
13.970385551452637
16.93787384033203
28.459138870239258
22.269485473632812
8.526973724365234
17.796401977539062
37.5875244140625
27.031810760498047
10.791298866271973
9.860027313232422
6.703046798706055
31.581096649169922
16.6184139251709
18.357860565185547
20.752450942993164
24.541728973388672
11.330240249633789
14.078543663024902
15.579917907714844
29.21878433227539
9.075200080871582
27.88868522644043
29.234481811523438
28.048995971679688
27.270761489868164
20.527252197265625
10.781930923461914
32.653167724609375
31.00316619873047
22.23598861694336
23.974733352661133
20.670787811279297
18.748828887939453
14.015792846679688
23.62798309326172
22.98102378845215
25.263839721679688
26.651832580566406
22.542587280273438
15.373714447021484
17.467941284179688
12.437491416931152
8.883097648620605
31.485218048095703
24.5672607421875
12.05534839630127
46.045047760009766
13.838854789733887
20.451169967651367
23.60839080810547
7.618216514587402
28.864887237548828
17.381793975830078
22.200925827026367
13.373573303222656
21.59032440185547
21.221525192260742
14.429349899291992
8.168732643127441
24.81600570678711
22.463163375854492
33.185325622558594
34.845802307128906
36.86252975463867
27.79878807067871
9.577024459838867
39.97287368774414
44.83953094482422
12.545452117919922
21.350868225097656
23.989093780517578
2.4386723041534424
29.047557830810547
19.712554931640625
18.79359245300293
34.121341705322266
6.795511722564697
6.142286777496338
22.6673583984375
29.54534149169922
31.907405853271484
11.264554023742676
29.996673583984375
50.19297790527344
37.674232482910156
35.860652923583984
25.398576736450195
28.842363357543945
18.71940803527832
31.40142059326172
30.430204391479492
29.790164947509766
13.289469718933105
24.094202041625977
34.05317687988281
32.670989990234375
23.939680099487305
18.376510620117188
14.489212036132812
15.957825660705566
24.654489517211914
27.37499237060547
29.137571334838867
21.295677185058594
39.894622802734375
9.852062225341797
20.85083770751953
20.23340606689453
27.130741119384766
18.99860382080078
26.144420623779297
26.488388061523438
8.250633239746094
21.084306716918945
45.48006820678711
20.49624252319336
23.09088897705078
14.7509183883667
28.450428009033203
23.610675811767578
25.400588989257812
18.616941452026367
12.760941505432129
24.174222946166992
19.855436325073242
15.282448768615723
10.054758071899414
14.10019588470459
25.819915771484375
21.36935806274414
27.662952423095703
42.94573974609375
34.18354415893555
39.986846923828125
19.176115036010742
40.0722541809082
27.828840255737305
19.56007194519043
21.593233108520508
20.53121566772461
8.0623140335083
16.249902725219727
10.084646224975586
48.84980010986328
29.391340255737305
22.642131805419922
11.70895767211914
14.488739967346191
20.746305465698242
21.008214950561523
7.317507743835449
24.10257339477539
19.554752349853516
22.204055786132812
23.305341720581055
15.01896858215332
11.137907981872559
28.184951782226562
28.88555335998535
12.579675674438477
7.445936679840088
17.695276260375977
15.418121337890625
34.43263244628906
19.88788414001465
16.250282287597656
41.51015090942383
14.72296142578125
17.570823669433594
16.433578491210938
12.1011323928833
23.99628257751465
12.413684844970703
23.417203903198242
37.27973937988281
42.1158447265625
18.87083625793457
28.673471450805664
20.533302307128906
22.508060455322266
13.80341625213623
30.593347549438477
32.905174255371094
18.691864013671875
28.29331398010254
14.782684326171875
14.8956937789917
17.982437133789062
14.79977035522461
19.854249954223633
6.129809379577637
21.091785430908203
13.89376163482666
34.24501419067383
25.37108039855957
16.011146545410156
17.152284622192383
1.2750787734985352
36.06820297241211
19.939350128173828
13.175536155700684
8.370909690856934
8.76906681060791
10.478377342224121
9.425965309143066
17.647741317749023
13.69728946685791
36.90422821044922
21.623825073242188
15.829866409301758
23.253501892089844
16.162567138671875
40.07291030883789
9.852724075317383
25.69472312927246
16.393465042114258
16.25296974182129
22.123300552368164
14.453561782836914
26.900957107543945
35.4675407409668
30.63800621032715
41.75888442993164
20.04359245300293
28.709749221801758
42.76754379272461
25.78931427001953
34.50413513183594
18.265844345092773
15.038183212280273
15.587769508361816
38.51348114013672
24.601762771606445
22.768274307250977
23.85561180114746
9.932172775268555
27.202653884887695
17.61922836303711
27.02420997619629
36.5673942565918
15.034660339355469
12.290125846862793
18.103981018066406
17.465002059936523
17.819326400756836
15.801788330078125
19.398853302001953
29.807453155517578
25.234617233276367
23.11338996887207
24.84996223449707
11.200714111328125
14.693020820617676
11.840694427490234
14.910467147827148
41.09724807739258
32.98381423950195
48.32310104370117
37.11909484863281
38.55195236206055
30.12466812133789
35.592288970947266
18.640750885009766
30.570119857788086
44.012691497802734
13.800411224365234
14.96499252319336
23.424497604370117
31.810277938842773
19.22957992553711
34.13706970214844
28.962682723999023
31.80647087097168
41.17396545410156
19.912132263183594
23.147686004638672
20.60675811767578
28.62134552001953
48.48798751831055
27.707271575927734
17.86423683166504
16.004215240478516
21.022293090820312
9.280062675476074
32.61617660522461
30.1452579498291
35.08205795288086
4.870030403137207
27.642620086669922
30.660985946655273
34.68588638305664
9.966474533081055
25.21849250793457
27.870649337768555
11.787836074829102
16.731027603149414
10.153512954711914
65.32848358154297
7.666731357574463
32.20476150512695
24.978824615478516
25.385799407958984
9.200288772583008
7.651777267456055
22.95090103149414
29.464712142944336
14.661273002624512
31.05544090270996
11.20268440246582
32.42043685913086
26.372955322265625
31.848520278930664
48.59433364868164
16.5540771484375
15.391585350036621
12.171466827392578
19.360090255737305
31.26799774169922
17.869125366210938
29.817489624023438
23.030956268310547
29.501344680786133
45.716941833496094
27.792877197265625
17.34548568725586
15.72430419921875
23.10167121887207
27.50556182861328
27.195240020751953
18.839143753051758
23.16999626159668
29.276268005371094
22.795883178710938
28.707059860229492
30.85212516784668
12.55042552947998
27.24985122680664
32.33372116088867
22.594043731689453
21.64942741394043
18.666227340698242
13.755528450012207
23.768699645996094
23.514387130737305
32.74821472167969
38.87732696533203
10.320184707641602
11.018732070922852
27.749595642089844
16.1436767578125
10.954615592956543
18.332874298095703
30.033058166503906
3.527249574661255
20.569488525390625
37.44514465332031
17.03671646118164
10.890674591064453
40.93082046508789
51.164302825927734
20.83759117126465
7.7510576248168945
26.751195907592773
37.671852111816406
20.891246795654297
42.16828536987305
18.267305374145508
27.614551544189453
41.475955963134766
33.8077392578125
11.846183776855469
9.876322746276855
15.65811538696289
25.86788558959961
40.435211181640625
41.74478530883789
38.48539352416992
18.09844398498535
31.340517044067383
16.34331703186035
21.839242935180664
14.116544723510742
30.695377349853516
20.916765213012695
44.76491165161133
12.819825172424316
8.209228515625
26.09746742248535
27.81212615966797
21.876432418823242
20.178003311157227
6.43301248550415
17.866561889648438
4.869544982910156
46.811187744140625
22.708223342895508
16.21388053894043
25.60246467590332
52.48353576660156
48.910255432128906
30.213380813598633
14.254402160644531
17.10207176208496
30.0690975189209
22.195383071899414
14.88169002532959
26.83642578125
35.3465690612793
31.83472442626953
14.765642166137695
14.334555625915527
11.869199752807617
9.038003921508789
30.97884750366211
23.209426879882812
24.068866729736328
44.78090286254883
20.14773178100586
11.469130516052246
15.29258918762207
20.680335998535156
34.39540100097656
18.209857940673828
33.30437088012695
13.7627592086792
38.33220291137695
33.9549674987793
19.320621490478516
15.950782775878906
25.65160369873047
15.922374725341797
38.800384521484375
17.46809196472168
21.44893455505371
14.810205459594727
35.726993560791016
28.711233139038086
13.561161041259766
32.852142333984375
27.682527542114258
34.414649963378906
28.15038299560547
7.361968040466309
32.35487747192383
12.625406265258789
7.250059127807617
13.247365951538086
59.484588623046875
19.17413330078125
21.131383895874023
18.021629333496094
9.791251182556152
17.410242080688477
20.150489807128906
35.145477294921875
29.89426612854004
26.141550064086914
28.672348022460938
17.599576950073242
16.302337646484375
21.79053497314453
27.477741241455078
17.74161148071289
16.701297760009766
37.53066635131836
32.20126724243164
38.50571060180664
13.646588325500488
24.599685668945312
24.811433792114258
24.776378631591797
6.457126140594482
19.9010066986084
19.25583839416504
17.836381912231445
8.254119873046875
22.902408599853516
44.111610412597656
17.95673370361328
10.474553108215332
31.399303436279297
17.26268196105957
23.972232818603516
8.426098823547363
16.519655227661133
26.0872745513916
28.914997100830078
17.210933685302734
29.26967430114746
24.056386947631836
23.650707244873047
12.40425968170166
28.485828399658203
32.208255767822266
20.458900451660156
18.610485076904297
26.273420333862305
36.38469696044922
29.637874603271484
23.663036346435547
22.45058250427246
19.41787338256836
12.295634269714355
21.452733993530273
19.34322738647461
22.072540283203125
26.588327407836914
36.66996383666992
33.05598068237305
39.68317413330078
25.778932571411133
23.013818740844727
8.903223991394043
40.107025146484375
26.74374771118164
17.906536102294922
16.292726516723633
28.071258544921875
20.43181037902832
20.56517219543457
22.825796127319336
9.033203125
23.15155792236328
31.35852813720703
34.08892059326172
28.283899307250977
36.18239212036133
49.039241790771484
12.96471118927002
16.357168197631836
32.899330139160156
43.261051177978516
14.756909370422363
15.726775169372559
16.154277801513672
21.390522003173828
22.404848098754883
29.73109245300293
35.24746322631836
21.859024047851562
26.820995330810547
30.91680908203125
23.399410247802734
45.68267822265625
36.06001663208008
17.661540985107422
19.940231323242188
8.390016555786133
28.220420837402344
19.310026168823242
16.6986083984375
24.036685943603516
17.017959594726562
23.444612503051758
23.42085838317871
29.276531219482422
28.003877639770508
26.166851043701172
35.24817657470703
7.295601844787598
13.181286811828613
31.408979415893555
31.13243293762207
21.025856018066406
18.14347267150879
28.81804084777832
22.30457305908203
23.987764358520508
16.07069969177246
23.765722274780273
14.166020393371582
52.62432861328125
15.684619903564453
34.996849060058594
10.95141887664795
25.027097702026367
15.048458099365234
30.637258529663086
47.16579818725586
37.42781448364258
28.094707489013672
3.5248990058898926
19.878271102905273
27.292558670043945
37.743263244628906
20.923133850097656
15.738245010375977
35.15972900390625
37.16825485229492
15.575712203979492
20.37078857421875
24.601900100708008
11.621562957763672
25.10371971130371
29.70442008972168
16.294443130493164
45.22334289550781
21.987661361694336
26.6842098236084
21.427011489868164
39.017578125
15.409784317016602
24.505945205688477
14.599095344543457
20.449222564697266
38.41185760498047
21.4089298248291
12.295880317687988
29.406513214111328
15.778668403625488
8.045564651489258
22.17632484436035
8.730695724487305
44.94969177246094
27.049531936645508
37.69033432006836
19.637908935546875
20.456640243530273
36.48030471801758
27.41746711730957
22.703083038330078
37.799224853515625
20.968467712402344
27.51425552368164
11.605584144592285
30.353097915649414
10.234747886657715
17.563325881958008
32.95688247680664
14.13809585571289
16.876070022583008
5.390742778778076
41.88949203491211
29.270170211791992
11.721226692199707
18.1519775390625
35.819114685058594
28.626493453979492
28.75004005432129
16.09989356994629
17.160930633544922
32.68572235107422
26.98368263244629
49.76042938232422
13.401062965393066
9.184629440307617
32.789520263671875
27.329364776611328
12.43805980682373
31.282453536987305
24.173330307006836
9.293384552001953
12.44711971282959
16.36819076538086
20.318967819213867
39.3127326965332
20.259986877441406
29.756277084350586
21.79271125793457
14.108624458312988
17.64252471923828
46.91978454589844
14.799250602722168
24.998537063598633
32.71239471435547
37.67420196533203
12.937414169311523
15.401885032653809
23.562891006469727
27.562097549438477
33.548152923583984
17.092924118041992
46.13121032714844
10.997057914733887
20.72252082824707
28.50596046447754
11.132725715637207
21.719039916992188
25.802013397216797
17.062929153442383
12.859867095947266
29.440757751464844
13.167774200439453
18.636474609375
19.827295303344727
46.876338958740234
27.158035278320312
20.72951316833496
22.152847290039062
13.388710021972656
10.119302749633789
30.795944213867188
17.77629852294922
12.168789863586426
21.122406005859375
33.43894577026367
33.62936019897461
17.523813247680664
7.69796085357666
22.011608123779297
28.22357749938965
20.82882308959961
9.164392471313477
26.89512062072754
29.75790023803711
23.989429473876953
40.516082763671875
20.029865264892578
34.637451171875
35.68291091918945
18.491121292114258
33.50954055786133
55.972564697265625
9.859871864318848
25.0045166015625
21.76276969909668
19.84202766418457
39.08469009399414
23.53723907470703
7.148274898529053
17.712472915649414
34.94780731201172
28.86269187927246
26.337417602539062
11.079052925109863
17.93079376220703
21.1660213470459
21.982349395751953
26.474712371826172
10.519514083862305
19.361759185791016
21.81487274169922
15.273144721984863
15.440863609313965
37.98276901245117
23.184127807617188
25.354923248291016
14.20944595336914
29.870025634765625
26.9836368560791
38.647159576416016
24.247596740722656
37.20404815673828
33.12165451049805
22.14730453491211
17.198026657104492
34.23198318481445
18.961349487304688
18.75743865966797
22.347583770751953
47.307762145996094
28.036651611328125
38.56591033935547
22.692245483398438
24.57551383972168
20.39638900756836
48.73639678955078
23.459043502807617
25.281963348388672
28.139938354492188
37.26273727416992
20.19891357421875
18.961688995361328
28.601409912109375
33.27743148803711
31.743932723999023
62.05787658691406
39.80311584472656
33.75870895385742
11.628414154052734
11.786978721618652
15.726521492004395
26.038850784301758
34.11379623413086
42.24892807006836
24.786191940307617
29.103130340576172
37.69391632080078
31.250877380371094
11.326888084411621
17.76340675354004
18.06226921081543
36.7928352355957
35.14689636230469
12.47629165649414
20.305892944335938
16.05446434020996
25.949800491333008
22.061199188232422
14.618310928344727
4.6237993240356445
20.628215789794922
7.457607746124268
18.977415084838867
37.45753479003906
15.552067756652832
21.636388778686523
19.048751831054688
15.317632675170898
24.28858757019043
30.23334503173828
29.56288719177246
14.589376449584961
29.17376136779785
23.904916763305664
32.47710418701172
27.47180938720703
16.79911994934082
28.448463439941406
32.62662887573242
24.028392791748047
28.023706436157227
22.306880950927734
44.79118728637695
30.196216583251953
19.141372680664062
23.605093002319336
41.436279296875
28.64681625366211
17.908205032348633
23.82146644592285
27.725017547607422
22.53469467163086
32.65606689453125
26.365955352783203
16.599668502807617
30.235942840576172
29.861169815063477
31.795705795288086
3.5694751739501953
30.223051071166992
36.05250549316406
24.639284133911133
14.181241035461426
15.21249771118164
13.154033660888672
11.451973915100098
32.06950759887695
17.628040313720703
38.51865005493164
23.427352905273438
29.968482971191406
27.187868118286133
23.802139282226562
22.967788696289062
20.77768898010254
22.936355590820312
4.52273416519165
27.0996150970459
18.574182510375977
10.172289848327637
18.60674285888672
30.12822723388672
3.544198513031006
16.204822540283203
21.092912673950195
16.923490524291992
46.525394439697266
36.925323486328125
12.588249206542969
6.395130634307861
17.78462791442871
22.237241744995117
23.176692962646484
29.16170310974121
9.735907554626465
35.35287094116211
8.509910583496094
17.02619743347168
14.22292709350586
28.271215438842773
26.22391128540039
20.449209213256836
15.385038375854492
25.075923919677734
14.172028541564941
28.747356414794922
16.889896392822266
17.908618927001953
24.663618087768555
33.68157196044922
24.411453247070312
33.457550048828125
20.475709915161133
24.633502960205078
32.84872817993164
17.63725471496582
9.579561233520508
21.082983016967773
41.996028900146484
17.176939010620117
9.117756843566895
20.067323684692383
20.740646362304688
12.239392280578613
20.07725715637207
30.72935676574707
30.417476654052734
55.229400634765625
23.33992576599121
37.184532165527344
37.4843635559082
19.991666793823242
38.6307258605957
38.067047119140625
18.43023109436035
40.027462005615234
16.408716201782227
22.14657211303711
19.612592697143555
44.71080780029297
26.20294761657715
31.027681350708008
16.168893814086914
29.74249267578125
44.87985610961914
30.813669204711914
32.51181411743164
17.454914093017578
13.344722747802734
21.739479064941406
16.83873176574707
29.72313117980957
46.75492477416992
30.368122100830078
30.809432983398438
31.609844207763672
32.52972412109375
28.17222023010254
12.985121726989746
24.25099754333496
8.380815505981445
11.892019271850586
25.773040771484375
13.191536903381348
4.845205307006836
20.788042068481445
43.613460540771484
20.847431182861328
23.54535484313965
18.342025756835938
9.01402759552002
17.84110450744629
20.61724090576172
13.525973320007324
27.44300079345703
18.636289596557617
16.640228271484375
26.792102813720703
36.342159271240234
24.24597930908203
31.55955696105957
20.392223358154297
23.819107055664062
27.385936737060547
17.542274475097656
21.48794937133789
12.647686004638672
14.129617691040039
27.109636306762695
28.870595932006836
30.276817321777344
25.108116149902344
27.67685890197754
33.10300827026367
29.73702621459961
17.379812240600586
33.6216926574707
15.19467830657959
8.745344161987305
22.44061851501465
4.193605422973633
25.92131233215332
26.148176193237305
37.90773010253906
36.73418426513672
28.93532943725586
44.47297668457031
9.593399047851562
31.383010864257812
16.910072326660156
40.81268310546875
28.17232322692871
37.883644104003906
18.016006469726562
10.059842109680176
20.554241180419922
39.13343811035156
14.922380447387695
17.799184799194336
31.326032638549805
18.54461097717285
39.37337112426758
28.922861099243164
28.992904663085938
31.797330856323242
33.87053298950195
33.2470588684082
6.757667064666748
13.035211563110352
9.935441017150879
18.407806396484375
7.236545085906982
14.055991172790527
30.83877182006836
19.19053077697754
10.003860473632812
13.622978210449219
19.156047821044922
34.27885437011719
51.4160270690918
20.858047485351562
24.353103637695312
11.212657928466797
14.902442932128906
30.357309341430664
15.104310989379883
24.017663955688477
37.66948318481445
21.724609375
3.614694833755493
55.2779426574707
12.905461311340332
48.122554779052734
34.09086227416992
21.94075584411621
17.703527450561523
24.167898178100586
14.99913215637207
28.0701961517334
27.606426239013672
19.900339126586914
0.9736119508743286
28.813278198242188
33.062068939208984
42.13607406616211
17.643230438232422
8.001143455505371
11.050267219543457
28.87806510925293
23.6300048828125
27.380268096923828
24.639644622802734
32.93363571166992
27.72788429260254
8.873367309570312
39.6021614074707
22.978713989257812
17.709609985351562
18.81515884399414
17.192049026489258
18.654224395751953
29.452518463134766
20.55617904663086
11.710657119750977
23.661678314208984
26.448326110839844
34.46668243408203
16.947521209716797
16.817180633544922
34.31291580200195
25.773117065429688
30.228574752807617
25.96630096435547
33.01182174682617
4.0519490242004395
12.381760597229004
17.06029510498047
19.80594253540039
12.829533576965332
15.10006046295166
26.668670654296875
9.917532920837402
21.157451629638672
13.513222694396973
17.341121673583984
19.511606216430664
23.54107666015625
28.707805633544922
12.808351516723633
17.035648345947266
33.64509582519531
41.0965576171875
38.304931640625
28.191753387451172
18.711105346679688
24.2977352142334
31.587953567504883
22.91436195373535
30.22943115234375
22.185949325561523
38.225101470947266
32.13151168823242
26.528182983398438
24.08702278137207
6.315725326538086
31.71412467956543
24.178163528442383
27.923189163208008
18.280031204223633
24.262977600097656
17.433135986328125
35.57387924194336
15.235851287841797
32.188377380371094
5.2176713943481445
27.844274520874023
13.876039505004883
22.097137451171875
24.50882339477539
11.76220989227295
11.099228858947754
13.051734924316406
37.25593566894531
6.244077205657959
26.233348846435547
33.414817810058594
20.536083221435547
28.389516830444336
52.72917938232422
21.261795043945312
21.164913177490234
10.452901840209961
23.53011703491211
24.782041549682617
28.0068416595459
42.95539093017578
30.810823440551758
9.41702938079834
11.139476776123047
34.90095901489258
23.51045799255371
43.172607421875
26.29544448852539
21.5723876953125
12.076531410217285
13.019455909729004
15.155237197875977
15.674553871154785
44.305419921875
28.21168327331543
13.82204532623291
11.027408599853516
13.946695327758789
21.803449630737305
21.229808807373047
23.704370498657227
37.957645416259766
37.12853240966797
11.472285270690918
19.887531280517578
26.20736312866211
10.646138191223145
5.643741607666016
23.4836483001709
18.08570098876953
27.28830909729004
9.344212532043457
30.10756492614746
18.71586036682129
11.142579078674316
19.82208824157715
27.46767807006836
20.59737205505371
18.23244857788086
29.378042221069336
23.54559898376465
35.73461151123047
14.708572387695312
20.14215850830078
20.13816261291504
2.2938284873962402
35.73689651489258
34.87891387939453
25.338356018066406
17.502079010009766
15.493393898010254
22.325820922851562
38.32743835449219
12.914287567138672
31.509469985961914
7.3951544761657715
10.590739250183105
30.157289505004883
29.6531982421875
27.68475341796875
12.476339340209961
10.617707252502441
18.137317657470703
29.645463943481445
28.346588134765625
14.765896797180176
31.970062255859375
22.322912216186523
16.812471389770508
13.744271278381348
17.51727294921875
42.26438903808594
21.45766830444336
35.70098114013672
41.50764846801758
41.85445785522461
22.104711532592773
21.32622718811035
33.59375
20.80316925048828
25.816774368286133
23.88898468017578
37.65562438964844
14.551217079162598
22.68276596069336
33.55058670043945
22.347890853881836
25.175628662109375
34.2112922668457
29.148269653320312
16.358997344970703
39.45465087890625
11.60699462890625
21.52280044555664
25.842266082763672
24.624126434326172
29.1021671295166
42.28364181518555
35.885353088378906
15.537042617797852
12.391704559326172
30.432994842529297
26.5224609375
9.060956954956055
16.51594352722168
26.892072677612305
35.166378021240234
13.654118537902832
7.081233978271484
13.538185119628906
26.612564086914062
33.45525360107422
28.33418846130371
24.40842056274414
36.89824676513672
15.100696563720703
15.534844398498535
24.36616325378418
16.55119514465332
43.24036407470703
12.55571174621582
11.435155868530273
34.63747024536133
7.391580581665039
19.237071990966797
27.13898468017578
10.30374526977539
16.549842834472656
17.763452529907227
18.756614685058594
29.992021560668945
26.094585418701172
11.556438446044922
16.973613739013672
20.882604598999023
37.89597702026367
0.8384187817573547
21.648908615112305
27.109634399414062
17.28982162475586
32.07406997680664
26.571887969970703
28.326168060302734
36.15684509277344
18.389854431152344
26.418302536010742
21.313764572143555
40.276710510253906
8.548040390014648
27.899131774902344
28.80617904663086
13.411060333251953
30.051076889038086
33.34018325805664
41.374080657958984
34.553619384765625
4.3211669921875
36.04507064819336
46.975826263427734
36.571861267089844
28.559329986572266
36.284671783447266
35.91648483276367
32.2159309387207
41.802207946777344
9.854595184326172
37.921165466308594
23.88412857055664
37.74022674560547
14.745309829711914
38.33538055419922
21.829208374023438
11.097270965576172
20.308307647705078
30.209430694580078
25.593769073486328
38.14411544799805
11.675644874572754
17.186702728271484
23.930500030517578
19.624425888061523
18.907560348510742
37.46083450317383
27.622404098510742
29.557966232299805
33.95210266113281
44.92074966430664
29.35454750061035
36.019317626953125
27.319215774536133
31.383628845214844
12.548222541809082
17.81209945678711
25.743412017822266
26.38214683532715
35.04597854614258
10.357101440429688
34.41592788696289
22.4289608001709
10.07248592376709
10.794485092163086
14.610072135925293
29.443592071533203
41.21543884277344
34.990238189697266
12.775796890258789
8.77353286743164
23.41333770751953
28.690235137939453
14.706880569458008
16.48881721496582
24.821014404296875
10.874845504760742
22.105770111083984
20.759618759155273
18.26006317138672
28.46271514892578
25.069154739379883
25.59960174560547
42.44806671142578
47.685272216796875
19.70046615600586
31.96365737915039
25.477584838867188
20.888273239135742
38.17764663696289
35.39853286743164
15.974288940429688
24.3435115814209
51.2130012512207
45.69209289550781
31.096128463745117
12.567869186401367
39.606292724609375
27.230457305908203
42.85972213745117
31.321434020996094
18.828125
21.355064392089844
22.54918670654297
17.393169403076172
19.18804359436035
16.842409133911133
24.669418334960938
23.600536346435547
25.911813735961914
5.393065929412842
12.988292694091797
37.23444366455078
15.509048461914062
27.20768165588379
25.417591094970703
24.901241302490234
10.782182693481445
41.72556686401367
25.184709548950195
23.34426498413086
18.274444580078125
31.036937713623047
13.528897285461426
35.428592681884766
13.35288143157959
11.982087135314941
10.372714042663574
38.180335998535156
17.9089298248291
14.003190994262695
32.86904525756836
47.46440505981445
18.60787582397461
14.212185859680176
52.4656982421875
26.34145164489746
27.803133010864258
21.157081604003906
22.950525283813477
35.80517578125
19.646738052368164
16.226350784301758
27.053363800048828
23.56393051147461
21.335693359375
26.028064727783203
23.760427474975586
33.70924758911133
37.02691650390625
37.023929595947266
21.939115524291992
40.75381088256836
16.3236083984375
23.778430938720703
31.448373794555664
24.14853858947754
22.6283016204834
29.105968475341797
27.563400268554688
21.806861877441406
30.503170013427734
28.668794631958008
39.03263473510742
29.455245971679688
11.791023254394531
21.867273330688477
30.8129940032959
28.184951782226562
51.698570251464844
16.580068588256836
19.398513793945312
16.548070907592773
60.310028076171875
43.45217514038086
7.065629959106445
34.43598175048828
33.712921142578125
23.145517349243164
36.999427795410156
19.27838897705078
37.489959716796875
27.314128875732422
34.54920959472656
22.590087890625
27.201522827148438
8.908430099487305
36.51945877075195
22.82950782775879
24.036041259765625
24.530527114868164
35.94282913208008
33.66595458984375
20.899208068847656
16.49363136291504
21.085451126098633
12.58809757232666
27.361835479736328
16.4993953704834
5.75767707824707
21.721647262573242
22.53696632385254
18.458261489868164
27.74173355102539
25.20452308654785
11.013346672058105
12.965739250183105
13.187100410461426
21.5784969329834
41.08674240112305
25.34539222717285
11.650901794433594
25.902795791625977
53.501708984375
27.2067928314209
24.435338973999023
21.117374420166016
12.896472930908203
16.789642333984375
26.96168327331543
32.138343811035156
30.178438186645508
19.747093200683594
26.58527946472168
18.355533599853516
34.75200271606445
36.34886932373047
25.635751724243164
44.64435958862305
7.30031681060791
30.291900634765625
26.753210067749023
30.116926193237305
39.16385269165039
15.352018356323242
18.418893814086914
28.44061279296875
9.61266040802002
27.774120330810547
23.079627990722656
29.880186080932617
35.15115737915039
30.191085815429688
16.192731857299805
32.36051559448242
28.283750534057617
12.354798316955566
29.312767028808594
11.42074203491211
21.609020233154297
21.355083465576172
15.762336730957031
11.223615646362305
22.869234085083008
25.83591079711914
31.98655891418457
35.25591278076172
29.07996368408203
30.343019485473633
26.874008178710938
24.81698226928711
25.561952590942383
21.34809684753418
26.249338150024414
51.32600402832031
11.380647659301758
24.115577697753906
30.162294387817383
17.67327117919922
15.049456596374512
33.62993621826172
22.895225524902344
22.238170623779297
29.20185089111328
25.42877197265625
14.018589973449707
25.59476661682129
19.72936248779297
19.487939834594727
17.799131393432617
46.1213493347168
37.42021942138672
22.36128044128418
27.412700653076172
10.860860824584961
18.699172973632812
29.419391632080078
1.1447257995605469
47.91450500488281
16.34626007080078
26.297134399414062
46.25401306152344
17.904298782348633
33.89229202270508
35.43503189086914
9.337016105651855
24.84157371520996
19.988449096679688
15.079977035522461
21.523393630981445
19.55000114440918
15.986943244934082
24.42885971069336
30.02725601196289
29.59796905517578
47.84408187866211
23.68422508239746
15.234637260437012
22.353885650634766
9.62134075164795
23.748437881469727
16.34115982055664
28.413471221923828
20.54578399658203
20.46940040588379
26.780492782592773
26.843055725097656
12.549267768859863
32.59916687011719
27.29819679260254
34.668785095214844
10.60955810546875
33.27189636230469
5.745845317840576
32.78474807739258
19.448928833007812
43.869850158691406
22.679508209228516
33.39406967163086
19.683645248413086
20.97405242919922
35.073524475097656
20.02195930480957
30.980016708374023
21.16535186767578
48.74663162231445
27.22100830078125
33.25640869140625
32.291465759277344
11.785421371459961
26.87332534790039
18.3538875579834
21.62135887145996
21.35895347595215
28.866416931152344
7.404922962188721
14.007126808166504
7.476846694946289
40.70699691772461
20.086902618408203
31.84424591064453
28.24054527282715
6.419147491455078
7.904212951660156
13.259991645812988
28.93722152709961
30.7218074798584
16.718517303466797
25.031097412109375
22.487924575805664
18.829404830932617
38.90671920776367
28.89657211303711
27.461681365966797
36.379573822021484
4.390678405761719
36.292701721191406
31.68365478515625
23.703548431396484
30.971445083618164
15.228501319885254
12.412468910217285
32.18517303466797
25.55722999572754
23.656551361083984
22.17380714416504
19.770980834960938
38.493385314941406
34.43148422241211
22.07874870300293
10.013846397399902
30.30263328552246
21.463275909423828
32.34782409667969
37.3514289855957
37.97527313232422
23.44197654724121
36.61951446533203
5.988675594329834
38.7217903137207
22.281322479248047
30.46609878540039
33.711158752441406
11.053607940673828
6.789250373840332
17.363208770751953
23.162033081054688
9.956512451171875
35.789791107177734
31.899505615234375
36.45719528198242
21.8501033782959
34.650604248046875
31.292009353637695
17.81664276123047
25.48063087463379
18.758834838867188
32.86930465698242
16.58460807800293
23.72107696533203
19.07793426513672
15.654974937438965
16.330589294433594
17.797531127929688
43.266422271728516
11.450456619262695
21.985397338867188
32.15799331665039
33.32678985595703
8.155010223388672
8.498259544372559
12.681946754455566
1.4421104192733765
12.683817863464355
6.862091064453125
15.241059303283691
16.814912796020508
47.323978424072266
12.00247859954834
34.82310104370117
44.64380645751953
14.65019702911377
28.649152755737305
23.73950958251953
15.244306564331055
15.954950332641602
31.79999351501465
28.421661376953125
28.934078216552734
19.650680541992188
41.39985656738281
28.248306274414062
59.98976516723633
8.70743179321289
25.59785270690918
38.274776458740234
29.309110641479492
26.539533615112305
10.188749313354492
23.376554489135742
60.419960021972656
32.8814697265625
24.4595947265625
29.84400749206543
25.592992782592773
22.631776809692383
19.423625946044922
43.5296516418457
18.73633575439453
9.74555778503418
21.148330688476562
15.625378608703613
29.779890060424805
10.686539649963379
24.088584899902344
30.42720603942871
41.391387939453125
26.944612503051758
25.88289451599121
26.43916130065918
17.244672775268555
12.833346366882324
30.44371795654297
22.788719177246094
30.28484344482422
34.79560852050781
23.683515548706055
27.20342445373535
26.649778366088867
36.514034271240234
14.358611106872559
31.586477279663086
30.69341278076172
27.801700592041016
31.346059799194336
30.53728485107422
53.60322189331055
8.838652610778809
30.87853240966797
44.044490814208984
37.547664642333984
26.822126388549805
23.798601150512695
19.64034080505371
22.63542366027832
6.421463966369629
6.870323181152344
17.835403442382812
31.88334083557129
20.15554428100586
29.77231216430664
40.94369888305664
33.633506774902344
44.653621673583984
4.105432987213135
7.83012580871582
15.521581649780273
35.74263000488281
23.28725242614746
15.170013427734375
46.876625061035156
25.9811954498291
6.210506439208984
40.27908706665039
19.186019897460938
26.749170303344727
22.578954696655273
24.67908477783203
32.549522399902344
14.263065338134766
11.95233154296875
28.383563995361328
9.907075881958008
19.34095001220703
35.12368392944336
43.503910064697266
14.85255241394043
18.317270278930664
26.29283332824707
14.592846870422363
29.986186981201172
19.42562484741211
37.9155387878418
28.259546279907227
33.52153015136719
12.712194442749023
10.000970840454102
21.093812942504883
18.81342124938965
23.914369583129883
18.619762420654297
15.485803604125977
21.99046516418457
21.500320434570312
30.328754425048828
26.150962829589844
28.040691375732422
13.710466384887695
