11.894563674926758
13.503218650817871
19.557619094848633
3.438819646835327
21.179611206054688
14.395955085754395
27.99078941345215
0.7106446027755737
6.7473649978637695
15.024954795837402
14.976628303527832
5.65875768661499
19.570154190063477
21.787418365478516
15.072810173034668
8.89559555053711
20.509981155395508
15.78193473815918
13.466594696044922
17.332469940185547
11.502952575683594
15.523594856262207
15.463712692260742
16.795740127563477
6.988193988800049
17.53759765625
11.888919830322266
13.747262954711914
12.860451698303223
16.9276180267334
25.413061141967773
10.085407257080078
20.311174392700195
21.057310104370117
32.972591400146484
6.803925514221191
10.983463287353516
22.945554733276367
5.963383674621582
33.18909454345703
5.607285499572754
13.532415390014648
12.177996635437012
19.32312774658203
21.013490676879883
19.495624542236328
9.760677337646484
7.040192604064941
15.861834526062012
15.991082191467285
21.085861206054688
4.877371788024902
15.362346649169922
12.289299011230469
10.9241943359375
12.047235488891602
11.61367130279541
15.190657615661621
20.113426208496094
22.93433952331543
8.861288070678711
24.273664474487305
21.157798767089844
11.424936294555664
24.914697647094727
15.017935752868652
15.195119857788086
20.542428970336914
9.545733451843262
17.656801223754883
13.843204498291016
4.292340278625488
15.394262313842773
13.771371841430664
15.598868370056152
9.65733814239502
36.499114990234375
11.934996604919434
7.887513160705566
8.897189140319824
9.831972122192383
13.521224975585938
5.349079132080078
12.308283805847168
21.852128982543945
16.615686416625977
23.65977668762207
27.154916763305664
9.5716552734375
12.638404846191406
14.934403419494629
20.0246524810791
18.710891723632812
6.751014232635498
22.633960723876953
10.44808578491211
11.909008026123047
13.983659744262695
8.46613883972168
10.432868003845215
25.813631057739258
18.192302703857422
12.335789680480957
29.225584030151367
15.811847686767578
18.852794647216797
33.56482696533203
19.59554672241211
12.765331268310547
17.222597122192383
8.272865295410156
9.435873985290527
15.539053916931152
13.956314086914062
15.130902290344238
15.304783821105957
14.498367309570312
27.747291564941406
8.347878456115723
14.789868354797363
16.82236671447754
13.731626510620117
19.1988468170166
15.675497055053711
38.415958404541016
8.600714683532715
6.705870628356934
27.20970344543457
17.544578552246094
4.594993591308594
16.426742553710938
14.068453788757324
29.4816837310791
6.970401763916016
20.671371459960938
13.813641548156738
2.3212780952453613
18.904207229614258
26.333539962768555
23.224132537841797
23.294973373413086
16.73275375366211
6.502120018005371
16.782485961914062
21.76253318786621
5.112635135650635
13.750802040100098
14.922823905944824
25.84261131286621
10.049710273742676
21.220260620117188
9.482332229614258
10.745211601257324
16.052812576293945
16.735275268554688
25.301727294921875
21.1403751373291
28.114513397216797
15.409052848815918
16.45646095275879
11.392702102661133
16.639007568359375
17.879989624023438
25.835529327392578
17.98247718811035
14.362565040588379
12.752155303955078
14.662764549255371
2.4661412239074707
10.13565444946289
13.294137954711914
20.970888137817383
27.663524627685547
16.95543670654297
9.52018928527832
9.475203514099121
10.78333854675293
23.556894302368164
19.206317901611328
22.99167251586914
22.9785213470459
21.044723510742188
11.020563125610352
8.44006061553955
10.450026512145996
15.310540199279785
14.723130226135254
14.129121780395508
11.802787780761719
23.216121673583984
21.111055374145508
19.21516227722168
19.781253814697266
14.316898345947266
5.330300331115723
18.65371322631836
25.033464431762695
7.089176654815674
21.392871856689453
25.146987915039062
12.002449035644531
14.249332427978516
17.84389877319336
14.030476570129395
0.8145738840103149
5.988499641418457
11.709046363830566
13.510704040527344
10.33471393585205
26.938392639160156
14.150751113891602
23.03362464904785
15.745291709899902
17.578731536865234
11.522261619567871
13.604480743408203
16.06485939025879
9.956975936889648
14.204368591308594
28.536365509033203
21.619653701782227
19.738506317138672
21.25490379333496
14.039698600769043
2.824960947036743
38.19365310668945
10.540543556213379
11.479681015014648
14.405383110046387
11.486075401306152
13.914154052734375
19.032752990722656
23.607343673706055
13.34415054321289
4.603930473327637
15.521137237548828
2.790065288543701
16.708698272705078
14.63483715057373
4.858816146850586
13.871312141418457
13.864554405212402
17.630908966064453
24.821786880493164
23.18038558959961
7.169768333435059
9.499813079833984
11.265847206115723
18.551061630249023
14.437049865722656
10.193157196044922
10.30963134765625
9.442037582397461
8.244089126586914
19.259403228759766
10.963844299316406
21.265235900878906
11.973014831542969
25.425630569458008
9.655306816101074
22.357778549194336
13.74975872039795
12.363263130187988
24.054302215576172
42.566436767578125
17.674959182739258
12.368621826171875
17.388456344604492
17.68185806274414
21.307382583618164
15.623050689697266
9.173945426940918
9.308311462402344
17.10491180419922
26.618860244750977
12.221390724182129
17.400714874267578
25.20100212097168
10.316627502441406
8.379334449768066
15.574877738952637
17.554380416870117
9.406055450439453
7.955408096313477
20.86829376220703
17.651893615722656
16.88295555114746
24.541627883911133
14.135576248168945
23.787904739379883
3.7906384468078613
13.040569305419922
7.834738254547119
14.312342643737793
18.807994842529297
25.325843811035156
21.70572280883789
5.785701751708984
13.892183303833008
24.110193252563477
23.563920974731445
14.099699974060059
24.413028717041016
18.514789581298828
4.367279052734375
25.852853775024414
8.675055503845215
0.9362761974334717
4.873923301696777
17.23715591430664
15.248708724975586
9.621953010559082
2.594998836517334
9.76026725769043
21.696578979492188
5.520442485809326
24.22406768798828
8.027583122253418
6.304108142852783
20.190866470336914
3.9703738689422607
4.8575849533081055
23.053585052490234
10.621262550354004
17.5721435546875
22.229747772216797
6.839921951293945
7.782784461975098
16.447566986083984
29.18878936767578
18.690000534057617
16.324434280395508
17.175926208496094
14.95090389251709
26.05667495727539
18.34667205810547
13.50188159942627
6.004276752471924
21.731462478637695
18.1830997467041
20.014951705932617
5.090343952178955
14.531042098999023
16.046083450317383
5.342880725860596
12.369342803955078
10.907353401184082
7.555879592895508
32.057350158691406
18.014169692993164
8.67075252532959
29.936241149902344
21.40633773803711
14.602069854736328
12.008537292480469
15.863825798034668
19.37758445739746
7.240019798278809
34.91580581665039
6.543723106384277
11.522461891174316
8.562225341796875
13.436711311340332
18.057836532592773
10.446288108825684
6.169508457183838
28.244544982910156
11.924162864685059
12.779118537902832
14.39161491394043
10.853989601135254
20.726247787475586
14.834062576293945
20.68887710571289
11.682927131652832
21.098011016845703
13.6426420211792
19.563629150390625
19.842836380004883
12.31351089477539
13.522095680236816
3.129664659500122
6.191591739654541
10.757486343383789
22.680572509765625
17.159944534301758
19.541404724121094
18.56844139099121
5.561753273010254
17.00279998779297
31.451967239379883
14.116707801818848
7.162091255187988
35.81105422973633
11.093412399291992
24.395503997802734
8.379258155822754
7.268293380737305
5.567804336547852
11.931541442871094
6.276519298553467
14.840668678283691
19.244691848754883
24.612060546875
7.101564407348633
11.7396821975708
33.99789047241211
17.0057430267334
9.049332618713379
22.024919509887695
17.33867835998535
12.302793502807617
11.526918411254883
16.938350677490234
15.478633880615234
7.354495525360107
10.986001968383789
17.292285919189453
6.8134846687316895
14.740195274353027
21.978452682495117
20.182987213134766
22.69759178161621
24.144411087036133
23.146419525146484
25.124343872070312
17.38639259338379
9.127850532531738
26.129798889160156
16.10266876220703
9.209932327270508
20.463064193725586
7.368277072906494
16.608877182006836
12.603694915771484
21.881925582885742
23.61389923095703
7.217236518859863
17.90314292907715
11.012978553771973
16.32955551147461
7.40531587600708
22.414318084716797
23.575162887573242
13.896190643310547
18.59284019470215
20.809192657470703
8.648531913757324
13.3988037109375
17.460721969604492
13.192501068115234
13.76356029510498
17.070274353027344
14.219916343688965
7.8715925216674805
15.406879425048828
12.982224464416504
13.471914291381836
19.85195541381836
16.31696891784668
15.865379333496094
5.531131744384766
23.73124885559082
28.229726791381836
21.683149337768555
11.43300724029541
12.123973846435547
9.911940574645996
13.271957397460938
12.010210990905762
13.854291915893555
12.622488975524902
17.02568244934082
18.900882720947266
7.87004280090332
23.053327560424805
7.735956192016602
8.019172668457031
12.74881362915039
22.80293846130371
9.687576293945312
30.225095748901367
19.144994735717773
6.776425361633301
13.676959991455078
16.055397033691406
9.046025276184082
14.933740615844727
40.5372428894043
13.186023712158203
19.004459381103516
21.777671813964844
31.070505142211914
18.383718490600586
19.23820686340332
8.94382095336914
10.670330047607422
16.586517333984375
9.415913581848145
15.135825157165527
21.422197341918945
14.410918235778809
19.64308738708496
15.34814739227295
15.366365432739258
15.325637817382812
10.205476760864258
20.550716400146484
9.521086692810059
20.296388626098633
28.141929626464844
7.858313083648682
22.122943878173828
16.32547378540039
19.775362014770508
25.75528907775879
3.9902915954589844
11.38809585571289
16.694612503051758
21.38477897644043
9.88390064239502
9.56874942779541
10.480649948120117
16.971698760986328
17.532873153686523
16.007665634155273
6.118829250335693
24.908987045288086
18.153627395629883
12.507941246032715
10.921807289123535
20.745594024658203
18.956741333007812
6.542239665985107
15.93103313446045
10.864301681518555
11.540112495422363
46.264060974121094
8.606019020080566
15.760805130004883
17.03891944885254
10.162100791931152
13.653327941894531
2.970521926879883
15.611871719360352
26.31382179260254
24.068965911865234
17.318410873413086
9.529412269592285
9.11451530456543
7.274801254272461
27.18075180053711
27.221895217895508
8.211992263793945
18.117677688598633
14.341778755187988
12.796923637390137
19.441972732543945
18.418792724609375
9.909075736999512
16.845294952392578
12.943354606628418
16.512514114379883
17.370628356933594
12.380013465881348
12.943668365478516
24.711353302001953
42.07954788208008
11.636512756347656
17.33203887939453
7.560345649719238
20.838041305541992
5.07815408706665
8.859699249267578
18.10262680053711
17.58698081970215
20.29754066467285
8.238587379455566
18.00391387939453
8.248185157775879
11.660676956176758
8.884991645812988
25.859148025512695
22.53826141357422
17.925981521606445
17.07662582397461
18.209001541137695
4.852089881896973
13.645451545715332
17.339771270751953
24.216598510742188
7.6410231590271
26.636995315551758
14.517839431762695
11.691157341003418
13.982626914978027
7.032107830047607
20.310791015625
24.38966941833496
4.1698784828186035
8.764142990112305
17.292348861694336
30.364980697631836
16.791461944580078
15.106186866760254
5.249597072601318
20.550439834594727
17.213178634643555
14.580439567565918
29.713397979736328
17.848899841308594
24.67630958557129
35.21120071411133
12.415650367736816
31.172405242919922
36.38823699951172
15.031937599182129
16.234956741333008
33.958595275878906
31.448291778564453
17.566970825195312
12.99983024597168
16.77163314819336
3.9187824726104736
9.206596374511719
8.542365074157715
10.03564453125
15.641106605529785
7.265534400939941
33.96930694580078
21.74337387084961
26.501502990722656
13.911063194274902
26.761131286621094
13.279656410217285
10.664440155029297
20.587491989135742
26.01662254333496
4.682198524475098
28.43301010131836
37.802616119384766
25.393911361694336
5.2187676429748535
8.401065826416016
14.312402725219727
3.126176595687866
9.107782363891602
33.9808464050293
13.115903854370117
5.349537372589111
20.287527084350586
10.59920597076416
35.47880172729492
7.3610124588012695
7.523595809936523
26.496185302734375
12.92187213897705
21.946077346801758
9.435175895690918
4.317885398864746
18.287036895751953
17.427989959716797
4.754731178283691
20.10620880126953
24.19216537475586
15.519713401794434
26.65084457397461
18.09713363647461
16.423603057861328
11.474161148071289
7.397455215454102
24.20308494567871
24.896785736083984
8.430838584899902
12.761300086975098
18.3617000579834
15.723502159118652
13.569160461425781
9.512557029724121
23.646394729614258
18.040159225463867
6.832727909088135
12.750755310058594
31.239500045776367
19.837434768676758
6.343953609466553
15.238779067993164
24.00312042236328
20.414215087890625
19.42740821838379
9.513343811035156
5.246228218078613
32.08921432495117
15.593110084533691
27.252546310424805
19.15904998779297
5.85517692565918
8.981860160827637
15.25448226928711
6.650900840759277
21.441659927368164
21.862438201904297
22.048885345458984
17.29971694946289
17.52549934387207
11.036348342895508
8.574954986572266
21.929780960083008
12.010154724121094
16.50261878967285
29.51854133605957
12.787965774536133
13.99316120147705
7.254738807678223
26.812007904052734
18.200496673583984
21.36235237121582
11.796915054321289
12.354031562805176
6.633520126342773
9.137920379638672
8.259828567504883
2.2469708919525146
16.4912052154541
22.153100967407227
15.12559700012207
20.527782440185547
24.027042388916016
9.013562202453613
22.750375747680664
12.536975860595703
12.348922729492188
24.108211517333984
14.229710578918457
7.8169965744018555
9.809581756591797
14.514010429382324
29.571514129638672
8.015632629394531
15.088601112365723
3.6014370918273926
21.053125381469727
22.295654296875
9.397305488586426
26.85651397705078
10.76938247680664
9.032727241516113
22.339210510253906
24.17831039428711
16.993297576904297
15.14792251586914
9.91005802154541
18.120203018188477
18.969818115234375
10.185428619384766
23.265541076660156
18.282197952270508
16.391908645629883
11.395252227783203
6.924510478973389
8.497560501098633
20.19392967224121
14.278176307678223
15.042943954467773
12.029556274414062
24.394617080688477
14.778717994689941
17.4709529876709
16.282846450805664
21.804157257080078
13.96555233001709
16.025279998779297
12.54317569732666
21.768566131591797
12.067005157470703
16.07108497619629
10.209696769714355
10.60066032409668
15.696154594421387
24.06892204284668
19.478965759277344
8.280268669128418
42.37178039550781
4.290549278259277
9.440496444702148
18.209014892578125
18.941612243652344
12.44882583618164
13.783218383789062
19.772747039794922
16.35005760192871
9.923712730407715
20.36912727355957
15.62403392791748
22.206037521362305
18.52658462524414
10.411080360412598
36.270198822021484
6.278959274291992
6.518486976623535
10.744321823120117
28.229618072509766
12.598422050476074
29.77129554748535
38.460426330566406
25.84982681274414
9.939648628234863
19.285287857055664
14.927603721618652
29.996747970581055
10.724756240844727
23.43260955810547
25.08008575439453
11.184637069702148
21.28672981262207
18.91735076904297
15.835378646850586
10.045113563537598
4.4223456382751465
9.394015312194824
14.974689483642578
24.857378005981445
9.266019821166992
19.85500717163086
5.854307174682617
20.568035125732422
13.44790267944336
14.586540222167969
29.5810489654541
15.312763214111328
24.522724151611328
24.12346839904785
20.30035400390625
5.108365535736084
26.63115692138672
17.683366775512695
20.6195011138916
12.709097862243652
22.85285186767578
17.623231887817383
31.819849014282227
14.580086708068848
10.359979629516602
13.060176849365234
13.044961929321289
27.120189666748047
20.22203254699707
7.16281795501709
17.905900955200195
9.351716041564941
6.9658660888671875
24.167579650878906
15.456042289733887
23.824533462524414
6.396621227264404
12.041741371154785
21.994068145751953
28.190441131591797
14.60488510131836
16.327632904052734
17.28582763671875
11.74195384979248
17.21672248840332
38.618892669677734
12.28293228149414
8.871394157409668
8.674198150634766
13.806503295898438
18.765100479125977
9.36159610748291
11.25776481628418
18.151334762573242
9.016797065734863
11.572244644165039
8.122920036315918
15.138408660888672
17.534648895263672
24.691638946533203
18.71712303161621
25.575143814086914
12.211246490478516
13.923820495605469
20.18065643310547
13.682018280029297
18.72539710998535
31.663118362426758
9.919650077819824
20.770103454589844
6.256555080413818
11.076811790466309
25.775728225708008
25.356382369995117
19.216659545898438
27.89458465576172
24.444318771362305
14.193145751953125
15.375123977661133
2.8359873294830322
17.561256408691406
6.005404472351074
18.90591812133789
8.901365280151367
17.318601608276367
18.24972915649414
25.888763427734375
8.804821014404297
10.916483879089355
6.602818012237549
28.33958625793457
22.9580020904541
11.107515335083008
7.694387912750244
4.447990417480469
6.724338531494141
26.674964904785156
13.991268157958984
14.431344985961914
15.160701751708984
17.350566864013672
21.20897102355957
15.65771770477295
11.417329788208008
11.991158485412598
12.447507858276367
12.588216781616211
20.7281436920166
5.788880825042725
2.750504493713379
16.336374282836914
10.051079750061035
21.7869873046875
14.296380043029785
20.09975814819336
8.09290599822998
19.728036880493164
8.723024368286133
14.580976486206055
11.143701553344727
9.322774887084961
28.023151397705078
21.918392181396484
47.32649612426758
26.020450592041016
20.51924705505371
49.91357421875
26.189449310302734
11.850683212280273
17.975955963134766
18.38609504699707
22.862842559814453
14.940123558044434
25.263084411621094
34.23040771484375
19.1926212310791
1.9659149646759033
16.484405517578125
26.052980422973633
10.128652572631836
24.4006404876709
16.544132232666016
15.397177696228027
8.067397117614746
20.743900299072266
32.44757080078125
13.359353065490723
5.498488903045654
32.68669509887695
16.135562896728516
11.173897743225098
21.735063552856445
16.563709259033203
17.581830978393555
16.95772361755371
19.958765029907227
17.724254608154297
36.523807525634766
16.36652946472168
13.080790519714355
20.799673080444336
14.170116424560547
16.896711349487305
16.505952835083008
10.719369888305664
37.61294174194336
20.247440338134766
17.596750259399414
18.18408966064453
4.921144485473633
10.379213333129883
30.613168716430664
14.569841384887695
18.80937957763672
12.154510498046875
20.838401794433594
32.87141036987305
6.585331916809082
17.671306610107422
14.061763763427734
15.72880744934082
28.931432723999023
12.032536506652832
15.00607967376709
7.671706676483154
23.1115779876709
10.174500465393066
9.1154146194458
22.438753128051758
7.8430938720703125
17.994630813598633
5.3363356590271
27.936681747436523
11.062800407409668
16.542409896850586
30.45783233642578
30.05906105041504
17.64567756652832
14.20577335357666
16.857194900512695
20.564817428588867
25.12157440185547
28.305952072143555
16.887426376342773
17.99472427368164
18.034221649169922
12.76453685760498
14.127530097961426
8.123518943786621
11.789678573608398
12.049147605895996
15.298694610595703
8.176384925842285
33.307334899902344
19.503692626953125
7.109582901000977
6.466353893280029
16.733837127685547
22.911684036254883
6.7859673500061035
8.964641571044922
14.38527774810791
17.291109085083008
7.275313854217529
27.00603675842285
17.048486709594727
26.813152313232422
25.157201766967773
17.30992889404297
19.782955169677734
9.724430084228516
11.315185546875
7.186800956726074
15.472150802612305
11.591985702514648
25.78359031677246
12.436744689941406
10.302582740783691
10.930606842041016
8.616535186767578
15.790905952453613
28.49115562438965
9.392422676086426
5.437465190887451
22.979265213012695
21.226905822753906
12.772730827331543
19.839309692382812
15.286081314086914
12.437826156616211
15.407855987548828
19.148218154907227
5.546418190002441
16.658672332763672
17.9228458404541
16.496549606323242
25.086488723754883
11.23598575592041
12.59749984741211
16.551298141479492
8.845585823059082
15.533951759338379
25.38178062438965
19.589174270629883
20.580785751342773
5.26711368560791
20.348787307739258
15.868608474731445
9.570008277893066
22.259836196899414
29.89766502380371
9.190230369567871
10.912907600402832
25.753507614135742
5.1457624435424805
19.079309463500977
19.505937576293945
18.550159454345703
21.414356231689453
17.63717269897461
27.384765625
30.439773559570312
10.413434982299805
6.925881385803223
8.229323387145996
20.001585006713867
12.342809677124023
15.732173919677734
22.02309226989746
17.305988311767578
30.38091278076172
20.10541343688965
18.6588077545166
17.970548629760742
17.805219650268555
8.6284818649292
13.496206283569336
21.49541473388672
11.216119766235352
10.813667297363281
20.559288024902344
4.110173225402832
24.107269287109375
8.543434143066406
21.786605834960938
18.198928833007812
5.771033763885498
1.8649197816848755
11.892483711242676
28.383792877197266
9.73046588897705
9.540413856506348
16.198490142822266
24.3696231842041
13.755668640136719
21.75827407836914
9.108443260192871
41.16450119018555
13.26399040222168
9.45894718170166
8.567240715026855
18.53400993347168
39.40314483642578
17.641571044921875
18.378068923950195
13.74650764465332
4.614900588989258
25.486234664916992
19.995389938354492
12.45888614654541
34.44187927246094
18.902128219604492
5.551512241363525
16.9697265625
10.694705963134766
12.67463207244873
31.135969161987305
25.663541793823242
14.851187705993652
32.736541748046875
12.101070404052734
12.495651245117188
6.618749141693115
24.605995178222656
34.33930206298828
33.19527816772461
2.3353774547576904
11.62020492553711
12.968633651733398
6.2812418937683105
20.987192153930664
18.153427124023438
26.924320220947266
11.564133644104004
16.67167091369629
3.6770310401916504
30.19967269897461
17.213335037231445
22.05326271057129
5.421267509460449
1.0449917316436768
20.5312442779541
6.193867206573486
13.692152976989746
10.392195701599121
8.144512176513672
16.40558433532715
8.557503700256348
16.910354614257812
16.50424575805664
13.342430114746094
13.835969924926758
17.382970809936523
15.087069511413574
17.827543258666992
17.349885940551758
18.01801300048828
17.064598083496094
10.551689147949219
9.157602310180664
12.754871368408203
26.58847427368164
6.835212707519531
12.149582862854004
19.714576721191406
19.89435386657715
9.788020133972168
15.186933517456055
7.4163737297058105
24.068069458007812
9.424985885620117
6.079051971435547
19.75644874572754
20.1613712310791
8.973175048828125
3.379582166671753
15.133917808532715
3.8653526306152344
8.610919952392578
14.765740394592285
17.042051315307617
25.38368797302246
12.932266235351562
10.984176635742188
16.27414321899414
17.53017234802246
20.137744903564453
18.47087860107422
4.331921577453613
4.490673065185547
12.483181953430176
36.40776443481445
27.18313217163086
7.556042194366455
12.033097267150879
25.08571434020996
11.903389930725098
15.159594535827637
16.903934478759766
11.64416217803955
10.239653587341309
11.631155014038086
39.590309143066406
19.021411895751953
4.261510848999023
11.989485740661621
24.074581146240234
33.6550407409668
21.60321044921875
12.615760803222656
15.184114456176758
16.639232635498047
15.339359283447266
2.0632083415985107
16.233949661254883
18.62139892578125
16.96578025817871
10.702831268310547
20.887495040893555
12.827512741088867
13.423752784729004
20.52829360961914
7.542014122009277
22.019203186035156
22.292695999145508
15.80920696258545
15.657073974609375
11.658743858337402
31.960922241210938
13.492206573486328
29.373443603515625
14.39848804473877
34.4657096862793
9.326483726501465
11.496794700622559
15.306867599487305
9.055660247802734
18.112728118896484
8.988249778747559
26.824453353881836
13.675283432006836
6.091890811920166
10.906464576721191
14.827104568481445
28.575468063354492
10.861114501953125
36.0474739074707
21.130271911621094
14.829324722290039
40.83543014526367
17.23569679260254
22.13149070739746
9.852580070495605
5.206603050231934
17.911584854125977
11.12984561920166
12.745355606079102
10.247720718383789
12.316393852233887
21.56667137145996
32.64106750488281
8.790884017944336
13.906571388244629
14.481698036193848
9.675480842590332
26.574729919433594
21.401447296142578
6.745053768157959
12.101327896118164
20.604703903198242
4.247799396514893
15.082613945007324
16.479278564453125
22.464515686035156
22.951122283935547
11.222803115844727
8.013930320739746
17.039579391479492
24.183094024658203
30.664112091064453
3.2779958248138428
14.02551555633545
8.668574333190918
17.239316940307617
17.637531280517578
13.617218971252441
24.664819717407227
21.648462295532227
19.079294204711914
12.674227714538574
26.898958206176758
14.246620178222656
32.47712326049805
5.7999444007873535
11.547460556030273
19.265165328979492
20.089815139770508
9.05346965789795
19.070924758911133
17.571584701538086
10.168617248535156
19.0532283782959
15.557705879211426
9.496598243713379
9.32558822631836
5.735395431518555
11.055877685546875
21.696958541870117
9.601017951965332
16.402496337890625
20.353784561157227
11.815855979919434
25.259611129760742
25.74672508239746
19.927274703979492
8.576927185058594
21.975032806396484
11.778863906860352
14.657068252563477
29.15506935119629
12.698817253112793
23.343095779418945
11.1400728225708
19.272550582885742
11.452914237976074
7.965778350830078
13.58502197265625
13.364726066589355
18.079727172851562
13.259329795837402
13.527714729309082
12.854795455932617
13.533327102661133
11.182355880737305
4.8097686767578125
10.874250411987305
2.8560309410095215
16.291770935058594
12.14714241027832
17.214313507080078
23.583396911621094
14.677021980285645
15.35017204284668
18.712202072143555
16.815454483032227
1.7874345779418945
10.917411804199219
19.269163131713867
16.14839744567871
40.756675720214844
21.95071029663086
27.57221221923828
13.847058296203613
9.290118217468262
17.882837295532227
13.925747871398926
7.172238826751709
20.36703109741211
12.953866958618164
12.8721342086792
17.087162017822266
16.106918334960938
12.944086074829102
17.583972930908203
12.70844554901123
14.122950553894043
13.524019241333008
10.17512321472168
18.040695190429688
15.1942777633667
24.394969940185547
8.80434513092041
9.741691589355469
34.82964324951172
10.694999694824219
8.273391723632812
27.356647491455078
22.70932388305664
11.205073356628418
8.67172908782959
7.234221935272217
6.960849285125732
6.785162448883057
18.096742630004883
11.955981254577637
17.55158233642578
13.832361221313477
5.834362506866455
6.8259077072143555
19.330839157104492
11.041425704956055
5.9443769454956055
4.352943420410156
11.642969131469727
35.8089599609375
14.39708423614502
17.006547927856445
18.603464126586914
28.53936195373535
17.167987823486328
33.56937026977539
16.88604164123535
16.320890426635742
14.51563549041748
10.935964584350586
19.48060417175293
9.65923023223877
14.654463768005371
10.206731796264648
19.34746742248535
8.822256088256836
33.00214767456055
17.12228012084961
11.043691635131836
22.348905563354492
11.086098670959473
13.519583702087402
24.943113327026367
12.835122108459473
37.61055374145508
14.960939407348633
37.25581741333008
25.25429344177246
24.725570678710938
16.365816116333008
13.646394729614258
14.848005294799805
27.195392608642578
13.943835258483887
13.862836837768555
9.075603485107422
3.6352295875549316
9.825685501098633
39.31962966918945
14.857213020324707
30.51732635498047
12.85533618927002
16.316326141357422
17.640172958374023
26.6527042388916
16.908557891845703
7.1729583740234375
9.894869804382324
21.10898208618164
16.9617862701416
16.04874038696289
22.976728439331055
17.654544830322266
15.353102684020996
7.377081394195557
21.959012985229492
13.300259590148926
15.864348411560059
28.161596298217773
8.541387557983398
19.8059139251709
17.605222702026367
13.833259582519531
22.151165008544922
4.96699857711792
17.379751205444336
15.856109619140625
32.1912727355957
19.773956298828125
14.676360130310059
22.30646514892578
9.750007629394531
1.072392463684082
16.885581970214844
9.116012573242188
21.089168548583984
18.9420166015625
20.61439323425293
4.069488048553467
12.511043548583984
22.63951301574707
12.904017448425293
18.912885665893555
20.182392120361328
17.9989013671875
8.916773796081543
4.814823627471924
18.55371856689453
6.043363094329834
7.9119873046875
15.48161506652832
24.13758087158203
10.453856468200684
24.45516586303711
32.260135650634766
19.753664016723633
8.821380615234375
16.82637596130371
5.801661014556885
24.35423469543457
24.98898696899414
4.571261882781982
27.821918487548828
4.912352561950684
15.620089530944824
24.204166412353516
12.741416931152344
16.02300453186035
26.257305145263672
23.834745407104492
9.720130920410156
23.846294403076172
12.137568473815918
15.701191902160645
6.326333045959473
13.087786674499512
19.05322265625
11.720983505249023
26.18688201904297
7.673218250274658
15.735200881958008
23.034223556518555
16.18155288696289
27.737747192382812
22.953033447265625
17.061941146850586
14.726163864135742
14.40340518951416
17.161958694458008
6.3420209884643555
22.50602149963379
29.656904220581055
10.065428733825684
26.58119010925293
5.549474239349365
17.20777702331543
17.482494354248047
12.150225639343262
8.836456298828125
24.567842483520508
12.291264533996582
5.922823905944824
6.56892204284668
26.162673950195312
25.031530380249023
17.890426635742188
15.446587562561035
14.923750877380371
13.572385787963867
14.757248878479004
4.178273677825928
18.308128356933594
23.084840774536133
6.043107509613037
13.969742774963379
21.840688705444336
14.53635311126709
16.552377700805664
2.533637762069702
17.54324722290039
22.576627731323242
20.990524291992188
25.409576416015625
22.662063598632812
16.729290008544922
9.265141487121582
10.27781867980957
18.327171325683594
14.86754035949707
6.392332077026367
12.88568115234375
9.202327728271484
19.08524513244629
9.290534019470215
12.92032241821289
9.579141616821289
10.202682495117188
14.012117385864258
2.709965229034424
23.640480041503906
21.2518310546875
15.34028148651123
7.579535484313965
22.86636734008789
15.387311935424805
8.297342300415039
7.820313453674316
14.478520393371582
11.099373817443848
13.568303108215332
12.56761646270752
14.085540771484375
8.714604377746582
17.902246475219727
18.27073097229004
15.267696380615234
11.28636360168457
19.03424072265625
16.69770622253418
13.052006721496582
16.099231719970703
14.425115585327148
23.54671859741211
18.725143432617188
24.5985164642334
20.05107307434082
10.006585121154785
18.81888198852539
11.183835983276367
32.182106018066406
11.456735610961914
19.05710220336914
28.212617874145508
14.08837890625
16.997968673706055
28.96843910217285
14.224959373474121
6.286206245422363
18.44251823425293
15.130976676940918
31.50836753845215
19.83894920349121
15.86365795135498
19.946210861206055
21.2678279876709
25.1324520111084
10.11444091796875
26.457242965698242
26.329561233520508
5.276895999908447
19.03533363342285
24.64470672607422
19.348583221435547
15.05788516998291
30.666248321533203
15.335681915283203
4.217827320098877
14.188655853271484
20.208215713500977
12.394488334655762
15.289632797241211
18.14276695251465
13.120442390441895
6.373651504516602
13.196642875671387
11.16692066192627
15.422820091247559
23.021465301513672
31.60187339782715
15.913656234741211
13.330254554748535
16.094043731689453
22.917556762695312
14.063101768493652
17.512577056884766
16.74290657043457
16.864471435546875
15.175300598144531
27.603919982910156
5.5725626945495605
13.757513999938965
15.429414749145508
11.383454322814941
18.471799850463867
9.65980339050293
13.621225357055664
29.786163330078125
13.997047424316406
5.477533340454102
12.565550804138184
24.671234130859375
18.293771743774414
32.951473236083984
25.705978393554688
6.935665607452393
11.64464282989502
8.574809074401855
13.798810958862305
23.07616424560547
32.3604850769043
22.690412521362305
26.867612838745117
4.554821968078613
15.716821670532227
19.490983963012695
11.584821701049805
19.69280433654785
10.12291145324707
14.46517276763916
6.090882301330566
14.172574996948242
17.373065948486328
16.651424407958984
8.656128883361816
25.287277221679688
22.777755737304688
10.912571907043457
23.153274536132812
30.55059814453125
7.439059257507324
13.924935340881348
11.890471458435059
15.212320327758789
17.29933738708496
22.57649040222168
11.39469051361084
29.90997314453125
25.191299438476562
9.244363784790039
18.14472770690918
33.281734466552734
20.803800582885742
12.837560653686523
26.23341178894043
17.761117935180664
21.80746841430664
26.167917251586914
24.35178565979004
13.476438522338867
8.229113578796387
19.463659286499023
11.960776329040527
15.790486335754395
24.154605865478516
16.683076858520508
26.584613800048828
10.893815994262695
10.251709938049316
16.953622817993164
10.431008338928223
5.24306058883667
30.11107635498047
2.3655123710632324
34.21209716796875
28.899517059326172
11.324797630310059
11.406636238098145
14.420208930969238
6.394135475158691
16.464656829833984
34.34084701538086
12.078790664672852
13.227211952209473
4.207230091094971
18.91580581665039
7.931016445159912
13.888924598693848
8.821499824523926
15.732512474060059
16.37834358215332
11.566341400146484
24.562440872192383
10.244791984558105
16.909107208251953
25.34518051147461
23.67723846435547
7.8515095710754395
20.261991500854492
37.6176872253418
38.239227294921875
4.228428363800049
16.620309829711914
9.269983291625977
20.432342529296875
7.152224540710449
22.842132568359375
12.75623893737793
7.142064571380615
14.714192390441895
7.551157474517822
16.197235107421875
12.85548210144043
9.362817764282227
12.835331916809082
19.237756729125977
18.75794219970703
13.660002708435059
17.72172737121582
31.58099937438965
20.79437828063965
9.269591331481934
10.1701078414917
29.13286781311035
17.198749542236328
16.091970443725586
25.575416564941406
8.673164367675781
8.855270385742188
11.652165412902832
14.979913711547852
7.775548934936523
7.328806400299072
8.25861644744873
5.83890438079834
5.489533424377441
9.22720718383789
14.965153694152832
28.15975570678711
9.632776260375977
13.871831893920898
9.428709983825684
8.169675827026367
14.322750091552734
11.115964889526367
20.275211334228516
24.213790893554688
18.41181182861328
15.669998168945312
7.146703720092773
23.75653076171875
21.22142791748047
15.328889846801758
12.940192222595215
7.04323673248291
14.346805572509766
18.010957717895508
17.417240142822266
19.69255256652832
16.904678344726562
6.484951019287109
9.932279586791992
22.206815719604492
7.580192565917969
14.081523895263672
10.6109619140625
19.022647857666016
8.163782119750977
17.174579620361328
25.53898048400879
11.71224308013916
10.024134635925293
13.585887908935547
13.23884391784668
16.37421417236328
15.970810890197754
11.963542938232422
21.008817672729492
19.829858779907227
21.025161743164062
10.026275634765625
21.74944496154785
7.748559951782227
29.370983123779297
24.646625518798828
24.912303924560547
18.934974670410156
8.323402404785156
6.098715305328369
12.749067306518555
22.755142211914062
7.395705699920654
12.189716339111328
26.89727020263672
12.389918327331543
25.56954002380371
17.96495246887207
15.134591102600098
9.429221153259277
13.469600677490234
24.683427810668945
30.0095272064209
18.14571762084961
8.80077838897705
1.0172187089920044
31.74634552001953
3.886357069015503
15.225889205932617
49.94556427001953
7.278923511505127
28.880746841430664
16.800344467163086
23.600788116455078
18.23367691040039
25.362672805786133
28.096397399902344
21.298065185546875
11.18126106262207
12.49209976196289
6.898772239685059
3.5967626571655273
17.682689666748047
23.451269149780273
12.275700569152832
3.1331100463867188
10.655847549438477
11.404698371887207
25.215347290039062
6.894118309020996
7.9980692863464355
24.14628791809082
8.977653503417969
25.03380584716797
24.727426528930664
19.42615509033203
11.02475357055664
11.361726760864258
16.698280334472656
9.15129566192627
4.41506290435791
10.308409690856934
20.072256088256836
10.393064498901367
19.88664436340332
14.799184799194336
27.977611541748047
11.789552688598633
19.057130813598633
7.834603786468506
4.066075325012207
11.871234893798828
18.894561767578125
31.162790298461914
5.477762222290039
10.294973373413086
30.720848083496094
13.285771369934082
24.257537841796875
20.045225143432617
15.857321739196777
10.23200798034668
16.101064682006836
21.829570770263672
15.440608024597168
10.861237525939941
27.988052368164062
10.668143272399902
14.479893684387207
6.482138633728027
17.690170288085938
19.49007797241211
14.696290969848633
1.1034607887268066
28.58707618713379
15.445252418518066
27.136199951171875
8.331275939941406
11.166674613952637
17.9497013092041
31.808202743530273
9.133746147155762
12.900249481201172
18.85846519470215
23.297456741333008
21.817392349243164
20.584226608276367
13.036161422729492
11.979125022888184
17.568681716918945
11.975729942321777
4.224362850189209
11.620987892150879
8.890584945678711
12.762928009033203
6.847458362579346
24.99345588684082
12.051483154296875
10.371068000793457
13.2896146774292
15.169890403747559
19.289560317993164
12.049166679382324
12.302348136901855
20.220552444458008
19.785320281982422
34.17473220825195
12.143447875976562
10.01407527923584
4.383085250854492
22.58001136779785
21.980627059936523
27.830669403076172
23.741905212402344
17.097633361816406
11.415033340454102
6.730083465576172
13.285964012145996
14.02139949798584
26.298940658569336
22.072311401367188
12.778867721557617
19.44925308227539
21.653188705444336
5.337297439575195
24.317228317260742
19.25050926208496
14.857229232788086
23.81012535095215
18.293781280517578
28.794618606567383
13.781405448913574
14.812846183776855
19.522802352905273
16.47883415222168
12.047952651977539
17.637298583984375
10.46883487701416
35.56985092163086
11.331476211547852
6.849211692810059
29.502826690673828
15.47040843963623
13.844194412231445
5.976211071014404
4.288477897644043
4.56402587890625
30.286909103393555
12.827960968017578
15.593555450439453
14.577754974365234
13.388955116271973
8.008186340332031
22.424945831298828
12.244806289672852
34.862884521484375
28.640335083007812
28.97602653503418
23.373170852661133
5.709373474121094
15.613105773925781
16.12941551208496
33.30609130859375
7.939568042755127
25.034849166870117
11.84700870513916
19.83272933959961
13.238789558410645
14.87357234954834
10.250076293945312
21.20241928100586
16.12388038635254
16.283143997192383
13.97067642211914
8.767154693603516
8.508045196533203
11.720840454101562
6.096807956695557
19.048357009887695
8.161759376525879
11.138326644897461
6.592507362365723
28.087648391723633
31.476154327392578
12.139841079711914
13.483196258544922
16.762014389038086
26.940946578979492
17.434368133544922
12.13261890411377
6.740120887756348
23.451143264770508
26.50520896911621
7.805576324462891
19.41576385498047
9.29873275756836
13.324191093444824
30.748554229736328
35.678985595703125
23.458351135253906
15.411670684814453
18.69333267211914
17.006933212280273
6.100583553314209
15.93968677520752
19.24672508239746
15.96137809753418
16.060527801513672
29.634618759155273
11.121695518493652
13.91702938079834
31.103029251098633
18.158058166503906
7.8254475593566895
20.14212417602539
10.29030704498291
10.252092361450195
13.914602279663086
9.88531494140625
18.258163452148438
17.469409942626953
47.901222229003906
22.818296432495117
12.669197082519531
17.674394607543945
10.056936264038086
22.984172821044922
10.910734176635742
6.417205333709717
19.194366455078125
10.625998497009277
21.627229690551758
9.621756553649902
11.838065147399902
14.626123428344727
20.569656372070312
18.297916412353516
19.21768569946289
28.577682495117188
16.31780433654785
10.699319839477539
9.048954010009766
5.682623863220215
27.53583526611328
15.173595428466797
30.69728660583496
20.311073303222656
8.548568725585938
4.673591613769531
5.17501163482666
24.156612396240234
9.853099822998047
8.350594520568848
11.500585556030273
18.922090530395508
17.667604446411133
16.983823776245117
20.865867614746094
13.28052806854248
22.04114532470703
14.21490478515625
9.449530601501465
31.90792465209961
11.66136646270752
5.382662296295166
14.216849327087402
22.889596939086914
31.449359893798828
24.494609832763672
10.555712699890137
13.432211875915527
8.885418891906738
11.078526496887207
14.979843139648438
12.606281280517578
7.061655521392822
8.822751998901367
16.643699645996094
5.989991188049316
12.369952201843262
6.815402984619141
12.164560317993164
10.494270324707031
22.899612426757812
24.89801025390625
6.951744556427002
20.37445068359375
16.395401000976562
11.510677337646484
16.63960838317871
14.406518936157227
13.763406753540039
30.09270668029785
25.921520233154297
11.63821792602539
13.118045806884766
23.845508575439453
6.277658462524414
18.427263259887695
22.799453735351562
13.13747787475586
5.361661434173584
14.727832794189453
15.881357192993164
8.979442596435547
12.276837348937988
11.964975357055664
12.634779930114746
13.307829856872559
20.766305923461914
21.35236930847168
15.359622955322266
4.317877292633057
16.334720611572266
13.228507041931152
5.9289021492004395
28.20393180847168
10.555767059326172
16.329792022705078
20.549888610839844
10.222041130065918
14.870444297790527
13.420339584350586
11.580541610717773
21.948474884033203
19.470531463623047
15.155372619628906
16.511123657226562
11.53698444366455
7.063147068023682
9.877741813659668
7.481349468231201
21.321386337280273
6.969424247741699
18.978759765625
12.850152969360352
32.79954147338867
24.690418243408203
15.410945892333984
20.021177291870117
31.893218994140625
23.173463821411133
4.836916446685791
16.33163070678711
27.65604019165039
6.4308037757873535
53.99906921386719
13.573718070983887
13.99563980102539
24.504228591918945
14.427328109741211
27.137493133544922
36.446720123291016
19.424673080444336
20.565448760986328
14.127775192260742
12.502683639526367
12.349447250366211
18.02796745300293
29.304079055786133
10.74664306640625
23.19659423828125
30.19035530090332
10.931755065917969
1.8468061685562134
21.8588809967041
5.385463714599609
15.147668838500977
16.24040985107422
30.10778045654297
12.805537223815918
17.588193893432617
28.083396911621094
17.101350784301758
11.436095237731934
13.29909610748291
2.6615002155303955
15.639566421508789
15.586774826049805
31.309877395629883
20.19422149658203
19.659488677978516
11.400758743286133
11.777164459228516
11.467567443847656
17.914213180541992
15.397889137268066
11.845683097839355
11.90676498413086
16.106204986572266
6.356899261474609
17.56853485107422
26.25853157043457
18.092287063598633
14.810787200927734
6.619492053985596
26.406715393066406
28.080951690673828
15.526023864746094
7.727169990539551
29.33228874206543
18.14549446105957
37.68404769897461
17.107051849365234
25.39508628845215
24.41510772705078
6.953930854797363
5.868322372436523
6.206567764282227
8.332855224609375
15.183635711669922
11.390162467956543
11.94659423828125
12.353508949279785
16.06459617614746
21.144506454467773
33.05894088745117
7.7121100425720215
5.363028049468994
27.59492301940918
46.27292251586914
15.420462608337402
18.030357360839844
12.348071098327637
11.31025505065918
15.707697868347168
13.957389831542969
35.031822204589844
30.87214469909668
16.781030654907227
10.663698196411133
18.16450309753418
9.630184173583984
21.373300552368164
25.543020248413086
8.30433177947998
7.411045074462891
10.342921257019043
13.387157440185547
19.508113861083984
6.872924327850342
24.022356033325195
15.528916358947754
34.485374450683594
17.594507217407227
26.121776580810547
11.70332145690918
13.457220077514648
20.944547653198242
11.209348678588867
4.136814117431641
14.296441078186035
11.453502655029297
13.912291526794434
13.406523704528809
32.26420593261719
16.1046085357666
20.197797775268555
12.593682289123535
13.75678825378418
14.585320472717285
17.853145599365234
18.629894256591797
9.790719985961914
9.547762870788574
7.320949554443359
18.42633056640625
7.057662487030029
17.418123245239258
13.573637008666992
8.400986671447754
13.59294605255127
14.05810546875
7.832129001617432
18.803688049316406
22.658946990966797
14.656275749206543
17.42380142211914
7.341578960418701
7.163365364074707
13.627809524536133
10.63444709777832
13.968912124633789
9.179136276245117
25.576034545898438
15.866278648376465
16.49361228942871
11.240060806274414
15.305734634399414
16.718292236328125
10.747790336608887
15.536742210388184
19.01836585998535
35.15915298461914
15.429315567016602
19.683198928833008
28.81196403503418
6.571975231170654
20.17638397216797
28.824909210205078
7.570282936096191
18.09638023376465
5.751315593719482
22.669254302978516
26.43781089782715
6.525541305541992
16.08429718017578
14.46911334991455
23.92848014831543
31.788761138916016
19.92069435119629
15.187054634094238
11.648054122924805
14.222429275512695
27.903291702270508
16.584321975708008
11.785965919494629
21.095712661743164
31.2587947845459
10.492024421691895
17.594385147094727
18.58612632751465
15.38098430633545
29.65281867980957
19.53217887878418
12.96704387664795
15.067462921142578
16.578798294067383
12.492171287536621
10.367226600646973
21.125516891479492
15.64566707611084
5.922394752502441
17.433815002441406
19.85383415222168
4.472166061401367
19.701704025268555
8.814474105834961
11.436018943786621
19.028974533081055
22.493227005004883
18.623796463012695
19.332460403442383
11.038708686828613
12.055384635925293
11.980541229248047
22.464401245117188
21.869266510009766
33.37834930419922
23.7205810546875
32.21482467651367
13.891410827636719
5.914706230163574
10.579299926757812
20.318439483642578
28.255725860595703
52.855133056640625
18.209026336669922
13.244393348693848
21.05434799194336
15.343372344970703
11.675097465515137
19.03803062438965
17.417251586914062
16.921661376953125
25.640975952148438
8.656694412231445
27.52324867248535
21.049301147460938
10.53588581085205
8.453920364379883
20.596603393554688
22.913331985473633
13.339590072631836
21.718917846679688
8.908929824829102
22.943092346191406
24.45078468322754
20.724714279174805
15.247989654541016
10.453369140625
25.365676879882812
11.772003173828125
16.579721450805664
30.9190731048584
16.147701263427734
19.819828033447266
5.750497817993164
15.743562698364258
8.205002784729004
21.768138885498047
32.94062805175781
25.331974029541016
12.146899223327637
16.58565330505371
11.737105369567871
15.089405059814453
8.978008270263672
26.592872619628906
2.7208902835845947
20.642292022705078
10.877690315246582
11.124035835266113
31.266273498535156
9.6636962890625
21.872114181518555
19.62229347229004
4.751522064208984
31.637609481811523
12.328999519348145
9.749542236328125
29.478229522705078
11.693016052246094
13.706751823425293
23.773426055908203
24.28631591796875
9.197575569152832
24.244598388671875
25.657062530517578
19.54598617553711
18.100929260253906
10.529776573181152
11.256115913391113
1.3061397075653076
7.480293273925781
12.20357608795166
13.625442504882812
26.67758560180664
9.958287239074707
9.791657447814941
22.26407814025879
11.557045936584473
11.062352180480957
16.142166137695312
5.8544230461120605
13.0131196975708
5.713392734527588
12.204630851745605
30.44443702697754
31.000398635864258
12.717789649963379
8.225055694580078
6.689781188964844
7.49659538269043
25.08165168762207
8.051810264587402
10.893505096435547
15.468850135803223
27.511552810668945
22.63041877746582
25.218975067138672
8.524560928344727
3.9348626136779785
31.167526245117188
10.334604263305664
23.332069396972656
10.521839141845703
9.846096992492676
12.600028038024902
24.11109733581543
36.39238357543945
3.982269763946533
28.329120635986328
17.43613052368164
9.42693042755127
25.45107650756836
22.511131286621094
20.700706481933594
19.420726776123047
14.172983169555664
27.866907119750977
10.675562858581543
20.301054000854492
12.842894554138184
19.509986877441406
9.721707344055176
6.619515895843506
25.264606475830078
7.503879547119141
12.563108444213867
16.776777267456055
10.943455696105957
11.415226936340332
15.455076217651367
7.063068389892578
10.86426830291748
15.567453384399414
15.53721809387207
19.716899871826172
13.244538307189941
21.485904693603516
31.592355728149414
14.838930130004883
13.889911651611328
25.80604362487793
19.61789321899414
20.07680892944336
17.8950138092041
11.405478477478027
13.714043617248535
4.320035457611084
16.913414001464844
16.414045333862305
15.981643676757812
32.32937240600586
12.733030319213867
9.364611625671387
9.992015838623047
22.371990203857422
13.511728286743164
20.39893341064453
12.489526748657227
15.327388763427734
18.733400344848633
15.852056503295898
6.191381454467773
27.428916931152344
18.971899032592773
16.9135684967041
32.492950439453125
13.059453964233398
20.21829605102539
6.363247871398926
24.029741287231445
15.7713623046875
24.64142608642578
11.57841968536377
21.62343978881836
11.344260215759277
17.877857208251953
10.709737777709961
11.266170501708984
23.9766845703125
9.20642375946045
22.824262619018555
17.560514450073242
21.537410736083984
8.310320854187012
17.35433578491211
7.815402507781982
18.987403869628906
14.735376358032227
13.713250160217285
15.951377868652344
4.722897529602051
31.207792282104492
20.221616744995117
5.477305889129639
9.31539535522461
24.229183197021484
10.038743019104004
7.507843971252441
7.578195095062256
16.298044204711914
18.83014488220215
20.840373992919922
10.050227165222168
22.9725284576416
39.66592025756836
6.674627304077148
9.715075492858887
16.783063888549805
12.507372856140137
17.114078521728516
20.580883026123047
15.47934627532959
17.044591903686523
11.587809562683105
12.33547306060791
4.435550689697266
11.081305503845215
8.702197074890137
10.784934043884277
5.518479824066162
19.106307983398438
12.825003623962402
20.814537048339844
22.12269401550293
6.28144645690918
30.910499572753906
14.467463493347168
9.336803436279297
17.163658142089844
22.357271194458008
16.3981990814209
29.02394676208496
22.988245010375977
20.65485191345215
9.554847717285156
9.47724437713623
4.730921268463135
28.57919692993164
17.01987648010254
29.725603103637695
32.897830963134766
19.78759002685547
18.417675018310547
9.958273887634277
20.902637481689453
22.976415634155273
4.74233865737915
16.41983413696289
27.02297592163086
11.191028594970703
15.646621704101562
22.661357879638672
1.6511996984481812
20.43512725830078
41.575721740722656
17.78103256225586
17.13261604309082
24.42943000793457
7.21924352645874
14.966974258422852
7.131633281707764
24.12290382385254
10.909126281738281
16.323684692382812
17.916610717773438
10.150489807128906
20.431739807128906
27.515798568725586
8.976579666137695
19.984182357788086
18.946775436401367
8.95702075958252
11.401044845581055
12.13459300994873
21.980310440063477
13.560819625854492
20.943737030029297
18.324018478393555
15.20556354522705
17.69828224182129
14.967756271362305
22.284622192382812
24.23090362548828
25.523332595825195
16.160356521606445
27.804256439208984
18.022817611694336
11.252878189086914
25.895488739013672
22.728057861328125
18.91836929321289
19.745349884033203
10.320089340209961
18.688018798828125
23.46877098083496
16.694692611694336
17.047813415527344
20.4967041015625
19.74545669555664
15.095460891723633
12.355676651000977
12.499741554260254
12.381366729736328
15.830764770507812
11.381131172180176
20.228355407714844
15.566119194030762
12.81592845916748
20.967491149902344
12.039168357849121
19.8348331451416
17.85670280456543
9.084016799926758
28.269710540771484
4.097317218780518
12.821277618408203
13.693441390991211
17.719459533691406
16.912864685058594
23.33091163635254
17.140155792236328
13.946229934692383
21.31334686279297
6.674004554748535
14.851470947265625
14.067827224731445
26.919212341308594
21.42069435119629
26.80079460144043
9.60811710357666
24.93115997314453
28.20281982421875
14.377538681030273
14.49826431274414
2.2200889587402344
28.795597076416016
16.039989471435547
13.49560832977295
11.865610122680664
24.378746032714844
24.892009735107422
16.838829040527344
12.811506271362305
18.514476776123047
6.565515041351318
45.715579986572266
23.64466094970703
22.40264129638672
11.931958198547363
23.49448013305664
25.28535270690918
21.301645278930664
23.32328224182129
3.807117462158203
16.31601333618164
12.748998641967773
10.020441055297852
14.604266166687012
24.90553855895996
14.953725814819336
20.769746780395508
4.47363805770874
13.022613525390625
15.974969863891602
31.421045303344727
10.610796928405762
27.63404083251953
15.470571517944336
11.521721839904785
8.823661804199219
13.515226364135742
26.873600006103516
39.37633514404297
13.183856010437012
15.042177200317383
9.506625175476074
29.135257720947266
14.405929565429688
27.131059646606445
25.83527946472168
17.134355545043945
10.480844497680664
10.878417015075684
29.605836868286133
13.740089416503906
16.87162208557129
14.46066665649414
2.0319666862487793
20.716806411743164
18.16697120666504
14.413931846618652
10.952537536621094
12.374446868896484
23.237987518310547
15.96296215057373
22.253700256347656
18.0810604095459
8.306689262390137
16.48777198791504
15.964533805847168
26.862192153930664
14.314741134643555
23.761743545532227
8.162343978881836
11.66130542755127
4.071639537811279
33.74543380737305
9.19911003112793
35.97218704223633
21.040111541748047
15.584052085876465
28.00627326965332
11.236292839050293
8.88515853881836
26.842933654785156
18.389162063598633
19.53738021850586
13.688629150390625
11.801383972167969
14.903014183044434
6.241736888885498
30.4814395904541
10.24483585357666
19.816232681274414
14.667670249938965
15.30174446105957
11.521239280700684
23.900510787963867
6.691532135009766
19.858762741088867
16.982986450195312
18.16655158996582
13.025118827819824
13.982128143310547
8.997513771057129
12.56304931640625
18.71593475341797
14.45169448852539
12.577776908874512
22.858850479125977
26.95228385925293
17.845134735107422
7.893127918243408
8.192046165466309
21.679763793945312
10.096796989440918
9.99113655090332
12.039748191833496
19.350412368774414
17.29583740234375
17.31081771850586
21.33631134033203
33.25579833984375
27.869434356689453
