21.259241104125977
15.943245887756348
19.710264205932617
17.096988677978516
9.591405868530273
29.366323471069336
19.792131423950195
24.423919677734375
14.150691032409668
20.329299926757812
33.429466247558594
33.39579391479492
25.419692993164062
12.398266792297363
14.457379341125488
18.420318603515625
11.481807708740234
18.607219696044922
38.41705322265625
20.312828063964844
24.404987335205078
11.087087631225586
28.704111099243164
19.069551467895508
14.030477523803711
16.03169822692871
19.238943099975586
35.18519592285156
26.287986755371094
14.574864387512207
36.12123489379883
34.89529037475586
30.365583419799805
34.148128509521484
21.305429458618164
20.031429290771484
19.635616302490234
18.31827735900879
15.366009712219238
13.092113494873047
14.53514289855957
18.66092872619629
16.105316162109375
24.9024715423584
11.816741943359375
34.423553466796875
12.289680480957031
31.1539249420166
27.579343795776367
29.537561416625977
26.185911178588867
20.67120361328125
15.45014476776123
29.204252243041992
33.4133415222168
25.860971450805664
10.436744689941406
24.706605911254883
21.226913452148438
8.322574615478516
22.45815086364746
29.764083862304688
4.42222785949707
9.845071792602539
13.177834510803223
24.258983612060547
10.423850059509277
16.551315307617188
18.123903274536133
21.569934844970703
33.57309341430664
20.061094284057617
16.295324325561523
29.809524536132812
22.958736419677734
45.720008850097656
22.591455459594727
26.012266159057617
16.639646530151367
36.976318359375
9.11817741394043
22.99053192138672
15.346378326416016
13.235593795776367
16.34684944152832
25.040607452392578
19.500652313232422
12.17194938659668
31.748912811279297
21.476228713989258
17.53648567199707
37.525177001953125
26.186321258544922
20.42103385925293
12.650157928466797
38.0269889831543
23.061525344848633
21.846832275390625
21.13428497314453
30.355863571166992
14.237442016601562
9.183320045471191
16.53025245666504
26.17786979675293
30.443445205688477
20.039806365966797
39.66074752807617
18.5345458984375
28.87129783630371
16.17498779296875
15.628591537475586
16.776386260986328
21.307218551635742
23.217212677001953
13.907815933227539
18.085535049438477
14.175121307373047
14.868160247802734
15.983684539794922
17.285539627075195
15.770120620727539
22.348953247070312
25.831295013427734
33.16802215576172
32.63254165649414
24.764307022094727
20.937429428100586
32.19587326049805
7.072760581970215
35.005367279052734
9.55317497253418
27.13730812072754
36.166446685791016
15.530617713928223
26.802942276000977
20.439937591552734
27.68623161315918
11.564351081848145
5.967180252075195
16.170827865600586
29.366405487060547
15.307486534118652
44.710594177246094
17.052169799804688
15.414234161376953
22.200624465942383
26.882139205932617
43.51025390625
23.577709197998047
29.890993118286133
34.906822204589844
16.962261199951172
18.522031784057617
19.432069778442383
18.30484962463379
6.4068121910095215
39.64736557006836
16.292306900024414
33.715797424316406
33.33083724975586
14.99976921081543
13.109151840209961
20.777822494506836
23.502195358276367
22.675661087036133
41.37067794799805
24.093900680541992
3.3640875816345215
37.46052932739258
23.288684844970703
16.403732299804688
15.557251930236816
21.02135467529297
18.854883193969727
14.436840057373047
32.202449798583984
29.61474609375
19.71839714050293
23.477184295654297
22.01483917236328
30.9243106842041
14.760316848754883
20.62000846862793
19.002256393432617
21.248027801513672
38.22564697265625
25.179534912109375
25.093873977661133
18.434158325195312
4.79384708404541
12.736474990844727
22.35982894897461
8.408612251281738
15.09610652923584
15.176982879638672
24.988910675048828
15.985025405883789
17.08526611328125
11.335874557495117
23.525577545166016
15.088505744934082
12.89893913269043
26.082948684692383
28.119449615478516
20.318172454833984
34.803340911865234
32.443382263183594
23.266830444335938
23.019325256347656
20.721817016601562
3.5511393547058105
35.37671661376953
8.856090545654297
18.51753044128418
16.518741607666016
19.78131866455078
20.290199279785156
15.962165832519531
12.03783130645752
17.65190315246582
15.614400863647461
27.418346405029297
25.834280014038086
15.53552532196045
25.333847045898438
30.238754272460938
9.037402153015137
16.58871078491211
23.46786880493164
12.976480484008789
21.886825561523438
25.28485679626465
33.81087112426758
24.819459915161133
16.86986541748047
21.892120361328125
23.783794403076172
42.0417366027832
7.220338344573975
4.310363292694092
17.326311111450195
43.3899040222168
19.23987579345703
22.66445541381836
23.39862632751465
11.304804801940918
16.628568649291992
20.435169219970703
16.26314353942871
3.4344069957733154
20.63087272644043
7.377725601196289
17.68262481689453
27.86003303527832
17.974761962890625
30.618268966674805
34.97146987915039
24.668663024902344
21.583650588989258
14.807232856750488
17.73993682861328
18.638320922851562
13.39477252960205
25.18404769897461
9.784255981445312
23.72652816772461
30.92917823791504
16.952686309814453
19.616621017456055
33.44354248046875
17.238147735595703
18.08125877380371
38.03683090209961
18.955175399780273
35.197242736816406
11.527505874633789
30.839384078979492
6.7392377853393555
18.670690536499023
17.38161849975586
9.676443099975586
34.63823318481445
13.935355186462402
14.799613952636719
14.736318588256836
23.866138458251953
19.017797470092773
22.87081527709961
13.78341293334961
11.549229621887207
23.895429611206055
32.75269317626953
16.36970329284668
28.267070770263672
10.961616516113281
47.766109466552734
12.880205154418945
28.151418685913086
44.69577407836914
16.415571212768555
32.674903869628906
17.07805824279785
22.913673400878906
13.74570083618164
27.43280601501465
23.33283805847168
5.290783405303955
21.886272430419922
32.60878372192383
15.901619911193848
13.167633056640625
28.255962371826172
30.974184036254883
23.162513732910156
26.12411117553711
26.695215225219727
8.952861785888672
13.2984619140625
12.461949348449707
15.208460807800293
32.826271057128906
54.46971893310547
32.983463287353516
10.923110008239746
24.698139190673828
17.94892692565918
22.12555694580078
13.925457000732422
12.998835563659668
52.721187591552734
24.10373878479004
31.230058670043945
21.165735244750977
9.052412986755371
26.506711959838867
11.16346549987793
17.81543731689453
21.070173263549805
18.003711700439453
7.510390281677246
21.370878219604492
35.67261505126953
26.316429138183594
15.231489181518555
20.806337356567383
4.570250511169434
21.02435302734375
22.245853424072266
37.51244354248047
21.17562484741211
11.054606437683105
21.813880920410156
40.56816482543945
16.821046829223633
14.057731628417969
21.467243194580078
18.185195922851562
28.092166900634766
51.665714263916016
15.722332000732422
20.126665115356445
22.708751678466797
25.78022003173828
30.9205265045166
21.545875549316406
26.69021224975586
5.689454555511475
11.544551849365234
20.772537231445312
23.433149337768555
20.314067840576172
22.948659896850586
12.070361137390137
37.00899887084961
18.89699935913086
27.051559448242188
11.065896987915039
16.64970588684082
43.242576599121094
38.10494613647461
7.690959930419922
25.134796142578125
2.6587002277374268
27.035558700561523
7.889652252197266
13.078052520751953
6.26517391204834
12.067105293273926
34.11137390136719
17.939359664916992
16.908178329467773
37.316017150878906
17.269439697265625
5.4306111335754395
10.31838321685791
23.823394775390625
26.899261474609375
21.259397506713867
14.576303482055664
21.608959197998047
34.089752197265625
16.272911071777344
40.231971740722656
13.465518951416016
29.310344696044922
28.79570198059082
15.130024909973145
25.565567016601562
32.06364822387695
19.793880462646484
24.938066482543945
22.117528915405273
17.2989444732666
19.085590362548828
24.595653533935547
9.258794784545898
20.365234375
20.240869522094727
24.06123924255371
13.660240173339844
31.95858383178711
25.409034729003906
22.69266128540039
22.530237197875977
16.756214141845703
27.680124282836914
6.735000133514404
17.955957412719727
7.415780544281006
35.490516662597656
24.594942092895508
11.526652336120605
43.49708938598633
10.540230751037598
10.744155883789062
11.304960250854492
19.656394958496094
23.918800354003906
28.979969024658203
18.40080451965332
24.889760971069336
30.24072265625
24.443029403686523
25.260507583618164
26.941669464111328
15.0137939453125
16.844200134277344
9.083625793457031
17.182735443115234
16.273000717163086
18.9229679107666
18.802133560180664
6.994808197021484
10.743398666381836
21.894006729125977
24.339679718017578
27.549047470092773
41.633480072021484
15.967984199523926
7.973450183868408
17.615955352783203
9.97999095916748
43.329246520996094
13.399737358093262
21.683162689208984
20.760807037353516
33.28544235229492
3.416311740875244
15.449316024780273
32.596553802490234
22.480709075927734
23.163394927978516
6.837738990783691
21.95037269592285
18.082948684692383
18.44710350036621
19.869314193725586
16.858156204223633
20.337295532226562
12.55514144897461
16.401630401611328
13.896600723266602
25.218891143798828
36.48215866088867
38.383636474609375
15.812734603881836
43.156620025634766
23.929914474487305
37.14308166503906
17.71723747253418
21.063175201416016
16.873668670654297
13.173659324645996
20.39729881286621
29.031383514404297
24.61201286315918
21.821508407592773
18.460237503051758
22.146183013916016
12.624496459960938
29.41299819946289
18.659255981445312
14.120173454284668
21.882169723510742
13.88606071472168
9.438055038452148
34.88569641113281
20.915904998779297
13.858573913574219
30.843420028686523
13.85863971710205
27.864803314208984
21.27934455871582
39.95034408569336
11.206524848937988
37.84947204589844
17.760757446289062
27.486268997192383
20.494592666625977
31.442867279052734
21.897029876708984
9.938663482666016
32.04644775390625
38.64265441894531
13.096562385559082
30.269451141357422
18.441343307495117
22.42970848083496
17.849523544311523
21.086368560791016
25.472898483276367
23.562841415405273
19.310964584350586
43.546600341796875
29.408824920654297
29.882909774780273
23.912641525268555
31.24905776977539
12.98381519317627
15.662155151367188
9.750191688537598
15.72413444519043
23.064477920532227
30.580427169799805
28.166433334350586
13.80886173248291
26.25908660888672
19.441814422607422
20.185283660888672
15.757526397705078
40.80039596557617
21.82720184326172
24.043302536010742
22.99722671508789
23.26393699645996
12.410126686096191
26.369508743286133
18.12175941467285
28.34181785583496
20.6733341217041
12.880362510681152
22.62050437927246
6.815805435180664
47.278663635253906
21.828245162963867
18.73215675354004
14.08021068572998
30.30839729309082
31.750202178955078
12.523378372192383
23.543338775634766
29.44561767578125
20.60196304321289
15.41187572479248
31.58506202697754
16.30589485168457
12.376564979553223
19.51220703125
13.441933631896973
32.70957946777344
18.816247940063477
12.926694869995117
20.10530662536621
14.891182899475098
16.902111053466797
25.547237396240234
28.834426879882812
23.195127487182617
28.59117889404297
44.28013229370117
16.834871292114258
25.69896697998047
24.396087646484375
16.678510665893555
17.312721252441406
14.352482795715332
25.369728088378906
20.649457931518555
44.4926643371582
35.013694763183594
21.54957389831543
23.08428382873535
22.42717742919922
34.18007278442383
21.586362838745117
23.210346221923828
19.135587692260742
19.411012649536133
3.3773488998413086
34.66752624511719
15.6884183883667
17.51812171936035
23.15656280517578
16.618249893188477
4.261351108551025
39.859039306640625
32.339046478271484
13.830373764038086
19.499650955200195
12.803790092468262
24.618162155151367
33.99800491333008
17.361000061035156
15.337761878967285
8.80477237701416
8.12773609161377
22.84380531311035
11.49239730834961
32.08000183105469
29.322900772094727
22.797710418701172
7.194366931915283
9.5117769241333
12.475653648376465
17.787761688232422
29.298810958862305
30.582956314086914
11.46737289428711
43.3314323425293
14.452348709106445
34.08042907714844
16.28435516357422
15.1746187210083
33.05728530883789
11.048568725585938
11.957696914672852
36.82513427734375
17.70208740234375
17.943693161010742
24.50751304626465
14.817737579345703
51.453731536865234
25.746183395385742
27.268142700195312
22.20886993408203
17.038883209228516
13.854120254516602
16.67052459716797
15.381743431091309
14.973767280578613
20.02553367614746
5.365758419036865
40.10447311401367
24.173603057861328
18.254487991333008
21.089847564697266
22.786174774169922
34.45401382446289
19.6624813079834
31.04627799987793
33.831642150878906
17.671003341674805
10.681812286376953
14.61059284210205
25.786373138427734
31.956693649291992
21.507566452026367
23.447599411010742
14.900568962097168
22.519989013671875
19.581159591674805
24.56000518798828
20.70423126220703
31.679048538208008
23.193336486816406
13.134641647338867
14.485628128051758
18.12301254272461
17.92738914489746
21.105941772460938
40.14189910888672
28.415895462036133
34.535179138183594
22.183488845825195
25.601594924926758
8.98320198059082
24.009449005126953
25.07402229309082
24.860076904296875
14.99545955657959
29.54256820678711
10.637200355529785
41.401283264160156
4.074232578277588
4.8515095710754395
15.856759071350098
21.008941650390625
34.17551040649414
12.230173110961914
29.850507736206055
16.070466995239258
6.1851725578308105
29.222129821777344
9.703471183776855
15.955506324768066
15.47760009765625
26.912466049194336
19.988222122192383
12.08127498626709
22.966733932495117
22.975597381591797
7.265644073486328
16.502290725708008
11.193401336669922
23.453197479248047
30.093416213989258
24.627893447875977
25.731897354125977
10.443771362304688
34.20332717895508
24.306968688964844
7.9481120109558105
17.974105834960938
14.661246299743652
29.215749740600586
22.956783294677734
27.8647518157959
33.39730453491211
19.354511260986328
28.305831909179688
13.455342292785645
21.23773193359375
28.319900512695312
7.156308174133301
19.19773292541504
16.756832122802734
15.390006065368652
41.15476989746094
29.101097106933594
13.560664176940918
15.201179504394531
24.478513717651367
12.186273574829102
29.121265411376953
0.8633635640144348
10.026750564575195
21.557336807250977
34.49350357055664
33.06819152832031
26.667924880981445
25.742046356201172
27.138988494873047
15.369779586791992
36.601104736328125
36.13624954223633
17.54534339904785
22.81249237060547
19.46915054321289
15.384894371032715
2.184616804122925
30.91377830505371
25.277233123779297
19.06292724609375
20.82314682006836
21.976638793945312
22.586515426635742
9.28820514678955
24.05326271057129
17.90465545654297
27.709882736206055
13.986845016479492
25.84125518798828
34.113834381103516
18.080503463745117
19.01122283935547
26.947816848754883
12.25900936126709
33.979209899902344
53.69935989379883
11.611004829406738
21.86865997314453
31.35143280029297
9.602622032165527
4.633329391479492
17.020557403564453
13.497114181518555
33.84641647338867
9.678181648254395
16.732948303222656
28.020639419555664
27.7202205657959
9.835291862487793
6.329618453979492
11.197025299072266
25.234270095825195
7.095928192138672
9.717490196228027
21.363067626953125
32.013832092285156
15.164687156677246
32.113243103027344
24.013086318969727
12.149941444396973
32.76215744018555
8.4345703125
16.59111213684082
18.84978675842285
15.78632926940918
16.70603370666504
28.245532989501953
17.93077278137207
19.301898956298828
13.832908630371094
24.629924774169922
28.308279037475586
10.792496681213379
8.439529418945312
6.821308612823486
31.466644287109375
15.458599090576172
19.06317901611328
8.49325942993164
33.62228012084961
15.089767456054688
18.101770401000977
11.719491004943848
25.000398635864258
18.041765213012695
16.961158752441406
12.077619552612305
31.200401306152344
20.453407287597656
14.067155838012695
13.091890335083008
27.998064041137695
18.405452728271484
13.784025192260742
15.946949005126953
6.85044527053833
23.38197135925293
10.757884979248047
29.85236358642578
15.467480659484863
10.543045997619629
9.721074104309082
26.177013397216797
16.60173225402832
16.008838653564453
18.67001724243164
29.19956398010254
14.488051414489746
16.528621673583984
30.237728118896484
22.553756713867188
25.95602798461914
12.493083953857422
14.910734176635742
14.004998207092285
35.584774017333984
40.85576248168945
27.504169464111328
37.70295333862305
19.32814598083496
43.06148910522461
23.04120445251465
24.547449111938477
29.819820404052734
13.066957473754883
9.80363655090332
19.82014274597168
8.21073055267334
19.564462661743164
16.51597785949707
6.196608543395996
9.514300346374512
15.432323455810547
28.09200668334961
30.412630081176758
24.189882278442383
13.308204650878906
11.825199127197266
9.211267471313477
28.028860092163086
17.57773208618164
14.29076099395752
20.97776985168457
27.768159866333008
13.106703758239746
32.71464157104492
21.020200729370117
35.00969314575195
22.02198028564453
19.99666404724121
4.159716606140137
26.62911605834961
15.693544387817383
11.328728675842285
19.95743751525879
21.58851432800293
25.062828063964844
35.784854888916016
19.102890014648438
27.145591735839844
30.9149112701416
25.773706436157227
21.117618560791016
26.668392181396484
28.585948944091797
42.86552047729492
19.65496253967285
23.979501724243164
14.31298828125
23.335783004760742
19.49043846130371
18.32676887512207
20.58141326904297
14.408032417297363
17.978796005249023
17.15878677368164
32.488006591796875
24.776308059692383
17.53622817993164
49.62057876586914
25.297292709350586
10.486307144165039
6.766485691070557
27.48759651184082
14.231463432312012
22.451108932495117
34.25695037841797
29.787616729736328
34.717323303222656
19.77268409729004
12.677738189697266
21.3983097076416
24.409502029418945
7.069225311279297
30.80893898010254
27.04745864868164
27.081684112548828
6.614293098449707
21.06020736694336
10.926905632019043
26.910816192626953
16.33176040649414
32.84803009033203
30.5616455078125
27.5501651763916
26.12409019470215
8.507376670837402
23.226030349731445
31.772132873535156
14.417798042297363
28.731895446777344
20.486162185668945
4.8217878341674805
27.084426879882812
33.8431396484375
18.987564086914062
22.62958335876465
18.086658477783203
12.160796165466309
47.56758499145508
26.98931121826172
11.752461433410645
26.855066299438477
9.732366561889648
15.635736465454102
33.42449188232422
17.018457412719727
20.146005630493164
16.1629581451416
15.780776977539062
14.873078346252441
10.541251182556152
18.95174789428711
33.381526947021484
30.252946853637695
19.535585403442383
8.73005485534668
21.63490104675293
15.640716552734375
26.747045516967773
14.562483787536621
4.941129207611084
18.984146118164062
20.415170669555664
12.108651161193848
21.47673225402832
29.410816192626953
14.258810043334961
26.54715347290039
18.840633392333984
25.852012634277344
24.135009765625
15.483152389526367
35.550411224365234
21.72225570678711
20.99405860900879
31.53036117553711
14.7852144241333
23.26910400390625
50.31289291381836
24.691930770874023
7.035133361816406
25.306989669799805
19.204689025878906
14.789936065673828
8.266406059265137
39.758453369140625
25.976533889770508
13.131221771240234
22.893856048583984
22.37801170349121
26.583812713623047
9.102701187133789
19.68829345703125
25.72541618347168
10.403715133666992
13.40927505493164
24.477401733398438
11.643237113952637
31.338899612426758
4.597553730010986
30.85308265686035
19.128612518310547
30.198379516601562
28.855571746826172
18.08948516845703
28.03875160217285
22.33664894104004
16.549867630004883
17.394569396972656
20.151824951171875
15.144388198852539
24.636117935180664
18.809804916381836
16.325653076171875
29.66092300415039
15.250043869018555
24.70256233215332
28.66583824157715
13.987813949584961
6.540210247039795
12.207648277282715
11.740662574768066
21.40416717529297
22.942684173583984
27.003803253173828
9.15612506866455
42.5738525390625
18.35331153869629
29.42636489868164
20.171979904174805
14.26936149597168
20.91286849975586
14.60264778137207
27.8492374420166
10.586360931396484
21.788652420043945
20.29582405090332
10.559661865234375
28.999011993408203
16.47085189819336
13.657266616821289
48.850257873535156
5.2677435874938965
15.846407890319824
11.912330627441406
10.561776161193848
38.51304626464844
3.056690216064453
32.36201858520508
17.761667251586914
13.768956184387207
25.547922134399414
4.288733005523682
19.581092834472656
16.01325035095215
18.489360809326172
27.948057174682617
26.800844192504883
29.928770065307617
33.39731216430664
6.735385894775391
11.206299781799316
25.656030654907227
17.89950942993164
24.224218368530273
18.51717185974121
12.326884269714355
31.211923599243164
32.54250717163086
21.749591827392578
40.80001449584961
13.34724235534668
40.58029556274414
22.80296516418457
12.343314170837402
17.141889572143555
7.074109077453613
16.713788986206055
16.9002628326416
22.045501708984375
6.852031230926514
18.56511878967285
25.431882858276367
10.416718482971191
13.053380012512207
30.026090621948242
13.706748962402344
10.807234764099121
14.575961112976074
20.834627151489258
41.037933349609375
18.214757919311523
35.75912857055664
8.324884414672852
13.94994831085205
39.91289138793945
8.744078636169434
27.27669334411621
8.028271675109863
21.22897720336914
22.323549270629883
19.883174896240234
31.191577911376953
46.64982604980469
11.210672378540039
15.02090835571289
15.812182426452637
13.814277648925781
22.799617767333984
29.780410766601562
19.518516540527344
9.708395957946777
21.615659713745117
28.341047286987305
31.401485443115234
18.23379898071289
15.66004467010498
51.020469665527344
22.228822708129883
18.870014190673828
19.494783401489258
16.532346725463867
29.593852996826172
17.5922794342041
39.376407623291016
26.504457473754883
21.80514907836914
16.93324089050293
19.939847946166992
36.7940673828125
19.721805572509766
21.706632614135742
20.284618377685547
28.77004051208496
22.22663688659668
33.218563079833984
13.61378002166748
33.06915283203125
26.451457977294922
34.50655746459961
7.9703192710876465
25.911348342895508
15.161744117736816
18.83150291442871
18.387554168701172
22.86486053466797
18.91134262084961
17.177331924438477
27.075271606445312
17.479658126831055
19.408245086669922
41.22001266479492
36.48164367675781
24.51314926147461
18.410612106323242
39.40858840942383
20.01182746887207
16.540578842163086
48.75310516357422
24.686304092407227
16.871109008789062
19.437593460083008
26.250240325927734
22.49871063232422
19.94500732421875
28.865764617919922
20.451936721801758
38.029056549072266
27.19087028503418
19.194902420043945
7.626603126525879
5.492153167724609
20.017637252807617
59.94135665893555
31.33692169189453
11.299942970275879
31.919832229614258
28.646881103515625
21.98628044128418
24.258562088012695
11.929533958435059
23.752155303955078
24.91420555114746
31.599273681640625
35.854454040527344
22.536052703857422
18.794857025146484
27.497690200805664
21.834266662597656
9.372041702270508
32.90422058105469
33.24429702758789
21.01662254333496
26.783292770385742
15.017505645751953
12.501005172729492
15.894057273864746
29.312570571899414
33.630489349365234
12.997953414916992
14.003334045410156
24.820037841796875
23.004817962646484
20.97966766357422
26.126779556274414
21.227651596069336
24.336515426635742
40.85266876220703
22.32004737854004
29.06927490234375
10.300935745239258
8.0932035446167
19.732576370239258
9.7238130569458
25.464405059814453
25.534469604492188
27.54693031311035
19.554773330688477
24.602602005004883
21.248620986938477
11.717811584472656
8.959626197814941
18.221948623657227
36.69471740722656
27.098154067993164
23.081605911254883
16.615163803100586
24.265060424804688
32.791404724121094
22.18649673461914
29.67298126220703
29.245363235473633
25.223356246948242
13.550704956054688
51.16437530517578
14.683064460754395
31.9601993560791
19.36336898803711
17.149656295776367
21.22750473022461
28.769458770751953
24.59166145324707
10.402558326721191
21.761640548706055
11.60627555847168
20.703609466552734
18.205650329589844
24.357288360595703
9.155462265014648
20.126602172851562
25.22894287109375
11.333768844604492
31.824260711669922
26.123943328857422
32.628013610839844
26.324993133544922
22.41904067993164
17.536340713500977
14.734795570373535
41.11499786376953
26.719444274902344
16.540334701538086
10.50277328491211
27.555145263671875
22.12844467163086
14.512543678283691
10.955215454101562
21.817312240600586
18.320741653442383
29.585371017456055
23.1057186126709
18.40078353881836
17.161489486694336
16.53890609741211
24.6546573638916
18.849729537963867
17.170276641845703
45.11595916748047
25.72698974609375
32.56546401977539
32.43038558959961
13.250833511352539
17.795297622680664
23.019100189208984
21.98072624206543
25.120277404785156
31.741884231567383
14.448921203613281
25.005701065063477
35.3950309753418
28.718021392822266
20.90631103515625
39.873802185058594
13.892452239990234
18.542407989501953
12.659204483032227
9.184196472167969
18.800304412841797
20.954912185668945
35.75065994262695
41.811988830566406
33.658599853515625
17.28022003173828
8.469291687011719
32.15862274169922
24.155242919921875
36.9700927734375
15.19550895690918
13.80022144317627
11.168380737304688
11.57009220123291
23.40180778503418
22.39561653137207
47.26175308227539
14.406121253967285
18.203540802001953
15.47370433807373
20.689428329467773
12.679154396057129
22.84902572631836
35.944236755371094
33.5417594909668
21.68688201904297
25.930463790893555
38.62711715698242
25.451400756835938
8.10293197631836
23.68552017211914
24.140710830688477
33.251060485839844
46.2840690612793
31.57575798034668
6.208713054656982
26.949907302856445
25.781494140625
26.076425552368164
21.69123649597168
16.385467529296875
35.534603118896484
23.34523582458496
25.59032440185547
20.49607276916504
11.446605682373047
25.620668411254883
28.92319107055664
14.015005111694336
36.58069610595703
23.909358978271484
6.863706111907959
31.791297912597656
24.70418930053711
15.992666244506836
30.07394790649414
10.901633262634277
24.152610778808594
33.00312042236328
22.099123001098633
24.335983276367188
32.499412536621094
14.793962478637695
28.206518173217773
20.350223541259766
10.181330680847168
23.628387451171875
24.86865234375
25.69154167175293
28.7279052734375
36.076141357421875
20.2266902923584
16.084035873413086
29.75031852722168
42.79086685180664
11.595664024353027
18.348859786987305
11.999037742614746
28.09284210205078
10.507928848266602
20.290151596069336
32.54605484008789
19.692184448242188
34.0070686340332
24.596412658691406
15.732916831970215
19.369773864746094
9.943719863891602
12.546770095825195
14.343509674072266
29.673669815063477
22.836139678955078
23.93509864807129
18.982357025146484
19.373668670654297
20.075563430786133
36.83409881591797
10.327447891235352
16.154932022094727
18.947120666503906
7.531672954559326
19.254844665527344
28.621082305908203
19.733509063720703
5.26522159576416
22.5673770904541
19.387115478515625
18.29842185974121
17.558732986450195
34.4411735534668
33.6419677734375
35.02113723754883
9.400228500366211
12.270186424255371
9.843713760375977
18.14407730102539
18.970151901245117
10.141924858093262
32.84957504272461
22.758363723754883
7.655337333679199
17.846242904663086
12.227441787719727
36.53293228149414
28.2888240814209
9.21915054321289
13.016921997070312
19.1516056060791
26.639307022094727
20.070955276489258
24.277191162109375
14.339070320129395
34.452430725097656
20.417165756225586
13.21121597290039
12.769098281860352
23.99031639099121
25.91029930114746
34.35707473754883
25.0930118560791
27.840654373168945
19.990968704223633
10.289973258972168
11.151445388793945
27.357629776000977
30.112812042236328
26.464797973632812
33.84565353393555
30.01218605041504
18.4926700592041
22.566396713256836
17.91075897216797
34.28899002075195
33.890262603759766
26.54497718811035
26.192203521728516
11.120950698852539
23.92679214477539
11.2555513381958
19.781354904174805
11.468199729919434
40.58782958984375
37.596622467041016
34.348388671875
18.142526626586914
12.967105865478516
13.730953216552734
12.028014183044434
12.61810302734375
43.14067077636719
27.303375244140625
25.61724281311035
18.182281494140625
36.54815673828125
24.368825912475586
28.998634338378906
22.207292556762695
21.34893035888672
28.277132034301758
10.710453033447266
32.613441467285156
30.46416664123535
18.60896873474121
16.574054718017578
25.472843170166016
20.43373680114746
21.39116668701172
32.27982711791992
15.17184066772461
28.78856658935547
12.162914276123047
17.062997817993164
17.825592041015625
17.57427978515625
14.20160961151123
13.999602317810059
9.980426788330078
22.426776885986328
18.363554000854492
15.305182456970215
25.671754837036133
26.49785041809082
17.325963973999023
8.400796890258789
23.428573608398438
12.289321899414062
40.999061584472656
37.72869110107422
25.690561294555664
27.85979461669922
23.880279541015625
17.906375885009766
19.38957977294922
13.083481788635254
25.6198673248291
24.40662384033203
21.6517276763916
28.93634796142578
25.176225662231445
26.283260345458984
36.1431884765625
33.59122848510742
20.1761531829834
26.289306640625
15.992814064025879
29.103086471557617
17.745067596435547
8.11197280883789
23.480134963989258
9.964900970458984
31.34373664855957
17.764223098754883
16.176944732666016
30.34473991394043
26.935646057128906
17.20271873474121
25.48468780517578
17.11515235900879
35.65874481201172
19.93692398071289
16.642995834350586
12.122018814086914
49.20930480957031
10.7294282913208
21.371089935302734
26.698028564453125
19.543670654296875
26.013450622558594
27.153770446777344
12.961703300476074
28.52143096923828
29.822635650634766
27.57794189453125
14.579768180847168
11.273381233215332
9.736702919006348
29.957246780395508
29.302940368652344
38.13045883178711
13.742130279541016
15.64119815826416
18.259281158447266
25.97119903564453
16.130800247192383
18.209901809692383
18.352834701538086
16.993513107299805
15.7947359085083
29.186779022216797
1.8362796306610107
16.235219955444336
14.686422348022461
21.67940330505371
22.922611236572266
29.880640029907227
19.647218704223633
15.612296104431152
7.033908843994141
20.560649871826172
31.07267951965332
19.27032470703125
17.933988571166992
39.19072723388672
16.669235229492188
13.026397705078125
9.942856788635254
24.758941650390625
37.997161865234375
13.797432899475098
12.18482780456543
28.55670166015625
28.898557662963867
21.723411560058594
18.805023193359375
10.084895133972168
14.907780647277832
12.294323921203613
25.679338455200195
18.902177810668945
33.685306549072266
9.673437118530273
15.398750305175781
14.334394454956055
26.505462646484375
38.78378677368164
16.88169288635254
20.184581756591797
32.02685546875
22.977153778076172
18.145267486572266
7.71823787689209
16.355257034301758
27.913257598876953
13.490453720092773
8.503281593322754
16.203336715698242
30.835693359375
27.249914169311523
28.449867248535156
9.380125999450684
33.82400894165039
22.62424087524414
24.33879852294922
11.155838012695312
21.43446922302246
9.082533836364746
27.106922149658203
39.10633850097656
17.231204986572266
20.86544418334961
8.191768646240234
20.626081466674805
11.625175476074219
24.095922470092773
38.547515869140625
24.03749656677246
19.809532165527344
40.45302963256836
16.658668518066406
24.202774047851562
21.248865127563477
16.889230728149414
7.719651699066162
16.714588165283203
21.50550651550293
31.840904235839844
31.218935012817383
6.3011555671691895
11.255108833312988
25.384973526000977
11.78407096862793
7.7210283279418945
16.620174407958984
30.533702850341797
8.352115631103516
21.011709213256836
16.248031616210938
24.53319549560547
22.042085647583008
8.878533363342285
46.30849075317383
17.690704345703125
14.032785415649414
17.40731430053711
50.415504455566406
38.27206802368164
21.639009475708008
23.00360107421875
27.58542251586914
23.560667037963867
22.072776794433594
11.072212219238281
17.7215518951416
21.227060317993164
14.36440658569336
19.018245697021484
16.4528751373291
30.065462112426758
17.79764747619629
17.290477752685547
27.0098876953125
25.874265670776367
25.429183959960938
21.321144104003906
24.45436668395996
19.412525177001953
34.71723556518555
2.253972053527832
41.35586166381836
29.376373291015625
11.536931991577148
45.06806945800781
21.75754737854004
34.545082092285156
20.79019546508789
17.812602996826172
12.94227123260498
17.317657470703125
19.964805603027344
14.465131759643555
22.813411712646484
31.48322868347168
12.55574893951416
18.67310905456543
31.31446647644043
21.289684295654297
21.78458023071289
17.00845718383789
20.092666625976562
14.02721881866455
12.430953979492188
18.420883178710938
6.921219825744629
32.9023551940918
22.967716217041016
21.694683074951172
10.672993659973145
19.60309600830078
7.1546831130981445
15.7302885055542
28.306673049926758
31.91799545288086
27.35222053527832
28.236019134521484
7.882842540740967
11.411666870117188
17.217300415039062
25.163944244384766
18.268550872802734
20.001943588256836
35.23712158203125
17.720500946044922
5.286369323730469
15.054975509643555
24.045154571533203
16.17925453186035
12.574653625488281
18.668909072875977
33.31679153442383
23.483125686645508
16.687599182128906
17.992067337036133
15.414273262023926
42.3462028503418
18.940105438232422
13.719046592712402
7.520766735076904
24.382171630859375
10.475569725036621
16.596385955810547
23.58287811279297
19.37066078186035
37.49903106689453
26.315248489379883
26.17673683166504
18.799579620361328
18.74203872680664
10.096573829650879
21.163440704345703
34.64668273925781
37.45866012573242
11.9691801071167
6.220961570739746
19.095603942871094
7.8069987297058105
26.91472816467285
16.43735694885254
31.53960609436035
14.215065002441406
16.05251693725586
30.853029251098633
31.56805992126465
9.220221519470215
13.563608169555664
15.943278312683105
31.737722396850586
10.811423301696777
36.79796600341797
44.60628890991211
22.518836975097656
15.51761245727539
29.845638275146484
16.35333251953125
22.82709503173828
27.42140007019043
4.068759441375732
33.999759674072266
16.49317169189453
37.163761138916016
15.345762252807617
26.056777954101562
21.362873077392578
10.10344123840332
21.262723922729492
23.298643112182617
22.565303802490234
29.98012351989746
23.91635513305664
17.350074768066406
19.581645965576172
23.362091064453125
14.501818656921387
13.113951683044434
26.29664421081543
12.639164924621582
33.151824951171875
17.68878746032715
11.196596145629883
28.20235824584961
26.05762481689453
19.87973976135254
23.314815521240234
45.86894607543945
24.346492767333984
18.472675323486328
22.27397346496582
14.356719970703125
26.95958709716797
22.643367767333984
28.158262252807617
23.143266677856445
21.17085838317871
20.524385452270508
35.097679138183594
9.812206268310547
13.257122039794922
25.40196990966797
24.878246307373047
32.23286437988281
17.322444915771484
27.356786727905273
33.86836624145508
22.611129760742188
12.100839614868164
19.045047760009766
25.01005744934082
36.18244171142578
19.394866943359375
18.80272102355957
20.14042091369629
21.077482223510742
19.89977264404297
12.877331733703613
15.7251558303833
26.214990615844727
15.367378234863281
13.019136428833008
36.15459060668945
17.007341384887695
7.605154037475586
45.075130462646484
23.241811752319336
23.03484535217285
29.9445743560791
24.510540008544922
35.351810455322266
21.807239532470703
21.401790618896484
34.2714729309082
16.260021209716797
29.135467529296875
5.257963180541992
28.035945892333984
26.382535934448242
18.473941802978516
11.884647369384766
35.49872970581055
9.306633949279785
27.372282028198242
30.96686553955078
53.059913635253906
22.077680587768555
20.892234802246094
14.854080200195312
21.206327438354492
33.53112030029297
4.120235919952393
28.9296932220459
19.234426498413086
37.1534423828125
23.866310119628906
15.298019409179688
23.941362380981445
19.295658111572266
25.1091251373291
18.594175338745117
33.29264450073242
13.806968688964844
29.35272979736328
46.8679313659668
23.103687286376953
36.65152359008789
24.99656105041504
13.055316925048828
22.592609405517578
21.32130241394043
41.395751953125
26.20404052734375
18.917322158813477
23.13453483581543
12.764617919921875
19.704553604125977
16.277658462524414
14.265403747558594
16.703472137451172
14.680663108825684
22.61026382446289
15.225878715515137
42.04263687133789
22.33776092529297
28.720468521118164
17.269073486328125
17.710844039916992
18.29429054260254
29.691438674926758
22.032106399536133
8.056235313415527
28.988975524902344
22.623701095581055
37.84852981567383
25.45427703857422
11.479927062988281
14.49870491027832
19.491165161132812
23.525253295898438
28.30828857421875
27.396556854248047
18.178848266601562
27.17964744567871
13.805036544799805
21.354820251464844
31.13411521911621
13.590683937072754
16.38204002380371
26.684587478637695
18.884138107299805
8.749683380126953
25.599498748779297
18.1617488861084
21.726905822753906
17.08921241760254
27.336822509765625
16.33580207824707
31.222267150878906
32.46601486206055
21.708078384399414
29.867061614990234
16.330852508544922
17.246553421020508
24.678943634033203
7.948028087615967
24.388641357421875
21.56656837463379
17.342296600341797
35.96345138549805
25.02473258972168
13.535578727722168
8.13167667388916
51.43949890136719
24.335609436035156
5.58035945892334
45.51890182495117
19.403974533081055
16.339311599731445
17.940982818603516
25.610244750976562
17.595470428466797
17.430391311645508
9.909728050231934
30.399982452392578
18.386445999145508
41.374996185302734
26.62409019470215
25.70524787902832
18.710262298583984
17.12261390686035
27.347827911376953
30.402320861816406
25.10936737060547
13.432568550109863
33.10767364501953
29.46823501586914
19.234399795532227
23.84793472290039
18.0684757232666
32.46754837036133
25.50076675415039
25.0325870513916
34.24646759033203
14.322667121887207
12.660863876342773
31.659666061401367
21.73224639892578
37.74095916748047
13.194934844970703
5.949230670928955
8.83484935760498
30.680919647216797
21.540205001831055
36.95958709716797
16.384416580200195
30.267486572265625
24.706472396850586
23.531803131103516
12.528351783752441
6.401073455810547
19.70620346069336
22.227458953857422
29.95595932006836
16.166988372802734
29.607677459716797
16.430335998535156
20.922908782958984
40.60975646972656
24.80732536315918
17.213727951049805
21.201995849609375
14.568058013916016
15.75750732421875
6.831215858459473
11.429160118103027
21.646507263183594
18.480785369873047
13.638431549072266
24.337514877319336
18.164077758789062
16.00222396850586
23.30896759033203
6.282582759857178
18.707353591918945
11.56775188446045
6.138725757598877
23.450843811035156
27.833606719970703
12.448271751403809
9.923531532287598
20.152082443237305
21.6160888671875
28.723697662353516
8.804167747497559
13.897133827209473
16.078201293945312
24.431785583496094
30.46394157409668
19.43412208557129
17.49246597290039
13.749804496765137
20.574310302734375
14.74744701385498
17.439611434936523
26.94642448425293
31.42180824279785
16.995222091674805
23.863128662109375
19.09874725341797
24.41499900817871
12.412084579467773
9.841704368591309
6.956580638885498
33.62831115722656
21.94355010986328
29.79116439819336
7.10809326171875
22.14133644104004
8.123619079589844
13.531020164489746
30.03370475769043
11.946971893310547
23.482534408569336
16.72148323059082
15.481704711914062
9.27219009399414
20.0859317779541
32.74863052368164
22.234220504760742
24.549707412719727
23.38627052307129
20.42905616760254
16.274091720581055
19.354167938232422
25.2695255279541
24.72681999206543
22.145095825195312
15.444483757019043
13.392663955688477
37.316253662109375
36.18019485473633
27.48632049560547
17.553050994873047
38.92937469482422
8.417423248291016
16.569271087646484
8.692168235778809
2.844928026199341
31.048158645629883
20.438499450683594
18.222877502441406
23.747344970703125
17.8698787689209
10.82371711730957
26.36408233642578
9.277172088623047
9.049880981445312
6.638642311096191
10.341392517089844
27.688648223876953
29.536222457885742
11.74958324432373
39.17261505126953
46.35099411010742
22.4759578704834
19.759370803833008
27.187742233276367
21.838672637939453
32.723453521728516
17.90645980834961
25.70526885986328
7.010319709777832
16.746994018554688
10.321242332458496
25.072952270507812
36.017120361328125
29.667940139770508
23.24009132385254
21.116397857666016
13.598156929016113
20.524925231933594
21.985183715820312
22.26323699951172
6.470618724822998
14.993729591369629
36.53665542602539
20.077159881591797
20.106704711914062
35.06736755371094
24.71373748779297
41.48980712890625
27.642372131347656
4.451460838317871
17.184595108032227
22.419944763183594
15.405086517333984
12.77091121673584
13.452010154724121
9.983906745910645
6.42549467086792
9.819435119628906
14.581474304199219
32.65849685668945
28.283111572265625
22.197351455688477
23.829320907592773
18.336139678955078
14.030077934265137
19.10436248779297
16.556264877319336
18.94878578186035
43.73747253417969
21.784088134765625
7.755253314971924
18.065027236938477
19.783058166503906
18.873979568481445
21.659101486206055
21.79387855529785
26.95897674560547
4.149382591247559
13.514421463012695
21.628164291381836
27.432147979736328
16.89703369140625
34.24032211303711
16.50403594970703
28.515380859375
20.105567932128906
28.917085647583008
21.75581932067871
11.803886413574219
24.68879508972168
21.730125427246094
32.6254768371582
19.065732955932617
25.493629455566406
10.360976219177246
19.188100814819336
41.8910026550293
14.71382999420166
27.770092010498047
12.996844291687012
23.617324829101562
37.13412094116211
17.71243667602539
27.303569793701172
18.492618560791016
13.835847854614258
18.41677474975586
10.324414253234863
24.76544189453125
18.4023380279541
22.63909149169922
17.552370071411133
32.55528259277344
48.523075103759766
36.843753814697266
27.620180130004883
17.215225219726562
41.2686882019043
46.517425537109375
30.264760971069336
12.44316577911377
23.338743209838867
26.717029571533203
26.9406681060791
35.31195831298828
11.33052921295166
20.81948471069336
27.363128662109375
32.731773376464844
35.27804183959961
22.376747131347656
30.936281204223633
8.590600967407227
38.240543365478516
22.748239517211914
12.129648208618164
35.40342712402344
13.658625602722168
10.821297645568848
34.19242858886719
28.298660278320312
19.224082946777344
13.599390029907227
20.028472900390625
21.611347198486328
26.957927703857422
20.803834915161133
12.604260444641113
14.48678207397461
30.256441116333008
12.796402931213379
19.748851776123047
9.562085151672363
29.563173294067383
24.719051361083984
42.9316520690918
45.728660583496094
27.099510192871094
15.125216484069824
23.918739318847656
29.732378005981445
22.504955291748047
40.678794860839844
11.564929962158203
32.2717170715332
29.948251724243164
24.82980728149414
11.557967185974121
11.713211059570312
22.400094985961914
21.208160400390625
9.987903594970703
21.280746459960938
31.516695022583008
12.888205528259277
17.374347686767578
15.461732864379883
15.171418190002441
32.07593536376953
17.865211486816406
21.665559768676758
16.493144989013672
27.13897705078125
8.446681022644043
22.898000717163086
23.60352325439453
18.310508728027344
23.281116485595703
8.918499946594238
3.6506543159484863
13.911975860595703
24.681901931762695
25.458227157592773
10.740561485290527
23.473554611206055
34.7747802734375
23.987533569335938
17.511669158935547
17.229896545410156
11.209924697875977
16.942415237426758
10.465648651123047
17.782812118530273
21.076997756958008
19.587221145629883
38.35687255859375
13.244440078735352
19.537771224975586
14.397013664245605
20.57622528076172
38.73321533203125
14.160215377807617
37.997535705566406
11.836786270141602
23.391464233398438
13.382014274597168
24.715370178222656
15.410467147827148
11.704890251159668
16.869089126586914
14.172110557556152
22.64333152770996
30.644763946533203
21.607027053833008
19.19243049621582
21.26352882385254
6.026741027832031
16.177701950073242
16.987445831298828
27.259387969970703
13.379419326782227
25.57388687133789
10.731801986694336
36.73751449584961
14.562576293945312
33.145626068115234
25.172866821289062
12.237614631652832
17.101669311523438
23.808090209960938
5.210383415222168
17.28843116760254
7.39454984664917
6.648888111114502
32.52301025390625
20.585630416870117
36.299434661865234
15.912437438964844
17.306882858276367
18.73233985900879
15.569975852966309
5.789628505706787
11.250751495361328
11.61054801940918
29.802040100097656
19.385860443115234
18.005918502807617
41.54412078857422
27.85708999633789
23.998476028442383
16.861358642578125
12.856033325195312
8.356618881225586
17.03954315185547
24.044578552246094
19.463146209716797
18.528152465820312
27.323379516601562
19.873781204223633
28.971952438354492
18.394805908203125
29.09450340270996
39.7795524597168
17.325796127319336
20.803173065185547
25.213802337646484
19.073837280273438
13.076302528381348
23.267942428588867
25.39237403869629
25.51363754272461
6.571412086486816
20.04245948791504
7.603193283081055
13.916407585144043
38.63254165649414
39.7578239440918
45.71299362182617
42.969764709472656
10.6406888961792
29.294879913330078
27.406475067138672
28.811206817626953
20.185626983642578
20.0004825592041
31.1966609954834
25.141878128051758
25.375003814697266
15.48410415649414
20.12211799621582
28.6644229888916
8.360340118408203
23.364002227783203
29.630887985229492
9.986357688903809
15.085616111755371
10.95271110534668
25.653858184814453
25.385337829589844
28.45624351501465
25.121368408203125
21.851333618164062
24.459104537963867
17.308488845825195
20.25516700744629
34.99082946777344
22.271528244018555
12.025346755981445
21.382246017456055
15.02126407623291
34.57966613769531
27.653961181640625
22.908586502075195
34.284488677978516
10.873568534851074
46.63859939575195
36.062408447265625
27.622770309448242
13.996282577514648
18.152477264404297
24.16438865661621
21.11159896850586
51.48670959472656
16.994216918945312
20.453962326049805
39.22701644897461
8.176274299621582
48.261714935302734
23.869665145874023
16.747314453125
16.709272384643555
32.977020263671875
54.29466247558594
19.235233306884766
14.185961723327637
7.777142524719238
37.588287353515625
42.576759338378906
15.267818450927734
40.242610931396484
24.90140724182129
39.96728515625
21.309024810791016
17.968955993652344
28.891706466674805
19.53019905090332
25.952274322509766
25.01503562927246
17.382007598876953
30.7139892578125
32.655189514160156
25.52317237854004
22.41765785217285
8.165363311767578
27.093461990356445
25.568511962890625
4.463693141937256
18.09929656982422
28.699140548706055
20.05314826965332
22.58680534362793
17.142793655395508
4.836356163024902
19.690221786499023
23.207433700561523
9.129971504211426
10.458517074584961
24.94927406311035
27.893537521362305
9.817659378051758
11.021749496459961
17.340028762817383
17.01650619506836
6.13946533203125
13.353544235229492
22.297643661499023
24.081228256225586
31.092437744140625
27.23575210571289
21.20850372314453
24.798860549926758
23.480010986328125
25.264291763305664
14.285597801208496
14.814964294433594
16.682117462158203
25.320655822753906
33.757869720458984
11.038588523864746
26.069372177124023
22.72893524169922
19.71193504333496
16.795488357543945
20.09161376953125
40.410831451416016
38.438228607177734
23.54183578491211
17.685752868652344
28.431804656982422
13.778829574584961
31.9331111907959
32.58695983886719
31.77090835571289
32.791900634765625
19.7924861907959
28.228843688964844
18.410158157348633
25.31352424621582
27.651016235351562
17.95218849182129
42.476226806640625
8.685989379882812
29.900022506713867
39.161659240722656
16.586589813232422
14.767217636108398
8.158352851867676
13.956212997436523
34.397552490234375
8.474106788635254
14.329442024230957
31.697006225585938
10.41775894165039
47.2603759765625
24.070133209228516
24.34813690185547
21.659940719604492
21.311643600463867
13.538158416748047
37.480552673339844
3.7086613178253174
14.85978889465332
27.251182556152344
21.1763973236084
33.23591995239258
16.222679138183594
11.371965408325195
24.045026779174805
12.771410942077637
7.1039605140686035
20.293907165527344
19.154481887817383
32.096435546875
24.73062515258789
42.37940216064453
40.566226959228516
22.27510643005371
16.034725189208984
13.74105453491211
29.679353713989258
21.54930305480957
31.592269897460938
18.29136085510254
17.25067138671875
19.964250564575195
19.889238357543945
18.433862686157227
27.540061950683594
23.5280818939209
15.457767486572266
16.075942993164062
16.372549057006836
32.15959548950195
5.247619152069092
4.267966270446777
9.648079872131348
12.530473709106445
6.845837116241455
43.028602600097656
31.634723663330078
28.26791000366211
28.00541877746582
13.24510383605957
24.24411964416504
14.24621868133545
14.116209030151367
21.687063217163086
20.434253692626953
12.755460739135742
26.115510940551758
33.23617172241211
25.0941162109375
14.489870071411133
13.213194847106934
44.68649673461914
30.22108268737793
30.125720977783203
31.62647247314453
45.17335510253906
20.10883903503418
12.624055862426758
27.75055503845215
38.1154899597168
13.926151275634766
18.00579261779785
35.82514572143555
0.7962100505828857
20.216554641723633
18.44774055480957
30.9981632232666
16.95366668701172
15.715195655822754
47.534549713134766
25.074148178100586
13.897161483764648
22.205781936645508
36.39044952392578
23.887889862060547
22.962360382080078
20.85577964782715
32.126197814941406
31.155033111572266
23.69465446472168
24.60328483581543
20.103477478027344
20.128938674926758
26.273447036743164
22.589855194091797
8.799577713012695
16.642131805419922
18.222475051879883
14.06060791015625
39.27837371826172
17.368852615356445
38.778785705566406
10.0025053024292
19.08578872680664
35.125083923339844
22.792945861816406
19.5760440826416
30.187332153320312
23.429279327392578
13.33891773223877
28.532867431640625
27.44588279724121
16.407672882080078
27.28877067565918
13.977424621582031
31.21222686767578
30.32626724243164
17.406185150146484
13.937080383300781
23.799997329711914
3.1664042472839355
34.557891845703125
35.78582763671875
24.67295265197754
29.9766788482666
29.71823501586914
20.24159812927246
10.306038856506348
15.374608039855957
15.876408576965332
35.653316497802734
28.07374382019043
13.291699409484863
20.119461059570312
13.592703819274902
32.633277893066406
32.139652252197266
15.827460289001465
23.415639877319336
42.55664825439453
25.829025268554688
16.971115112304688
36.70238494873047
17.101938247680664
7.869773864746094
16.02886199951172
9.109489440917969
10.551467895507812
19.664264678955078
5.123437881469727
34.314239501953125
25.818349838256836
40.36832046508789
21.04789161682129
20.744962692260742
38.86908721923828
33.12824249267578
13.789979934692383
22.217641830444336
29.495920181274414
10.667946815490723
16.056657791137695
31.33058738708496
26.70968246459961
35.94508361816406
30.434978485107422
34.69526672363281
27.120975494384766
6.792304992675781
38.61830139160156
20.41312599182129
43.5343017578125
36.40681076049805
1.6453741788864136
9.949355125427246
32.12509536743164
19.030683517456055
16.362255096435547
22.895450592041016
16.300294876098633
30.897727966308594
7.738807678222656
11.089570045471191
31.802282333374023
22.01926040649414
15.121321678161621
16.36799430847168
30.076610565185547
17.205720901489258
14.4691743850708
12.575921058654785
35.5187873840332
27.3685359954834
15.506180763244629
18.77960777282715
27.178382873535156
48.77787399291992
18.458459854125977
17.327808380126953
11.874692916870117
9.024299621582031
23.068437576293945
27.41771125793457
8.633529663085938
19.36844253540039
20.913694381713867
39.895137786865234
19.506916046142578
19.49863624572754
20.392263412475586
23.112897872924805
31.86505126953125
17.77352523803711
19.448732376098633
18.820646286010742
22.04010772705078
35.55629348754883
20.87753677368164
23.59143829345703
16.926374435424805
14.13867473602295
17.20709991455078
21.244428634643555
21.323955535888672
40.77566146850586
15.57105541229248
21.182321548461914
18.779006958007812
37.761253356933594
24.995553970336914
17.635366439819336
12.398016929626465
27.124011993408203
20.750457763671875
35.44080352783203
14.516321182250977
5.022944450378418
18.752897262573242
25.617984771728516
17.65113067626953
8.424725532531738
32.039371490478516
24.920223236083984
23.730953216552734
19.131498336791992
7.620553016662598
24.6158390045166
9.665884971618652
29.28099250793457
24.270404815673828
17.031282424926758
28.540117263793945
15.423388481140137
23.752180099487305
27.905973434448242
24.21748161315918
24.52062225341797
25.244667053222656
24.36404800415039
31.916860580444336
34.16259765625
25.28118133544922
15.10305404663086
14.30945110321045
0.6665999293327332
34.17046356201172
26.684890747070312
19.32380485534668
18.181808471679688
30.287694931030273
5.4283928871154785
18.795278549194336
9.1469087600708
29.29861831665039
17.405784606933594
28.388626098632812
21.966392517089844
23.48555564880371
19.160263061523438
30.020811080932617
15.968429565429688
23.07314682006836
10.521322250366211
24.47076416015625
27.203826904296875
22.361032485961914
25.744461059570312
21.78830909729004
33.98912048339844
6.692971229553223
21.523454666137695
27.47138214111328
36.40520095825195
19.04102897644043
31.248018264770508
17.642751693725586
26.130496978759766
32.28952407836914
17.7536678314209
18.887353897094727
31.319026947021484
36.58511734008789
12.526372909545898
33.80234146118164
24.927875518798828
9.759976387023926
32.391326904296875
13.786687850952148
33.45256805419922
25.905061721801758
34.054561614990234
10.84365177154541
15.552489280700684
13.98858642578125
29.561767578125
14.054746627807617
24.784915924072266
28.439668655395508
31.232929229736328
39.960411071777344
26.406192779541016
15.767675399780273
22.66440200805664
18.702844619750977
17.80855941772461
26.46501350402832
20.6640625
17.171939849853516
31.972225189208984
34.8077392578125
7.8594770431518555
36.95821762084961
28.472375869750977
25.0946102142334
14.805448532104492
2.1494340896606445
21.451112747192383
31.648406982421875
25.611347198486328
35.885250091552734
17.400144577026367
20.314834594726562
18.732891082763672
14.529884338378906
20.316282272338867
23.363643646240234
