55.445621490478516
24.83518409729004
29.49956512451172
63.5239143371582
59.36714172363281
34.11963653564453
36.50594711303711
54.4372444152832
30.59239959716797
48.84610366821289
48.59397506713867
22.254854202270508
43.104522705078125
18.644960403442383
34.69630432128906
36.30829620361328
35.30342483520508
51.44425964355469
21.567798614501953
42.32607650756836
29.781484603881836
36.44706726074219
27.6580753326416
52.600242614746094
34.28091049194336
29.841215133666992
41.84996032714844
30.643693923950195
34.112449645996094
5.429832935333252
69.44203186035156
36.946014404296875
32.69403076171875
26.67164421081543
52.62138748168945
52.635345458984375
46.08775329589844
52.157867431640625
72.76592254638672
69.9146728515625
20.84523582458496
81.42234802246094
39.265953063964844
37.759910583496094
20.920583724975586
40.612056732177734
38.85163116455078
29.300138473510742
44.29180908203125
25.653152465820312
36.26723861694336
65.16038513183594
26.90033531188965
38.75242233276367
41.506927490234375
33.282535552978516
60.00700759887695
40.183719635009766
43.888023376464844
23.786914825439453
27.632709503173828
22.024940490722656
52.7462043762207
22.975122451782227
34.644596099853516
27.909404754638672
59.718231201171875
54.35586166381836
45.42394256591797
26.921916961669922
18.242372512817383
23.820743560791016
39.23305892944336
36.1140251159668
25.475248336791992
65.62982177734375
50.491024017333984
19.163928985595703
31.56901741027832
59.27878952026367
15.067980766296387
46.77848815917969
20.394332885742188
46.38584899902344
21.371543884277344
69.24507141113281
19.585655212402344
62.93242263793945
57.03866195678711
67.19940185546875
28.160587310791016
21.81183624267578
32.54170227050781
11.668142318725586
37.38785934448242
43.508941650390625
24.651023864746094
13.448966979980469
32.07229995727539
18.409448623657227
41.426979064941406
39.513206481933594
36.367530822753906
45.23154067993164
50.06036376953125
58.71477508544922
31.127822875976562
67.34808349609375
31.961162567138672
26.07787322998047
54.33402633666992
35.98065948486328
47.356441497802734
51.661258697509766
36.93000793457031
22.848400115966797
20.426151275634766
27.29949951171875
44.56786346435547
31.942394256591797
58.97318649291992
55.5745964050293
52.79484558105469
39.169254302978516
45.96919250488281
29.3851318359375
42.07817459106445
19.560762405395508
46.17597198486328
29.244455337524414
25.683012008666992
64.04268646240234
34.4819450378418
17.49315071105957
35.78822326660156
40.20954513549805
30.623737335205078
30.091367721557617
29.897077560424805
39.531150817871094
55.53628921508789
32.38738250732422
50.21824264526367
38.75997543334961
40.83964157104492
41.23743438720703
23.313264846801758
29.79624366760254
35.32988357543945
52.01478576660156
27.035579681396484
33.9886360168457
25.50266456604004
42.39397048950195
34.76959991455078
35.30656051635742
36.546016693115234
44.01872253417969
48.15923309326172
44.093658447265625
48.270565032958984
57.33127212524414
25.800134658813477
28.31599235534668
42.40238952636719
34.61989212036133
45.282466888427734
11.261323928833008
14.93665885925293
39.73910140991211
53.44236755371094
49.04995346069336
46.734771728515625
81.99242401123047
37.250553131103516
96.79754638671875
40.42294692993164
54.37459945678711
40.42622375488281
62.90145492553711
30.449779510498047
32.24220275878906
59.316139221191406
62.68610763549805
73.53545379638672
51.26981735229492
28.875320434570312
68.82988739013672
28.52725601196289
25.00574493408203
28.78424644470215
12.974002838134766
48.99307632446289
30.31268310546875
17.103673934936523
31.294448852539062
24.402259826660156
37.98392868041992
31.841466903686523
27.570093154907227
61.61197280883789
12.117748260498047
27.284788131713867
19.425758361816406
19.281688690185547
47.08029556274414
33.6780891418457
48.790672302246094
16.632610321044922
34.6762809753418
24.879728317260742
37.421783447265625
25.075897216796875
54.17116165161133
42.413143157958984
14.954729080200195
30.751344680786133
38.477256774902344
29.037643432617188
32.35850524902344
37.28937530517578
25.43427085876465
41.32448196411133
33.74201965332031
45.52533721923828
30.11673355102539
54.19041061401367
60.52920913696289
66.38665008544922
41.13033676147461
29.508590698242188
18.125064849853516
47.10905075073242
38.680389404296875
38.92864990234375
59.538551330566406
48.18562316894531
37.63285827636719
32.303016662597656
36.2882080078125
21.983928680419922
39.10808181762695
62.16873550415039
58.9702033996582
39.981998443603516
28.892913818359375
48.219703674316406
42.32828140258789
32.410308837890625
46.33916473388672
38.24302291870117
58.55071258544922
36.58890151977539
38.37150573730469
45.56851577758789
15.28524112701416
46.47846221923828
33.9300422668457
41.10858917236328
63.76168441772461
10.749969482421875
28.07880210876465
30.5240478515625
40.802555084228516
25.378847122192383
31.23293113708496
37.160526275634766
17.960432052612305
44.16888427734375
32.82205581665039
32.139060974121094
51.502479553222656
26.494400024414062
25.188568115234375
22.378536224365234
13.934176445007324
67.64979553222656
61.70940017700195
25.053010940551758
26.43124008178711
66.7730712890625
37.71896743774414
26.685237884521484
41.134849548339844
36.390419006347656
24.557432174682617
59.78950881958008
29.626806259155273
38.53887939453125
28.608488082885742
24.830928802490234
40.046836853027344
38.22169876098633
35.167728424072266
45.74409866333008
28.865962982177734
54.62548828125
24.90952491760254
62.58919906616211
35.292564392089844
40.57565689086914
35.152061462402344
56.988990783691406
40.62336349487305
33.367462158203125
20.105436325073242
48.1326789855957
73.60717010498047
34.29071807861328
27.121379852294922
26.1697998046875
70.62295532226562
37.20319366455078
38.0738525390625
45.96979522705078
29.180757522583008
41.5821533203125
42.75088119506836
35.45267868041992
35.32117462158203
23.892995834350586
48.40736389160156
30.313867568969727
33.60004806518555
45.763362884521484
46.996150970458984
58.1312141418457
65.34410095214844
34.376991271972656
34.03710174560547
42.083648681640625
19.687726974487305
21.92893409729004
59.61327362060547
46.249332427978516
34.77286911010742
64.77271270751953
38.51333999633789
42.421382904052734
48.6695556640625
26.982648849487305
33.86221694946289
33.4212760925293
48.22663497924805
37.25761795043945
35.01959228515625
26.489208221435547
47.211814880371094
50.31240463256836
35.69065475463867
65.57821655273438
39.80849838256836
31.72916603088379
57.00332260131836
58.466793060302734
23.390865325927734
39.31275939941406
54.37223434448242
34.49271774291992
13.829402923583984
44.92007064819336
34.6281852722168
39.983421325683594
63.398399353027344
29.925500869750977
51.29685974121094
21.69244956970215
32.135353088378906
50.486534118652344
69.66382598876953
34.56161880493164
43.115413665771484
40.1153450012207
82.89678955078125
65.55941772460938
32.71223449707031
45.82897186279297
78.22008514404297
40.39377212524414
35.8177490234375
56.941890716552734
30.64995765686035
48.49045181274414
38.23674774169922
41.25312423706055
36.21539306640625
25.978376388549805
42.35563278198242
31.065523147583008
63.156002044677734
53.42427062988281
37.458499908447266
46.028541564941406
48.404563903808594
31.70111656188965
56.66028594970703
55.365177154541016
27.254762649536133
33.23859405517578
46.035667419433594
38.157569885253906
46.48760223388672
34.92321014404297
35.81257247924805
32.60658264160156
53.92469024658203
45.62738800048828
35.48795700073242
23.63936424255371
24.91791534423828
7.126673698425293
35.96110153198242
21.860177993774414
57.3720817565918
49.61590576171875
37.70821762084961
51.67861557006836
46.177703857421875
44.21075439453125
38.162261962890625
34.340965270996094
33.82168960571289
81.04676818847656
38.30815505981445
36.843902587890625
31.67423439025879
42.84900665283203
29.331493377685547
43.62779998779297
25.541030883789062
55.933494567871094
47.197872161865234
39.10717010498047
34.742671966552734
58.47198486328125
28.467918395996094
33.57427215576172
58.64601516723633
23.308351516723633
51.8302116394043
33.8590202331543
24.527544021606445
28.53775978088379
34.801780700683594
51.25284957885742
43.928123474121094
34.87498092651367
34.581336975097656
16.353178024291992
31.548452377319336
17.37636375427246
6.630663871765137
43.190765380859375
70.85183715820312
53.130523681640625
65.69453430175781
62.990936279296875
31.695436477661133
36.643150329589844
41.68257522583008
33.96263885498047
47.18497848510742
25.822307586669922
34.23841857910156
36.7843132019043
30.0490779876709
38.07655334472656
49.35234832763672
30.88982391357422
32.4488410949707
10.811190605163574
32.60588836669922
60.79867172241211
31.00001335144043
51.82313537597656
47.125606536865234
36.49532699584961
39.04866409301758
42.395381927490234
51.86336898803711
41.513153076171875
26.052339553833008
38.45772933959961
57.695926666259766
57.253108978271484
38.45066452026367
54.636985778808594
48.50286102294922
34.592037200927734
22.455520629882812
30.009510040283203
41.40275573730469
45.787960052490234
28.732372283935547
36.757606506347656
26.28872299194336
53.734676361083984
40.476200103759766
55.20886993408203
29.52829360961914
59.52410888671875
32.2109489440918
26.779722213745117
31.707326889038086
47.18700408935547
56.83391189575195
32.583377838134766
31.603553771972656
53.08294677734375
27.74043846130371
47.1068115234375
43.88852310180664
42.49391555786133
30.130708694458008
23.276052474975586
34.02906036376953
55.6477165222168
76.07304382324219
26.752634048461914
30.581327438354492
53.33891296386719
44.86476516723633
27.703237533569336
62.89754104614258
19.599515914916992
33.08277130126953
21.993144989013672
36.924949645996094
16.57389259338379
58.23822784423828
52.63872146606445
52.417518615722656
55.29656219482422
55.491146087646484
35.03142166137695
32.43915557861328
53.97245407104492
37.38391876220703
26.456525802612305
27.199941635131836
33.18008804321289
39.985286712646484
13.991009712219238
38.44098663330078
12.943991661071777
48.407676696777344
49.54228591918945
49.60009002685547
21.70013427734375
35.22541046142578
46.286781311035156
40.107322692871094
40.525360107421875
44.142826080322266
30.66214370727539
14.14549446105957
35.27485656738281
23.093860626220703
28.897932052612305
90.9345703125
56.54029846191406
60.66698455810547
40.602577209472656
54.5092887878418
29.8461856842041
46.493186950683594
20.34056854248047
32.23612976074219
26.21404457092285
58.15555191040039
60.50037384033203
33.31352233886719
29.588781356811523
68.09844207763672
27.795101165771484
39.41865158081055
55.36615753173828
35.969905853271484
22.775300979614258
41.52239227294922
32.20310974121094
30.71095085144043
65.51068115234375
56.9087028503418
35.66874694824219
39.21073532104492
37.56107711791992
25.513195037841797
29.45159912109375
54.94489288330078
58.94066619873047
50.28773880004883
19.1948299407959
24.442955017089844
28.595542907714844
36.200401306152344
45.33700942993164
48.85254669189453
32.655540466308594
57.83930587768555
37.18232345581055
57.75885009765625
41.233619689941406
50.82943344116211
48.0493278503418
36.504695892333984
25.537649154663086
45.37807083129883
19.264986038208008
51.11200714111328
46.803592681884766
22.753862380981445
17.036823272705078
52.02235412597656
39.9591178894043
30.33571434020996
30.002994537353516
38.18389129638672
56.93914794921875
35.370948791503906
28.917869567871094
43.50600814819336
54.90611267089844
53.523841857910156
16.170719146728516
18.629505157470703
14.11481761932373
44.51667785644531
28.370439529418945
42.032283782958984
32.11955261230469
46.906211853027344
58.03622055053711
58.5443115234375
40.181358337402344
41.646759033203125
53.76713562011719
25.561227798461914
37.3187370300293
34.0568962097168
31.178495407104492
13.006292343139648
28.92291831970215
30.130403518676758
57.94164276123047
36.67407989501953
59.000022888183594
36.98759841918945
56.8447380065918
30.587556838989258
50.8133659362793
34.22665023803711
34.42057418823242
50.162601470947266
28.075326919555664
59.46047592163086
34.04024887084961
35.59439468383789
70.2479248046875
24.563453674316406
39.67117691040039
41.061912536621094
32.944541931152344
32.24095916748047
51.196651458740234
49.595664978027344
52.657257080078125
16.60446548461914
58.48554229736328
41.503265380859375
47.4035530090332
32.25679016113281
62.371498107910156
46.181121826171875
64.3997573852539
16.58922004699707
35.80581283569336
32.17089080810547
50.73509216308594
45.53764724731445
25.681743621826172
59.03969955444336
40.94047164916992
61.55043029785156
53.149375915527344
49.2126579284668
37.08757400512695
71.27098083496094
41.93699264526367
34.08671951293945
30.016494750976562
32.60337448120117
47.61790084838867
43.021915435791016
44.1270866394043
31.468297958374023
30.780668258666992
32.234798431396484
34.98210906982422
62.221153259277344
40.0911979675293
44.29764175415039
60.195186614990234
40.814327239990234
62.88433837890625
34.4935188293457
32.6106071472168
26.772003173828125
39.33018493652344
14.417593002319336
70.02547454833984
34.16973876953125
48.24524688720703
36.37783432006836
30.837543487548828
40.372737884521484
49.517642974853516
12.31466293334961
31.681074142456055
63.22849655151367
43.47853088378906
30.968427658081055
42.56599044799805
44.0105094909668
21.69437599182129
47.93367004394531
41.370460510253906
37.71270751953125
35.830501556396484
26.052040100097656
47.51547622680664
34.06767272949219
53.90667724609375
59.9481315612793
23.96074867248535
40.09208297729492
42.362220764160156
26.427719116210938
67.78583526611328
33.746986389160156
52.810325622558594
27.996036529541016
26.430105209350586
55.21055221557617
57.22589111328125
30.487247467041016
29.33094596862793
53.22880935668945
37.98500061035156
26.725679397583008
33.77334213256836
33.39533615112305
31.603099822998047
44.96915054321289
45.19411849975586
57.53999328613281
12.95039176940918
31.81816864013672
41.46482849121094
36.01768493652344
28.62616729736328
49.60211181640625
40.03330612182617
23.390684127807617
58.16917419433594
38.4995231628418
19.640947341918945
35.76290512084961
33.127166748046875
47.8047981262207
73.43278503417969
46.53825759887695
15.531670570373535
46.67582321166992
41.79613494873047
31.85708999633789
40.94575881958008
59.82667922973633
41.35413360595703
52.6485710144043
43.9490966796875
34.05717849731445
42.366031646728516
41.589012145996094
21.337921142578125
25.150793075561523
38.840309143066406
60.38978576660156
16.749290466308594
56.04805374145508
37.2823600769043
35.408382415771484
30.151714324951172
20.80482292175293
42.96112823486328
61.133182525634766
42.54752731323242
61.78325271606445
19.515214920043945
57.053192138671875
52.10072708129883
39.47613525390625
35.35334396362305
31.19453239440918
37.80026626586914
48.55280685424805
41.03200149536133
45.48626708984375
45.019065856933594
36.132022857666016
24.329627990722656
41.035640716552734
11.769280433654785
52.18792724609375
58.81089401245117
34.54234313964844
45.168701171875
62.41082763671875
63.09189224243164
48.19791030883789
44.60250473022461
33.61631393432617
23.96359634399414
14.439495086669922
28.540008544921875
36.525020599365234
48.10868453979492
37.97605895996094
38.86378860473633
31.43863296508789
35.713531494140625
55.482872009277344
44.16562271118164
57.5997200012207
45.787410736083984
57.39150619506836
52.98427200317383
44.70124816894531
21.222759246826172
18.457277297973633
43.79803466796875
27.793521881103516
68.51605987548828
32.669532775878906
56.5377082824707
52.55388641357422
48.914268493652344
53.217445373535156
19.441246032714844
37.27739715576172
44.170902252197266
8.684283256530762
18.567180633544922
49.764671325683594
43.88874435424805
45.474884033203125
25.196046829223633
72.09798431396484
12.498270034790039
55.3674430847168
45.343505859375
44.87217330932617
70.93464660644531
37.233642578125
53.30873489379883
32.13001251220703
28.659528732299805
55.94917678833008
39.90437698364258
36.61773681640625
23.105276107788086
54.96717834472656
24.800844192504883
34.59077835083008
61.484249114990234
50.920684814453125
42.85272216796875
36.12409973144531
63.494266510009766
25.97641944885254
33.361019134521484
40.73232650756836
33.01475143432617
22.488264083862305
33.451011657714844
33.530067443847656
29.09903907775879
51.1077995300293
90.22697448730469
53.85658264160156
55.793182373046875
37.367103576660156
52.719932556152344
38.41867446899414
37.306705474853516
46.3106689453125
60.299259185791016
29.14125633239746
32.36205291748047
66.91693115234375
30.64128875732422
31.316177368164062
30.13887596130371
32.44493865966797
30.171947479248047
25.273265838623047
55.70254135131836
54.7225456237793
48.308387756347656
38.18503189086914
33.94914245605469
45.002479553222656
16.867156982421875
22.369077682495117
82.8708724975586
30.198486328125
26.306007385253906
28.079065322875977
34.31330871582031
42.30765151977539
45.42193603515625
50.52903747558594
66.4466781616211
20.059865951538086
37.2498664855957
37.216880798339844
31.00749969482422
50.6357307434082
53.30293273925781
26.25590705871582
44.88492202758789
26.34233856201172
45.57180404663086
72.26746368408203
58.89742660522461
28.524694442749023
33.911888122558594
60.27552032470703
43.46021270751953
57.06504821777344
38.36671829223633
54.41298294067383
38.289642333984375
28.446531295776367
60.97570037841797
46.66454315185547
57.910953521728516
47.25517272949219
31.494277954101562
47.273231506347656
38.74314498901367
28.397838592529297
49.37800598144531
53.78968048095703
27.050607681274414
47.24092102050781
19.69470977783203
54.15654754638672
44.699745178222656
38.76025390625
31.741287231445312
23.289201736450195
48.4020881652832
50.08407974243164
34.45757293701172
15.55018138885498
45.70048904418945
49.13014221191406
56.302589416503906
48.14067840576172
40.33979797363281
16.01542091369629
42.55023956298828
20.860576629638672
46.71568298339844
33.451053619384766
34.22482681274414
59.127784729003906
56.763980865478516
33.10225296020508
73.60005950927734
44.98693084716797
34.1381721496582
37.65248489379883
40.765499114990234
36.87285614013672
34.10616683959961
31.783124923706055
34.89069366455078
33.66109848022461
38.003944396972656
45.453590393066406
39.8500862121582
48.25141525268555
34.55108642578125
41.37195587158203
35.09104537963867
57.23406219482422
23.941383361816406
62.04543685913086
64.2144546508789
16.62894630432129
29.260074615478516
15.858813285827637
41.673065185546875
26.137100219726562
31.3964786529541
65.02124786376953
52.06466293334961
67.1436538696289
33.00068283081055
30.41522789001465
54.682125091552734
40.24783706665039
35.147666931152344
66.03601837158203
51.040828704833984
32.79661560058594
32.50694274902344
30.442617416381836
48.98167037963867
46.373985290527344
27.54860496520996
50.385013580322266
70.24610137939453
19.23316192626953
45.130584716796875
50.821502685546875
57.659751892089844
41.590423583984375
28.63324546813965
53.519962310791016
52.73100280761719
26.366275787353516
36.786190032958984
49.298160552978516
30.648700714111328
46.01095962524414
22.621212005615234
39.65705108642578
63.05068588256836
53.56512451171875
39.485897064208984
17.196565628051758
37.25440216064453
38.711727142333984
63.52006530761719
30.115018844604492
31.42740821838379
32.89030456542969
36.25358581542969
18.353654861450195
39.921844482421875
44.946659088134766
32.84026336669922
40.4509391784668
52.9677848815918
60.75537109375
19.54630470275879
51.34080505371094
29.83525276184082
40.613624572753906
34.65916061401367
34.952728271484375
53.888023376464844
66.58788299560547
14.49306869506836
37.488956451416016
40.375919342041016
30.514253616333008
35.20645523071289
46.591575622558594
55.41728591918945
57.92613220214844
29.04412269592285
81.70059204101562
40.71132278442383
57.943912506103516
26.541547775268555
17.916439056396484
42.51936340332031
40.41487503051758
39.146934509277344
60.72381591796875
43.929603576660156
35.28302764892578
44.93545150756836
37.73102951049805
58.6988525390625
48.40199661254883
15.98364543914795
25.839744567871094
47.73701095581055
51.019691467285156
60.187747955322266
37.055702209472656
18.55229377746582
32.73429489135742
42.39896774291992
33.89595031738281
43.97064208984375
36.51115798950195
43.93555450439453
63.99474334716797
23.9516544342041
23.36577033996582
60.35781478881836
41.90253829956055
19.871427536010742
19.124393463134766
24.97966194152832
58.040794372558594
49.89390182495117
41.692665100097656
45.738426208496094
29.0213680267334
34.82777786254883
34.59635925292969
38.863677978515625
51.71289825439453
21.91959571838379
62.67565155029297
56.17217254638672
53.86952590942383
37.30409622192383
49.091163635253906
28.800378799438477
25.45292854309082
65.5003890991211
30.284175872802734
59.2119026184082
14.983916282653809
24.081748962402344
37.6546630859375
48.47624588012695
87.69828033447266
31.09636688232422
46.61531066894531
55.61936569213867
25.26751708984375
39.19009780883789
35.50736618041992
54.95234680175781
18.626192092895508
44.16227722167969
56.71546936035156
22.943517684936523
56.27737808227539
37.8341064453125
45.41519546508789
58.487648010253906
35.42350769042969
40.3835563659668
18.680112838745117
26.373559951782227
33.66781997680664
54.1352424621582
24.124605178833008
39.648590087890625
47.80105972290039
65.81642150878906
32.493343353271484
48.43239212036133
34.4561882019043
34.25368118286133
15.859233856201172
28.487703323364258
47.6987190246582
52.34226989746094
20.965450286865234
35.71402359008789
52.371402740478516
6.470393180847168
41.43791580200195
69.27973937988281
19.090234756469727
33.759620666503906
41.25643539428711
47.92958068847656
31.528669357299805
33.52778625488281
41.540443420410156
29.080957412719727
44.85390090942383
32.535465240478516
38.06364440917969
33.80111312866211
42.61925506591797
37.25693130493164
38.260738372802734
43.16667938232422
50.94687271118164
55.30552673339844
32.829654693603516
41.306514739990234
23.053369522094727
27.717100143432617
42.21339416503906
34.65008544921875
32.07463836669922
50.47813415527344
14.93017292022705
44.165584564208984
16.542877197265625
69.85826110839844
58.43119430541992
49.73529052734375
46.807796478271484
12.126375198364258
41.01218032836914
40.17092514038086
40.23270797729492
46.746891021728516
29.89457130432129
35.112823486328125
49.84785079956055
28.98434829711914
66.32769775390625
32.75288391113281
27.89058494567871
39.86101531982422
49.04011535644531
23.96849822998047
50.67796325683594
56.65947341918945
30.82431411743164
48.121917724609375
35.945858001708984
38.46778106689453
81.95143127441406
54.46584701538086
22.501323699951172
28.083023071289062
29.35042953491211
37.217220306396484
52.968448638916016
41.801734924316406
42.465843200683594
45.64497756958008
48.67551803588867
54.6668586730957
33.92632293701172
43.795799255371094
73.17459106445312
49.12749481201172
53.62196731567383
40.066104888916016
38.02561950683594
28.354812622070312
42.506412506103516
25.839441299438477
59.218753814697266
38.56892395019531
31.544694900512695
40.175025939941406
42.22172927856445
21.502708435058594
43.28370666503906
35.12469482421875
35.200130462646484
36.80168914794922
13.245131492614746
51.87376403808594
27.96369171142578
51.8911247253418
40.847373962402344
26.8985652923584
23.722579956054688
53.38658142089844
31.44142723083496
45.502933502197266
28.239368438720703
37.5438346862793
33.82735061645508
35.76313018798828
31.51240348815918
70.89006042480469
30.78136444091797
37.18913650512695
61.014522552490234
38.490779876708984
56.88890838623047
42.33744430541992
39.23500061035156
35.78248977661133
55.088626861572266
58.332218170166016
30.46347999572754
4.113022327423096
45.835166931152344
72.69081115722656
24.316829681396484
52.646759033203125
48.36148452758789
55.76559829711914
49.83633804321289
57.636085510253906
41.97043991088867
53.70244216918945
48.88077163696289
29.3064022064209
48.12077331542969
31.75518035888672
41.028446197509766
36.24631118774414
12.34048080444336
49.347652435302734
20.002872467041016
22.324392318725586
52.250892639160156
21.066999435424805
40.242523193359375
45.33953094482422
59.12431716918945
48.808292388916016
40.19148254394531
36.75233459472656
43.50511932373047
30.524946212768555
35.127986907958984
22.434207916259766
32.742069244384766
30.116455078125
41.31801986694336
21.92498207092285
22.97123908996582
66.12936401367188
19.93795394897461
22.42501449584961
44.518489837646484
36.29787063598633
16.590641021728516
39.788238525390625
51.1505241394043
48.56800079345703
25.442941665649414
42.33461380004883
76.32341003417969
51.70734405517578
44.642608642578125
32.8878173828125
28.913671493530273
20.53056526184082
42.230533599853516
57.672523498535156
54.21135711669922
45.48076629638672
49.92252731323242
40.003700256347656
33.7042121887207
45.73710632324219
61.74623107910156
23.207876205444336
21.440811157226562
44.984134674072266
15.496395111083984
40.358299255371094
59.19087219238281
37.25080108642578
46.425113677978516
41.83125686645508
25.167516708374023
32.54306411743164
37.76283264160156
31.5593204498291
56.147552490234375
49.87814712524414
51.926307678222656
19.882457733154297
26.67506980895996
52.86839294433594
50.20447540283203
24.110939025878906
39.309112548828125
37.67242431640625
34.63431167602539
65.47710418701172
62.78196334838867
49.72524642944336
39.61057662963867
41.46977996826172
33.65560531616211
45.065608978271484
25.51888656616211
29.316669464111328
34.72311019897461
39.5150260925293
21.043941497802734
69.64090728759766
54.40578079223633
45.179649353027344
43.611820220947266
17.015623092651367
57.4947624206543
42.83112716674805
37.63398361206055
39.2166748046875
51.02571487426758
45.71857452392578
39.849308013916016
38.53360366821289
21.83228874206543
29.53927993774414
37.770530700683594
27.33546257019043
44.05122375488281
49.52512741088867
14.060765266418457
32.09797668457031
62.11860656738281
40.10169219970703
50.97218322753906
44.501346588134766
45.30342102050781
33.37241744995117
56.552127838134766
36.289737701416016
27.311174392700195
37.547760009765625
35.443965911865234
14.3070650100708
83.73927307128906
34.885894775390625
44.88147735595703
50.6639404296875
49.58666229248047
30.809371948242188
59.65280532836914
20.81478500366211
54.981163024902344
34.50249481201172
25.145357131958008
25.59688377380371
49.58097457885742
25.993242263793945
33.48696517944336
18.05178451538086
30.71281623840332
45.33858108520508
32.29385757446289
27.427087783813477
50.44483947753906
53.95599365234375
38.915828704833984
48.224021911621094
35.23870849609375
43.47715759277344
43.528724670410156
53.69749069213867
18.566314697265625
67.4043197631836
63.897457122802734
19.44706153869629
54.04334259033203
65.5226058959961
45.06739807128906
53.22012710571289
42.78694534301758
45.8974609375
39.47752380371094
37.89078903198242
52.67228698730469
51.194366455078125
19.695249557495117
32.11838150024414
48.3959846496582
29.17695426940918
69.30706787109375
34.991241455078125
22.108684539794922
59.83659362792969
24.54214096069336
40.6750373840332
34.17637634277344
47.007808685302734
18.699731826782227
27.371112823486328
33.44491195678711
6.975261688232422
57.19001388549805
39.46455764770508
11.226385116577148
27.093425750732422
46.37409973144531
24.28697967529297
42.50230407714844
15.077507019042969
31.451730728149414
43.510498046875
55.60726547241211
53.371849060058594
23.86037826538086
51.2288703918457
42.541805267333984
48.720157623291016
56.67057418823242
41.10346603393555
16.377145767211914
51.221519470214844
49.20625305175781
48.01308822631836
33.52735900878906
51.10496139526367
32.282203674316406
46.80671691894531
42.157798767089844
41.07048416137695
33.34662628173828
46.947906494140625
41.8338508605957
39.31380081176758
52.971309661865234
27.98993682861328
31.393617630004883
57.42356491088867
57.42135238647461
58.56844711303711
21.77178955078125
27.99994468688965
28.806724548339844
60.3976936340332
39.81124496459961
68.33930969238281
50.688899993896484
51.266910552978516
30.931276321411133
44.556678771972656
23.936925888061523
69.62054443359375
42.612308502197266
44.49408721923828
49.13385009765625
26.383081436157227
29.48076820373535
42.843257904052734
47.29734420776367
32.2334098815918
26.989381790161133
59.24065017700195
52.26310348510742
49.14883041381836
52.75222396850586
14.967081069946289
20.652490615844727
24.10222816467285
39.892189025878906
25.21885871887207
31.936626434326172
28.55685806274414
78.35663604736328
45.36903381347656
59.00962448120117
27.24698829650879
27.314725875854492
29.057661056518555
39.82733154296875
39.05657958984375
37.30738830566406
40.280738830566406
36.614009857177734
55.43061065673828
15.552290916442871
52.51951217651367
32.49428176879883
31.763656616210938
40.30141067504883
38.62679672241211
58.09953689575195
57.83511734008789
35.55998611450195
33.652469635009766
53.6616096496582
28.721086502075195
51.79811477661133
27.3927059173584
39.27200698852539
36.64163589477539
26.14487075805664
25.88157844543457
15.522311210632324
13.068819046020508
41.38433074951172
36.6861457824707
42.4393424987793
40.46326446533203
58.04318618774414
22.35211753845215
63.64057540893555
40.855926513671875
31.900196075439453
43.840274810791016
56.820716857910156
34.95301055908203
22.88463592529297
17.36648178100586
50.00049591064453
42.867435455322266
18.162887573242188
22.003393173217773
53.18737030029297
34.508872985839844
58.5942268371582
47.99150848388672
64.0430679321289
37.721378326416016
77.94437408447266
22.54756736755371
32.42302703857422
22.31250762939453
37.4062614440918
43.26286697387695
54.651981353759766
23.399938583374023
44.593589782714844
44.812721252441406
55.677703857421875
35.46919631958008
27.542461395263672
47.27235794067383
61.29873275756836
44.30278015136719
74.72378540039062
31.500974655151367
46.760284423828125
56.530738830566406
22.08650779724121
64.1569595336914
40.33238220214844
38.88032913208008
19.856721878051758
16.35757064819336
70.98867797851562
41.593875885009766
55.11418151855469
17.5386905670166
24.220195770263672
20.49441146850586
50.62489700317383
33.107337951660156
33.19042205810547
53.333335876464844
20.997833251953125
39.78896713256836
55.141136169433594
33.63973617553711
43.634700775146484
48.168704986572266
44.87706756591797
24.342100143432617
45.55690383911133
39.99420166015625
36.48725509643555
29.84147834777832
12.668554306030273
49.253726959228516
39.27098846435547
57.373043060302734
55.19416046142578
51.9930534362793
57.354129791259766
23.91669273376465
49.86564254760742
40.01136779785156
25.076473236083984
28.67791175842285
49.574241638183594
34.973724365234375
29.584943771362305
24.493820190429688
79.06891632080078
16.64186668395996
50.15952682495117
33.12289047241211
46.24250030517578
33.59278106689453
36.12958526611328
23.945466995239258
28.11014747619629
31.671072006225586
32.22649002075195
38.91178512573242
28.186580657958984
58.644744873046875
53.81288146972656
81.13945007324219
26.662307739257812
26.62113380432129
14.668622970581055
37.614742279052734
46.593143463134766
41.4139289855957
37.982582092285156
32.41767501831055
30.481731414794922
25.17241859436035
33.37574005126953
46.564754486083984
58.559906005859375
36.09797286987305
41.18544387817383
26.126237869262695
34.335208892822266
55.50696563720703
53.518348693847656
24.910314559936523
44.15607833862305
54.630348205566406
74.80128479003906
56.18040084838867
62.312747955322266
36.47929763793945
41.99617385864258
24.74541664123535
50.950355529785156
30.34195327758789
78.3884506225586
50.948219299316406
64.011474609375
34.053955078125
64.21858978271484
17.581783294677734
5.050114631652832
21.103057861328125
56.201412200927734
43.9892692565918
49.59638595581055
52.239498138427734
56.30485153198242
30.732492446899414
48.078094482421875
51.50021743774414
30.84218406677246
40.628074645996094
36.239967346191406
46.29157638549805
22.303268432617188
33.79038619995117
40.02864074707031
46.67341995239258
57.30894470214844
36.74403762817383
49.76465606689453
33.40822219848633
28.355445861816406
32.07668685913086
46.772605895996094
39.47948455810547
21.528907775878906
37.81990432739258
35.117645263671875
59.27602005004883
57.32089614868164
59.851078033447266
23.953699111938477
40.25099563598633
39.92860794067383
45.36050033569336
39.418304443359375
50.890926361083984
30.875837326049805
35.209739685058594
57.710693359375
35.899288177490234
39.14581298828125
45.72936248779297
47.6028938293457
45.88752746582031
32.474239349365234
50.83100509643555
36.75325393676758
29.193483352661133
59.32529830932617
40.76483917236328
28.0578670501709
36.476810455322266
39.89571762084961
32.720279693603516
41.051025390625
37.05974578857422
38.50706100463867
62.290618896484375
22.894001007080078
37.615970611572266
35.09287643432617
43.61251449584961
46.90195083618164
39.79131317138672
47.09107208251953
21.010387420654297
44.14165115356445
42.66714096069336
12.653388023376465
63.76654052734375
25.993549346923828
40.12401580810547
41.46942138671875
42.45404052734375
46.97978591918945
30.217700958251953
42.207881927490234
59.018402099609375
40.629859924316406
74.85635375976562
29.280284881591797
36.30303955078125
36.37024688720703
45.15361404418945
56.81781005859375
44.228553771972656
43.00410842895508
70.04393005371094
26.051712036132812
14.22437858581543
60.51274108886719
35.06206130981445
64.02434539794922
70.60641479492188
32.36599349975586
49.48701095581055
44.20582580566406
44.73288345336914
25.361957550048828
58.99342346191406
13.855850219726562
19.165870666503906
29.398387908935547
33.57869338989258
39.69315719604492
35.30805587768555
39.59560775756836
35.48832321166992
47.07480239868164
19.18324851989746
13.736947059631348
51.38679885864258
55.02317428588867
48.48369216918945
51.24812698364258
44.77218246459961
19.347768783569336
42.111846923828125
27.745037078857422
45.22328567504883
40.98268127441406
26.54499626159668
67.65739440917969
30.945594787597656
41.77195358276367
38.6807746887207
66.86114501953125
25.229055404663086
22.740291595458984
33.78485107421875
28.297069549560547
47.97527313232422
40.75263977050781
75.56934356689453
41.75724411010742
56.16872787475586
58.16636276245117
59.73366928100586
41.813018798828125
18.473438262939453
47.82402420043945
14.445328712463379
32.501651763916016
48.43557357788086
30.896099090576172
51.79816436767578
38.15977478027344
61.426048278808594
27.919340133666992
52.15317916870117
47.0294189453125
30.54181480407715
21.872926712036133
50.19879150390625
48.236175537109375
25.335832595825195
45.2933235168457
31.74413299560547
45.89739227294922
29.6549072265625
42.540992736816406
30.906421661376953
32.02302551269531
44.97186279296875
46.3488655090332
79.01876831054688
27.16611671447754
48.847042083740234
61.55338668823242
39.69696807861328
46.18952178955078
24.396560668945312
38.060909271240234
45.15620040893555
25.23040771484375
34.40370178222656
47.56001281738281
27.818458557128906
32.54106140136719
65.49330139160156
32.92181396484375
35.98732376098633
42.837711334228516
44.339168548583984
21.68902015686035
43.24795150756836
73.24674224853516
41.196868896484375
47.05333709716797
30.590103149414062
48.0793571472168
47.827186584472656
23.1638126373291
29.785253524780273
42.88159942626953
63.53782653808594
55.35026550292969
34.23222351074219
36.508426666259766
42.94097900390625
28.97010040283203
32.180625915527344
21.150867462158203
20.722652435302734
63.557334899902344
49.474082946777344
83.6748046875
32.42511749267578
22.381568908691406
33.37846755981445
18.66892433166504
41.422916412353516
50.787879943847656
37.896488189697266
29.879228591918945
44.02741241455078
47.50196075439453
42.18861389160156
23.6190128326416
51.383827209472656
84.4160385131836
21.00490379333496
83.5611572265625
33.14430618286133
63.57981491088867
54.799964904785156
38.486175537109375
54.84755325317383
55.83469009399414
25.533527374267578
61.13587188720703
45.499324798583984
49.26862716674805
31.37436866760254
33.91667556762695
51.83809280395508
46.615989685058594
40.84026336669922
40.21236038208008
58.81643295288086
45.5424919128418
38.41404342651367
40.751121520996094
28.268815994262695
33.51876449584961
48.59292984008789
40.290889739990234
35.38567352294922
38.51674270629883
42.608009338378906
37.684146881103516
32.76029968261719
19.533857345581055
18.98802947998047
48.6789436340332
50.01327896118164
47.938087463378906
30.177793502807617
41.958953857421875
48.5139045715332
49.70378494262695
68.21722412109375
21.869985580444336
21.477693557739258
39.60293197631836
30.73317527770996
78.58341979980469
48.32790756225586
63.12413787841797
30.128114700317383
55.72534942626953
23.701400756835938
46.03178024291992
61.77804183959961
28.949020385742188
39.879051208496094
19.452117919921875
26.40760040283203
23.48796272277832
41.019737243652344
30.086471557617188
56.58540344238281
66.80278778076172
28.152263641357422
41.19599533081055
39.197418212890625
21.158645629882812
46.16307830810547
64.28767395019531
42.88347244262695
46.34688949584961
30.71356201171875
19.15850067138672
45.97227096557617
63.542606353759766
30.005189895629883
28.619985580444336
59.04913330078125
30.795785903930664
27.659605026245117
11.110718727111816
41.71384048461914
35.824913024902344
25.772809982299805
49.18378829956055
41.04755783081055
27.827272415161133
34.718528747558594
55.31406784057617
39.72079086303711
78.52312469482422
33.887474060058594
47.31903839111328
33.94028091430664
32.845706939697266
54.68216323852539
30.401042938232422
4.698583602905273
31.311710357666016
41.634521484375
41.74876022338867
22.46461296081543
37.0103874206543
38.5618896484375
45.81281280517578
48.178192138671875
31.48088836669922
52.11943435668945
33.10938262939453
50.91315460205078
41.558753967285156
43.970550537109375
42.576114654541016
43.3361701965332
17.475025177001953
34.230873107910156
30.824172973632812
52.298770904541016
36.03675842285156
31.186006546020508
31.53150749206543
19.37875747680664
48.932838439941406
30.670412063598633
43.879859924316406
31.439067840576172
41.1366081237793
55.976356506347656
61.4516716003418
28.62731170654297
36.69873046875
38.79482650756836
47.326072692871094
45.03070068359375
35.28339385986328
27.61914825439453
32.580284118652344
37.273868560791016
22.344953536987305
29.178524017333984
48.09427261352539
31.64171028137207
47.102195739746094
24.002483367919922
48.8900146484375
33.89316177368164
28.738412857055664
72.29265594482422
35.02316665649414
44.91866683959961
39.58243942260742
64.5881118774414
16.12308692932129
44.61974334716797
20.7823486328125
29.05036735534668
55.940433502197266
45.018798828125
56.77962875366211
23.623470306396484
49.28914260864258
16.084585189819336
17.608440399169922
29.665538787841797
45.6391716003418
17.911767959594727
41.92519760131836
15.898538589477539
16.306795120239258
38.82173156738281
33.24939727783203
37.61958312988281
19.605112075805664
61.14598846435547
30.364192962646484
63.092140197753906
45.677791595458984
37.777713775634766
35.658390045166016
45.281471252441406
29.6881103515625
42.60995864868164
43.18172073364258
28.33255386352539
40.575645446777344
28.63994026184082
37.84904479980469
48.06055450439453
44.13158416748047
32.54717254638672
30.45374298095703
53.67679214477539
31.625656127929688
39.655826568603516
48.41378402709961
49.868221282958984
24.1707820892334
65.44698333740234
42.45261764526367
24.847232818603516
34.993980407714844
35.18556213378906
43.658138275146484
44.77750778198242
22.330263137817383
40.0214729309082
32.70973205566406
34.06902313232422
53.04197692871094
18.289934158325195
37.62672805786133
67.18939208984375
52.587894439697266
30.706871032714844
32.23394012451172
32.01584243774414
40.77349090576172
22.400081634521484
22.69318962097168
58.09157943725586
71.38224792480469
32.68526840209961
55.46026611328125
52.61268615722656
30.03697395324707
42.341697692871094
24.973834991455078
44.640380859375
11.196645736694336
62.860137939453125
51.8124885559082
26.802364349365234
42.86636734008789
52.18268966674805
49.18602752685547
32.60396194458008
59.50439453125
34.02698516845703
36.95656967163086
33.60661315917969
20.153873443603516
34.6898193359375
11.034204483032227
31.570125579833984
22.23027229309082
18.97452163696289
37.156410217285156
9.497352600097656
52.11479949951172
32.11825180053711
53.11234664916992
59.06648635864258
49.14863586425781
48.61976623535156
62.03207778930664
30.057884216308594
22.94406509399414
71.56671142578125
36.436485290527344
36.76021957397461
51.63627243041992
36.70639419555664
61.01013946533203
36.40113830566406
53.511322021484375
31.60376739501953
28.626689910888672
21.431806564331055
36.74560546875
37.860572814941406
46.50959014892578
48.602657318115234
43.65846633911133
41.68168258666992
24.00684356689453
41.53525924682617
41.86878204345703
49.42519760131836
44.141815185546875
48.93280029296875
68.17539978027344
31.573379516601562
54.1893310546875
31.34888458251953
53.286415100097656
39.76295852661133
62.02143096923828
18.90761947631836
49.56853485107422
62.45481491088867
18.603971481323242
43.162960052490234
30.970617294311523
38.420188903808594
24.54332160949707
62.93102264404297
79.43151092529297
13.5003662109375
55.73699188232422
69.7867431640625
54.61225128173828
44.308597564697266
39.55891036987305
61.162418365478516
52.3411979675293
31.883010864257812
44.5997428894043
84.04410552978516
47.1533203125
44.07954406738281
27.835765838623047
55.55879592895508
70.312744140625
47.71527099609375
35.56716537475586
49.10341262817383
43.253421783447266
45.536346435546875
43.729915618896484
30.328834533691406
26.84874725341797
27.616016387939453
81.36185455322266
22.870845794677734
31.228591918945312
48.262569427490234
69.67184448242188
40.090599060058594
49.49217987060547
50.549781799316406
32.41526794433594
22.947532653808594
55.36819839477539
60.25812911987305
26.763168334960938
51.03143310546875
21.037996292114258
28.522951126098633
41.321617126464844
43.52567672729492
38.2617073059082
53.97184371948242
24.92007827758789
34.78478240966797
24.56060218811035
46.75675582885742
71.3053970336914
27.4830322265625
35.346778869628906
43.649662017822266
23.371387481689453
26.133211135864258
56.74456024169922
26.442121505737305
49.36277770996094
67.78384399414062
48.22057342529297
63.76357650756836
57.04015350341797
51.918521881103516
33.46965408325195
26.4483699798584
38.91753005981445
76.60448455810547
27.396947860717773
39.25361251831055
31.75737190246582
52.158721923828125
40.79331970214844
31.386417388916016
46.14118194580078
40.30153274536133
63.674468994140625
20.645156860351562
53.813934326171875
21.120031356811523
55.73274612426758
16.977418899536133
33.739952087402344
67.15106201171875
45.53304672241211
44.92510223388672
45.77691650390625
45.93794631958008
40.660438537597656
34.431190490722656
20.74986457824707
67.30796813964844
32.65673828125
35.797943115234375
30.52920150756836
39.365501403808594
23.50787925720215
33.24899673461914
35.3252067565918
29.493745803833008
28.128868103027344
40.78999710083008
53.259429931640625
40.18165588378906
54.76970291137695
33.297035217285156
14.84737777709961
61.84967803955078
39.54383850097656
33.850318908691406
30.712656021118164
47.86834716796875
37.619449615478516
15.650176048278809
23.13938331604004
46.603546142578125
48.981666564941406
36.861106872558594
46.17554473876953
44.95344543457031
46.384849548339844
34.47141647338867
78.3414306640625
55.43019104003906
27.061349868774414
50.208194732666016
34.66081237792969
33.98942947387695
28.77336883544922
43.56737518310547
33.83363723754883
37.318603515625
14.24897575378418
81.68767547607422
44.02466583251953
27.948514938354492
30.762916564941406
28.07387351989746
33.531620025634766
16.653017044067383
28.4679012298584
31.68684196472168
40.120689392089844
51.40022277832031
45.126068115234375
22.925212860107422
45.835933685302734
37.988590240478516
23.35448455810547
26.6158447265625
58.73544692993164
40.220726013183594
18.957090377807617
41.49388885498047
39.74711227416992
52.88159942626953
49.54429626464844
46.71887969970703
20.113779067993164
27.681211471557617
54.54447937011719
36.90058135986328
39.158504486083984
58.50825119018555
22.04952621459961
51.255165100097656
36.38384246826172
51.07802200317383
72.05191802978516
34.403465270996094
27.15317153930664
36.12587356567383
19.232473373413086
55.8881950378418
34.64912033081055
39.165321350097656
47.32511520385742
44.96664047241211
22.08176040649414
49.154605865478516
42.73348617553711
31.581483840942383
33.7751350402832
32.93547821044922
23.672426223754883
41.57093811035156
24.52398109436035
50.29624557495117
58.69550323486328
82.81071472167969
56.4276008605957
45.09002685546875
54.032325744628906
33.10368728637695
37.85853958129883
32.095035552978516
18.695842742919922
30.363370895385742
67.33515167236328
41.31103515625
26.726167678833008
18.180484771728516
37.388771057128906
48.05701446533203
38.85420227050781
51.2597770690918
42.93934631347656
67.57620239257812
42.07209396362305
58.53303146362305
67.17495727539062
20.392343521118164
56.93048095703125
42.220497131347656
65.32878112792969
47.08707046508789
53.46821594238281
46.637001037597656
36.4671630859375
60.7754020690918
32.20858383178711
34.46907043457031
29.332294464111328
26.182085037231445
50.751583099365234
34.23462677001953
64.19270324707031
38.829322814941406
14.064753532409668
17.739437103271484
35.59983444213867
61.05233383178711
33.534088134765625
36.18159866333008
61.05674362182617
35.48002243041992
13.175247192382812
30.878747940063477
52.082576751708984
50.30901336669922
64.28633880615234
25.720829010009766
34.87776565551758
70.78273010253906
34.00858688354492
43.43022537231445
30.583303451538086
31.922243118286133
26.214141845703125
35.79737854003906
43.023990631103516
29.35576057434082
36.2564582824707
30.988157272338867
19.0494441986084
76.30860137939453
39.10380172729492
27.847793579101562
37.21493148803711
52.26279067993164
55.86765670776367
24.755508422851562
45.17327880859375
47.60332489013672
35.11117935180664
41.47736740112305
44.51454544067383
72.81307220458984
8.442638397216797
68.94554138183594
43.13825225830078
18.10763168334961
42.258113861083984
35.6443977355957
26.604206085205078
35.77210998535156
61.995819091796875
61.36453628540039
50.59366989135742
44.72128677368164
35.529354095458984
24.582801818847656
24.322694778442383
54.530738830566406
29.597314834594727
12.784066200256348
33.8388671875
43.933345794677734
51.480201721191406
40.505165100097656
43.202117919921875
18.960229873657227
16.603965759277344
48.03031921386719
48.07474899291992
30.178789138793945
40.746971130371094
30.697635650634766
20.408445358276367
74.98308563232422
40.194541931152344
47.430625915527344
51.206275939941406
35.576271057128906
33.98952102661133
17.721004486083984
56.169525146484375
41.73371887207031
23.46296501159668
44.54817199707031
27.87155532836914
56.1652946472168
44.39254379272461
30.146936416625977
48.60802459716797
37.47041702270508
60.192928314208984
37.80435562133789
29.6667537689209
46.57856750488281
37.371700286865234
52.01819610595703
50.10142135620117
64.81792449951172
29.251657485961914
48.917274475097656
27.954999923706055
32.66470718383789
22.17759132385254
60.240882873535156
37.503421783447266
38.4248046875
34.22041320800781
31.62026596069336
19.365978240966797
50.24391174316406
46.19260025024414
75.03141021728516
46.25579071044922
43.913516998291016
44.27865219116211
27.631864547729492
42.89301681518555
37.59904479980469
42.19268035888672
54.686279296875
36.667320251464844
25.577434539794922
31.975563049316406
43.8496208190918
17.849275588989258
37.61363220214844
11.94969367980957
14.986454963684082
38.0988655090332
48.02459716796875
54.947975158691406
39.428321838378906
31.894636154174805
30.287473678588867
39.010841369628906
61.377281188964844
39.27202224731445
54.257240295410156
62.294097900390625
26.915864944458008
36.52210998535156
70.07007598876953
24.71757698059082
59.67158508300781
34.7890739440918
58.539886474609375
20.828330993652344
29.013290405273438
28.784160614013672
43.82609176635742
36.91865158081055
40.36637496948242
31.721132278442383
35.16107177734375
41.85942459106445
28.122283935546875
36.49263381958008
32.19584655761719
33.53300476074219
20.010726928710938
49.19924545288086
51.946781158447266
39.18055725097656
52.84123611450195
47.00847244262695
45.375736236572266
22.107004165649414
39.10940933227539
44.1664924621582
40.279762268066406
29.16918182373047
35.91130447387695
32.15479278564453
32.089412689208984
31.970237731933594
22.46809959411621
45.20053482055664
37.23672866821289
34.297550201416016
27.177169799804688
30.83972930908203
26.135574340820312
24.73136329650879
48.22172546386719
33.282413482666016
42.53135681152344
23.45060920715332
28.4638614654541
46.14838409423828
43.383201599121094
42.47107696533203
33.99024200439453
23.52709197998047
60.24966812133789
61.48551940917969
37.92430877685547
47.38734436035156
36.68666458129883
13.482889175415039
26.036571502685547
57.44275665283203
33.00046920776367
41.41880798339844
46.04105758666992
9.507467269897461
36.77553176879883
45.175167083740234
31.246562957763672
12.302288055419922
12.292228698730469
44.156761169433594
33.136322021484375
58.5615119934082
43.611759185791016
29.07080841064453
49.88591384887695
37.839683532714844
45.460418701171875
24.997549057006836
30.831993103027344
28.289596557617188
25.908979415893555
18.50629234313965
33.9403190612793
32.63487243652344
31.495071411132812
45.73223114013672
31.178634643554688
39.81453323364258
32.202144622802734
47.85896682739258
38.18352127075195
37.90733337402344
51.03251266479492
23.687196731567383
33.60426330566406
55.79160690307617
45.5870361328125
45.527809143066406
28.8311824798584
37.88275909423828
52.4989128112793
35.182167053222656
32.966651916503906
32.447532653808594
39.97382354736328
69.88912200927734
23.861608505249023
36.36896514892578
54.137638092041016
32.72503662109375
43.657684326171875
44.06789016723633
43.060176849365234
32.10480880737305
32.09915542602539
37.91838073730469
38.576263427734375
56.234466552734375
35.148658752441406
53.76814270019531
18.738035202026367
51.16874313354492
49.416019439697266
55.88132858276367
33.021400451660156
35.56629180908203
84.44317626953125
51.47407150268555
35.5485725402832
20.650394439697266
54.843231201171875
61.63540267944336
37.01222229003906
43.11818313598633
55.11122131347656
46.84042739868164
29.700855255126953
50.33799362182617
47.4218635559082
55.281280517578125
84.70152282714844
33.54623794555664
55.572757720947266
36.06645202636719
43.10151290893555
42.361114501953125
32.4137077331543
40.74555587768555
65.75320434570312
27.036603927612305
26.711463928222656
36.56953048706055
21.076013565063477
52.215946197509766
37.47397994995117
67.72489929199219
21.697509765625
51.984291076660156
49.687339782714844
17.546897888183594
13.773941993713379
31.37213134765625
36.72028350830078
38.95831298828125
38.36711883544922
56.37665557861328
46.27486038208008
36.951454162597656
47.62641525268555
60.30244827270508
32.94522476196289
17.331613540649414
46.992122650146484
40.0775260925293
33.69749069213867
47.360137939453125
79.42102813720703
43.2488899230957
33.09048080444336
35.06341552734375
28.877685546875
59.47141647338867
52.042945861816406
50.165523529052734
46.05180740356445
28.08139419555664
44.66713333129883
31.808134078979492
32.824703216552734
38.85704803466797
49.801918029785156
35.11513137817383
30.4731388092041
36.426177978515625
29.264724731445312
29.586015701293945
34.281959533691406
40.42835998535156
88.37316131591797
32.225364685058594
72.6153793334961
43.279022216796875
28.282081604003906
55.03396987915039
34.65727615356445
37.22188186645508
52.803768157958984
40.45490646362305
31.37305450439453
38.44559860229492
45.058284759521484
70.73765563964844
23.087194442749023
72.79602813720703
42.39979553222656
18.66156005859375
50.298377990722656
40.92014694213867
45.21214294433594
47.32528305053711
45.950172424316406
34.45349884033203
30.346351623535156
42.82698440551758
32.63446044921875
74.3311538696289
43.47285461425781
64.40486907958984
56.71420669555664
37.77914810180664
37.34788131713867
47.43814468383789
38.70245361328125
64.42205047607422
40.82508850097656
38.102935791015625
64.1384506225586
24.297300338745117
81.2022476196289
19.18829345703125
55.28270721435547
27.143342971801758
69.76213073730469
43.045284271240234
43.983787536621094
61.48660659790039
84.22578430175781
26.582948684692383
34.23405075073242
15.280655860900879
18.949907302856445
7.4241204261779785
33.78567886352539
27.560476303100586
56.236427307128906
19.867103576660156
31.838991165161133
32.63765335083008
52.80632781982422
28.246723175048828
28.817119598388672
58.862239837646484
73.85358428955078
70.98863220214844
26.98733901977539
57.603355407714844
53.26795196533203
34.87252426147461
55.72151184082031
60.48941421508789
46.32083511352539
36.19585418701172
19.51385498046875
32.87250518798828
22.337047576904297
33.43307876586914
53.617164611816406
23.090320587158203
53.176849365234375
51.67133712768555
40.286014556884766
14.95958137512207
76.31534576416016
72.26963806152344
59.00248336791992
57.70357894897461
19.61022186279297
28.834211349487305
48.089107513427734
26.2369327545166
48.56487274169922
14.742742538452148
12.112778663635254
