78.07113647460938
103.34815216064453
89.72787475585938
51.11416244506836
105.47892761230469
128.38229370117188
142.48641967773438
103.55023193359375
79.49801635742188
90.72756958007812
116.92134094238281
76.96090698242188
116.6773681640625
103.7896957397461
91.0594482421875
154.67892456054688
115.0044937133789
76.80175018310547
114.67041778564453
101.10819244384766
103.80403137207031
105.1978988647461
104.53614044189453
102.72956085205078
103.00968170166016
156.07115173339844
64.76303100585938
117.49205780029297
63.64422607421875
102.69975280761719
90.88299560546875
90.3004379272461
117.09293365478516
90.40003204345703
103.65304565429688
91.06793212890625
77.48213958740234
76.86640930175781
77.57207489013672
129.59597778320312
102.85655212402344
129.44960021972656
154.24822998046875
153.49986267089844
103.13318634033203
128.48291015625
76.42350006103516
78.21427917480469
78.44904327392578
103.92191314697266
128.9701385498047
128.05201721191406
88.28923797607422
102.11238098144531
104.18898010253906
153.1464385986328
102.6723861694336
89.0238037109375
102.55493927001953
127.57467651367188
114.27304077148438
117.54280853271484
153.0017547607422
76.50408172607422
105.03083801269531
52.941009521484375
89.50484466552734
77.3376693725586
114.79764556884766
90.72299194335938
63.7721061706543
104.8383560180664
114.05681610107422
155.11898803710938
64.11449432373047
140.7431640625
126.505126953125
140.64938354492188
89.60226440429688
139.8861846923828
75.62168884277344
90.46349334716797
140.14588928222656
115.01375579833984
140.69900512695312
77.29066467285156
101.66999053955078
113.96800994873047
140.793701171875
127.63982391357422
76.67794799804688
140.7118682861328
127.37679290771484
114.48689270019531
113.91533660888672
126.57273864746094
89.2457275390625
100.218505859375
87.14317321777344
115.45899963378906
113.79798126220703
127.51761627197266
88.41423034667969
127.34156036376953
76.68035888671875
88.82815551757812
114.46829986572266
113.70932006835938
91.13471221923828
64.33879089355469
89.67601776123047
89.42525482177734
102.2220230102539
76.02714538574219
78.06349182128906
101.02447509765625
127.0242919921875
125.94709014892578
74.86320495605469
127.66902160644531
101.05810546875
100.77906799316406
112.99918365478516
77.72020721435547
126.74614715576172
115.90412902832031
89.05268859863281
50.79431915283203
88.18476104736328
102.97955322265625
101.4024887084961
101.2419204711914
102.15296936035156
101.75264739990234
88.29859161376953
113.32261657714844
177.67430114746094
100.5494384765625
75.63123321533203
112.13957214355469
89.06683349609375
125.95726013183594
111.49420928955078
114.31372833251953
139.57064819335938
126.08377075195312
100.8741226196289
100.28778839111328
87.77064514160156
125.46529388427734
140.66831970214844
88.25165557861328
137.58444213867188
100.6974105834961
74.87979125976562
75.25342559814453
114.3823471069336
111.5451889038086
100.03152465820312
136.3147430419922
88.617919921875
136.5167236328125
135.598388671875
76.89713287353516
112.45877838134766
111.47064971923828
88.62834167480469
100.1778335571289
102.72444915771484
98.6839599609375
99.9833755493164
115.30586242675781
88.11505126953125
123.90599060058594
99.70044708251953
137.8737335205078
137.87637329101562
110.90553283691406
99.74874114990234
113.17354583740234
124.42520141601562
113.27432250976562
50.793888092041016
74.15959167480469
87.73172760009766
61.3731575012207
100.63636016845703
98.51850891113281
125.77859497070312
135.09751892089844
87.46615600585938
73.71803283691406
62.77849197387695
111.04814910888672
88.19351959228516
137.3461151123047
135.99835205078125
87.00455474853516
98.81395721435547
110.8144760131836
48.77848434448242
62.5208740234375
111.73930358886719
109.6682357788086
112.43211364746094
112.05001068115234
74.3638916015625
124.65020751953125
109.60352325439453
112.08804321289062
146.51902770996094
109.16546630859375
85.73428344726562
97.85134887695312
110.8206558227539
75.65387725830078
121.59619140625
96.36898803710938
72.71326446533203
124.6268081665039
98.395751953125
74.30276489257812
99.32947540283203
110.81136322021484
61.10247802734375
95.44225311279297
119.77854919433594
97.86531829833984
62.73679733276367
110.72942352294922
122.54319763183594
111.33490753173828
60.8088264465332
96.32777404785156
132.3790740966797
85.2354507446289
86.06326293945312
109.2230453491211
122.18566131591797
122.24630737304688
87.30440521240234
74.78036499023438
97.87268829345703
85.25699615478516
96.5700454711914
122.71514892578125
62.26563262939453
122.73753356933594
96.97257232666016
86.1887435913086
98.76533508300781
122.07304382324219
98.23448181152344
110.9223861694336
97.6850357055664
60.91099548339844
96.3056640625
120.63127899169922
74.0661849975586
121.10428619384766
109.63626861572266
97.9783706665039
73.70914459228516
83.52242279052734
85.76555633544922
96.88530731201172
121.54154968261719
96.27798461914062
156.3413848876953
97.46678924560547
96.78854370117188
108.98081970214844
132.89248657226562
122.314453125
73.18011474609375
96.5525131225586
109.72899627685547
48.623077392578125
96.60557556152344
120.65766143798828
111.09980010986328
35.833824157714844
107.61405181884766
73.3764419555664
61.45068359375
60.73579025268555
107.91694641113281
60.63402557373047
72.13111114501953
108.23589324951172
143.16893005371094
60.60675811767578
107.60506439208984
85.30506134033203
97.85391235351562
97.26414489746094
96.79214477539062
120.78411865234375
71.3348388671875
83.16836547851562
84.00592041015625
95.1544418334961
133.68418884277344
60.01120376586914
84.3164291381836
72.98633575439453
119.16861724853516
95.56085968017578
95.9214096069336
83.96367645263672
121.20379638671875
83.44771575927734
97.08961486816406
94.39024353027344
59.56361389160156
72.29434204101562
96.00328063964844
73.14911651611328
130.69021606445312
108.13347625732422
71.097412109375
96.08101654052734
49.47657012939453
83.4361801147461
118.7043228149414
84.90555572509766
60.84221267700195
133.091796875
109.26447296142578
71.33139038085938
94.41649627685547
94.54317474365234
140.5917510986328
94.90835571289062
82.06653594970703
116.8346176147461
120.45893859863281
117.82066345214844
60.178253173828125
82.31105041503906
120.48014831542969
60.663719177246094
95.06639099121094
95.65462493896484
107.3006820678711
37.56331253051758
95.33840942382812
141.7764892578125
94.08563995361328
83.06893157958984
82.28971862792969
94.62677764892578
118.63848114013672
81.87890625
82.75951385498047
129.7844696044922
129.4970703125
107.76387023925781
118.96390533447266
93.7282943725586
118.53350830078125
72.08889770507812
108.2530288696289
94.1994857788086
95.27638244628906
94.38875579833984
83.01834106445312
93.51811218261719
93.48299407958984
115.93678283691406
70.7431411743164
142.34927368164062
82.296875
82.41438293457031
82.78592681884766
107.69888305664062
116.5168685913086
81.99921417236328
59.965721130371094
128.48731994628906
82.53646087646484
106.24369812011719
104.59922790527344
82.94682312011719
82.27657318115234
94.17154693603516
69.94625854492188
105.48258209228516
104.12355041503906
127.59040069580078
84.20833587646484
82.37505340576172
129.62181091308594
118.17015838623047
83.27291870117188
120.08091735839844
107.82593536376953
103.93968200683594
139.36463928222656
116.2286376953125
82.6066665649414
107.49246978759766
104.8328628540039
83.33660888671875
118.51612091064453
105.31796264648438
102.69593811035156
102.7220458984375
58.43196105957031
69.28301239013672
140.3167724609375
105.58877563476562
116.7794189453125
139.68972778320312
138.0729522705078
106.31226348876953
81.5798568725586
117.0953140258789
94.073974609375
59.18098831176758
126.8317642211914
71.06336975097656
92.9392318725586
35.53433609008789
129.81192016601562
82.06019592285156
130.344482421875
103.28002166748047
70.65336608886719
118.88094329833984
59.04053497314453
81.2052001953125
81.4877700805664
114.28189849853516
92.88982391357422
114.40089416503906
47.63264846801758
80.22370910644531
71.02227783203125
94.4176025390625
105.5555419921875
106.02232360839844
116.5384521484375
81.88043975830078
70.6678466796875
106.6328353881836
163.10067749023438
102.5421371459961
105.49362182617188
104.94940185546875
93.01557922363281
91.82894897460938
81.56818389892578
80.3300552368164
91.33672332763672
92.4895248413086
57.947715759277344
105.42132568359375
140.25494384765625
82.5859375
103.20557403564453
139.2275848388672
116.77989959716797
69.04569244384766
35.68998336791992
70.63121795654297
81.39640045166016
138.67483520507812
81.06352996826172
92.92249298095703
103.81246185302734
57.05451965332031
89.90371704101562
70.21365356445312
82.5114974975586
114.8635482788086
118.17086791992188
59.05674743652344
93.22471618652344
101.98136901855469
105.02056884765625
115.60131072998047
128.87576293945312
80.35983276367188
92.07646179199219
115.85918426513672
69.680419921875
103.84619140625
93.57078552246094
126.20011901855469
91.11526489257812
114.75033569335938
70.38874053955078
79.15340423583984
128.75918579101562
104.13792419433594
58.53278350830078
58.237369537353516
82.33959197998047
115.33255767822266
93.21683502197266
90.41064453125
70.6761474609375
102.6873550415039
105.35382080078125
129.2471923828125
71.09027099609375
126.20835876464844
115.51483917236328
58.186256408691406
92.6900405883789
70.6192626953125
102.13776397705078
93.82347869873047
126.73881530761719
80.32240295410156
103.16655731201172
102.29959869384766
90.56206512451172
138.22703552246094
105.46350860595703
69.64854431152344
126.79954528808594
70.2068099975586
170.6920166015625
80.99072265625
105.11602783203125
105.14070129394531
47.787925720214844
102.3616714477539
91.37531280517578
80.0997085571289
91.86935424804688
92.40831756591797
113.36444854736328
92.48062133789062
69.08238983154297
92.75089263916016
59.58903503417969
68.56883239746094
94.4288558959961
105.004638671875
81.96974182128906
101.9469223022461
125.33821868896484
34.905799865722656
67.61244201660156
69.60781860351562
104.77320098876953
80.12812805175781
68.45875549316406
114.8251953125
80.25851440429688
91.66830444335938
113.93476104736328
102.97974395751953
102.3806381225586
81.13764953613281
70.53324890136719
79.49359130859375
103.28517150878906
115.2057876586914
101.50458526611328
91.62413024902344
122.4306640625
80.2065200805664
56.152748107910156
81.01846313476562
81.29248046875
80.50064086914062
90.87591552734375
100.31694030761719
114.49895477294922
102.87054443359375
91.744873046875
80.52792358398438
44.98320388793945
124.41905975341797
69.28114318847656
69.41487884521484
114.20914459228516
112.54261016845703
114.67166900634766
146.44268798828125
123.81040954589844
80.20667266845703
68.70873260498047
80.03773498535156
78.94800567626953
99.46357727050781
81.26730346679688
90.32417297363281
81.7392807006836
68.6556625366211
104.0921630859375
104.2646484375
93.57404327392578
104.51499938964844
81.06892395019531
90.3792724609375
112.50699615478516
92.09199523925781
80.11241912841797
91.88618469238281
58.554813385009766
104.69181823730469
81.20610809326172
88.4088134765625
68.62661743164062
82.22711944580078
58.88051223754883
57.58563995361328
101.85210418701172
80.510498046875
56.33869171142578
90.33485412597656
102.02674102783203
68.07743835449219
111.1976318359375
127.40135955810547
102.24913024902344
112.91815185546875
102.58946990966797
69.92367553710938
79.0921401977539
91.22417449951172
102.83771514892578
102.18309783935547
57.12230682373047
80.70559692382812
135.2975311279297
102.93708038330078
94.17183685302734
98.64898681640625
87.52434539794922
133.49041748046875
126.42076110839844
101.97602081298828
102.58976745605469
69.55289459228516
91.69480895996094
79.53047180175781
81.55290222167969
78.30010986328125
125.65135192871094
88.9585952758789
33.94742202758789
147.01046752929688
47.76870346069336
77.9616470336914
102.12303924560547
79.72702026367188
69.62781524658203
89.43640899658203
114.37932586669922
123.72283935546875
64.94452667236328
68.61589813232422
92.40674591064453
79.41488647460938
77.06169128417969
110.67733764648438
100.14886474609375
111.20568084716797
101.75033569335938
91.41681671142578
103.58661651611328
124.0050048828125
102.8980712890625
47.636600494384766
57.76338195800781
78.06220245361328
111.45185852050781
77.29655456542969
77.7235107421875
100.14801788330078
78.31517028808594
104.09293365478516
92.73799133300781
55.39487075805664
78.52812194824219
91.69947814941406
112.36618041992188
91.35530090332031
92.1615982055664
122.79251861572266
101.1227035522461
113.48271179199219
90.2307357788086
68.77842712402344
89.70993041992188
67.33799743652344
126.88548278808594
122.46052551269531
78.21209716796875
136.3214569091797
89.10807800292969
91.39532470703125
101.80169677734375
111.25666809082031
103.07374572753906
79.29405975341797
89.92585754394531
90.00667572021484
90.78070831298828
122.9283447265625
79.8572998046875
111.57599639892578
70.10700988769531
111.85404968261719
70.59947204589844
92.63185119628906
113.80403900146484
101.94580841064453
89.62303161621094
80.62538146972656
57.90424346923828
111.86686706542969
79.15918731689453
78.2370834350586
121.95894622802734
57.26970291137695
126.6740951538086
69.45806884765625
91.02423095703125
124.85910034179688
79.10679626464844
121.568115234375
122.86383056640625
46.06678771972656
123.81880187988281
101.58988952636719
89.62702941894531
112.66831970214844
10.581521987915039
77.12933349609375
104.65118408203125
98.51679992675781
77.16553497314453
135.22889709472656
113.14983367919922
90.78143310546875
139.01283264160156
79.11117553710938
107.74972534179688
45.5842399597168
66.52880096435547
66.10286712646484
80.734130859375
44.9096794128418
67.9527587890625
78.2593002319336
124.86126708984375
134.13401794433594
67.898681640625
112.12007141113281
90.79183959960938
90.5399398803711
92.61294555664062
103.48497772216797
89.35405731201172
90.41021728515625
128.2522430419922
91.8111572265625
89.44715118408203
86.78842163085938
90.90589904785156
90.25326538085938
101.88479614257812
77.47404479980469
112.55721282958984
109.39221954345703
56.146846771240234
67.62481689453125
79.3134536743164
93.09725952148438
125.97245025634766
144.28004455566406
123.98091888427734
112.16845703125
102.5183334350586
66.31343841552734
75.23934173583984
78.8252944946289
79.95352935791016
58.393062591552734
114.7261734008789
78.29017639160156
118.9049301147461
100.58094787597656
87.23865509033203
99.29206085205078
58.31446075439453
132.0716094970703
136.35421752929688
88.02876281738281
11.673562049865723
67.99889373779297
87.87161254882812
112.24761199951172
79.18917846679688
124.5214614868164
76.27957153320312
137.963134765625
103.41478729248047
90.98589324951172
85.92113494873047
61.617618560791016
71.20145416259766
99.53627014160156
103.12115478515625
77.79312133789062
114.65345764160156
44.48290252685547
45.19845962524414
117.14096069335938
56.634578704833984
77.73026275634766
110.56787109375
110.16810607910156
121.65103912353516
58.39854431152344
122.35749053955078
85.63973236083984
89.33778381347656
101.23907470703125
63.95501708984375
118.1980972290039
96.82762908935547
80.4315185546875
96.02318572998047
89.28416442871094
101.1739730834961
94.64096069335938
87.44622039794922
88.4940414428711
76.74088287353516
68.55717468261719
58.0528678894043
59.74317169189453
76.40848541259766
56.953670501708984
85.97496032714844
112.38674926757812
88.4797592163086
78.0437240600586
56.07571029663086
56.29220199584961
89.84867095947266
78.48831939697266
90.02041625976562
120.2238998413086
110.47103118896484
89.92411041259766
54.08094024658203
89.18741607666016
90.56538391113281
77.4786605834961
100.0137710571289
114.83246612548828
84.36455535888672
57.51538848876953
102.81438446044922
53.01053237915039
56.392032623291016
88.37260437011719
99.21971130371094
95.91425323486328
69.29075622558594
98.17155456542969
92.47987365722656
56.251441955566406
56.00136947631836
78.4557113647461
104.51213836669922
114.77023315429688
90.23204040527344
80.49864196777344
90.58086395263672
55.54373550415039
121.90818786621094
98.93025970458984
63.13197708129883
85.18376159667969
57.02075958251953
93.01050567626953
133.8984832763672
67.12797546386719
84.374267578125
79.3313980102539
85.55926513671875
110.04605865478516
77.45954132080078
81.62408447265625
69.55023956298828
84.26750946044922
62.15768814086914
122.21155548095703
121.06134033203125
112.15873718261719
110.70167541503906
90.62305450439453
78.63666534423828
82.6368637084961
102.50334167480469
85.60723876953125
88.84577941894531
110.19546508789062
128.6071319580078
99.02384948730469
91.35554504394531
43.837493896484375
63.59115982055664
77.02749633789062
109.48072814941406
79.4066162109375
102.3454818725586
124.73340606689453
80.56151580810547
103.8719253540039
98.07621765136719
56.389488220214844
90.07100677490234
94.85311889648438
85.20064544677734
88.65168762207031
110.25873565673828
101.77135467529297
90.247314453125
100.37141418457031
88.00765228271484
90.28173065185547
118.50312042236328
54.19612503051758
91.39124298095703
87.60684967041016
110.68949127197266
118.00325012207031
89.34601593017578
66.68214416503906
81.2115249633789
101.31745910644531
85.8602523803711
87.62448120117188
85.38207244873047
106.75598907470703
120.26618957519531
87.4842758178711
100.45307922363281
110.51567077636719
63.25914764404297
100.34284210205078
84.12480163574219
90.54782104492188
75.52001953125
126.03987884521484
89.92512512207031
113.9759750366211
96.50244140625
91.3620376586914
100.80796813964844
91.98115539550781
86.75872039794922
43.491668701171875
76.23837280273438
66.33289337158203
77.03112030029297
86.36369323730469
55.87617492675781
102.14746856689453
63.97419738769531
97.61854553222656
100.29920959472656
64.72564697265625
90.12368774414062
111.76819610595703
40.938926696777344
70.3067398071289
86.20758056640625
43.029335021972656
111.1940689086914
88.41043090820312
79.27957153320312
73.82503509521484
52.9660758972168
78.23988342285156
88.89492797851562
112.83895111083984
79.75146484375
98.81265258789062
63.83146286010742
84.91650390625
84.25982666015625
95.73097229003906
110.96492767333984
44.94760513305664
75.62007904052734
97.44085693359375
108.7857437133789
86.47488403320312
145.3784942626953
41.70379638671875
67.0938949584961
99.9841079711914
47.75079345703125
41.80379867553711
95.91781616210938
87.10393524169922
67.41669464111328
95.87013244628906
65.79124450683594
75.51748657226562
94.96109008789062
55.99521255493164
80.77252197265625
109.32769012451172
76.70618438720703
65.60079956054688
98.03680419921875
94.6576156616211
86.33110046386719
76.71307373046875
109.9760971069336
124.61236572265625
89.08609771728516
91.08245849609375
88.07975769042969
87.6378402709961
112.89151000976562
107.78233337402344
86.21833038330078
102.74192810058594
99.29100799560547
87.0992660522461
66.55768585205078
88.83423614501953
107.990478515625
99.86860656738281
90.8026351928711
82.11039733886719
85.03459167480469
118.66082000732422
149.73202514648438
50.61248779296875
105.37178039550781
87.90522003173828
88.15249633789062
99.59602355957031
77.80791473388672
90.20561218261719
114.34273529052734
55.134521484375
110.028564453125
96.0491943359375
109.03079223632812
75.61528778076172
65.50846862792969
85.44312286376953
74.37857818603516
81.36295318603516
76.9347915649414
98.2292709350586
91.15093994140625
107.82803344726562
65.83724975585938
90.19782257080078
61.54151916503906
75.53343200683594
52.75865173339844
107.0985107421875
83.66325378417969
108.1014633178711
91.34634399414062
53.07277297973633
99.31989288330078
102.06625366210938
67.05902862548828
109.7424545288086
72.2212142944336
68.8187255859375
91.21241760253906
74.32937622070312
88.15730285644531
74.29932403564453
80.48583221435547
76.63496398925781
77.3291244506836
97.21435546875
64.22312927246094
107.9784927368164
119.47465515136719
132.4437713623047
106.6164779663086
93.79154205322266
94.1876449584961
55.078887939453125
110.330810546875
51.42637634277344
111.01374053955078
90.8329849243164
64.70782470703125
115.55391693115234
65.17689514160156
110.30854034423828
55.67327880859375
68.70462036132812
51.115325927734375
111.4698257446289
67.23210144042969
101.27915954589844
70.09779357910156
94.90689086914062
107.89019012451172
115.54378509521484
83.81932830810547
99.16124725341797
58.044944763183594
109.76405334472656
65.1864242553711
106.67645263671875
103.07584381103516
83.35181427001953
95.31314849853516
89.68368530273438
117.84212493896484
100.7642822265625
117.97262573242188
108.20886993408203
61.44977951049805
89.29718780517578
96.42940521240234
109.60504150390625
65.06120300292969
106.34765625
120.36497497558594
107.3046875
76.59151458740234
84.11983489990234
97.59919738769531
77.39313507080078
123.12796020507812
71.76290893554688
78.2966079711914
111.71646881103516
63.1414680480957
66.01805114746094
78.1749267578125
96.7363052368164
118.2468490600586
112.01085662841797
69.10200500488281
95.12317657470703
78.23754119873047
72.0172119140625
78.12572479248047
64.98348999023438
86.9556655883789
110.93596649169922
76.54822540283203
123.58468627929688
80.35385131835938
94.94841003417969
78.67491149902344
82.26066589355469
121.49889373779297
70.02371978759766
75.62260437011719
85.82025909423828
19.522987365722656
61.77854537963867
103.02547454833984
41.30500030517578
95.5301284790039
80.4129638671875
55.808780670166016
90.76416015625
103.67623901367188
80.3874282836914
44.778602600097656
65.17388153076172
75.18818664550781
103.65318298339844
48.27326202392578
48.0791015625
77.5809555053711
96.78682708740234
63.96511459350586
84.22466278076172
100.01924133300781
56.815555572509766
75.74494934082031
51.767032623291016
97.79624938964844
99.11685180664062
109.88868713378906
96.7278823852539
95.19805145263672
116.34677124023438
81.77045440673828
84.35840606689453
39.894798278808594
54.75094985961914
88.02845001220703
103.74087524414062
117.94837188720703
73.4992904663086
84.57437896728516
85.88756561279297
94.09027862548828
77.79096221923828
94.92974090576172
86.89749908447266
63.35075759887695
44.88935470581055
49.62574005126953
87.30611419677734
134.4407501220703
53.410736083984375
146.7571258544922
125.11358642578125
84.53707122802734
102.0604248046875
79.00990295410156
52.34311294555664
87.08168029785156
65.4854507446289
57.52716827392578
67.08316802978516
77.40459442138672
106.25347137451172
116.17805480957031
103.99411010742188
66.01543426513672
73.4611587524414
89.46250915527344
57.695037841796875
74.58604431152344
88.81246948242188
41.41738510131836
81.29357147216797
95.0578384399414
119.84537506103516
100.20101165771484
101.0743408203125
118.5711898803711
83.95674896240234
84.5553970336914
61.97189712524414
112.7132797241211
85.5865707397461
94.7898941040039
71.1486587524414
121.94857788085938
72.3526611328125
71.8599853515625
102.15980529785156
74.59963989257812
54.48565673828125
45.59135818481445
90.85505676269531
117.43106079101562
115.51488494873047
71.80142974853516
68.19249725341797
57.28935623168945
99.54849243164062
64.48584747314453
107.82221221923828
90.69576263427734
78.14344787597656
109.63683319091797
79.77107238769531
86.53097534179688
54.4555549621582
84.22559356689453
105.61207580566406
99.85945892333984
99.54959869384766
107.94794464111328
74.92119598388672
63.967628479003906
78.20620727539062
97.98008728027344
60.9537239074707
65.09777069091797
71.14990997314453
77.10283660888672
102.15763854980469
83.08148956298828
105.76912689208984
74.46363830566406
96.53433990478516
85.28305053710938
124.23381805419922
98.75853729248047
81.25316619873047
62.881919860839844
81.87156677246094
77.86018371582031
75.36756896972656
109.4056625366211
87.88594818115234
136.3284912109375
72.98213958740234
102.96849060058594
123.61637878417969
67.99702453613281
100.28111267089844
72.00670623779297
73.20320129394531
78.31422424316406
76.58490753173828
76.95968627929688
32.941078186035156
79.04389953613281
60.17835235595703
82.8741455078125
93.80728149414062
100.87401580810547
76.49819946289062
127.30317687988281
92.98222351074219
79.2978515625
62.300559997558594
103.03184509277344
99.56466674804688
75.32291412353516
92.84371948242188
83.9081039428711
62.09990692138672
110.40534973144531
74.04934692382812
75.32907104492188
100.60672760009766
114.8482437133789
96.67610931396484
34.42341995239258
58.47712707519531
75.25457000732422
117.87861633300781
110.19638061523438
74.76205444335938
74.30728149414062
81.43533325195312
81.62443542480469
82.79603576660156
87.04855346679688
43.11823654174805
91.5814437866211
66.5420150756836
78.969970703125
78.05169677734375
115.8912582397461
105.28247833251953
52.36940002441406
42.50224304199219
94.78877258300781
50.97251510620117
33.652992248535156
85.0729751586914
74.27581787109375
82.12348937988281
124.20475769042969
97.80909729003906
98.13709259033203
105.0607681274414
86.46772766113281
54.19894027709961
73.9150619506836
73.86897277832031
64.67411041259766
79.13275909423828
96.37833404541016
69.46289825439453
85.44761657714844
73.52703857421875
84.62228393554688
81.81584167480469
108.6958999633789
64.4284439086914
73.06665802001953
86.00984191894531
106.8002700805664
67.44500732421875
87.07201385498047
69.64543151855469
58.84723663330078
152.33653259277344
85.2643814086914
46.57263946533203
120.99610900878906
86.85011291503906
80.88662719726562
108.37091827392578
77.49880981445312
90.94915771484375
92.43138122558594
73.15362548828125
77.02828216552734
97.56620788574219
32.24278259277344
72.85729217529297
76.06414031982422
68.78694152832031
68.22908020019531
75.24153900146484
52.624755859375
57.527931213378906
134.44802856445312
76.69052124023438
97.1141128540039
83.23918914794922
106.263916015625
85.5240249633789
84.48323059082031
100.62444305419922
61.592044830322266
73.0809326171875
54.23560333251953
78.58110046386719
71.29468536376953
52.032623291015625
86.35536193847656
60.428680419921875
50.093971252441406
106.7916030883789
98.61903381347656
104.30502319335938
61.32653045654297
42.099403381347656
103.5772933959961
40.87946701049805
86.38093566894531
44.42304992675781
80.77609252929688
122.36400604248047
102.29669952392578
74.06413269042969
101.49258422851562
106.78079986572266
91.04302215576172
95.10005950927734
63.33146667480469
86.00599670410156
129.207275390625
87.73689270019531
52.15607452392578
90.02568054199219
92.70314025878906
85.24454498291016
66.4726333618164
78.25997161865234
91.07820892333984
79.74724578857422
75.1413345336914
97.59445190429688
84.2642822265625
58.511512756347656
85.9052734375
39.444034576416016
48.01462936401367
89.06988525390625
69.06356048583984
77.5797348022461
112.34521484375
98.47171783447266
90.21540832519531
94.63247680664062
40.51471710205078
89.7640380859375
108.00397491455078
99.57310485839844
88.64276123046875
130.6271209716797
73.76676940917969
80.01749420166016
67.63044738769531
104.95352172851562
107.5301742553711
65.36300659179688
66.10946655273438
87.49535369873047
96.57830810546875
71.9749755859375
72.14151763916016
63.740623474121094
51.10710906982422
82.10379791259766
80.82078552246094
79.36543273925781
65.27400970458984
119.97496795654297
65.64031982421875
75.43931579589844
115.72032165527344
23.56431007385254
51.54426574707031
89.34192657470703
89.52726745605469
71.32010650634766
81.87458801269531
109.50960540771484
73.2247543334961
112.17585754394531
115.19841766357422
108.50706481933594
125.72908020019531
32.52091979980469
71.51244354248047
61.34932327270508
97.73424530029297
64.01178741455078
83.36821746826172
73.63667297363281
56.827545166015625
87.48097229003906
73.39134979248047
75.874267578125
110.46719360351562
87.4736557006836
92.29437255859375
77.70553588867188
91.46974182128906
62.63730239868164
75.30619812011719
105.18973541259766
74.12854766845703
68.02729797363281
94.87870025634766
114.56764221191406
70.81475067138672
65.18687438964844
83.90482330322266
86.9636459350586
83.73039245605469
84.57085418701172
54.80095672607422
41.08189392089844
66.33672332763672
54.77737808227539
53.57332229614258
85.53372955322266
82.24605560302734
64.99102783203125
62.57500076293945
87.34578704833984
142.4044189453125
52.346309661865234
84.61054992675781
63.12477493286133
105.95760345458984
102.37342834472656
110.76304626464844
102.71235656738281
100.3763198852539
99.62024688720703
91.2657470703125
133.64024353027344
70.07890319824219
83.05357360839844
69.95608520507812
84.11861419677734
69.58306884765625
102.50311279296875
95.25743103027344
89.29708099365234
97.77647399902344
82.80447387695312
103.31318664550781
111.97425079345703
72.70892333984375
77.92849731445312
113.64639282226562
121.51358795166016
106.62506103515625
65.2754898071289
73.97666931152344
63.653282165527344
85.54655456542969
57.34858322143555
99.17340087890625
85.77173614501953
97.20557403564453
90.20984649658203
119.64967346191406
71.51396942138672
125.572509765625
67.09505462646484
42.98626708984375
85.19126892089844
124.13485717773438
93.7962875366211
72.30796813964844
111.32146453857422
102.68932342529297
92.35462951660156
116.8033218383789
108.06375122070312
88.46771240234375
77.52723693847656
53.35787582397461
118.68629455566406
125.9165267944336
88.83696746826172
63.247493743896484
80.34095001220703
105.28052520751953
69.29275512695312
96.28730010986328
69.3770980834961
98.32141876220703
104.98863983154297
44.09238052368164
54.62699890136719
53.32312774658203
87.2862319946289
69.81874084472656
73.79334259033203
117.7910385131836
99.3277359008789
84.23550415039062
86.66954803466797
85.55035400390625
68.32689666748047
89.00939178466797
53.56093215942383
93.80593872070312
122.20094299316406
93.83912658691406
88.7922134399414
66.56169128417969
94.8212661743164
88.73412322998047
105.21409606933594
61.54080581665039
73.25917053222656
52.84419631958008
107.0691909790039
110.43067932128906
63.95856857299805
78.27613830566406
91.31857299804688
70.23355102539062
39.99100112915039
63.061946868896484
74.91815948486328
58.838619232177734
94.61748504638672
50.92670440673828
99.149658203125
85.32779693603516
131.52230834960938
65.51722717285156
36.109249114990234
88.62310028076172
69.79376983642578
86.43472290039062
83.9737319946289
52.3677864074707
72.38359069824219
56.4911994934082
122.37615966796875
80.28667449951172
97.82988739013672
77.0072250366211
92.10655212402344
86.47886657714844
67.90953826904297
79.47949981689453
101.21489715576172
73.04341888427734
71.35697174072266
86.24109649658203
63.54213333129883
72.67079162597656
73.17483520507812
114.42182159423828
61.01689910888672
86.74309539794922
76.33806610107422
130.70654296875
112.90814208984375
43.803871154785156
78.78395080566406
58.33705520629883
142.96290588378906
130.37820434570312
95.66040802001953
96.49211120605469
82.08894348144531
99.13494873046875
87.17716979980469
88.32123565673828
80.26367950439453
49.63756561279297
100.4001693725586
68.40267181396484
80.36080932617188
116.2067642211914
87.13491821289062
80.0481948852539
81.95378875732422
79.6894760131836
82.0076904296875
57.09555435180664
106.44596099853516
77.41219329833984
77.8929672241211
59.78034591674805
120.94493865966797
111.88939666748047
98.80567932128906
105.23265075683594
57.31254959106445
61.241111755371094
89.90583801269531
111.89250183105469
83.82544708251953
74.43901062011719
72.21107482910156
131.46328735351562
89.6974105834961
128.0285186767578
94.50212097167969
62.93346405029297
106.7132568359375
89.60594177246094
72.6705551147461
75.32525634765625
124.97435760498047
100.23265075683594
103.17475891113281
62.324462890625
77.09127044677734
108.35990905761719
100.6321792602539
62.73798370361328
120.2979736328125
85.74396514892578
121.45223999023438
75.75593566894531
95.18653869628906
71.15489196777344
106.59383392333984
85.02694702148438
81.86109924316406
44.469627380371094
96.75232696533203
122.09270477294922
87.3421401977539
48.29128646850586
111.78138732910156
135.74732971191406
72.7994613647461
87.3170166015625
86.1128921508789
106.97109985351562
77.4934310913086
63.430686950683594
117.81925201416016
94.67845153808594
54.20783615112305
93.444091796875
84.56877899169922
80.27681732177734
90.79299926757812
116.39714050292969
62.169776916503906
84.64500427246094
87.82982635498047
50.062477111816406
62.11708068847656
85.92618560791016
59.306678771972656
67.11075592041016
72.6393051147461
77.25859069824219
86.8874282836914
89.93374633789062
70.6714096069336
65.27593231201172
84.49723052978516
112.48942565917969
77.65017700195312
71.42375183105469
66.83031463623047
100.98654174804688
69.48734283447266
74.62928009033203
135.57827758789062
72.61373901367188
85.75814819335938
65.39627075195312
118.12741088867188
73.51819610595703
94.13732147216797
87.66525268554688
61.81578826904297
60.54993438720703
88.6668930053711
100.84940338134766
95.57010650634766
103.62344360351562
74.53303527832031
107.730224609375
105.74514770507812
79.23507690429688
96.78742980957031
104.23345184326172
107.97822570800781
77.12259674072266
70.6829833984375
78.6641616821289
108.58516693115234
76.38394927978516
100.13333129882812
103.94784545898438
57.37208557128906
118.7630615234375
74.41522979736328
66.98289489746094
93.98978424072266
18.83266258239746
84.75871276855469
43.358787536621094
75.50885009765625
106.9017562866211
96.5191879272461
118.986083984375
107.834716796875
74.17092895507812
90.96241760253906
87.65662384033203
71.29488372802734
89.7791519165039
118.24112701416016
62.24684524536133
81.11199188232422
91.6771011352539
62.05024337768555
125.76346588134766
72.32904815673828
94.32420349121094
97.43778991699219
103.69185638427734
81.3381576538086
67.65937042236328
73.80146789550781
86.35026550292969
69.77458953857422
122.80741882324219
90.94930267333984
83.90963745117188
95.13053894042969
82.87181854248047
84.78221130371094
105.96656799316406
73.01657104492188
72.40538024902344
106.42573547363281
76.30387878417969
122.75553131103516
57.11459732055664
102.88975524902344
59.693965911865234
74.64936065673828
51.255489349365234
88.14241027832031
85.62531280517578
74.69540405273438
105.58599853515625
96.20880126953125
91.8769302368164
71.67964935302734
101.5107192993164
43.28286361694336
100.37379455566406
102.9374008178711
77.55738830566406
86.30435943603516
94.36127471923828
111.50849914550781
102.34671020507812
87.41758728027344
93.29069519042969
52.68974685668945
121.25933074951172
79.1252212524414
51.33408737182617
85.36884307861328
49.16729736328125
52.49201583862305
78.26373291015625
71.4359359741211
64.33065032958984
94.29352569580078
75.5398941040039
73.37432098388672
75.23334503173828
86.33672332763672
109.82736206054688
69.9375
118.01997375488281
50.83589172363281
86.656005859375
115.4495849609375
138.36001586914062
65.14276885986328
83.83731079101562
110.65152740478516
112.10154724121094
61.163326263427734
69.1615219116211
60.826786041259766
74.34845733642578
98.92816925048828
47.35883331298828
104.94960021972656
108.41323852539062
94.64976501464844
83.65158081054688
98.63286590576172
106.80644989013672
91.01644134521484
84.8953628540039
76.61894989013672
70.39456939697266
98.46434783935547
96.54790496826172
71.68717193603516
87.42009735107422
100.3043441772461
105.43383026123047
87.03494262695312
89.83148193359375
60.808719635009766
97.15696716308594
43.771331787109375
83.31625366210938
83.3115463256836
118.01616668701172
102.38972473144531
67.98959350585938
88.9809341430664
111.21066284179688
86.47196197509766
61.40056228637695
84.47410583496094
55.215816497802734
75.30458068847656
80.28458404541016
42.825443267822266
80.1717300415039
48.645301818847656
85.40007781982422
105.07390594482422
65.80368041992188
61.53752899169922
68.59925842285156
70.47772216796875
97.67876434326172
107.30622863769531
44.846710205078125
91.0373764038086
102.13109588623047
86.13500213623047
105.51720428466797
69.99380493164062
97.93953704833984
106.93107604980469
31.31877899169922
77.15194702148438
67.29953002929688
82.20267486572266
57.64679718017578
78.98799896240234
109.25141143798828
50.237525939941406
93.5643081665039
86.5933609008789
129.65957641601562
113.35472869873047
83.76353454589844
56.56502151489258
71.92400360107422
80.24658966064453
62.407413482666016
85.80209350585938
40.72315979003906
96.32846069335938
82.9410171508789
70.56105041503906
119.22938537597656
103.30560302734375
75.43328857421875
76.00242614746094
71.73755645751953
37.83208465576172
91.61402130126953
21.49131965637207
99.91938781738281
103.8639907836914
76.66541290283203
115.33998107910156
86.0586166381836
75.14950561523438
71.34228515625
98.75545501708984
70.25708770751953
109.44082641601562
83.51337432861328
102.50504302978516
89.05473327636719
101.6255874633789
101.41927337646484
39.58601760864258
98.18973541259766
72.05517578125
57.64155197143555
49.912010192871094
95.71300506591797
136.8270721435547
63.32616424560547
110.71183776855469
71.11113739013672
71.30680084228516
69.58423614501953
70.81600952148438
119.63349151611328
97.9508285522461
73.18065643310547
63.38521194458008
90.05885314941406
70.89000701904297
83.53129577636719
50.870182037353516
135.55628967285156
101.72496795654297
97.005859375
68.21324920654297
85.1529312133789
72.45806884765625
83.45621490478516
80.5011215209961
94.7531509399414
79.62251281738281
25.361616134643555
85.22783660888672
86.525390625
75.94917297363281
63.07572555541992
69.17768859863281
57.80201721191406
103.35785675048828
99.80770874023438
98.27843475341797
47.12089920043945
61.95210266113281
80.88953399658203
78.88533020019531
71.04358673095703
92.94256591796875
66.19931030273438
53.759830474853516
122.03974151611328
85.65511322021484
91.04169464111328
120.54960632324219
97.60013580322266
51.45315933227539
54.3651008605957
107.80339050292969
87.83161163330078
108.20833587646484
72.86945343017578
92.95540618896484
98.13011169433594
77.64205169677734
102.63511657714844
78.91304016113281
55.18263626098633
52.923561096191406
96.57592010498047
99.77940368652344
24.78142547607422
88.77593231201172
89.79326629638672
44.5262565612793
65.88814544677734
76.51382446289062
47.0806770324707
38.821651458740234
96.32827758789062
105.17381286621094
51.5692024230957
66.64517211914062
77.00737762451172
40.65596389770508
85.24136352539062
96.54502868652344
75.05309295654297
76.71602630615234
80.27804565429688
99.61943054199219
53.17534637451172
65.6192855834961
67.7998275756836
90.9991455078125
92.99324798583984
70.57219696044922
63.239566802978516
87.35186767578125
74.51879119873047
72.9342269897461
86.41448974609375
97.66080474853516
116.32899475097656
60.49121856689453
67.84696197509766
75.44522857666016
72.44485473632812
59.95906448364258
108.08451843261719
50.65357208251953
61.639591217041016
64.43488311767578
43.3901252746582
65.1832046508789
35.12009811401367
85.54985046386719
117.57380676269531
70.55510711669922
91.6079330444336
78.84464263916016
70.26724243164062
103.7156753540039
74.81912994384766
105.75607299804688
115.56732177734375
62.6463623046875
80.88263702392578
59.28208923339844
111.28324890136719
82.0304946899414
85.64370727539062
118.05631256103516
78.01566314697266
47.71244812011719
55.85136413574219
103.36602783203125
96.69983673095703
90.09927368164062
40.48834991455078
79.1567153930664
109.03243255615234
75.82655334472656
94.2685546875
52.32294464111328
59.58490753173828
87.73150634765625
69.35029602050781
87.51139068603516
80.39180755615234
103.23104858398438
111.03245544433594
81.74005126953125
139.0501251220703
66.72270202636719
94.48261260986328
38.55095672607422
126.71350860595703
97.83198547363281
55.275535583496094
101.30701446533203
66.48870086669922
84.60842895507812
90.55986785888672
102.92200469970703
88.63932037353516
100.84088134765625
95.91307830810547
98.93583679199219
57.95558166503906
85.8665771484375
78.13732147216797
52.69353103637695
55.884185791015625
39.3321647644043
86.21639251708984
92.78182220458984
66.67550659179688
72.20623779296875
83.34921264648438
83.1671371459961
64.25497436523438
115.06387329101562
64.67233276367188
47.77653121948242
64.0416030883789
88.36956787109375
99.00110626220703
67.28033447265625
92.63981628417969
67.01905059814453
102.49665832519531
92.96766662597656
74.45281982421875
98.78560638427734
110.68856811523438
100.23136901855469
86.3698501586914
77.65122985839844
93.55134582519531
57.67873764038086
90.44293975830078
99.59442901611328
60.34587097167969
49.16624450683594
68.8805160522461
110.82005310058594
133.713134765625
64.93827056884766
74.23421478271484
96.01803588867188
84.3055648803711
67.2506332397461
114.25862884521484
85.29541778564453
157.26687622070312
79.8492202758789
52.11993408203125
94.6336669921875
64.24072265625
92.3776626586914
47.041133880615234
79.44459533691406
99.36676788330078
92.16531372070312
49.44707107543945
80.87728118896484
125.22545623779297
77.2784652709961
45.8953742980957
95.73208618164062
80.99722290039062
117.83161926269531
79.64035034179688
79.06961059570312
81.77474212646484
71.30387115478516
72.48722839355469
79.11736297607422
84.1895980834961
103.1947021484375
57.71741485595703
52.71619415283203
78.26567840576172
86.09326171875
74.79281616210938
37.1620979309082
79.90946960449219
72.67144012451172
51.31507873535156
42.52653121948242
78.9276123046875
69.3408432006836
46.85808181762695
85.02909088134766
44.44985580444336
104.12627410888672
100.49311828613281
85.48564147949219
69.31456756591797
89.95022583007812
76.27643585205078
58.38700485229492
66.05985260009766
80.98414611816406
67.01426696777344
65.3158950805664
92.13970184326172
63.157073974609375
50.81698226928711
72.8241958618164
105.1671371459961
78.12447357177734
106.21109008789062
103.967529296875
50.67517852783203
67.13934326171875
65.93255615234375
93.95519256591797
31.23697853088379
124.30225372314453
64.42623901367188
114.03147888183594
72.71307373046875
71.03307342529297
108.91325378417969
80.97393035888672
55.57973861694336
74.10253143310547
92.7446517944336
110.10946655273438
78.26310729980469
58.48219299316406
91.50519561767578
48.872962951660156
95.22600555419922
79.04843139648438
99.21944427490234
44.672943115234375
74.92752838134766
84.44554901123047
86.15060424804688
73.21622467041016
118.539306640625
75.79044342041016
78.64109802246094
87.94019317626953
86.60680389404297
72.03201293945312
96.72384643554688
57.137977600097656
75.06763458251953
74.69076538085938
87.02713775634766
94.5614013671875
115.43282318115234
64.04076385498047
89.97645568847656
61.97180938720703
26.785539627075195
66.80935668945312
62.19808578491211
86.85880279541016
95.51963806152344
92.05464935302734
65.18529510498047
34.238983154296875
76.38526153564453
108.33187103271484
94.18666076660156
72.65625
70.83799743652344
76.78346252441406
122.38139343261719
65.84339141845703
116.1231689453125
92.6114273071289
128.19000244140625
66.05186462402344
118.77534484863281
41.012001037597656
100.02986907958984
81.12367248535156
87.85355377197266
77.04749298095703
101.85929870605469
63.67936706542969
86.76884460449219
71.08203887939453
78.73495483398438
71.71678161621094
105.51885223388672
144.40956115722656
75.83924865722656
94.63086700439453
69.12830352783203
78.26477813720703
39.169349670410156
47.58393478393555
68.77147674560547
65.042236328125
90.94322967529297
69.7219009399414
60.98183822631836
91.95001983642578
67.72279357910156
104.28145599365234
91.6312255859375
60.51829528808594
88.21897888183594
105.28009033203125
85.88384246826172
120.8570556640625
74.84088134765625
61.67920684814453
76.83689880371094
78.52725982666016
82.086181640625
95.70626068115234
98.35081481933594
77.17778015136719
68.64894104003906
81.83655548095703
78.17078399658203
80.65868377685547
63.454769134521484
124.20414733886719
86.8493881225586
32.12034606933594
106.29254150390625
102.83985137939453
69.00067901611328
59.46269607543945
92.32112884521484
122.34327697753906
82.10367584228516
97.88961029052734
45.166011810302734
77.17169189453125
124.19059753417969
48.39764404296875
76.55127716064453
68.74015808105469
91.43289947509766
97.03350830078125
75.09864044189453
104.48841094970703
78.61125183105469
82.57916259765625
76.77664947509766
82.69242095947266
96.97181701660156
71.82147979736328
115.1727066040039
86.83792877197266
43.73978042602539
26.924976348876953
86.07521057128906
74.4971923828125
82.71726989746094
94.61925506591797
73.06108856201172
83.00314331054688
84.52857208251953
68.14862060546875
75.70130157470703
52.87478256225586
53.9523811340332
105.21060943603516
50.08280563354492
79.63011932373047
88.30908966064453
91.62635803222656
78.86459350585938
89.5072021484375
96.30155944824219
84.33063507080078
91.37097930908203
90.59613800048828
58.49333190917969
105.18109130859375
87.7283935546875
109.98896789550781
63.57757568359375
52.13774108886719
95.11339569091797
48.01919174194336
82.72614288330078
80.09861755371094
82.71162414550781
105.31745147705078
94.82066345214844
44.87539291381836
82.34881591796875
49.79821014404297
87.92333221435547
93.64871978759766
78.71408081054688
64.70665740966797
96.19109344482422
37.317657470703125
110.50879669189453
71.9444580078125
71.75486755371094
44.37971115112305
96.85884094238281
51.028594970703125
76.36442565917969
60.11085891723633
46.57212448120117
78.42063903808594
69.28504943847656
84.31361389160156
80.8563003540039
50.8157958984375
101.65143585205078
100.91232299804688
92.05170440673828
67.40327453613281
70.86387634277344
110.26951599121094
105.9327163696289
77.36251068115234
104.33928680419922
79.91168212890625
85.77342987060547
89.28120422363281
95.16584777832031
87.45021057128906
85.70732116699219
97.07489776611328
72.12335968017578
61.051536560058594
97.24140167236328
107.60501861572266
89.26264190673828
84.07366943359375
96.95629119873047
106.55562591552734
99.25352478027344
64.19123840332031
49.14106369018555
74.05963897705078
91.68932342529297
62.00675964355469
92.44847106933594
43.63161849975586
69.63579559326172
86.17938995361328
76.49077606201172
78.3922348022461
84.94689178466797
45.22536849975586
76.9262466430664
59.20990753173828
93.26367950439453
51.202781677246094
110.35263061523438
96.56757354736328
50.991249084472656
116.31774139404297
73.16423034667969
94.5551528930664
39.561546325683594
80.87097930908203
63.57352828979492
72.76032257080078
71.28675079345703
62.548580169677734
96.0257797241211
111.1895980834961
62.85593032836914
97.08480834960938
83.68648529052734
87.12472534179688
64.62309265136719
93.68229675292969
46.858341217041016
80.71286010742188
86.66944885253906
109.96564483642578
84.394775390625
48.747928619384766
76.3593521118164
41.61343002319336
63.41209030151367
97.51863861083984
94.44014739990234
102.12874603271484
77.94295501708984
127.77012634277344
86.28787994384766
80.06944274902344
107.09795379638672
70.5726318359375
76.92742919921875
59.9217414855957
86.1761245727539
83.9327163696289
59.64765548706055
90.91744995117188
38.40624237060547
67.15030670166016
50.919281005859375
67.24832916259766
104.2396240234375
72.67639923095703
82.34696960449219
84.70184326171875
69.925048828125
42.708866119384766
69.2882080078125
42.700618743896484
78.72250366210938
98.10448455810547
130.9078369140625
91.37991333007812
94.40315246582031
75.53611755371094
75.77114868164062
121.28234100341797
99.87185668945312
95.02105712890625
110.44818878173828
77.57039642333984
48.97579574584961
78.37753295898438
95.71198272705078
109.11064147949219
80.06524658203125
59.09521484375
68.99834442138672
46.424739837646484
64.11165618896484
64.69709777832031
95.37276458740234
91.45443725585938
113.8228530883789
81.49349212646484
79.80438232421875
86.77379608154297
53.64577865600586
113.85042572021484
92.09461975097656
102.83546447753906
83.426513671875
73.29936981201172
52.49700164794922
73.51315307617188
93.8199462890625
60.7823371887207
64.80986022949219
79.7660140991211
87.43295288085938
94.0210189819336
83.40387725830078
112.38782501220703
97.44763946533203
71.55241394042969
115.12499237060547
65.36585235595703
67.4517593383789
83.25835418701172
96.45741271972656
68.14930725097656
74.73539733886719
80.97827911376953
89.76288604736328
71.8766860961914
69.48741912841797
87.77078247070312
93.95169067382812
93.96965789794922
105.55874633789062
59.12543869018555
88.85221099853516
97.47312927246094
74.48458099365234
104.68073272705078
110.396240234375
96.74800109863281
77.14263153076172
85.6668701171875
69.72393798828125
81.3426284790039
102.52104187011719
73.34845733642578
90.2883071899414
74.20576477050781
87.47598266601562
100.4072265625
82.30883026123047
107.71513366699219
98.85175323486328
77.63546752929688
92.01044464111328
81.93946838378906
62.133750915527344
65.23983001708984
95.64508056640625
107.3000717163086
69.4437255859375
108.50090789794922
85.15631103515625
105.63473510742188
66.77227020263672
69.62928009033203
114.93025207519531
97.63782501220703
106.6552505493164
109.31130981445312
78.15196228027344
72.97120666503906
49.638694763183594
51.3598747253418
50.43939208984375
55.266357421875
69.25357818603516
80.68885040283203
74.2018814086914
69.69161224365234
81.66996765136719
64.40351867675781
60.35563278198242
100.9167251586914
83.22626495361328
83.05763244628906
67.31237030029297
92.66910552978516
67.64171600341797
77.55058288574219
91.20890045166016
90.41117858886719
71.39723205566406
62.29512023925781
77.71710205078125
65.46715545654297
46.203304290771484
91.58599853515625
61.11952590942383
72.09477996826172
77.16105651855469
66.9479751586914
79.12159729003906
68.8814697265625
79.59980010986328
64.12150573730469
72.67507934570312
46.50397872924805
84.48030853271484
115.72525024414062
84.07913208007812
90.3517837524414
91.05418395996094
61.175445556640625
53.257240295410156
79.00213623046875
81.19696807861328
90.10503387451172
94.29476928710938
95.15269470214844
56.734535217285156
81.80267333984375
88.55455017089844
117.53273010253906
74.24299621582031
110.11769104003906
94.5828857421875
54.499698638916016
93.91350555419922
55.54157257080078
83.01683044433594
50.58491897583008
79.69001007080078
111.34552764892578
89.89460754394531
112.12266540527344
72.68612670898438
90.3011703491211
74.21332550048828
84.69696044921875
55.321632385253906
83.65032958984375
84.10089111328125
79.1548843383789
63.181739807128906
59.953121185302734
47.59065628051758
94.15499877929688
108.76445770263672
78.49205017089844
95.03163146972656
117.83861541748047
50.175331115722656
88.77641296386719
98.07868194580078
105.1142349243164
77.87495422363281
61.7853889465332
75.55258178710938
66.26776885986328
75.2879638671875
70.52240753173828
44.76333999633789
131.9103546142578
74.1514663696289
115.76223754882812
66.62116241455078
59.204978942871094
90.8655776977539
34.82920455932617
57.8023796081543
87.40912628173828
84.8749008178711
65.79493713378906
110.57438659667969
60.50740051269531
83.29866790771484
94.18450927734375
60.978206634521484
76.37767791748047
50.35538101196289
84.8475570678711
89.80646514892578
77.50772094726562
119.87274169921875
65.12604522705078
55.201961517333984
67.33399963378906
78.4128646850586
100.92471313476562
66.47460174560547
67.58462524414062
52.87041091918945
71.03520202636719
60.817726135253906
81.18550872802734
93.18687438964844
33.40631103515625
119.07254028320312
113.34530639648438
110.10063934326172
97.49494171142578
76.09339904785156
66.667724609375
62.45945739746094
72.16725158691406
52.55289840698242
91.38858032226562
78.29376220703125
91.79039001464844
90.36115264892578
69.4981689453125
54.09296417236328
112.96855926513672
87.32976531982422
64.37126922607422
83.11632537841797
57.894107818603516
60.51535415649414
74.49742126464844
91.98029327392578
60.72386169433594
67.12677001953125
67.21107482910156
77.14959716796875
63.54063034057617
66.12812042236328
84.42040252685547
76.60192108154297
74.09176635742188
60.02788543701172
98.91991424560547
57.75148010253906
87.01866149902344
80.45722198486328
110.66796112060547
51.44916534423828
95.62394714355469
121.82600402832031
65.44561767578125
32.03120803833008
78.00069427490234
71.00354766845703
103.09490966796875
97.01944732666016
60.968170166015625
68.88419342041016
80.15880584716797
67.2469253540039
62.02434158325195
62.47804260253906
69.7871322631836
77.92144775390625
73.50578308105469
100.98334503173828
102.15325927734375
84.80027770996094
83.79093170166016
66.67582702636719
73.92868041992188
73.73859405517578
88.50466918945312
80.92993927001953
74.57930755615234
33.64112854003906
71.1847152709961
51.2361946105957
30.513221740722656
75.32026672363281
66.7237777709961
82.7174072265625
90.53366088867188
80.9100570678711
28.805105209350586
82.51605224609375
122.84019470214844
70.21778869628906
45.85734176635742
71.4386978149414
92.19883728027344
88.96464538574219
65.6314926147461
74.6222915649414
66.77587127685547
71.41417694091797
