44.16404342651367
47.75991439819336
52.891273498535156
60.6236457824707
49.054935455322266
47.65333938598633
58.21723556518555
37.499515533447266
36.201175689697266
32.75795364379883
27.08704948425293
35.18257522583008
44.55593490600586
31.314443588256836
22.405479431152344
15.537382125854492
53.31856155395508
41.49041748046875
21.504379272460938
45.717716217041016
52.43403625488281
49.38949203491211
44.79466247558594
37.27406311035156
39.426856994628906
39.498558044433594
41.99917984008789
54.547279357910156
61.27400588989258
20.70549964904785
42.77769470214844
38.26589584350586
60.75010681152344
23.18840789794922
17.021230697631836
30.21967315673828
44.147666931152344
40.49012756347656
40.7762565612793
30.426429748535156
40.59485626220703
30.720224380493164
47.689125061035156
42.642608642578125
32.272705078125
44.529296875
33.51090621948242
55.02127456665039
28.14150619506836
46.62045669555664
31.035327911376953
30.87576675415039
19.49334716796875
50.295501708984375
44.80723571777344
48.12157440185547
36.53438949584961
41.122581481933594
58.6374626159668
46.450538635253906
46.995452880859375
41.159400939941406
32.55931091308594
21.304424285888672
30.277536392211914
54.69203567504883
43.17543411254883
39.30242156982422
59.83185577392578
34.804561614990234
40.56353759765625
39.85519027709961
57.78463363647461
34.11750793457031
16.925512313842773
23.760757446289062
59.04472732543945
55.87759017944336
44.350711822509766
31.03417205810547
21.618846893310547
50.44239044189453
31.515745162963867
29.78550148010254
25.3243465423584
41.82172775268555
34.84572219848633
35.368980407714844
29.839906692504883
3.387615442276001
41.5525016784668
38.468379974365234
70.03264617919922
36.778167724609375
50.385982513427734
19.375078201293945
58.51762390136719
57.48496627807617
30.592185974121094
50.4428825378418
24.483993530273438
43.05696487426758
48.217674255371094
33.468658447265625
41.86579132080078
19.29441261291504
34.98226547241211
55.51510238647461
17.82004165649414
52.49912643432617
44.505027770996094
33.319122314453125
59.026947021484375
21.083011627197266
44.2711181640625
45.90382766723633
52.53837203979492
33.44514465332031
31.072324752807617
48.39904022216797
55.93889617919922
18.641674041748047
20.733694076538086
12.63211441040039
56.37139129638672
59.03996276855469
24.55194664001465
32.26310729980469
47.2048225402832
35.13065719604492
44.47532653808594
45.8087043762207
34.648990631103516
34.35979461669922
52.373661041259766
26.6193790435791
19.739038467407227
43.510520935058594
19.82932472229004
24.837366104125977
34.92818069458008
32.87308120727539
49.69046401977539
38.39090347290039
36.478816986083984
39.62672805786133
38.19554901123047
35.81621551513672
34.91748809814453
52.80268096923828
62.51225280761719
34.10508346557617
48.11570358276367
22.058837890625
57.720821380615234
35.85193634033203
44.55552291870117
52.258541107177734
24.927490234375
33.05314636230469
50.16963195800781
52.228797912597656
28.02832794189453
63.64891052246094
47.8051643371582
52.10966110229492
32.64356994628906
56.8956413269043
32.73564147949219
45.29037094116211
47.74571990966797
43.547813415527344
25.533002853393555
32.381507873535156
32.63733673095703
69.00885009765625
71.953369140625
25.727535247802734
37.870941162109375
25.32378387451172
51.435237884521484
30.573713302612305
41.342918395996094
36.00257110595703
36.66997146606445
33.158973693847656
54.16582489013672
53.64312744140625
44.49608612060547
50.94775390625
35.610435485839844
32.73278045654297
35.67842483520508
44.42197799682617
28.70332145690918
49.51716232299805
27.1986141204834
16.440608978271484
20.538280487060547
35.741390228271484
37.62290573120117
45.74152755737305
27.559383392333984
35.28690719604492
41.11664962768555
36.78939437866211
47.40330123901367
34.87868118286133
50.25388717651367
46.277992248535156
27.173622131347656
60.26653289794922
26.061439514160156
22.71230125427246
33.82659912109375
32.76445007324219
28.346881866455078
43.88743591308594
29.713966369628906
38.72563171386719
46.16305160522461
34.309303283691406
38.34339141845703
47.22684097290039
50.11479568481445
42.578311920166016
56.9909553527832
36.478755950927734
71.28297424316406
20.956422805786133
44.1903190612793
49.46706771850586
42.507877349853516
50.67817687988281
54.7790412902832
46.88604736328125
21.803653717041016
34.30364227294922
61.26795196533203
50.16573715209961
30.83587646484375
64.64177703857422
31.887941360473633
55.54063034057617
21.212993621826172
54.2181282043457
18.352327346801758
44.91794967651367
26.28656578063965
41.892112731933594
61.489967346191406
34.59463882446289
19.47450065612793
52.80976104736328
57.6711540222168
29.753843307495117
51.934226989746094
36.534664154052734
41.63593292236328
40.611045837402344
59.917320251464844
40.10017776489258
49.6099967956543
17.4904727935791
43.95410919189453
37.423614501953125
28.20008087158203
64.5457534790039
37.640289306640625
26.513460159301758
39.57269287109375
56.35850524902344
34.740272521972656
44.04329299926758
61.55592346191406
46.7445182800293
21.54375457763672
71.08273315429688
37.938880920410156
15.20931339263916
65.8045883178711
44.47864532470703
51.90727615356445
18.545072555541992
76.85005950927734
19.909683227539062
51.477134704589844
23.612234115600586
34.33063888549805
39.11156463623047
24.414241790771484
31.998790740966797
37.96416473388672
14.714030265808105
42.424076080322266
23.58870506286621
61.07501220703125
17.707067489624023
39.734893798828125
31.271095275878906
51.45268630981445
57.08340835571289
30.815750122070312
48.898738861083984
55.866729736328125
62.429283142089844
36.101844787597656
32.77507019042969
78.33585357666016
24.31915283203125
61.368797302246094
65.69313049316406
43.512516021728516
59.92283248901367
59.89710998535156
55.185054779052734
86.16891479492188
56.68416213989258
47.97263717651367
53.46542739868164
43.88266372680664
41.45507049560547
26.941120147705078
19.003530502319336
37.012664794921875
29.183338165283203
11.842178344726562
52.16988754272461
38.82559585571289
37.06310272216797
53.8349609375
44.3765754699707
34.1486701965332
40.97809600830078
28.700084686279297
58.63258743286133
41.88241958618164
39.747314453125
58.53335952758789
44.37015914916992
27.061250686645508
37.581546783447266
23.946044921875
21.37464141845703
39.71295166015625
52.80348205566406
33.85402297973633
66.3824234008789
55.65435791015625
31.299083709716797
70.23352813720703
30.205562591552734
54.41939926147461
49.14455032348633
18.949419021606445
31.02049446105957
49.086883544921875
61.97288131713867
28.676605224609375
21.402223587036133
32.23134231567383
28.59661865234375
37.21529006958008
35.47266387939453
39.400779724121094
38.79804229736328
34.215938568115234
39.59225845336914
32.464508056640625
25.922733306884766
30.451148986816406
35.432350158691406
20.882347106933594
38.79844665527344
44.52180862426758
25.07774543762207
52.23192596435547
28.92306137084961
43.156105041503906
29.439912796020508
39.15163803100586
25.459545135498047
32.425025939941406
46.015838623046875
32.14878845214844
43.97140884399414
49.089481353759766
42.633056640625
30.216842651367188
42.67485809326172
24.539487838745117
22.685300827026367
28.434158325195312
40.116268157958984
50.14207077026367
51.57124710083008
29.76097869873047
58.527103424072266
15.928335189819336
29.529747009277344
39.44941329956055
45.34992980957031
16.969547271728516
36.93244934082031
31.473838806152344
47.866390228271484
30.227428436279297
26.677152633666992
53.55118942260742
48.53900146484375
58.46895217895508
58.193023681640625
26.77623748779297
56.930179595947266
54.955299377441406
16.792566299438477
59.757408142089844
35.76296615600586
33.14097213745117
15.097261428833008
24.058034896850586
36.507991790771484
51.40932083129883
42.21074676513672
28.564565658569336
30.922290802001953
50.3298225402832
36.253231048583984
22.574045181274414
53.57884216308594
34.54481887817383
41.0887336730957
44.73064422607422
25.920326232910156
42.11762237548828
60.55403137207031
26.61310386657715
39.395652770996094
69.7928466796875
37.58393859863281
48.31193161010742
53.26103210449219
24.445178985595703
45.98972702026367
23.95702362060547
36.52405548095703
55.213069915771484
21.48299789428711
32.17399215698242
49.761070251464844
42.46098709106445
29.442764282226562
29.285686492919922
38.443695068359375
40.449432373046875
40.384178161621094
44.92769241333008
60.99258804321289
51.04868698120117
27.067123413085938
45.21900177001953
19.378103256225586
5.386661529541016
50.77400588989258
56.789546966552734
34.678253173828125
60.51250457763672
50.492244720458984
22.13092041015625
33.785064697265625
35.04188919067383
42.35653305053711
45.18159866333008
23.644996643066406
53.00271987915039
35.97005844116211
30.38921356201172
37.3538703918457
47.80082702636719
26.667444229125977
68.29525756835938
22.341062545776367
41.205989837646484
37.78855895996094
46.27052688598633
75.17888641357422
31.236528396606445
58.986175537109375
48.45367431640625
52.76112365722656
42.134178161621094
39.60548400878906
36.29711151123047
31.60165023803711
27.31658172607422
61.17924880981445
33.1931266784668
41.5181999206543
44.66852569580078
40.60072326660156
23.954864501953125
40.86056900024414
36.893516540527344
26.809370040893555
44.415679931640625
56.494606018066406
43.86017990112305
18.931020736694336
29.09604835510254
35.37353515625
38.73392105102539
49.46311950683594
53.895713806152344
18.5441837310791
44.685157775878906
41.151729583740234
32.85908126831055
37.63439178466797
53.56916809082031
36.06005859375
28.541093826293945
29.720653533935547
36.67298126220703
55.57402801513672
21.96917724609375
38.24783706665039
37.06239700317383
13.593223571777344
26.967178344726562
38.04629135131836
61.9162483215332
36.91275405883789
49.70848083496094
9.877443313598633
44.12449645996094
30.801652908325195
59.901031494140625
50.80343246459961
20.190034866333008
57.04568099975586
58.28143310546875
21.277973175048828
80.42471313476562
15.164939880371094
30.609233856201172
22.063077926635742
41.9041633605957
26.607866287231445
3.111785650253296
35.845787048339844
23.796621322631836
53.47037887573242
38.06281661987305
28.902482986450195
29.74056053161621
59.404273986816406
50.3824462890625
37.50802230834961
48.593387603759766
55.66161346435547
38.02870178222656
37.323917388916016
61.1978645324707
53.07271957397461
29.97506332397461
20.108440399169922
33.14799880981445
54.32412338256836
14.89654541015625
41.82057571411133
20.198518753051758
54.863487243652344
36.742958068847656
82.6858901977539
34.642696380615234
50.625946044921875
19.269840240478516
54.227691650390625
40.223514556884766
52.23362731933594
34.952606201171875
46.944217681884766
63.083126068115234
45.30126953125
52.994529724121094
16.84859275817871
44.30284881591797
39.25063705444336
64.4939193725586
36.58265686035156
29.83818817138672
40.06723403930664
49.28784942626953
6.263477325439453
36.26821517944336
65.18030548095703
45.54706573486328
40.94865036010742
68.89678192138672
28.517005920410156
31.30249786376953
26.940223693847656
40.1363410949707
32.18229675292969
25.71086883544922
65.44808197021484
52.07484817504883
27.342037200927734
24.50589942932129
50.36061096191406
27.51517677307129
56.61125946044922
58.771453857421875
27.314697265625
42.446346282958984
22.339141845703125
19.336898803710938
72.51018524169922
45.808013916015625
62.78868103027344
68.9346923828125
32.6533203125
66.1705093383789
34.0795783996582
58.0683479309082
18.962419509887695
38.70044708251953
35.53878402709961
42.82261657714844
42.882232666015625
38.7247314453125
77.31230926513672
43.50859069824219
34.68571472167969
36.56380081176758
25.606449127197266
44.05204391479492
22.887378692626953
41.2305793762207
23.78148651123047
19.629940032958984
53.53925323486328
25.987337112426758
64.08538818359375
36.05897903442383
39.43853759765625
21.792722702026367
31.254802703857422
37.20175552368164
12.401872634887695
58.02845764160156
39.923828125
66.04133605957031
47.30208206176758
52.043514251708984
50.471675872802734
50.03015899658203
35.78082275390625
31.086021423339844
50.214969635009766
71.1964111328125
35.42719268798828
46.96608352661133
70.34571838378906
38.841556549072266
25.793628692626953
5.803787708282471
32.538116455078125
34.958984375
101.46753692626953
26.76949119567871
38.7625732421875
32.30601501464844
26.174684524536133
47.59981155395508
24.97910499572754
81.15715789794922
27.778745651245117
39.63539123535156
21.91310691833496
47.9235725402832
51.28208923339844
24.4920597076416
54.8687629699707
37.54049301147461
34.26102828979492
52.789405822753906
30.42376708984375
57.40958786010742
29.27184295654297
40.580787658691406
42.06718444824219
24.413028717041016
37.54631042480469
33.371360778808594
33.608646392822266
35.50128936767578
27.19915008544922
45.6248664855957
31.720661163330078
21.085079193115234
47.385135650634766
28.20551109313965
23.550121307373047
47.3277587890625
21.07077407836914
44.597190856933594
36.56061553955078
40.45420837402344
28.15303611755371
33.743839263916016
41.70880126953125
46.4742546081543
46.29460525512695
44.041648864746094
40.5738639831543
63.55296325683594
36.92947769165039
51.39752960205078
49.98491668701172
43.58977508544922
67.93144989013672
38.721920013427734
11.67410659790039
24.471145629882812
37.671173095703125
44.19209671020508
50.17008972167969
26.963764190673828
28.30473518371582
54.48735809326172
39.38790512084961
65.72374725341797
49.496402740478516
31.109935760498047
35.87954330444336
65.99957275390625
43.4973258972168
25.575469970703125
61.10841369628906
21.12786102294922
44.48067855834961
82.48385620117188
52.080345153808594
30.868518829345703
31.937841415405273
45.108516693115234
43.44672775268555
60.670379638671875
26.13544273376465
59.18751525878906
39.7468147277832
56.83683776855469
49.006591796875
38.18484115600586
6.297513961791992
57.38350296020508
57.272796630859375
48.32853317260742
35.615760803222656
29.024919509887695
51.366058349609375
58.15695571899414
52.8386116027832
9.455262184143066
48.111167907714844
32.87331008911133
35.691532135009766
56.223636627197266
38.371849060058594
10.210502624511719
17.529809951782227
26.812490463256836
37.16200256347656
33.72764587402344
40.2495002746582
62.4118766784668
53.811912536621094
41.60357666015625
66.09381866455078
76.6874008178711
34.05831527709961
16.03713035583496
31.523975372314453
64.72222900390625
62.21696853637695
21.183155059814453
28.048532485961914
27.031414031982422
58.66748046875
34.63663864135742
18.03785514831543
40.6856689453125
35.82793426513672
30.184226989746094
62.433170318603516
16.113666534423828
39.53658676147461
35.799434661865234
39.0159912109375
35.60053634643555
20.994264602661133
47.655818939208984
29.000059127807617
51.9759407043457
36.1423225402832
57.598487854003906
43.85736846923828
22.402372360229492
33.31816482543945
31.773311614990234
39.0144157409668
43.37504959106445
34.989315032958984
38.05890655517578
66.1745834350586
38.4881706237793
42.795806884765625
33.828948974609375
25.180343627929688
24.332637786865234
38.00410079956055
47.30641174316406
60.72587585449219
36.94316864013672
17.415672302246094
57.744625091552734
38.75133514404297
54.21758270263672
27.386119842529297
86.24755096435547
29.558311462402344
27.328758239746094
18.11015510559082
23.069353103637695
45.46665954589844
52.18234634399414
54.899383544921875
33.80868911743164
35.40814971923828
39.461944580078125
33.13929748535156
26.636903762817383
46.218936920166016
42.76484680175781
51.4599494934082
44.35307693481445
58.66482162475586
50.085296630859375
25.000837326049805
39.972511291503906
71.6802749633789
35.91226577758789
66.78103637695312
49.92813491821289
30.003177642822266
53.734779357910156
37.26802062988281
24.342464447021484
27.887908935546875
40.4007568359375
33.447322845458984
38.32622146606445
45.222476959228516
40.11424255371094
41.16571044921875
49.93144989013672
57.414085388183594
71.01139831542969
77.58900451660156
30.74063491821289
31.145559310913086
29.98801040649414
69.03448486328125
25.881059646606445
54.362308502197266
54.39058303833008
25.696203231811523
15.191408157348633
40.25780487060547
28.840621948242188
62.98494338989258
15.874189376831055
42.67180252075195
24.368389129638672
49.79674530029297
37.5985107421875
54.13210678100586
23.238170623779297
69.56938171386719
56.968936920166016
44.84611892700195
48.740596771240234
55.728614807128906
46.82711410522461
46.05364990234375
51.665855407714844
42.10475158691406
38.09519958496094
60.84593200683594
29.5331974029541
30.594722747802734
35.634185791015625
32.2583122253418
15.436847686767578
39.182159423828125
44.4931755065918
36.597049713134766
21.256797790527344
43.454708099365234
44.20291519165039
55.79056167602539
67.72513580322266
25.641727447509766
25.911720275878906
22.230998992919922
30.633663177490234
33.951934814453125
40.628501892089844
33.535335540771484
48.883094787597656
33.74510955810547
62.106353759765625
53.8089714050293
18.386274337768555
23.978317260742188
34.27730178833008
56.10895919799805
40.74928665161133
30.25507926940918
40.02748107910156
22.439022064208984
48.80046463012695
49.816001892089844
21.340606689453125
55.00496292114258
57.52253341674805
50.85877227783203
56.606285095214844
55.22498321533203
41.40464401245117
62.78068923950195
52.42533493041992
36.47836685180664
49.67037582397461
21.312379837036133
57.06926345825195
46.291595458984375
68.82035064697266
41.63685989379883
32.40247344970703
11.270636558532715
46.11615753173828
13.911552429199219
42.74160385131836
53.27054977416992
49.083065032958984
26.3792781829834
30.312353134155273
46.36167526245117
61.586971282958984
37.54475021362305
64.37393188476562
47.09262466430664
31.27920913696289
29.65884780883789
51.11262512207031
24.280723571777344
16.68260955810547
35.367435455322266
17.980077743530273
32.14558410644531
24.351661682128906
34.808746337890625
41.160743713378906
23.24822235107422
49.188655853271484
46.727149963378906
59.70498275756836
26.066574096679688
44.23320388793945
49.690040588378906
64.97737884521484
32.96517562866211
41.31039810180664
31.881540298461914
74.57949829101562
52.28009033203125
44.149295806884766
17.58644676208496
34.78435134887695
30.79632568359375
47.84953308105469
42.43626403808594
31.14897346496582
36.31610870361328
44.00925827026367
48.77904510498047
24.063678741455078
49.433345794677734
34.33098220825195
32.56526565551758
59.29683303833008
48.48637771606445
41.92885208129883
34.300376892089844
17.99802017211914
16.0758056640625
61.82898712158203
18.656538009643555
27.67237091064453
72.77050018310547
53.37047576904297
28.066608428955078
40.60097885131836
48.396018981933594
66.186279296875
14.391829490661621
28.317039489746094
36.89797592163086
40.308799743652344
56.025001525878906
50.572364807128906
52.887115478515625
57.8424186706543
35.00792694091797
30.706708908081055
57.090301513671875
52.71096420288086
57.86969757080078
32.089111328125
43.46438217163086
42.35369110107422
50.894203186035156
66.39041900634766
57.10768508911133
38.18157958984375
29.806671142578125
25.175655364990234
30.487539291381836
51.095977783203125
23.444894790649414
22.074609756469727
53.137733459472656
56.33495330810547
31.00896453857422
42.86650085449219
55.61557388305664
39.61752700805664
51.896270751953125
60.471534729003906
56.88484191894531
30.431650161743164
45.120765686035156
39.670936584472656
32.53044128417969
49.372108459472656
39.519168853759766
49.176513671875
21.395408630371094
33.904090881347656
41.8643913269043
50.0726432800293
52.12405014038086
42.29033279418945
76.3354721069336
50.02900314331055
40.25897979736328
36.88496398925781
30.69441032409668
29.621654510498047
67.28780364990234
35.29449462890625
51.312686920166016
37.26828384399414
36.19367980957031
49.80795669555664
48.88139343261719
57.59764862060547
53.44066619873047
60.11182403564453
42.12815475463867
46.719051361083984
44.09859848022461
23.77396583557129
56.94612503051758
39.16541290283203
36.32231521606445
43.43032455444336
47.91465377807617
35.023136138916016
28.346553802490234
35.04060745239258
8.652630805969238
30.653594970703125
28.982379913330078
31.460254669189453
44.731258392333984
22.351640701293945
74.59485626220703
32.98542785644531
42.41064453125
54.78449630737305
29.326595306396484
48.28984832763672
23.40629005432129
58.4370002746582
53.627525329589844
34.12328338623047
63.93285369873047
32.01518630981445
43.2627067565918
28.319692611694336
37.26686096191406
40.183753967285156
43.98448181152344
18.944232940673828
38.15742111206055
50.193599700927734
50.461307525634766
15.72732162475586
63.490150451660156
63.09450912475586
57.12289810180664
44.15794372558594
41.67066955566406
68.03086853027344
57.01784133911133
37.082275390625
49.64563751220703
36.047515869140625
70.11206817626953
44.89964294433594
28.693681716918945
21.90471076965332
30.523487091064453
56.071041107177734
36.89085388183594
35.86009216308594
48.77220153808594
55.38549041748047
49.01630783081055
59.59270095825195
58.90751647949219
30.24180793762207
27.854089736938477
62.61226272583008
34.125877380371094
45.460384368896484
16.147741317749023
65.45234680175781
35.19640350341797
37.13694381713867
46.39316940307617
30.859302520751953
58.9882698059082
20.294662475585938
50.79019546508789
44.0131950378418
36.07388687133789
68.44747924804688
64.04090881347656
62.37344741821289
58.296043395996094
66.94140625
65.45822143554688
57.851837158203125
55.88381576538086
45.43804168701172
61.56443405151367
53.5038948059082
40.914154052734375
31.89171600341797
42.70795822143555
29.74091148376465
33.94607925415039
45.451507568359375
7.6844868659973145
46.54216003417969
44.665138244628906
45.601173400878906
38.2340087890625
51.297847747802734
27.962444305419922
46.972469329833984
25.113698959350586
32.078407287597656
51.00851058959961
42.14636993408203
41.858516693115234
24.438751220703125
34.09882736206055
46.33633041381836
33.273494720458984
23.866910934448242
53.0396614074707
29.26763153076172
49.58671188354492
55.861202239990234
36.048973083496094
41.32643508911133
13.1846284866333
49.826969146728516
42.96238708496094
47.257484436035156
74.2995834350586
14.705525398254395
30.512821197509766
34.65030288696289
10.172340393066406
44.87550735473633
42.05793380737305
39.77128601074219
59.98420715332031
29.79336929321289
29.904083251953125
30.398338317871094
56.085140228271484
43.794105529785156
38.33572769165039
45.87642288208008
40.325809478759766
33.91436767578125
59.009971618652344
70.64759826660156
33.33208084106445
31.125476837158203
50.83843231201172
38.40070724487305
42.08799362182617
33.053794860839844
49.20506286621094
28.489471435546875
31.470603942871094
51.179325103759766
66.75019836425781
54.38852310180664
59.893714904785156
49.80059814453125
51.43307113647461
15.88046646118164
34.451786041259766
34.47699737548828
38.74863815307617
7.355473041534424
49.78268051147461
47.61492919921875
82.78019714355469
39.90190887451172
47.60615158081055
5.934627532958984
18.231815338134766
58.14276885986328
60.988075256347656
64.32706451416016
25.744522094726562
39.24424743652344
37.10963439941406
46.472511291503906
52.010948181152344
48.6423454284668
55.23733901977539
36.633811950683594
59.46247100830078
46.09272766113281
32.472415924072266
38.8179931640625
32.30389404296875
4.55544376373291
39.09756851196289
40.83951950073242
40.9899787902832
26.13692855834961
16.04328155517578
37.720863342285156
43.74196243286133
47.38846969604492
26.466623306274414
47.777835845947266
23.845111846923828
42.6800422668457
35.42860412597656
44.03071212768555
51.27975082397461
21.915727615356445
32.548194885253906
53.72975158691406
29.370365142822266
90.52220916748047
53.57370376586914
57.5548095703125
31.331178665161133
29.56060028076172
10.480368614196777
14.530160903930664
32.67095947265625
48.652740478515625
30.193559646606445
42.168983459472656
32.454837799072266
70.31182861328125
67.13660430908203
26.73677635192871
45.13529968261719
66.44075012207031
32.6916389465332
43.80345916748047
32.85902404785156
60.487762451171875
42.59759521484375
41.07487487792969
37.460208892822266
38.985137939453125
42.89688491821289
40.72489929199219
42.799617767333984
25.00394058227539
41.20284652709961
50.64925765991211
14.032266616821289
56.29802322387695
23.822856903076172
48.92532730102539
20.222503662109375
44.89368438720703
39.6498908996582
38.9245719909668
36.19504165649414
65.8786392211914
28.082551956176758
53.36784362792969
46.00802993774414
52.7350959777832
53.68561935424805
56.38824462890625
64.822998046875
45.103721618652344
57.50471878051758
60.03488540649414
23.1328125
46.736358642578125
36.10668182373047
53.82240676879883
47.661468505859375
38.5084114074707
47.44120407104492
45.35367965698242
24.248172760009766
50.63114929199219
51.69268798828125
32.513771057128906
29.44071388244629
23.422914505004883
31.560894012451172
20.02829933166504
45.514957427978516
43.47275924682617
37.85847473144531
46.593135833740234
48.72698211669922
40.83024978637695
32.1593017578125
76.49600982666016
28.976926803588867
61.78264617919922
42.477394104003906
62.57180404663086
48.02695846557617
27.401540756225586
41.1370735168457
46.288597106933594
49.92765426635742
61.41853332519531
58.11958694458008
49.274261474609375
70.29660034179688
44.8984260559082
17.187744140625
58.416404724121094
12.544469833374023
46.553531646728516
38.214332580566406
29.241870880126953
57.904930114746094
43.29691696166992
48.516082763671875
53.038265228271484
50.57429885864258
44.12350845336914
34.07870101928711
55.098388671875
50.05730438232422
37.639244079589844
36.76125717163086
35.84762191772461
26.507232666015625
45.62837219238281
40.735809326171875
76.21925354003906
27.19649314880371
30.39193344116211
37.4157600402832
56.1889762878418
73.63430786132812
45.15697479248047
49.54124450683594
53.28619384765625
27.385046005249023
36.09161376953125
37.388675689697266
43.699790954589844
31.280019760131836
45.959800720214844
38.86117172241211
29.217660903930664
37.6137809753418
48.82084274291992
40.32243728637695
58.94657516479492
31.68023681640625
38.406192779541016
12.2743501663208
35.221290588378906
51.084388732910156
52.55542755126953
70.97987365722656
28.867691040039062
62.04460525512695
37.928157806396484
43.08754348754883
13.938652038574219
21.08028221130371
20.549924850463867
30.866989135742188
31.036237716674805
53.52039337158203
39.173770904541016
28.712299346923828
35.2921257019043
57.76246643066406
40.51155471801758
51.852298736572266
16.48592758178711
44.55892562866211
39.821014404296875
52.52890396118164
53.540157318115234
61.465816497802734
37.068756103515625
25.900758743286133
28.966657638549805
61.9224853515625
21.0386905670166
75.18893432617188
37.259307861328125
17.26579475402832
41.15730285644531
27.437213897705078
25.602203369140625
29.25337791442871
30.265670776367188
48.9591178894043
30.40604591369629
37.10727310180664
60.49152755737305
45.5692138671875
17.992979049682617
59.25539016723633
33.93528747558594
57.559993743896484
44.71953582763672
21.356386184692383
41.5593147277832
20.892194747924805
34.055423736572266
46.281707763671875
28.61194610595703
41.86231994628906
47.07525634765625
17.01437759399414
40.15483093261719
26.985992431640625
39.909996032714844
38.022281646728516
19.863203048706055
35.537353515625
15.725235939025879
18.00665855407715
46.566463470458984
61.81334686279297
58.91215515136719
23.06376838684082
47.017555236816406
41.60662078857422
39.89825439453125
49.90169143676758
37.99896240234375
48.21553039550781
36.603721618652344
33.62675857543945
50.631317138671875
17.565637588500977
45.875511169433594
49.71821975708008
53.24369430541992
56.449073791503906
57.23571014404297
34.100364685058594
37.95785903930664
44.07394027709961
18.551326751708984
29.036502838134766
69.4089584350586
12.527411460876465
41.66789627075195
54.90178298950195
57.140357971191406
50.44243621826172
20.098121643066406
43.621280670166016
62.2205696105957
37.312992095947266
40.42167663574219
51.139320373535156
41.06365203857422
42.91305160522461
28.609384536743164
37.17963409423828
46.45132827758789
64.96443939208984
19.504823684692383
35.00952911376953
48.47633361816406
62.7723274230957
46.082176208496094
41.94569778442383
44.772926330566406
51.646583557128906
35.302589416503906
34.186031341552734
53.871055603027344
51.72555160522461
50.23906326293945
36.75307846069336
49.61503219604492
49.1357307434082
53.912723541259766
40.816619873046875
93.73882293701172
31.877243041992188
46.297874450683594
39.11506271362305
42.64265441894531
45.84804916381836
46.83868408203125
66.6520767211914
34.6439208984375
62.131526947021484
58.915733337402344
31.60746955871582
43.802364349365234
60.46707534790039
53.617950439453125
39.91979217529297
38.76994705200195
8.35124683380127
57.173282623291016
51.81045913696289
17.59206199645996
47.755306243896484
27.555612564086914
36.38120651245117
43.36723327636719
38.4765510559082
61.49810028076172
3.261411666870117
26.74700164794922
36.10603332519531
37.160240173339844
38.42209243774414
52.71869659423828
62.339385986328125
31.116294860839844
47.36741638183594
55.2863655090332
37.01665115356445
35.93710708618164
51.68244934082031
65.00420379638672
40.94851303100586
23.17229461669922
26.04438018798828
56.77682876586914
59.35499954223633
24.162906646728516
26.958375930786133
65.93621063232422
45.912620544433594
31.251850128173828
25.682945251464844
62.84133529663086
38.49065017700195
69.05449676513672
25.914690017700195
23.447824478149414
25.846141815185547
40.780643463134766
42.38054275512695
17.649829864501953
46.153316497802734
62.146095275878906
42.979923248291016
60.260372161865234
28.1380558013916
71.6827621459961
45.58436584472656
45.33308029174805
17.217254638671875
39.53750228881836
52.53126907348633
30.969141006469727
11.448358535766602
29.979459762573242
27.578786849975586
48.08788299560547
68.25515747070312
55.730308532714844
86.74549102783203
25.5124568939209
46.43117141723633
43.44034957885742
57.511592864990234
36.219207763671875
48.43684005737305
34.555721282958984
46.73407745361328
50.011131286621094
32.602447509765625
44.827884674072266
34.5810432434082
41.927940368652344
53.14327621459961
45.03211212158203
44.19700241088867
57.33202362060547
50.406341552734375
19.117263793945312
18.061830520629883
42.62222671508789
38.344512939453125
36.705787658691406
28.536609649658203
52.52819061279297
46.29401397705078
21.19605255126953
33.25973129272461
52.118446350097656
22.9561767578125
47.492225646972656
33.943206787109375
56.929443359375
59.25226974487305
33.433998107910156
31.973682403564453
39.54464340209961
31.806623458862305
41.57965087890625
31.6641845703125
54.26685333251953
49.92632293701172
26.389251708984375
58.34710693359375
42.20393753051758
35.37297439575195
41.14885330200195
48.60586929321289
36.69004821777344
33.12665557861328
43.47504425048828
47.57644271850586
44.91216278076172
33.58331298828125
51.49531936645508
64.83763122558594
43.86351013183594
65.2953109741211
40.084869384765625
46.15219497680664
49.99510192871094
60.102508544921875
47.249549865722656
74.16957092285156
54.173091888427734
28.24832534790039
52.17676544189453
51.75086975097656
59.1395263671875
73.69789123535156
58.03863525390625
0.7683254480361938
20.266542434692383
58.65171813964844
32.741268157958984
24.536659240722656
23.302392959594727
17.196598052978516
60.642127990722656
70.84268188476562
44.61558151245117
46.28095626831055
52.984371185302734
66.33716583251953
22.38222885131836
30.46611785888672
13.982989311218262
29.594568252563477
71.50025939941406
40.54348373413086
39.23165512084961
59.6839714050293
38.510963439941406
43.13178253173828
43.09494400024414
30.119657516479492
45.85309982299805
37.051116943359375
46.03786849975586
66.7662353515625
31.232421875
30.454084396362305
54.010498046875
31.297473907470703
32.399192810058594
57.46813201904297
57.215232849121094
24.58784294128418
52.50961685180664
30.388124465942383
29.601961135864258
59.126953125
61.80198287963867
27.353784561157227
47.63321304321289
58.86960220336914
33.80263900756836
60.87517166137695
24.709644317626953
33.143211364746094
31.01378059387207
27.098278045654297
11.730095863342285
66.26866149902344
45.41477966308594
40.87692642211914
24.642242431640625
58.70097732543945
62.85125732421875
34.22262954711914
34.50392532348633
25.56136131286621
66.38682556152344
16.214519500732422
45.9958381652832
31.67757225036621
52.380218505859375
37.938499450683594
47.433998107910156
16.960071563720703
12.970660209655762
41.82065200805664
42.94082260131836
46.18595886230469
20.15122413635254
41.06919860839844
21.589523315429688
41.72786331176758
41.80152130126953
40.10834503173828
46.662960052490234
34.616065979003906
44.10915756225586
37.74444580078125
57.13958740234375
63.57405090332031
55.194034576416016
35.23248291015625
13.842523574829102
25.281518936157227
69.27681732177734
21.46529769897461
45.99959182739258
57.282371520996094
48.257469177246094
27.042537689208984
36.918678283691406
23.23398780822754
68.09510040283203
57.34135818481445
33.21746826171875
45.82156753540039
62.999671936035156
25.631336212158203
40.02550506591797
70.36406707763672
26.442628860473633
35.40277862548828
12.375412940979004
29.587350845336914
13.744274139404297
47.73035430908203
37.86408615112305
51.25794982910156
34.933258056640625
47.54655838012695
34.39726638793945
50.95192337036133
31.281030654907227
53.03293991088867
52.70979309082031
32.51858139038086
46.69546890258789
72.70731353759766
23.649738311767578
14.321216583251953
63.7248420715332
18.450727462768555
27.335861206054688
44.52859878540039
46.43309020996094
32.04266357421875
53.972145080566406
36.14817810058594
27.814334869384766
41.88197708129883
38.79497528076172
36.82917785644531
41.57377624511719
35.38779830932617
38.71681213378906
60.516357421875
49.915523529052734
33.5062370300293
62.463356018066406
48.105255126953125
47.35811233520508
49.80117416381836
60.242591857910156
44.01707458496094
35.786865234375
37.467689514160156
41.9953727722168
57.011512756347656
26.426122665405273
29.919559478759766
27.941850662231445
39.67758560180664
48.78108215332031
55.213722229003906
68.98014068603516
22.06991958618164
47.76352310180664
17.38076400756836
9.409648895263672
46.35301971435547
45.80203628540039
7.672647953033447
25.115148544311523
50.490272521972656
41.27399826049805
32.24581527709961
43.20698928833008
19.13932991027832
53.05781555175781
55.237464904785156
31.121013641357422
37.58088302612305
41.31147384643555
40.964874267578125
32.640968322753906
50.167640686035156
39.229740142822266
61.05997085571289
35.065040588378906
28.277667999267578
22.77577781677246
53.372589111328125
18.556550979614258
67.39366149902344
33.23604202270508
23.99921989440918
31.918916702270508
13.999648094177246
19.889135360717773
33.93400573730469
11.462112426757812
85.03929901123047
51.99923324584961
43.166656494140625
63.42347717285156
23.14118003845215
43.64300537109375
43.83708953857422
25.177165985107422
56.48154830932617
11.011922836303711
47.10523986816406
25.696352005004883
56.48906707763672
52.073211669921875
68.90985107421875
64.58503723144531
62.77088165283203
23.406200408935547
23.558242797851562
42.9272575378418
44.001678466796875
75.07845306396484
17.49236488342285
39.4265022277832
82.66939544677734
55.619415283203125
61.86540603637695
60.33359146118164
42.66423416137695
38.84901428222656
52.45328903198242
28.421600341796875
34.436302185058594
35.17138671875
50.84566116333008
53.127784729003906
41.48923110961914
36.14876937866211
62.431121826171875
62.97807312011719
40.406951904296875
41.10948181152344
28.55122947692871
40.05675506591797
46.16945266723633
42.87968444824219
53.825748443603516
70.85521697998047
65.64032745361328
37.718910217285156
36.668487548828125
57.474849700927734
28.957937240600586
44.15660858154297
26.61951446533203
44.56103515625
47.873260498046875
60.074947357177734
30.665931701660156
32.49955368041992
24.1405086517334
31.419422149658203
33.04688262939453
68.36505126953125
74.57669067382812
35.3461799621582
71.7531509399414
48.11649703979492
50.55546569824219
35.41883087158203
34.549835205078125
42.68607711791992
40.25517654418945
36.911067962646484
29.06971549987793
26.6422176361084
22.182523727416992
67.1434555053711
43.30864334106445
21.477975845336914
24.539316177368164
21.04605484008789
47.38221740722656
26.49452018737793
47.62160110473633
42.857444763183594
36.518245697021484
38.26264572143555
54.945899963378906
47.00691223144531
44.7056770324707
32.85031509399414
45.01664352416992
39.49855422973633
53.15164566040039
44.138851165771484
28.38939666748047
41.200618743896484
24.1604061126709
32.89862060546875
46.19821548461914
62.885902404785156
40.89425277709961
53.566009521484375
40.17643356323242
31.730670928955078
26.353561401367188
63.54438781738281
26.138704299926758
39.5395622253418
43.98539733886719
47.95016860961914
74.64341735839844
56.4992561340332
53.80413818359375
30.037351608276367
43.52309799194336
41.52143096923828
33.764190673828125
14.871245384216309
39.98264694213867
25.24104118347168
40.142417907714844
38.878440856933594
33.103179931640625
41.188804626464844
38.08872604370117
33.301483154296875
45.51464080810547
44.88630294799805
30.960153579711914
30.11765480041504
51.63346862792969
41.625701904296875
52.577457427978516
37.13602828979492
37.140377044677734
63.89619064331055
53.12392807006836
42.73794937133789
51.13614273071289
41.33244705200195
50.58578872680664
41.19563293457031
45.97955322265625
70.73466491699219
35.44479751586914
33.69239044189453
23.81035614013672
65.90708923339844
10.685714721679688
33.87724304199219
41.06873321533203
49.96628189086914
46.77003860473633
46.552982330322266
37.22021484375
29.395038604736328
41.380306243896484
44.68046188354492
35.82159423828125
67.01480102539062
16.70404815673828
57.73233413696289
38.462615966796875
55.18845748901367
51.73112487792969
19.58488655090332
34.692283630371094
16.50968360900879
49.50807571411133
54.28949737548828
41.40208435058594
41.112728118896484
34.08366012573242
23.05796241760254
39.58042907714844
56.486671447753906
51.77934646606445
62.3203239440918
14.27155876159668
49.9824104309082
25.895828247070312
35.23307800292969
37.86641311645508
34.916378021240234
24.577043533325195
39.34528732299805
32.578582763671875
44.167423248291016
27.359577178955078
26.70181655883789
36.29620361328125
36.797298431396484
13.284631729125977
36.22073745727539
58.12403106689453
42.401573181152344
24.980106353759766
29.122413635253906
23.04823112487793
44.047386169433594
52.55432891845703
27.10753059387207
26.7960205078125
12.937432289123535
38.23646926879883
29.398746490478516
36.4884033203125
15.27549934387207
25.002595901489258
30.198156356811523
42.76002502441406
38.13534927368164
23.00592041015625
38.584964752197266
36.905391693115234
42.37527847290039
63.75870132446289
42.6431884765625
37.340511322021484
44.45209884643555
63.40174865722656
33.839820861816406
33.985198974609375
46.80695724487305
29.775354385375977
31.792415618896484
44.70881271362305
27.98197364807129
66.31123352050781
52.47958755493164
39.74199676513672
38.85212707519531
35.341915130615234
25.234357833862305
52.198482513427734
29.450016021728516
80.43701934814453
45.30968475341797
32.960609436035156
28.697023391723633
20.578662872314453
51.35830307006836
34.31041717529297
36.96957778930664
48.46708679199219
24.157188415527344
51.158164978027344
37.42804718017578
28.78428840637207
34.92082595825195
63.4833984375
27.72825813293457
15.769777297973633
30.08158302307129
48.610897064208984
69.14849090576172
32.2133903503418
20.728736877441406
39.92285919189453
70.13699340820312
26.993114471435547
42.96240997314453
39.310943603515625
62.0680046081543
47.07152557373047
14.53354263305664
39.676246643066406
43.10758972167969
63.21432876586914
29.025590896606445
42.5552978515625
39.15005111694336
46.668983459472656
50.82612228393555
53.193729400634766
54.6723747253418
33.07524871826172
37.400875091552734
72.2313232421875
63.818382263183594
26.25597381591797
31.69379234313965
52.34019470214844
35.535614013671875
23.659879684448242
62.23795700073242
46.0952033996582
41.63145446777344
24.123916625976562
20.948955535888672
22.028295516967773
35.30890655517578
41.42647171020508
37.28554916381836
63.54079055786133
23.493356704711914
41.69329071044922
46.1893424987793
56.82406234741211
28.847795486450195
48.11982345581055
56.63298034667969
49.19648361206055
33.36302185058594
58.320106506347656
74.78207397460938
42.14434051513672
54.75038528442383
27.493722915649414
30.54778480529785
32.94165802001953
47.4035530090332
41.79692840576172
59.34785842895508
39.31092834472656
44.9639892578125
36.21065139770508
35.602210998535156
55.61759948730469
38.7282829284668
45.3592529296875
46.68718338012695
34.53944396972656
60.42066955566406
42.99480056762695
42.61534118652344
45.28667449951172
65.59314727783203
23.543344497680664
40.17572784423828
79.6307144165039
54.210304260253906
24.765567779541016
39.59092330932617
37.88831329345703
28.443695068359375
42.94756317138672
57.408042907714844
52.60503005981445
61.25273895263672
44.5286979675293
38.911258697509766
48.50690460205078
18.66098403930664
45.3824462890625
50.8197135925293
46.69434356689453
46.34437561035156
31.456193923950195
37.59151840209961
36.591705322265625
33.13044357299805
39.376861572265625
53.94540786743164
8.581573486328125
58.407344818115234
39.35149002075195
54.29561233520508
18.61756134033203
55.6600341796875
28.906415939331055
58.5935173034668
63.40947341918945
36.11244201660156
76.72362518310547
63.104942321777344
27.21190643310547
39.53992462158203
77.37006378173828
42.913856506347656
33.484737396240234
31.76476287841797
15.72838020324707
42.6243782043457
31.18267059326172
41.54055404663086
49.17555236816406
32.63581466674805
31.06389617919922
44.921932220458984
18.54999351501465
20.976238250732422
67.13347625732422
26.50094985961914
21.657852172851562
40.521400451660156
52.20819854736328
25.98928451538086
43.51850509643555
35.46760559082031
56.19389343261719
55.65478515625
56.6862678527832
35.648521423339844
56.54861831665039
68.12586975097656
23.001876831054688
47.5961799621582
38.41618728637695
37.91118240356445
55.588722229003906
36.95574951171875
84.69937896728516
46.526248931884766
33.26398468017578
29.723337173461914
37.14290237426758
56.12179183959961
17.296161651611328
76.81639099121094
46.377296447753906
35.14352798461914
62.715877532958984
40.469547271728516
34.469940185546875
33.7438850402832
51.10027313232422
15.449798583984375
51.126258850097656
47.29807662963867
48.578819274902344
59.71657943725586
41.0230827331543
26.112863540649414
39.960575103759766
47.41905975341797
38.26914596557617
48.45283508300781
59.52855682373047
53.8370246887207
56.241920471191406
39.46196746826172
30.815170288085938
46.82804489135742
61.38362503051758
25.01103401184082
32.742332458496094
51.359527587890625
34.435577392578125
43.71902847290039
28.896913528442383
31.98760986328125
57.09416961669922
39.52663803100586
34.67189025878906
65.00550842285156
39.30075454711914
35.87962341308594
53.03972244262695
59.38089370727539
34.33906936645508
47.08378982543945
15.677227973937988
40.21916198730469
66.08138275146484
40.21467208862305
63.844093322753906
58.001197814941406
42.02774429321289
53.3689079284668
39.432518005371094
42.20802307128906
42.15920639038086
62.911399841308594
34.5470085144043
79.1795654296875
49.681434631347656
46.2957878112793
35.782867431640625
46.22785568237305
8.579269409179688
35.50553894042969
34.42701721191406
52.789241790771484
40.254852294921875
55.865779876708984
22.998048782348633
36.25794219970703
43.13722229003906
40.135379791259766
55.82558059692383
52.07637405395508
44.89907455444336
42.053680419921875
40.10041046142578
47.5341796875
64.44731903076172
19.353191375732422
52.7748908996582
55.7641716003418
38.358516693115234
58.99542236328125
44.99811935424805
39.480037689208984
21.43956756591797
38.67018127441406
36.37651443481445
49.7790641784668
48.563602447509766
66.36637115478516
22.541784286499023
18.300830841064453
42.63679122924805
23.296144485473633
36.77155303955078
46.35115432739258
42.43207550048828
52.77114486694336
58.363494873046875
36.999847412109375
67.18922424316406
53.229061126708984
44.55607223510742
32.88104248046875
40.90327072143555
23.420156478881836
21.402103424072266
38.7265739440918
35.94356918334961
33.45802307128906
41.20276641845703
40.21472930908203
38.58069610595703
66.72682189941406
51.48623275756836
64.7696762084961
72.74656677246094
42.892086029052734
33.0511360168457
49.15927505493164
84.40782928466797
19.623708724975586
45.39161682128906
26.86559295654297
30.640756607055664
34.9755744934082
64.20339965820312
49.695709228515625
32.790977478027344
55.93545150756836
52.219276428222656
33.408164978027344
34.39441680908203
37.1419677734375
40.18956756591797
58.40229797363281
72.61836242675781
38.98160171508789
46.61630630493164
47.61127471923828
54.13101577758789
47.355194091796875
29.43109703063965
38.90045928955078
47.77661895751953
28.017547607421875
36.425479888916016
17.552013397216797
50.60093307495117
55.570838928222656
52.2008056640625
51.084739685058594
58.73661804199219
27.673011779785156
40.996002197265625
14.759259223937988
25.598337173461914
37.24155807495117
45.86094284057617
38.663761138916016
56.72340393066406
66.64630889892578
43.13213348388672
31.76919937133789
50.542964935302734
44.46384048461914
39.25448226928711
49.544132232666016
45.86259078979492
33.113685607910156
19.724498748779297
35.193359375
45.95445251464844
47.72024154663086
36.317657470703125
26.822402954101562
59.98290252685547
32.53723907470703
29.564645767211914
54.02704620361328
29.72641944885254
31.44129180908203
37.48506546020508
62.50540542602539
37.62161636352539
53.86456298828125
57.7073974609375
58.8001594543457
27.884517669677734
30.827289581298828
47.5032958984375
31.495702743530273
63.70720291137695
58.11342239379883
25.85247802734375
43.78139114379883
43.76457977294922
46.77263259887695
50.60987854003906
25.53396987915039
48.284969329833984
31.33282470703125
42.39909744262695
39.818572998046875
29.18012046813965
83.02548217773438
23.45772933959961
50.0263671875
44.08150863647461
69.5533218383789
7.985450744628906
33.638797760009766
13.894166946411133
58.32197570800781
41.68741226196289
40.01847839355469
61.31035232543945
35.26905822753906
24.0926570892334
40.583099365234375
37.76226806640625
31.56479835510254
55.800865173339844
25.724546432495117
34.75635528564453
27.35122299194336
47.39236068725586
28.944477081298828
46.01833724975586
23.73515510559082
33.79225158691406
69.06440734863281
44.24528503417969
25.074462890625
48.35149002075195
62.93661880493164
73.49334716796875
26.938507080078125
38.13666915893555
58.15921401977539
73.16165161132812
43.46958541870117
53.0136833190918
42.40483856201172
45.98383331298828
56.01713943481445
21.645252227783203
9.201321601867676
37.395668029785156
52.26955795288086
97.93895721435547
53.38858413696289
44.1417121887207
42.155208587646484
40.13584518432617
34.29248809814453
19.749698638916016
28.412641525268555
40.58693313598633
42.25983810424805
58.44210433959961
24.289487838745117
45.007015228271484
31.246002197265625
44.970211029052734
44.5809326171875
39.900936126708984
42.388763427734375
27.8283748626709
49.4973030090332
44.80265808105469
35.43104553222656
48.86880874633789
46.415985107421875
47.059043884277344
38.6421012878418
41.674774169921875
23.42819595336914
28.24030113220215
20.275075912475586
43.760520935058594
65.4784927368164
19.863561630249023
21.35552978515625
59.71199035644531
28.66448211669922
27.057086944580078
90.70928955078125
16.34712791442871
33.1095085144043
44.924461364746094
53.2271728515625
32.36558532714844
51.7247428894043
54.98037338256836
46.56562423706055
47.5960578918457
41.797515869140625
46.03010940551758
36.516998291015625
22.11660385131836
37.83744812011719
34.946712493896484
37.80614471435547
35.204795837402344
66.65505981445312
49.503822326660156
37.79470443725586
19.07856559753418
61.03506851196289
23.693082809448242
68.07347106933594
20.45865821838379
20.321086883544922
30.73427963256836
22.141681671142578
41.031517028808594
16.380474090576172
66.49382781982422
46.816993713378906
65.43901824951172
39.88822937011719
22.905437469482422
36.876930236816406
48.764747619628906
28.146751403808594
63.00389099121094
15.819960594177246
60.7907829284668
51.818031311035156
54.89921188354492
51.08098602294922
55.202110290527344
51.28014373779297
29.06511878967285
49.59117889404297
61.25461196899414
49.674720764160156
77.91615295410156
64.79520416259766
35.27796173095703
36.15723419189453
34.201969146728516
54.25958251953125
47.92618942260742
33.65017318725586
38.523521423339844
18.74359893798828
52.50251007080078
31.114055633544922
18.473247528076172
29.67965316772461
37.99332809448242
39.906585693359375
71.51082611083984
67.9727783203125
32.74594497680664
35.00487518310547
44.9068603515625
54.23274230957031
65.84092712402344
56.68146514892578
57.82121276855469
39.46504211425781
31.65135383605957
38.21332931518555
36.49671936035156
46.94305419921875
35.79930114746094
41.92727279663086
49.725440979003906
22.622278213500977
37.60971450805664
27.805145263671875
46.94306182861328
49.725772857666016
35.9940299987793
35.091278076171875
30.180662155151367
43.692413330078125
34.47990798950195
31.82904815673828
31.597679138183594
55.579193115234375
33.31572723388672
48.484249114990234
50.118263244628906
37.387168884277344
49.9577522277832
47.4962272644043
66.99615478515625
34.66371536254883
46.44275665283203
43.8293342590332
26.353864669799805
37.22993087768555
57.41449737548828
46.02571105957031
47.2814826965332
51.44545364379883
53.9109001159668
44.102745056152344
41.18085479736328
42.885746002197266
18.966136932373047
11.6796293258667
50.49553298950195
34.17748260498047
58.14863967895508
33.88145446777344
48.426422119140625
25.34598731994629
34.48926544189453
44.62299728393555
62.352413177490234
49.85688781738281
50.82704544067383
69.6744613647461
32.456321716308594
36.5532341003418
34.01941680908203
38.966163635253906
25.92961883544922
29.733461380004883
41.81052780151367
61.63794708251953
16.983356475830078
31.956220626831055
41.52876663208008
54.54030990600586
50.64421463012695
30.467395782470703
49.34819793701172
37.07612228393555
41.46687316894531
33.082759857177734
59.11138153076172
32.82258987426758
32.621978759765625
18.924789428710938
65.06533813476562
28.443222045898438
35.04068374633789
63.135066986083984
31.2481746673584
31.828466415405273
39.228553771972656
18.86224937438965
36.44519805908203
24.6307430267334
40.24513244628906
37.022830963134766
56.458702087402344
56.382652282714844
46.38355255126953
42.84590148925781
48.827396392822266
57.98657989501953
27.46975326538086
44.65129089355469
17.27189826965332
25.17403793334961
56.872859954833984
27.060049057006836
29.046382904052734
46.96812057495117
61.3499641418457
48.30594253540039
32.39054870605469
28.2493839263916
82.53095245361328
18.65060806274414
13.479767799377441
51.8480224609375
41.01265335083008
41.350154876708984
24.5373592376709
42.60577392578125
37.193687438964844
43.55500793457031
49.56745529174805
44.66349411010742
30.01905059814453
41.1871452331543
46.94794464111328
33.39530563354492
70.66447448730469
64.48442077636719
45.41682815551758
29.55998420715332
32.430599212646484
67.665771484375
57.441410064697266
45.182044982910156
24.074295043945312
30.124528884887695
23.324522018432617
39.335533142089844
53.324459075927734
42.0660514831543
36.96110153198242
37.8020133972168
45.004947662353516
51.06744384765625
55.64922332763672
30.481096267700195
39.62029266357422
30.385652542114258
29.646684646606445
40.608463287353516
35.950260162353516
69.37557983398438
44.26481246948242
20.382587432861328
36.56800079345703
50.190277099609375
34.65671920776367
17.522153854370117
43.902008056640625
67.69632720947266
48.915157318115234
41.17664337158203
35.14634704589844
52.472694396972656
41.738182067871094
36.437705993652344
28.026126861572266
43.00702667236328
27.034698486328125
42.50822448730469
53.111690521240234
54.6780891418457
41.07060241699219
42.557838439941406
30.856945037841797
40.979881286621094
35.601016998291016
70.43842315673828
39.194671630859375
49.584022521972656
36.08468246459961
58.873313903808594
63.288448333740234
74.70844268798828
36.954742431640625
49.727447509765625
16.62660026550293
11.786279678344727
47.246829986572266
50.90434265136719
40.14541244506836
44.96253967285156
33.210060119628906
54.22509765625
47.52803421020508
37.81456756591797
44.62108612060547
56.831092834472656
26.18586540222168
66.58912658691406
64.14775085449219
47.231571197509766
87.3456039428711
52.229164123535156
45.18638229370117
58.67573547363281
37.72254943847656
39.9058952331543
52.283729553222656
22.307682037353516
40.74606704711914
58.80837631225586
35.385379791259766
23.46689796447754
54.478546142578125
41.427101135253906
30.235607147216797
52.64873123168945
12.53711223602295
40.029518127441406
44.432987213134766
26.761354446411133
48.40728759765625
62.33006286621094
54.6357421875
45.94613265991211
66.23582458496094
18.85660171508789
58.59360122680664
38.80204391479492
55.97062301635742
27.51567840576172
