6.6981658935546875
17.22944450378418
11.215941429138184
15.310112953186035
23.170045852661133
12.887718200683594
16.957168579101562
24.781232833862305
24.36648178100586
29.7580623626709
1.4699504375457764
11.181100845336914
13.970171928405762
7.8643012046813965
18.255298614501953
11.846531867980957
17.76588249206543
2.1830296516418457
17.35297203063965
8.690253257751465
19.67496109008789
12.643193244934082
11.487043380737305
20.667526245117188
32.02116775512695
21.041473388671875
28.8603515625
20.16790771484375
21.24090576171875
5.641366958618164
30.47747802734375
20.866044998168945
8.95351791381836
22.515169143676758
18.044105529785156
20.34242820739746
21.30638885498047
16.58932876586914
7.18412971496582
28.344501495361328
13.383076667785645
8.981647491455078
12.151793479919434
18.74899673461914
11.773584365844727
17.204856872558594
29.323123931884766
14.274384498596191
14.405776977539062
20.444805145263672
8.099788665771484
15.501330375671387
7.347290992736816
13.649322509765625
16.34239387512207
22.824111938476562
10.854884147644043
11.72494125366211
30.177385330200195
11.36047077178955
13.832243919372559
35.9587287902832
16.213109970092773
8.37306022644043
13.297462463378906
12.114886283874512
21.026975631713867
16.57966423034668
10.742842674255371
17.96581268310547
18.42155647277832
16.264617919921875
23.869159698486328
23.847408294677734
22.07441520690918
11.830105781555176
23.51947784423828
15.739054679870605
19.030710220336914
16.262027740478516
29.54154396057129
1.6304757595062256
22.419986724853516
35.2819709777832
15.625347137451172
10.685056686401367
36.01197052001953
10.460643768310547
10.193769454956055
7.938071250915527
18.88895034790039
13.686640739440918
5.673256874084473
9.175704956054688
29.230314254760742
33.47760009765625
13.458274841308594
27.377044677734375
28.60580062866211
15.01531982421875
26.47216033935547
10.660158157348633
20.504587173461914
13.660798072814941
13.085741996765137
13.72772216796875
13.665060997009277
17.65744400024414
17.655006408691406
8.406593322753906
20.045652389526367
15.701316833496094
18.137853622436523
13.136155128479004
9.679710388183594
13.908397674560547
19.99010467529297
10.986714363098145
20.60311508178711
3.1370816230773926
14.374591827392578
14.302505493164062
16.105680465698242
5.033210277557373
18.013071060180664
18.19501304626465
20.365209579467773
25.564533233642578
22.354162216186523
16.052061080932617
13.758865356445312
18.77740478515625
23.670085906982422
7.31160831451416
34.50884246826172
18.732759475708008
35.48147964477539
9.788483619689941
14.364900588989258
1.7243785858154297
21.652790069580078
22.97834587097168
12.856865882873535
10.013266563415527
16.252727508544922
14.001337051391602
11.692461013793945
9.013487815856934
35.012264251708984
22.99529457092285
32.155147552490234
26.65459442138672
25.530681610107422
33.634700775146484
25.325780868530273
6.993636131286621
9.767793655395508
21.502883911132812
17.897768020629883
29.146564483642578
18.83115577697754
14.457611083984375
11.222376823425293
23.49895668029785
32.8593635559082
9.677353858947754
24.21057891845703
17.972156524658203
13.448161125183105
18.085851669311523
22.393001556396484
17.945472717285156
18.85304832458496
44.25766372680664
21.212007522583008
24.810619354248047
11.510991096496582
20.9132137298584
8.10011100769043
25.946836471557617
15.196739196777344
21.005020141601562
12.870214462280273
40.38877487182617
21.933164596557617
13.4508695602417
11.373271942138672
13.8217191696167
32.60972213745117
20.67299461364746
23.252431869506836
19.434579849243164
16.087249755859375
27.905603408813477
27.447723388671875
13.964479446411133
31.887041091918945
11.120637893676758
27.816913604736328
18.373533248901367
11.607247352600098
26.20136833190918
34.06277084350586
16.864093780517578
11.870808601379395
11.259442329406738
35.65025329589844
5.927835464477539
24.48177719116211
20.711408615112305
13.630622863769531
16.453950881958008
3.6646816730499268
22.367431640625
44.992637634277344
9.5223388671875
39.86138916015625
18.470958709716797
8.139084815979004
21.1126766204834
34.89908218383789
22.37389373779297
23.997249603271484
10.90276050567627
23.466217041015625
20.819438934326172
11.259361267089844
16.95604133605957
27.236614227294922
6.902493476867676
22.961515426635742
25.421430587768555
15.309331893920898
26.418699264526367
12.452530860900879
6.418344020843506
26.62590789794922
22.27375602722168
18.81499481201172
20.074161529541016
10.712815284729004
11.958993911743164
20.339418411254883
9.505509376525879
9.187455177307129
9.335628509521484
41.61174011230469
19.700998306274414
27.6143741607666
20.816062927246094
6.432917594909668
13.75141716003418
17.751300811767578
6.4156880378723145
25.5737361907959
15.823308944702148
13.746488571166992
2.4658193588256836
19.106191635131836
16.843647003173828
18.5472354888916
25.847824096679688
13.339404106140137
11.589271545410156
19.16558265686035
38.275203704833984
27.2231502532959
13.024576187133789
37.41084289550781
17.817298889160156
24.617576599121094
24.77236557006836
19.578290939331055
15.901579856872559
15.235761642456055
28.2611083984375
13.291666984558105
31.574581146240234
4.782855033874512
16.808706283569336
9.933684349060059
16.781963348388672
16.090091705322266
8.200304985046387
18.096445083618164
28.726482391357422
30.436643600463867
15.657914161682129
17.02932357788086
10.508793830871582
12.710372924804688
31.64424705505371
17.964977264404297
6.163792133331299
16.776798248291016
14.904150009155273
15.970816612243652
4.721776485443115
16.791269302368164
13.780593872070312
8.997204780578613
13.122665405273438
47.151878356933594
28.95813751220703
8.60831069946289
28.662342071533203
18.986101150512695
7.254716396331787
34.32807540893555
16.245067596435547
14.210165977478027
17.6326847076416
11.312070846557617
18.121042251586914
15.208467483520508
28.070789337158203
20.157331466674805
19.77187728881836
23.087919235229492
20.454669952392578
15.011072158813477
30.100439071655273
22.727928161621094
12.302896499633789
10.122698783874512
18.876018524169922
19.783828735351562
26.755542755126953
28.101865768432617
36.82972717285156
4.708066940307617
25.965415954589844
8.436779022216797
11.558469772338867
10.181035041809082
26.410682678222656
24.143505096435547
40.22590637207031
15.57926082611084
12.380016326904297
30.242570877075195
17.297401428222656
17.725830078125
28.63843536376953
8.66748332977295
18.248708724975586
15.340864181518555
44.593238830566406
25.36351203918457
26.88627815246582
6.245749473571777
7.202122211456299
13.911892890930176
24.981523513793945
20.895862579345703
19.727914810180664
23.7083740234375
12.898380279541016
10.898576736450195
24.130329132080078
20.74400520324707
27.01134490966797
6.529325485229492
45.10877227783203
13.548772811889648
22.51666831970215
32.59478759765625
45.73015213012695
18.876558303833008
34.42295837402344
8.198271751403809
23.068086624145508
16.302427291870117
15.66955280303955
19.64737319946289
13.218932151794434
7.873172283172607
18.145292282104492
36.3322868347168
31.9696044921875
20.079729080200195
17.031492233276367
9.402362823486328
13.772906303405762
10.480262756347656
8.932267189025879
13.155068397521973
17.986495971679688
16.595928192138672
15.015475273132324
49.29255294799805
33.73198699951172
34.53254318237305
9.866759300231934
28.234859466552734
14.421858787536621
31.16815757751465
22.00504493713379
22.129981994628906
22.805818557739258
13.724937438964844
20.852462768554688
26.355762481689453
22.006689071655273
5.30845308303833
12.05879020690918
10.88205337524414
14.80075740814209
20.237586975097656
37.3421630859375
8.99227523803711
19.10869026184082
32.68064880371094
19.32933235168457
20.93939208984375
14.800289154052734
22.109832763671875
9.782567024230957
14.1289644241333
38.92013168334961
11.214459419250488
25.744834899902344
24.298358917236328
21.217037200927734
9.976399421691895
10.15451431274414
20.998275756835938
21.07086944580078
14.650221824645996
16.759496688842773
6.069191932678223
11.239493370056152
30.908098220825195
17.22630500793457
19.12963104248047
16.279741287231445
30.0621337890625
26.722108840942383
19.191362380981445
6.638519287109375
36.43278503417969
35.847389221191406
13.507325172424316
19.367111206054688
21.150890350341797
42.213340759277344
15.417425155639648
11.970816612243652
14.414072036743164
17.023448944091797
13.42795467376709
5.927033424377441
5.610859394073486
33.735103607177734
18.705753326416016
13.90262222290039
33.303768157958984
16.20970344543457
42.32374572753906
38.29572677612305
7.964832305908203
9.515762329101562
26.2178897857666
15.160542488098145
17.597511291503906
21.53849983215332
24.88418197631836
15.578926086425781
6.733529567718506
41.443180084228516
17.235332489013672
22.618314743041992
12.884501457214355
21.207637786865234
15.202118873596191
11.898069381713867
25.43661880493164
15.178597450256348
16.71953582763672
14.957643508911133
25.20081901550293
12.530301094055176
14.676175117492676
10.400001525878906
24.355018615722656
36.51246643066406
14.706342697143555
26.344072341918945
13.916288375854492
22.476741790771484
13.260000228881836
13.301643371582031
17.841764450073242
29.588134765625
8.45441722869873
22.238187789916992
19.499055862426758
17.039722442626953
23.436870574951172
17.26578140258789
6.823383331298828
11.380314826965332
4.910926342010498
8.835882186889648
37.72862243652344
12.53005313873291
17.557859420776367
18.117029190063477
5.314973831176758
12.609742164611816
6.587416648864746
22.23809242248535
5.300049781799316
25.12274169921875
28.13125991821289
12.273042678833008
32.23750686645508
13.617243766784668
22.949522018432617
12.972426414489746
30.61423683166504
23.42447853088379
22.13561248779297
8.78748607635498
16.860273361206055
14.030386924743652
23.876487731933594
12.723794937133789
20.533180236816406
28.9862117767334
17.026031494140625
43.738155364990234
21.441551208496094
13.224040031433105
26.85041618347168
11.082966804504395
34.88165283203125
25.10502052307129
43.21855163574219
14.971546173095703
18.967439651489258
25.339820861816406
12.769695281982422
14.868718147277832
11.003398895263672
15.7701997756958
26.331361770629883
7.408494472503662
19.042612075805664
11.825356483459473
1.6186548471450806
11.594444274902344
14.538518905639648
12.943391799926758
13.978067398071289
26.735746383666992
17.778305053710938
17.454864501953125
25.06026268005371
12.294282913208008
32.36363983154297
34.5986442565918
29.014665603637695
25.781627655029297
12.133157730102539
21.31392478942871
12.941360473632812
22.534921646118164
13.049064636230469
9.155869483947754
33.710845947265625
29.1629695892334
28.543405532836914
24.558149337768555
12.94844913482666
16.017593383789062
30.8363037109375
11.785542488098145
25.58763313293457
23.954193115234375
7.173623085021973
9.404985427856445
14.694049835205078
7.320267677307129
26.16470718383789
9.86644172668457
19.17254066467285
19.795690536499023
24.542329788208008
6.334059238433838
17.702558517456055
17.3260440826416
16.493297576904297
31.32149314880371
26.798717498779297
20.30558967590332
8.302824020385742
11.242796897888184
16.137928009033203
23.570819854736328
18.967639923095703
22.260515213012695
25.881120681762695
20.503158569335938
17.319190979003906
21.724042892456055
18.584444046020508
9.046615600585938
15.941906929016113
16.559776306152344
15.743890762329102
23.002277374267578
23.870378494262695
10.341689109802246
35.453407287597656
21.848773956298828
27.125988006591797
17.433368682861328
28.69776725769043
28.015708923339844
9.96389102935791
12.440360069274902
10.916963577270508
21.621307373046875
22.56146812438965
27.260074615478516
7.567864418029785
27.375329971313477
32.93910598754883
24.26793670654297
31.946596145629883
7.769027233123779
20.4202938079834
10.98913288116455
14.65394115447998
11.246729850769043
12.699958801269531
15.693524360656738
15.250175476074219
10.575067520141602
19.480907440185547
15.644821166992188
20.425674438476562
28.178184509277344
11.882284164428711
14.14029312133789
17.470396041870117
34.868141174316406
11.229052543640137
13.637727737426758
17.56922149658203
26.603750228881836
18.404129028320312
13.394414901733398
37.176761627197266
15.17606258392334
5.817360877990723
34.87321090698242
28.496068954467773
44.20366668701172
31.995365142822266
15.258570671081543
8.08683967590332
15.364385604858398
14.818431854248047
11.575272560119629
11.591131210327148
31.87047576904297
25.511754989624023
20.690887451171875
19.699626922607422
40.11259841918945
15.360125541687012
27.36921501159668
24.176132202148438
8.345696449279785
19.11705780029297
13.673643112182617
27.01129913330078
10.555780410766602
30.135122299194336
10.365631103515625
15.316681861877441
37.13143539428711
18.21314239501953
11.231203079223633
3.153801441192627
29.62271499633789
22.032358169555664
29.25086784362793
25.57590103149414
16.45392608642578
26.19727897644043
23.99820327758789
11.258977890014648
20.63018226623535
16.980012893676758
20.689167022705078
26.932931900024414
18.033313751220703
19.858015060424805
23.410964965820312
16.478063583374023
24.600942611694336
25.41517448425293
25.546100616455078
16.701082229614258
16.435436248779297
42.614051818847656
15.414072036743164
4.118561267852783
12.571157455444336
25.959522247314453
28.317001342773438
26.94191551208496
10.20967960357666
16.771696090698242
21.824941635131836
19.252336502075195
32.222373962402344
19.238317489624023
4.439179420471191
2.7210211753845215
25.085689544677734
29.01787757873535
18.38886260986328
2.03108549118042
26.985292434692383
35.07939147949219
23.879552841186523
9.384085655212402
22.55999183654785
7.351359844207764
16.13528060913086
27.068178176879883
16.495038986206055
18.511247634887695
17.604196548461914
28.89724349975586
28.16837501525879
13.613353729248047
30.114198684692383
29.936935424804688
25.639129638671875
19.577680587768555
23.352519989013672
16.35715103149414
9.59981918334961
14.754603385925293
34.12948989868164
11.123106956481934
16.522052764892578
17.144451141357422
10.42959976196289
34.585044860839844
30.33819007873535
11.052865982055664
21.374170303344727
13.367335319519043
23.050203323364258
7.050894260406494
11.991292953491211
24.813243865966797
9.565306663513184
9.528310775756836
22.50429916381836
13.290542602539062
19.92365264892578
22.616161346435547
29.937789916992188
19.701608657836914
22.55315399169922
27.203611373901367
21.6822452545166
19.613525390625
37.29511260986328
5.659628868103027
22.532222747802734
28.6314754486084
8.7476167678833
19.663944244384766
14.927093505859375
21.331661224365234
19.838308334350586
23.218605041503906
13.259698867797852
16.697006225585938
17.024372100830078
20.66442108154297
20.91452407836914
24.672515869140625
20.969783782958984
17.4055118560791
14.777379989624023
22.13629150390625
8.21708869934082
27.682865142822266
16.204397201538086
19.95360565185547
20.539318084716797
25.72146224975586
6.970032691955566
20.622053146362305
16.557830810546875
13.33636474609375
13.693041801452637
28.07103729248047
7.502668857574463
7.9784440994262695
11.432876586914062
21.381336212158203
18.581008911132812
17.38916015625
10.273869514465332
22.47818946838379
13.826390266418457
21.289512634277344
24.432842254638672
10.22299575805664
19.338289260864258
15.211045265197754
18.93560218811035
31.229103088378906
17.303701400756836
16.807064056396484
31.411333084106445
15.498096466064453
25.097789764404297
13.602693557739258
43.183502197265625
12.1199951171875
21.585010528564453
8.685578346252441
21.01384735107422
20.198089599609375
13.659534454345703
14.931478500366211
16.262956619262695
18.826492309570312
10.869671821594238
17.038789749145508
21.417068481445312
19.980159759521484
28.900503158569336
19.18308448791504
10.014673233032227
23.230703353881836
22.790691375732422
12.6415376663208
16.20901870727539
14.347434997558594
8.407883644104004
6.9816412925720215
19.923473358154297
17.166526794433594
13.854228019714355
30.081287384033203
22.951358795166016
27.470264434814453
25.572547912597656
4.7251877784729
14.689192771911621
9.844869613647461
9.804315567016602
25.44745445251465
11.495732307434082
7.307564735412598
2.460346221923828
32.92253875732422
7.50153923034668
20.14923858642578
23.36541748046875
7.390516757965088
24.123912811279297
24.370302200317383
3.041968584060669
3.975815534591675
26.79891586303711
8.210947036743164
7.4185380935668945
6.857146739959717
19.97623634338379
12.409329414367676
50.53517150878906
11.161992073059082
15.615755081176758
13.585907936096191
2.1688570976257324
28.066082000732422
18.657840728759766
13.458183288574219
31.986980438232422
9.68813419342041
12.54769515991211
14.65170955657959
23.429662704467773
9.574904441833496
16.605533599853516
28.75322723388672
19.572813034057617
11.812492370605469
15.169593811035156
10.930194854736328
32.56546401977539
6.733015060424805
19.686418533325195
11.493927955627441
15.196516990661621
22.025619506835938
18.020845413208008
36.8336067199707
9.988157272338867
27.58650016784668
27.047468185424805
11.782243728637695
18.730205535888672
6.871000289916992
3.428034782409668
35.861114501953125
16.961109161376953
7.082626819610596
17.794063568115234
11.459931373596191
9.905725479125977
18.719694137573242
8.775794982910156
26.692821502685547
12.184050559997559
24.290462493896484
20.030498504638672
17.4387149810791
23.06389617919922
17.317096710205078
18.402210235595703
26.462383270263672
8.409383773803711
31.625240325927734
15.375049591064453
22.26447868347168
15.200041770935059
18.623994827270508
19.818645477294922
8.322153091430664
16.629169464111328
5.603281021118164
20.069992065429688
21.25438117980957
17.24774169921875
9.253972053527832
38.2872200012207
3.8237266540527344
22.363262176513672
12.687605857849121
16.95111656188965
2.6908161640167236
10.368707656860352
24.27903938293457
5.605938911437988
6.845396041870117
15.945550918579102
12.466598510742188
38.48794174194336
16.622028350830078
26.024551391601562
31.8082275390625
8.36977767944336
17.248760223388672
14.64420223236084
13.598548889160156
23.09051513671875
14.571866035461426
22.523902893066406
14.202232360839844
17.262657165527344
12.18118667602539
6.756239891052246
26.045730590820312
25.846698760986328
10.154443740844727
18.76648712158203
28.79117202758789
33.91022872924805
30.784439086914062
17.12800407409668
13.308503150939941
19.67922019958496
22.091203689575195
14.091424942016602
14.277242660522461
10.857177734375
20.18976402282715
17.38093376159668
9.112009048461914
29.62618637084961
19.490047454833984
18.928537368774414
8.768619537353516
15.497934341430664
11.554828643798828
16.172725677490234
29.42884635925293
16.27077293395996
24.42791748046875
13.145058631896973
21.888774871826172
24.680679321289062
18.357322692871094
28.5274715423584
23.656579971313477
14.000967025756836
27.519041061401367
15.369379997253418
22.30863380432129
22.64535140991211
17.323448181152344
22.52674102783203
12.08333683013916
15.989907264709473
41.34659957885742
16.76474952697754
19.931095123291016
15.116567611694336
23.89150619506836
23.573503494262695
26.138521194458008
8.766119956970215
19.014270782470703
15.054080963134766
29.285737991333008
31.36185073852539
36.82253646850586
22.92563247680664
41.348106384277344
8.733633995056152
5.825394630432129
17.61203956604004
14.816579818725586
14.00877857208252
12.841557502746582
12.18549633026123
12.19433879852295
7.380126476287842
16.031572341918945
0.9255151152610779
20.951202392578125
25.08720588684082
25.946247100830078
15.42892074584961
35.02163314819336
13.522539138793945
25.915451049804688
19.230318069458008
30.218284606933594
10.228402137756348
18.079713821411133
12.991500854492188
29.72721290588379
40.0856819152832
8.66726303100586
25.074256896972656
9.477603912353516
19.231979370117188
14.559391021728516
18.84201431274414
14.836496353149414
10.633491516113281
7.127100467681885
10.383575439453125
46.36506652832031
30.926406860351562
18.939579010009766
17.836013793945312
13.841217041015625
29.816965103149414
7.547342300415039
12.217061996459961
20.21479034423828
32.57680130004883
10.9215087890625
31.737436294555664
13.116539001464844
15.340898513793945
9.64663028717041
35.87443161010742
18.610746383666992
10.682147026062012
18.387733459472656
25.33067512512207
31.595354080200195
20.57352638244629
27.586261749267578
6.345022201538086
21.797863006591797
8.868644714355469
10.27823543548584
19.45110321044922
2.361790418624878
29.72520637512207
17.870386123657227
25.640514373779297
16.811283111572266
10.131025314331055
22.5791015625
23.23345947265625
9.421520233154297
19.010953903198242
16.153017044067383
11.866024017333984
20.101097106933594
24.511249542236328
25.06239891052246
11.627894401550293
31.992204666137695
22.909223556518555
1.4874238967895508
23.47972869873047
15.50075912475586
24.47267723083496
27.161502838134766
13.171128273010254
21.212522506713867
16.939489364624023
21.093000411987305
16.958724975585938
29.77606201171875
10.631214141845703
25.293201446533203
9.190027236938477
7.153007984161377
16.380035400390625
28.05651092529297
29.66597557067871
30.669771194458008
5.606545448303223
16.047317504882812
20.97513198852539
15.264671325683594
13.107011795043945
20.214719772338867
15.047950744628906
15.785613059997559
7.92791223526001
14.717752456665039
15.606908798217773
7.023945331573486
17.523412704467773
3.2285842895507812
38.919368743896484
18.60114288330078
23.645288467407227
30.509817123413086
21.451995849609375
8.311355590820312
5.533125877380371
16.82767105102539
38.907875061035156
13.374441146850586
9.189291954040527
24.636484146118164
22.614154815673828
16.77916717529297
20.151948928833008
4.472229957580566
28.13155174255371
16.421459197998047
21.2911319732666
25.840007781982422
7.647176265716553
9.446911811828613
7.77674674987793
34.89684295654297
34.15251159667969
28.806358337402344
24.682355880737305
11.819175720214844
25.514333724975586
5.248795509338379
17.845579147338867
14.993485450744629
13.00739860534668
22.70693016052246
37.25199508666992
8.402853965759277
23.167917251586914
5.905557632446289
14.431550979614258
15.75055980682373
22.021240234375
14.536890983581543
12.254276275634766
11.20076847076416
33.29638671875
16.70704460144043
12.061493873596191
30.739912033081055
23.39126968383789
25.058094024658203
34.151493072509766
16.420034408569336
22.759422302246094
27.38633918762207
13.63192367553711
17.286123275756836
22.52444076538086
10.850397109985352
9.290045738220215
15.822861671447754
31.740779876708984
24.11077880859375
26.657743453979492
17.8852481842041
25.78455924987793
20.12415313720703
32.81424331665039
29.44103240966797
11.978240966796875
47.10611343383789
16.18162727355957
7.528018474578857
10.05862045288086
19.307823181152344
10.989388465881348
5.6786274909973145
13.717280387878418
9.483563423156738
13.92084789276123
12.964521408081055
36.4616584777832
12.658246040344238
15.966968536376953
17.647724151611328
21.538925170898438
24.93348503112793
3.5447514057159424
15.363161087036133
17.53883934020996
23.28615951538086
17.89703369140625
12.447461128234863
8.309219360351562
14.84615421295166
10.055283546447754
8.2244873046875
17.955665588378906
16.094707489013672
9.70908260345459
20.33820152282715
10.716413497924805
21.03609275817871
28.778947830200195
24.07364273071289
24.694503784179688
9.875740051269531
1.952642798423767
25.281694412231445
5.390746116638184
19.415050506591797
10.236045837402344
18.88921356201172
19.006145477294922
13.359972953796387
15.273947715759277
21.86366081237793
18.351598739624023
16.61313819885254
24.153564453125
22.341777801513672
18.476716995239258
6.585783958435059
25.844614028930664
10.700885772705078
26.393997192382812
15.934614181518555
32.50510787963867
21.261892318725586
13.066781997680664
21.523670196533203
23.703289031982422
16.607484817504883
9.891437530517578
23.12194061279297
18.483009338378906
33.903812408447266
47.43655776977539
22.70494270324707
18.076562881469727
18.304994583129883
20.805599212646484
29.32368278503418
14.81049919128418
27.534862518310547
20.974990844726562
18.442991256713867
18.294925689697266
11.159022331237793
7.393822193145752
10.380110740661621
19.8111572265625
19.83683967590332
32.40680694580078
21.722822189331055
18.439435958862305
31.09697914123535
25.756732940673828
19.029888153076172
6.053522109985352
13.478546142578125
18.665517807006836
25.823650360107422
11.69591999053955
22.920278549194336
13.786590576171875
8.874732971191406
22.549560546875
19.529193878173828
22.334753036499023
5.8593430519104
32.55839920043945
22.107887268066406
11.844647407531738
23.423776626586914
15.027128219604492
35.88300704956055
17.08502197265625
5.164549350738525
20.953392028808594
12.954090118408203
16.271238327026367
8.274208068847656
15.759325981140137
36.43589401245117
28.583057403564453
20.677371978759766
25.840360641479492
12.791759490966797
24.638111114501953
20.351242065429688
21.881908416748047
20.138439178466797
15.713796615600586
16.297042846679688
11.752645492553711
16.889307022094727
14.673266410827637
11.213295936584473
8.924720764160156
33.732948303222656
11.409232139587402
8.684287071228027
30.486108779907227
18.286670684814453
8.60968017578125
12.278156280517578
17.174283981323242
30.06502342224121
18.602455139160156
37.64677810668945
29.957738876342773
23.003210067749023
10.640235900878906
6.683707237243652
5.822906970977783
18.02983283996582
34.75178909301758
7.944460868835449
27.62885284423828
11.230423927307129
15.092962265014648
7.771933078765869
25.041963577270508
30.953493118286133
21.259231567382812
14.517955780029297
15.612313270568848
26.941484451293945
23.691911697387695
48.42243576049805
26.096574783325195
14.39860725402832
19.550281524658203
31.458332061767578
20.254423141479492
19.57362174987793
6.191202640533447
25.78318214416504
22.640539169311523
9.284178733825684
21.373655319213867
6.354595184326172
18.711214065551758
20.051218032836914
10.01395034790039
18.985794067382812
15.155684471130371
12.89133358001709
11.104838371276855
36.376712799072266
4.936038494110107
16.564435958862305
11.353527069091797
24.22663116455078
2.2371175289154053
11.944348335266113
17.238224029541016
31.018888473510742
6.05649471282959
25.039297103881836
9.606581687927246
21.650775909423828
13.51636791229248
20.014328002929688
13.254847526550293
23.45706558227539
15.21539306640625
19.5627384185791
15.565139770507812
13.956019401550293
19.795778274536133
20.817684173583984
5.654836177825928
9.352619171142578
21.5013484954834
20.43225860595703
24.2581787109375
19.285661697387695
16.839038848876953
15.831011772155762
20.93180274963379
23.74532127380371
30.831645965576172
28.046964645385742
21.550901412963867
14.649347305297852
15.601198196411133
26.778337478637695
37.556854248046875
19.17857551574707
17.292156219482422
11.455559730529785
11.81165599822998
19.713560104370117
6.525389194488525
29.013216018676758
29.336715698242188
13.211726188659668
27.68514060974121
17.639484405517578
36.038936614990234
39.70862579345703
22.708660125732422
37.44948959350586
13.653554916381836
10.177800178527832
24.92849349975586
20.261232376098633
7.9545698165893555
7.7308349609375
7.419758319854736
24.31749725341797
20.746362686157227
22.55785369873047
19.46945571899414
15.646629333496094
10.78639030456543
19.880659103393555
9.887511253356934
25.174264907836914
14.875102043151855
17.62651824951172
25.978425979614258
14.434398651123047
17.4497127532959
22.09995460510254
31.349395751953125
1.9600200653076172
19.565092086791992
26.641691207885742
11.803919792175293
14.17641830444336
12.024325370788574
22.542835235595703
17.575551986694336
13.863174438476562
9.653108596801758
17.081039428710938
7.744285583496094
12.529338836669922
25.77243423461914
25.68505859375
31.808273315429688
16.94888687133789
5.484214782714844
27.031545639038086
6.398552894592285
29.34638023376465
30.176673889160156
25.363306045532227
21.949617385864258
9.66708755493164
23.904476165771484
23.157732009887695
9.261029243469238
8.485177993774414
17.76398277282715
9.284727096557617
22.816505432128906
7.014646530151367
12.744414329528809
4.018979549407959
24.38795280456543
14.886005401611328
22.71523094177246
26.009923934936523
11.57519817352295
9.909075736999512
29.48267364501953
12.470227241516113
3.109797477722168
41.6280403137207
8.678194046020508
10.411930084228516
3.953787088394165
19.24525260925293
15.002124786376953
15.603774070739746
17.884153366088867
30.01578140258789
15.785603523254395
11.26016902923584
19.201866149902344
11.143250465393066
14.06723690032959
29.01614761352539
22.471593856811523
13.279679298400879
16.2769718170166
24.75638771057129
27.89025115966797
17.71564483642578
7.650526523590088
19.306394577026367
29.409605026245117
21.420276641845703
16.232097625732422
21.02920150756836
24.036697387695312
14.924138069152832
10.780632019042969
17.16992950439453
33.606361389160156
12.841262817382812
13.035469055175781
19.9488468170166
23.07792854309082
23.61245346069336
15.991778373718262
26.00950050354004
10.815303802490234
20.040706634521484
27.35151481628418
15.227740287780762
28.20327377319336
13.53327465057373
22.775169372558594
12.043623924255371
10.340841293334961
23.577917098999023
20.1827335357666
13.821235656738281
15.413715362548828
18.407453536987305
21.676769256591797
31.473125457763672
12.688494682312012
20.086088180541992
42.93498611450195
20.167266845703125
19.056106567382812
13.023429870605469
13.973655700683594
23.4483699798584
16.00539779663086
22.057842254638672
14.912015914916992
19.312376022338867
7.702149391174316
30.428911209106445
26.845075607299805
13.357053756713867
14.859383583068848
32.1224250793457
23.804948806762695
21.266145706176758
25.27246856689453
6.848772048950195
17.867849349975586
21.715797424316406
6.026365280151367
23.816089630126953
21.62620735168457
22.383180618286133
24.201404571533203
30.329166412353516
28.494230270385742
20.375808715820312
11.696551322937012
16.968093872070312
33.74818420410156
15.006795883178711
17.589813232421875
7.038914680480957
22.13022232055664
9.469588279724121
21.82481575012207
30.99232292175293
38.323978424072266
16.309438705444336
6.114727020263672
9.54861068725586
4.151262283325195
18.546844482421875
9.386001586914062
23.099885940551758
10.333291053771973
14.013919830322266
20.893503189086914
20.549335479736328
17.267284393310547
32.85785675048828
8.675882339477539
22.664520263671875
13.277555465698242
7.578439712524414
22.596832275390625
16.648361206054688
34.66237258911133
15.806243896484375
11.179339408874512
14.032118797302246
28.68577766418457
20.643383026123047
18.25629425048828
24.653362274169922
27.116609573364258
30.689321517944336
34.52014923095703
11.923551559448242
27.820819854736328
15.228671073913574
16.084026336669922
12.81599235534668
18.225353240966797
12.378363609313965
4.596772193908691
29.048328399658203
10.676004409790039
31.436832427978516
29.794570922851562
18.16411018371582
20.87643814086914
15.090888977050781
8.032920837402344
31.81513214111328
13.25465202331543
19.107107162475586
15.421754837036133
13.98496150970459
8.888021469116211
17.59859848022461
15.188199996948242
15.074048042297363
6.215566635131836
15.731488227844238
25.283994674682617
15.607768058776855
28.107868194580078
30.62420654296875
23.294960021972656
18.330440521240234
12.246345520019531
3.0677247047424316
4.947159290313721
12.068160057067871
19.429733276367188
23.093788146972656
9.07380199432373
14.751832962036133
16.158838272094727
18.721647262573242
29.36497688293457
14.386229515075684
10.939650535583496
10.857110977172852
40.43257522583008
15.252419471740723
25.744979858398438
11.100427627563477
11.456378936767578
28.42352294921875
11.885665893554688
22.783079147338867
9.45905590057373
16.952136993408203
22.91552734375
14.409189224243164
28.84744644165039
6.397192478179932
22.081621170043945
11.840971946716309
12.882274627685547
26.4243106842041
31.843154907226562
12.818883895874023
18.11777114868164
29.410219192504883
26.796323776245117
16.303646087646484
24.03931427001953
19.067276000976562
32.615943908691406
39.69272232055664
17.962093353271484
16.658676147460938
18.472387313842773
29.528614044189453
22.50946807861328
33.41298294067383
26.652259826660156
9.16487979888916
28.70783042907715
3.897430181503296
35.14763641357422
24.504945755004883
17.95013999938965
22.851442337036133
26.791629791259766
16.5987491607666
23.641027450561523
13.507485389709473
10.196356773376465
29.5440731048584
22.323028564453125
19.68523597717285
30.080535888671875
18.208372116088867
14.369646072387695
18.977455139160156
13.78381633758545
14.280726432800293
30.26926040649414
5.128259181976318
28.34816551208496
12.161622047424316
9.26300048828125
36.06393051147461
15.829848289489746
26.59450912475586
24.002418518066406
9.728585243225098
35.9547233581543
25.89848518371582
24.16875457763672
16.070377349853516
23.019102096557617
30.858104705810547
52.80278396606445
23.38752555847168
19.877208709716797
23.106435775756836
17.741973876953125
25.79346466064453
21.369585037231445
26.7343692779541
16.556838989257812
34.61297607421875
19.95416259765625
20.452743530273438
18.14875602722168
14.242034912109375
19.54669761657715
14.43276596069336
18.514942169189453
11.454914093017578
14.894720077514648
19.488616943359375
22.743640899658203
26.000337600708008
15.285232543945312
23.866540908813477
20.942289352416992
12.009671211242676
20.88062858581543
27.063465118408203
9.470460891723633
24.739898681640625
14.028647422790527
34.6729850769043
11.918869972229004
8.361867904663086
11.574009895324707
20.54474449157715
15.039596557617188
21.160369873046875
24.11977767944336
9.443951606750488
13.207508087158203
21.830726623535156
15.252467155456543
23.751052856445312
26.39580535888672
18.919706344604492
29.6009578704834
22.08846664428711
5.2209930419921875
22.036115646362305
22.010744094848633
23.649246215820312
9.854962348937988
16.53903579711914
12.10977840423584
17.508609771728516
28.403120040893555
18.00370979309082
22.56689453125
11.47156810760498
7.35564661026001
10.69547176361084
28.805837631225586
24.6300048828125
19.034788131713867
45.0068473815918
19.30750846862793
15.33205795288086
8.778857231140137
7.620607376098633
24.374958038330078
19.142425537109375
14.490574836730957
22.23405647277832
23.824026107788086
27.246057510375977
14.93371295928955
19.864879608154297
17.235952377319336
31.93334197998047
19.357030868530273
29.070898056030273
25.978256225585938
33.09737014770508
24.433258056640625
15.459395408630371
18.77972984313965
23.755626678466797
8.779993057250977
18.930511474609375
6.901443958282471
29.657819747924805
16.21221160888672
14.193717002868652
26.70453643798828
16.478734970092773
15.602721214294434
17.768341064453125
17.99566078186035
9.98779010772705
23.335599899291992
33.53755569458008
37.68989181518555
10.760725021362305
16.78264617919922
11.68835735321045
14.051074981689453
29.753999710083008
26.62236213684082
4.869226455688477
16.077476501464844
12.217775344848633
29.674102783203125
22.15656852722168
27.810501098632812
8.949631690979004
33.10717010498047
8.201638221740723
18.44213104248047
17.093666076660156
20.73868179321289
43.90782928466797
14.833686828613281
17.452247619628906
44.56036376953125
24.35830307006836
9.16555118560791
30.879138946533203
7.587982654571533
25.546586990356445
19.726604461669922
21.782075881958008
32.99897003173828
35.68729782104492
31.07750701904297
16.85354995727539
18.633378982543945
34.12333297729492
30.17353630065918
18.038488388061523
27.1075496673584
13.035832405090332
12.776390075683594
9.770891189575195
29.45603370666504
27.583589553833008
21.73021125793457
25.588579177856445
10.475537300109863
29.262306213378906
24.650718688964844
15.204034805297852
27.24721908569336
23.555227279663086
29.182113647460938
31.5875301361084
11.45355224609375
18.05910873413086
17.848623275756836
11.0171480178833
3.896688938140869
9.755608558654785
12.585668563842773
59.59722137451172
19.136375427246094
15.786248207092285
8.543291091918945
10.238080024719238
24.278223037719727
27.556230545043945
20.439472198486328
12.132349967956543
25.62386703491211
4.231360912322998
18.62481117248535
16.69207763671875
21.373863220214844
9.232318878173828
12.916487693786621
20.761560440063477
14.08475399017334
34.948062896728516
22.187440872192383
29.00050926208496
25.42455291748047
7.02651309967041
28.70248031616211
5.070263862609863
18.61924934387207
4.770569324493408
43.37791442871094
16.641469955444336
9.294849395751953
8.68851375579834
26.077451705932617
10.6001615524292
26.7739315032959
24.72842025756836
23.918563842773438
20.174890518188477
25.426311492919922
25.95688247680664
20.579614639282227
17.22344207763672
8.837838172912598
21.93832015991211
8.162036895751953
21.2639217376709
12.279111862182617
15.751668930053711
15.015775680541992
1.9590684175491333
21.054536819458008
16.97903060913086
11.21062183380127
8.703821182250977
19.017301559448242
12.559113502502441
17.077085494995117
16.206268310546875
12.742403030395508
9.741875648498535
41.567543029785156
9.865382194519043
24.412731170654297
18.101354598999023
18.475032806396484
16.032323837280273
17.54881477355957
7.997091770172119
22.82167625427246
11.462547302246094
12.967144012451172
9.7117338180542
11.885295867919922
11.218003273010254
21.048213958740234
23.942747116088867
9.73379898071289
9.98969841003418
23.949670791625977
30.043258666992188
23.333009719848633
21.044898986816406
10.698868751525879
19.996110916137695
14.059807777404785
15.564763069152832
18.07366943359375
16.146310806274414
22.273813247680664
10.603175163269043
21.93304443359375
24.3608341217041
35.357975006103516
30.833948135375977
13.270591735839844
21.022891998291016
10.784099578857422
32.937259674072266
11.948172569274902
12.264669418334961
3.973477602005005
16.998456954956055
8.071019172668457
6.240154266357422
23.984628677368164
7.509650230407715
14.559333801269531
22.76454734802246
33.87211990356445
29.99464988708496
28.18280601501465
32.57792663574219
17.467294692993164
18.32830047607422
7.91496467590332
22.93146514892578
34.577388763427734
25.28133201599121
17.216510772705078
14.264504432678223
16.3538875579834
13.110246658325195
6.010432720184326
4.836905479431152
22.468666076660156
28.95363998413086
1.1366820335388184
7.365720272064209
22.156328201293945
18.749778747558594
20.211095809936523
24.17889976501465
29.136444091796875
9.634112358093262
8.185604095458984
25.273265838623047
17.242965698242188
27.80694580078125
11.240352630615234
18.069913864135742
39.4228515625
21.858261108398438
30.055553436279297
32.37095260620117
19.99388313293457
18.323225021362305
6.951587200164795
17.18126678466797
18.469541549682617
25.890472412109375
22.365922927856445
19.233177185058594
18.328462600708008
4.332440376281738
20.336803436279297
14.095757484436035
8.328221321105957
32.59112548828125
18.582000732421875
21.481975555419922
21.738889694213867
36.49849319458008
21.982877731323242
23.799915313720703
15.969413757324219
8.712828636169434
12.228480339050293
21.5577449798584
19.76259422302246
21.748531341552734
10.173700332641602
15.693652153015137
7.39729118347168
15.471075057983398
13.103169441223145
11.254376411437988
14.153715133666992
20.244369506835938
17.9772891998291
7.886895179748535
15.095980644226074
18.672285079956055
8.895378112792969
21.179523468017578
11.643837928771973
21.200031280517578
20.036705017089844
18.633203506469727
15.607471466064453
10.514720916748047
9.335548400878906
24.07486343383789
17.779340744018555
11.124079704284668
23.94379425048828
30.86322593688965
21.341243743896484
43.30146789550781
18.38645362854004
12.562349319458008
28.264070510864258
18.255876541137695
12.961345672607422
12.953825950622559
26.16845703125
30.492673873901367
25.266376495361328
8.228285789489746
9.238659858703613
45.227684020996094
17.894872665405273
11.107869148254395
31.732500076293945
13.32879638671875
6.286856174468994
8.31244945526123
10.696893692016602
23.69993782043457
13.31283950805664
35.01847839355469
16.70622444152832
22.196266174316406
19.646686553955078
25.66200828552246
3.722729206085205
19.676944732666016
16.01816177368164
22.741416931152344
10.901384353637695
20.312618255615234
9.47963809967041
38.81034469604492
14.812235832214355
11.189826965332031
23.02972984313965
20.90894317626953
8.470091819763184
42.79520034790039
21.519140243530273
13.019869804382324
17.177730560302734
15.40600299835205
22.734718322753906
21.009050369262695
14.534679412841797
23.03777503967285
7.7521071434021
25.27692413330078
18.85645866394043
4.74098014831543
23.53482437133789
14.397672653198242
13.40203857421875
5.731009006500244
17.541915893554688
30.561433792114258
8.741912841796875
11.631720542907715
11.317126274108887
13.870463371276855
25.291654586791992
26.7167911529541
15.224448204040527
27.311086654663086
7.899775505065918
19.688608169555664
29.861949920654297
19.441858291625977
29.80215835571289
9.904974937438965
10.758614540100098
25.553621292114258
33.1234130859375
43.02734375
28.318286895751953
23.845537185668945
26.597183227539062
20.52823829650879
36.65585708618164
19.66067123413086
3.636284351348877
6.147716045379639
37.401363372802734
25.54369354248047
15.975691795349121
27.810312271118164
14.564401626586914
13.71463680267334
33.29253005981445
15.022218704223633
2.214232921600342
15.790302276611328
26.416975021362305
22.98927879333496
25.12166976928711
23.420698165893555
24.986547470092773
14.126739501953125
13.158212661743164
20.452083587646484
48.50597381591797
15.025634765625
15.200525283813477
21.02569007873535
43.45853042602539
14.421487808227539
29.95595359802246
13.93883228302002
31.222265243530273
21.843276977539062
26.762020111083984
9.733738899230957
15.292863845825195
14.482954978942871
20.676328659057617
14.688615798950195
21.56018829345703
26.712812423706055
19.97381591796875
22.989431381225586
32.92745590209961
2.3722288608551025
26.551029205322266
14.123610496520996
17.62744140625
22.608402252197266
14.58837890625
46.27580261230469
25.60845375061035
20.776769638061523
11.680564880371094
12.072625160217285
20.922344207763672
14.971266746520996
18.78847312927246
13.296887397766113
9.070714950561523
28.770421981811523
26.902318954467773
15.82729721069336
5.347736835479736
22.53996467590332
5.153552532196045
12.616886138916016
14.520130157470703
18.9424991607666
33.17355728149414
34.12117385864258
15.33906078338623
17.418773651123047
19.441226959228516
17.009857177734375
2.1054744720458984
13.632142066955566
13.30258560180664
19.389019012451172
23.820051193237305
27.46538734436035
20.951181411743164
21.72547721862793
13.927186965942383
21.14420509338379
24.24991798400879
9.378811836242676
3.1619887351989746
20.553800582885742
11.098471641540527
5.117101192474365
27.537839889526367
20.32119369506836
9.702068328857422
5.061033725738525
13.98638916015625
8.016987800598145
18.987071990966797
21.55781364440918
5.218909740447998
23.12944793701172
8.750036239624023
16.186508178710938
32.71891403198242
17.528507232666016
15.618846893310547
13.6154146194458
31.904821395874023
23.249732971191406
22.484220504760742
7.3044281005859375
15.154452323913574
8.037674903869629
27.253602981567383
18.382301330566406
35.62409973144531
11.958556175231934
9.040953636169434
6.549894332885742
18.05469512939453
19.924591064453125
22.677284240722656
24.329259872436523
21.06281852722168
4.288576126098633
21.100173950195312
34.01178741455078
19.522220611572266
27.588016510009766
9.078587532043457
17.50928497314453
17.306100845336914
18.48577308654785
14.712874412536621
27.311296463012695
19.937328338623047
47.659332275390625
22.450286865234375
24.452503204345703
11.218766212463379
16.104412078857422
32.42167663574219
20.602327346801758
36.395751953125
32.387481689453125
11.54001235961914
15.704421043395996
14.767585754394531
15.220706939697266
20.25349998474121
16.388561248779297
33.316131591796875
15.594600677490234
26.562835693359375
15.803228378295898
30.462284088134766
10.886934280395508
29.84905433654785
32.37252426147461
23.724002838134766
34.83195877075195
23.75491714477539
26.529190063476562
21.976238250732422
28.927309036254883
14.932525634765625
15.34493350982666
22.86089515686035
14.918670654296875
7.594729423522949
31.21464729309082
30.5930233001709
8.826351165771484
18.30876350402832
14.383224487304688
9.525206565856934
11.083538055419922
28.006040573120117
24.156949996948242
20.807193756103516
18.307588577270508
17.399858474731445
17.309768676757812
23.479236602783203
16.477937698364258
7.78850793838501
30.725614547729492
18.28620147705078
23.37009620666504
36.18508529663086
21.201356887817383
28.953184127807617
7.858321666717529
14.033208847045898
7.041333198547363
13.361165046691895
16.312524795532227
3.994598150253296
23.689348220825195
23.98150634765625
18.63673210144043
9.630095481872559
14.003690719604492
28.202836990356445
7.54348611831665
5.085748195648193
12.653217315673828
14.4240083694458
28.42603302001953
11.66393756866455
22.216779708862305
11.019606590270996
19.688400268554688
27.637319564819336
4.347907066345215
26.317508697509766
31.01066780090332
13.1734037399292
25.49228286743164
23.2052059173584
32.190948486328125
20.1538143157959
10.031535148620605
15.889012336730957
22.95684051513672
18.900110244750977
25.551027297973633
27.234350204467773
31.203927993774414
8.65634822845459
18.610004425048828
12.91985034942627
16.860937118530273
14.376631736755371
28.00838851928711
29.760900497436523
16.31596565246582
12.558810234069824
28.03439712524414
22.220420837402344
18.771970748901367
17.69314956665039
27.481595993041992
12.583291053771973
13.356057167053223
28.16227912902832
26.467491149902344
45.860679626464844
9.890783309936523
16.12717056274414
25.061933517456055
29.59079360961914
20.42491912841797
18.037057876586914
28.79731559753418
28.158597946166992
20.465272903442383
0.6465362310409546
20.30107307434082
19.654346466064453
34.80669021606445
28.175987243652344
19.705970764160156
19.23002815246582
9.730565071105957
22.81264877319336
15.343555450439453
23.340423583984375
23.389741897583008
20.588890075683594
12.824684143066406
22.014860153198242
27.052635192871094
16.527923583984375
4.5493903160095215
13.852822303771973
32.23912048339844
4.133687496185303
19.487648010253906
21.617645263671875
18.882953643798828
21.339385986328125
33.17660140991211
15.624285697937012
35.03382110595703
25.134567260742188
26.43545150756836
38.3393669128418
20.725440979003906
7.796422004699707
12.026576042175293
12.303851127624512
18.224361419677734
24.802350997924805
25.258663177490234
9.85944938659668
9.413866996765137
9.663097381591797
26.11989974975586
14.370733261108398
29.60416603088379
25.178007125854492
33.18791961669922
18.012739181518555
25.22124671936035
17.670644760131836
12.534053802490234
13.856943130493164
8.381592750549316
7.86862850189209
29.535940170288086
18.212175369262695
6.069708347320557
17.551067352294922
14.265567779541016
20.00161361694336
20.322786331176758
31.524860382080078
26.874889373779297
17.780059814453125
20.000507354736328
48.89099884033203
11.314491271972656
34.67954635620117
20.049684524536133
27.57853889465332
10.066128730773926
15.71619987487793
7.342315196990967
12.203310012817383
5.370504856109619
25.326416015625
15.287286758422852
26.088958740234375
13.957609176635742
8.09415054321289
22.212871551513672
5.518667697906494
12.245199203491211
26.682674407958984
18.890703201293945
28.551010131835938
14.792478561401367
7.186319351196289
14.298896789550781
25.410720825195312
26.100378036499023
16.78350830078125
19.846464157104492
13.454378128051758
32.522972106933594
17.591365814208984
21.97495460510254
4.833933353424072
6.908339500427246
9.944901466369629
11.925752639770508
23.15108871459961
26.821760177612305
13.092401504516602
6.606285095214844
4.787657260894775
16.161645889282227
8.7526216506958
16.762752532958984
12.018817901611328
14.804173469543457
14.88820743560791
35.75848388671875
19.4494571685791
22.862939834594727
23.827627182006836
28.634748458862305
8.069268226623535
13.417643547058105
34.17828369140625
35.88530349731445
13.938454627990723
17.42068099975586
35.911556243896484
20.865955352783203
29.854482650756836
25.053199768066406
23.441083908081055
13.357036590576172
17.566959381103516
18.862178802490234
15.24660873413086
10.419988632202148
8.736434936523438
14.89546012878418
7.8912553787231445
35.27119445800781
20.89791488647461
10.70814037322998
24.156047821044922
33.951881408691406
15.813887596130371
30.618656158447266
18.526853561401367
15.135675430297852
12.783769607543945
26.508140563964844
8.343271255493164
15.597522735595703
22.876771926879883
15.942084312438965
35.76529312133789
12.6201171875
15.21898078918457
19.97282600402832
23.200117111206055
12.767546653747559
20.62220573425293
21.167560577392578
13.6821928024292
7.023226737976074
23.407203674316406
16.025270462036133
13.131454467773438
26.128076553344727
30.37111473083496
18.767921447753906
15.623244285583496
11.640430450439453
26.425453186035156
19.48406219482422
23.556461334228516
22.8864803314209
22.351696014404297
31.281911849975586
24.464954376220703
16.245365142822266
22.68594741821289
17.919715881347656
8.653130531311035
25.011301040649414
10.063190460205078
28.384201049804688
35.05576705932617
17.002878189086914
21.05792999267578
18.11560821533203
41.73509216308594
16.805496215820312
16.51457977294922
33.5859375
7.606563091278076
25.15937614440918
20.302005767822266
13.144381523132324
22.420604705810547
14.452985763549805
17.361818313598633
18.77311134338379
19.735151290893555
17.183300018310547
16.97467041015625
21.754695892333984
23.70707893371582
22.367691040039062
15.47702693939209
3.2936441898345947
25.819787979125977
15.883614540100098
27.47928237915039
31.136764526367188
9.678812980651855
7.05170202255249
20.2491455078125
13.488490104675293
20.923616409301758
24.107696533203125
19.88788414001465
3.1926205158233643
5.01954984664917
15.767678260803223
7.450047016143799
27.016414642333984
21.761028289794922
30.94024085998535
13.5086669921875
32.073184967041016
35.000370025634766
18.28982162475586
13.726593017578125
31.565872192382812
24.639198303222656
28.71912956237793
34.42516326904297
30.476579666137695
13.536430358886719
10.018385887145996
8.996339797973633
31.404199600219727
24.169296264648438
28.729368209838867
30.244558334350586
14.556572914123535
17.093740463256836
12.07808780670166
22.273422241210938
15.171165466308594
22.301301956176758
30.907808303833008
15.486079216003418
7.121718406677246
26.572181701660156
20.603940963745117
17.720569610595703
9.046972274780273
11.567712783813477
13.094819068908691
23.433761596679688
35.233158111572266
12.589302062988281
25.56221580505371
8.618756294250488
20.903465270996094
11.074867248535156
24.622756958007812
20.09049415588379
24.976667404174805
17.74173927307129
23.16305923461914
21.07709503173828
39.421653747558594
20.297531127929688
21.761857986450195
22.678863525390625
20.782222747802734
20.980043411254883
25.669788360595703
15.344171524047852
21.73670768737793
15.67685604095459
17.278127670288086
16.81133270263672
18.490741729736328
20.8488712310791
12.153380393981934
3.4552931785583496
14.90350341796875
22.637218475341797
10.36807918548584
5.721295356750488
18.437992095947266
13.503168106079102
11.79356575012207
14.162047386169434
15.997090339660645
12.907580375671387
10.60361385345459
36.13979721069336
17.812801361083984
24.000566482543945
15.601412773132324
13.392948150634766
24.79866600036621
13.580862045288086
14.545175552368164
20.546600341796875
11.769274711608887
31.730243682861328
26.617027282714844
30.262346267700195
23.718761444091797
12.970815658569336
26.79690933227539
16.398902893066406
18.10800552368164
10.564152717590332
26.278942108154297
21.384428024291992
17.367733001708984
19.20746612548828
36.64289855957031
10.879067420959473
29.27566146850586
22.287561416625977
13.69980239868164
5.524059772491455
10.015488624572754
20.0045166015625
13.07434368133545
13.960309982299805
19.76003646850586
35.8714714050293
15.7101411819458
26.17664337158203
14.163291931152344
18.77956771850586
16.11639404296875
9.889878273010254
29.337064743041992
18.066247940063477
22.510761260986328
23.53150177001953
14.092121124267578
3.5745961666107178
11.021717071533203
9.36379337310791
11.833821296691895
27.750770568847656
20.7935848236084
12.509854316711426
20.702844619750977
21.572996139526367
19.226045608520508
11.456709861755371
16.850536346435547
29.605255126953125
11.065003395080566
10.907402038574219
18.825164794921875
6.100799083709717
20.31804847717285
19.233882904052734
39.416683197021484
30.793458938598633
21.671232223510742
16.45097541809082
6.314082145690918
26.426435470581055
19.359098434448242
24.717967987060547
9.305513381958008
9.781571388244629
33.954795837402344
8.270064353942871
9.990215301513672
23.370704650878906
21.758724212646484
15.731060981750488
15.044388771057129
25.409513473510742
12.602662086486816
2.0558974742889404
19.725467681884766
9.500894546508789
7.989367961883545
29.656448364257812
5.788466930389404
27.892955780029297
10.978006362915039
22.589500427246094
19.700469970703125
13.734392166137695
32.64323043823242
27.18585777282715
23.91632652282715
28.5560245513916
19.705385208129883
10.12298583984375
34.8776969909668
43.26970291137695
3.945354700088501
18.435108184814453
25.27631950378418
25.835996627807617
16.177810668945312
20.556678771972656
12.125934600830078
19.380813598632812
21.110916137695312
35.59248733520508
8.032872200012207
9.596846580505371
15.492033004760742
9.564568519592285
15.459643363952637
10.860912322998047
21.634408950805664
8.680207252502441
16.7294921875
1.9624598026275635
31.87053871154785
10.951319694519043
38.039737701416016
27.51583480834961
19.323192596435547
2.0038042068481445
15.165788650512695
30.47182273864746
16.063488006591797
26.948726654052734
54.35108947753906
23.893037796020508
27.793712615966797
36.7713623046875
8.587716102600098
8.880362510681152
40.63153839111328
11.198798179626465
12.242766380310059
