67.09407806396484
48.16932678222656
84.38282775878906
63.6157112121582
94.44388580322266
76.73967742919922
102.0313720703125
46.017250061035156
60.95526885986328
56.20042419433594
65.02812957763672
88.08027648925781
84.26790618896484
68.42816925048828
52.593849182128906
51.783180236816406
43.380306243896484
67.0172119140625
74.37909698486328
98.74972534179688
52.43913269042969
63.557701110839844
85.3886947631836
56.703392028808594
75.21898651123047
70.33831787109375
77.92150115966797
50.0081672668457
51.960628509521484
72.61078643798828
56.371437072753906
50.71715545654297
80.45729064941406
62.55683517456055
56.62757110595703
54.907073974609375
39.87651062011719
80.4648208618164
70.40967559814453
93.51998138427734
60.31861114501953
85.13523864746094
94.76093292236328
59.22676467895508
53.64601135253906
91.7479476928711
77.69343566894531
29.597360610961914
39.76054382324219
38.49004364013672
88.132568359375
80.88384246826172
58.27645492553711
86.54278564453125
42.77925491333008
77.92176055908203
88.38224029541016
76.62896728515625
54.99633026123047
63.631290435791016
44.95325469970703
105.51348114013672
101.32616424560547
43.61391067504883
50.84395980834961
87.22569274902344
78.20447540283203
65.34364318847656
44.17997741699219
68.06887817382812
64.38676452636719
90.84910583496094
43.9446907043457
41.939544677734375
105.79530334472656
93.07404327392578
70.13520812988281
76.18345642089844
113.65532684326172
50.03466796875
50.6506233215332
77.69166564941406
62.361541748046875
92.08494567871094
41.19842529296875
40.050132751464844
61.75534439086914
88.28448486328125
73.14911651611328
71.35800170898438
63.46601104736328
65.68878173828125
56.57362747192383
56.43277359008789
56.336509704589844
45.37535095214844
72.71943664550781
83.87237548828125
74.89091491699219
34.67778396606445
33.26464080810547
61.04553985595703
90.88028717041016
57.92561340332031
61.268009185791016
78.6577377319336
79.1546401977539
84.46485900878906
99.96908569335938
59.15827178955078
21.311214447021484
69.9755859375
75.4457778930664
74.79170227050781
62.95430374145508
113.79418182373047
41.82251739501953
49.952327728271484
54.536346435546875
74.9776611328125
101.636962890625
84.21808624267578
68.47161102294922
50.763309478759766
56.06346893310547
69.48323822021484
32.3719596862793
64.53913879394531
85.74427795410156
78.86898803710938
85.6077880859375
55.99274444580078
65.34290313720703
85.54441833496094
51.3741569519043
34.954532623291016
64.32422637939453
49.82331085205078
59.38800048828125
80.5858383178711
61.62749099731445
75.46023559570312
77.52413940429688
83.72036743164062
112.95558166503906
35.722816467285156
72.10562896728516
69.26002502441406
59.87320327758789
45.12596893310547
55.66215515136719
91.8402099609375
94.01770782470703
58.650611877441406
90.12537384033203
47.74287033081055
37.29536819458008
80.40290832519531
50.81854248046875
72.16835021972656
83.11253356933594
63.56499099731445
51.28300857543945
125.44049072265625
78.52080535888672
37.92079544067383
85.34801483154297
53.143821716308594
80.3755111694336
55.4609375
48.16392517089844
46.93561553955078
79.19642639160156
68.15911865234375
73.80580139160156
54.50586700439453
60.7518424987793
66.598388671875
78.03082275390625
79.8673324584961
56.80610275268555
74.24343872070312
98.26337432861328
66.9947738647461
72.1255111694336
29.037397384643555
99.25164794921875
71.11371612548828
36.315895080566406
69.59463500976562
67.6458740234375
69.35564422607422
66.87799835205078
54.05012130737305
42.12875747680664
76.056640625
59.43564987182617
67.08816528320312
58.6329345703125
49.36631774902344
78.4943618774414
46.783870697021484
65.30379486083984
50.07056427001953
61.463680267333984
72.79023742675781
51.81718444824219
65.7455825805664
90.52142333984375
87.7027359008789
58.412715911865234
54.81535339355469
88.49193572998047
59.66808319091797
64.71996307373047
47.18150329589844
69.19708251953125
86.63406372070312
23.634923934936523
47.026981353759766
87.2485580444336
75.9914321899414
47.76829528808594
52.418731689453125
71.66201782226562
107.02901458740234
60.26837158203125
38.94367980957031
71.91451263427734
101.88824462890625
74.21206665039062
62.85066223144531
50.57786178588867
80.62662506103516
53.05134582519531
70.02322387695312
69.16615295410156
75.35430908203125
85.74593353271484
91.17102813720703
41.17221450805664
62.31534194946289
60.93535614013672
25.329814910888672
63.86795425415039
57.02292251586914
55.607688903808594
63.4924430847168
88.55276489257812
39.38523483276367
72.53777313232422
72.58429718017578
69.34539794921875
79.89964294433594
93.79096984863281
64.72854614257812
38.575565338134766
55.25417709350586
83.34242248535156
55.24091720581055
61.256561279296875
74.52208709716797
57.73090362548828
47.816646575927734
58.43043518066406
55.81822204589844
63.67249298095703
60.6478157043457
68.61499786376953
103.53116607666016
86.06192016601562
64.61886596679688
51.97031784057617
51.8692741394043
50.144554138183594
61.89065933227539
46.52614212036133
74.48282623291016
78.2740707397461
77.10021209716797
48.286163330078125
71.2428970336914
76.91315460205078
41.334774017333984
49.958518981933594
32.55275344848633
56.37294006347656
67.2725830078125
69.45612335205078
83.18096160888672
40.3099479675293
74.97970581054688
43.63368225097656
87.88326263427734
76.41725158691406
62.286285400390625
67.49759674072266
50.12518310546875
55.05414581298828
38.88597106933594
55.54888916015625
23.217201232910156
62.6993293762207
57.5605354309082
53.73778533935547
70.31375885009766
73.026123046875
53.70088577270508
65.7218017578125
95.01313018798828
75.4588394165039
80.3149642944336
64.76622009277344
91.49960327148438
118.41277313232422
57.63703536987305
70.84027862548828
74.79174041748047
88.14022064208984
72.584716796875
74.92818450927734
70.08330535888672
85.64886474609375
57.2755012512207
78.46483612060547
72.2239761352539
51.34308624267578
88.03437042236328
84.45975494384766
94.6263427734375
63.432273864746094
101.65178680419922
87.0595474243164
52.907752990722656
75.85752868652344
40.555328369140625
61.32619094848633
91.61029815673828
82.3929672241211
69.20085906982422
68.77662658691406
63.284576416015625
49.74681854248047
75.8209457397461
90.70274353027344
86.37535095214844
69.61588287353516
40.49836349487305
65.5521469116211
79.78817749023438
63.507164001464844
82.54727172851562
51.160179138183594
53.13391876220703
59.59490203857422
73.99622344970703
52.27259063720703
56.38376998901367
65.31269836425781
70.44339752197266
49.740509033203125
58.502159118652344
55.8404541015625
75.15143585205078
75.2374038696289
47.667266845703125
85.45381927490234
120.77872467041016
65.7278823852539
59.96721267700195
50.41706466674805
37.17019271850586
109.90440368652344
61.63662338256836
44.792816162109375
57.40060043334961
68.02696990966797
48.6522216796875
37.56951141357422
82.8499755859375
99.5420913696289
119.4541244506836
54.034828186035156
103.71842956542969
54.76585006713867
81.27777862548828
66.87042999267578
75.33055877685547
50.299903869628906
68.63973999023438
79.55633544921875
95.07942199707031
80.35520935058594
52.880859375
70.67691040039062
79.9212646484375
66.2672348022461
52.083431243896484
51.6115837097168
48.441558837890625
90.22380065917969
81.47687530517578
62.253822326660156
76.5286865234375
96.33189392089844
60.55452346801758
38.76058578491211
53.66455841064453
60.340553283691406
79.15882873535156
57.86577606201172
85.0168228149414
59.975189208984375
86.5913314819336
77.67400360107422
49.903053283691406
36.14955139160156
81.18205261230469
89.75363159179688
86.3096694946289
83.09172058105469
109.92645263671875
62.241607666015625
67.88108825683594
52.998355865478516
48.38395690917969
63.83523178100586
94.21979522705078
63.305233001708984
46.45268249511719
81.36817932128906
62.72002029418945
79.44712829589844
45.90882110595703
44.48079299926758
69.8456802368164
68.97016143798828
53.0138053894043
50.162193298339844
60.63832473754883
68.8434829711914
49.37439727783203
83.37989044189453
75.92686462402344
53.79429244995117
44.32462692260742
85.72623443603516
63.32282257080078
88.04592895507812
62.76496124267578
102.67008209228516
55.13983154296875
69.7614974975586
44.1239013671875
89.19876861572266
73.1753158569336
111.64932250976562
52.49283981323242
48.4952392578125
42.044189453125
54.629638671875
81.27069854736328
67.38023376464844
57.917076110839844
41.39278030395508
87.04084777832031
77.26896667480469
40.410400390625
43.868438720703125
50.99203872680664
50.049583435058594
90.62403869628906
94.49440002441406
59.0516357421875
90.57606506347656
44.268226623535156
64.73291015625
89.87458038330078
63.77130126953125
75.4287338256836
45.807064056396484
60.765586853027344
89.31587219238281
42.4747200012207
57.7994384765625
90.90939331054688
74.33334350585938
73.63188934326172
69.02873992919922
71.5440444946289
49.596771240234375
110.87064361572266
54.81326675415039
82.35037231445312
80.87640380859375
65.73770904541016
81.01560974121094
71.56024169921875
64.80952453613281
49.048641204833984
83.91950225830078
64.64688873291016
104.83550262451172
62.49321365356445
65.50843048095703
88.60655212402344
55.82743835449219
40.6804313659668
42.264549255371094
44.41271209716797
50.56385803222656
61.472171783447266
69.64678955078125
90.12859344482422
53.173484802246094
55.44108963012695
48.344078063964844
68.74895477294922
66.0421371459961
47.52643585205078
88.35497283935547
58.61640930175781
68.86219024658203
39.48854446411133
108.30059814453125
47.934913635253906
49.73754119873047
80.57274627685547
71.21456909179688
33.92691421508789
88.54876708984375
47.998600006103516
75.65451049804688
64.69828796386719
86.11727142333984
53.46572494506836
54.08634948730469
70.8584213256836
46.69062423706055
59.10771560668945
82.08490753173828
89.70603942871094
62.177894592285156
83.59626007080078
66.45618438720703
57.27259826660156
87.57962036132812
71.21685791015625
59.2923698425293
44.45130157470703
40.48031234741211
42.74053955078125
36.44846725463867
37.841094970703125
85.28422546386719
87.29682922363281
103.21560668945312
66.51692199707031
36.92902755737305
26.39521026611328
58.359840393066406
104.73594665527344
82.03873443603516
71.02348327636719
46.47764587402344
47.08536148071289
62.68589782714844
44.50273132324219
82.55671691894531
56.855812072753906
80.83887481689453
36.44285583496094
81.86630249023438
76.17761993408203
62.22983932495117
83.35725402832031
33.94576644897461
67.00245666503906
76.11387634277344
112.38097381591797
73.02761840820312
72.10072326660156
64.60712432861328
63.715484619140625
52.54085922241211
99.3402328491211
84.73219299316406
60.681941986083984
60.464881896972656
62.792022705078125
67.84062194824219
88.13665008544922
50.025245666503906
52.11113357543945
50.109622955322266
116.09192657470703
76.24590301513672
37.25592803955078
70.53292083740234
36.71329879760742
73.5423812866211
50.3167724609375
62.942710876464844
55.29289245605469
59.295379638671875
61.450992584228516
65.21963500976562
64.00918579101562
71.3646011352539
54.143951416015625
79.76118469238281
78.98501586914062
83.81072998046875
74.85383605957031
52.707786560058594
48.30035400390625
94.07129669189453
82.42350006103516
69.92788696289062
38.99850082397461
66.93743133544922
77.74695587158203
77.23727416992188
77.23096466064453
36.243255615234375
97.4970932006836
38.102169036865234
48.71048355102539
68.99601745605469
76.50822448730469
80.68777465820312
85.38150024414062
83.51498413085938
60.13546371459961
97.49684143066406
113.5309829711914
81.9965591430664
81.70333099365234
73.6158447265625
48.28219985961914
50.9896125793457
94.45877075195312
92.9266586303711
61.7000617980957
54.40171813964844
67.96875762939453
51.53254318237305
53.25868606567383
36.63170623779297
97.46849822998047
78.67228698730469
49.13365173339844
78.78291320800781
64.23772430419922
45.13102340698242
52.305335998535156
40.21444320678711
61.511539459228516
75.7510757446289
58.12440872192383
88.44468688964844
60.757503509521484
78.29959869384766
56.4238395690918
53.200931549072266
72.5851058959961
66.33898162841797
51.839717864990234
72.66000366210938
72.8912124633789
60.04380798339844
69.77392578125
99.55748748779297
10.602344512939453
61.815128326416016
75.88935852050781
61.24155044555664
72.47534942626953
94.35240936279297
57.250282287597656
71.62865447998047
59.388092041015625
50.920143127441406
42.7884407043457
31.10188865661621
79.29254913330078
36.900089263916016
36.73167037963867
60.98568344116211
72.61420440673828
48.520301818847656
40.321044921875
90.7942886352539
50.82931900024414
69.0340347290039
57.54029083251953
29.243074417114258
60.68462371826172
79.63753509521484
44.044776916503906
37.757869720458984
44.7241096496582
48.88315200805664
78.67552947998047
68.79007720947266
80.71466064453125
68.74918365478516
63.585662841796875
55.019832611083984
57.033180236816406
75.2218017578125
76.09884643554688
72.49203491210938
88.89112091064453
56.63823699951172
69.84197235107422
46.259681701660156
60.23515319824219
53.08761978149414
85.44617462158203
82.20870971679688
79.50419616699219
56.22541809082031
57.50836181640625
73.88512420654297
60.593994140625
43.85065460205078
76.34793853759766
50.783695220947266
85.14237976074219
72.60652160644531
63.64873504638672
57.93400955200195
75.3470230102539
56.912147521972656
52.43009567260742
62.61192321777344
81.33981323242188
37.698486328125
45.59275436401367
84.95540618896484
69.7506103515625
48.121376037597656
62.18547058105469
68.6986083984375
64.85648345947266
74.81165313720703
56.02455139160156
91.67140197753906
68.28878784179688
116.45992279052734
65.75208282470703
96.89583587646484
61.4056282043457
94.0230712890625
62.290771484375
81.95005798339844
46.91587448120117
74.8197021484375
116.1998062133789
76.7964859008789
29.941436767578125
68.9681396484375
48.105804443359375
47.9423713684082
63.081661224365234
82.99732971191406
73.316162109375
70.3132553100586
69.43885040283203
74.7763900756836
62.766788482666016
57.44577407836914
79.35760498046875
46.327369689941406
52.154022216796875
48.01959228515625
93.84659576416016
78.09304809570312
62.78776168823242
35.959529876708984
55.397762298583984
48.97042465209961
30.243818283081055
79.14301300048828
33.03313064575195
67.80531311035156
32.504249572753906
83.08222961425781
33.931922912597656
43.19047546386719
69.15447998046875
44.42754364013672
97.02892303466797
49.109989166259766
99.71340942382812
85.49046325683594
57.24529266357422
81.31866455078125
77.9108657836914
76.6737289428711
49.11455154418945
95.34894561767578
73.63481140136719
55.31551742553711
90.88007354736328
52.782596588134766
74.83710479736328
35.752647399902344
65.57400512695312
64.34154510498047
87.50179290771484
81.30945587158203
61.298133850097656
83.39932250976562
44.47605895996094
53.74531173706055
89.8282470703125
96.61955261230469
76.74293518066406
70.06779479980469
76.55440521240234
84.68299865722656
72.41685485839844
64.82069396972656
57.123863220214844
73.33458709716797
87.03994750976562
68.06161499023438
75.21904754638672
85.690185546875
64.59427642822266
103.89866638183594
79.52462768554688
81.87385559082031
44.776405334472656
51.44247817993164
34.332828521728516
46.10228729248047
50.85877227783203
86.99372863769531
60.33424377441406
43.89399337768555
75.47200012207031
57.852073669433594
102.01406860351562
60.32415771484375
71.43719482421875
80.5523681640625
71.94490814208984
64.2991714477539
68.57470703125
37.69532775878906
70.74398803710938
53.23652648925781
74.0731201171875
71.03478240966797
44.45431900024414
47.78759002685547
97.43080139160156
48.428367614746094
58.286651611328125
60.532012939453125
56.23312759399414
35.95783233642578
83.51469421386719
67.95609283447266
67.52066040039062
65.9089126586914
67.41981506347656
82.95694732666016
43.08780288696289
56.19247055053711
114.93077850341797
84.88328552246094
95.84539794921875
74.7939453125
57.29475021362305
60.412696838378906
69.85474395751953
73.99917602539062
42.33040237426758
86.72291564941406
70.06268310546875
66.64289855957031
39.43534469604492
78.99182891845703
74.50616455078125
64.21290588378906
71.94985961914062
71.60073852539062
48.962711334228516
83.16820526123047
36.679508209228516
67.31481170654297
49.17828369140625
67.77217102050781
44.033626556396484
38.03955841064453
67.31781768798828
59.48777770996094
67.59814453125
82.40403747558594
65.9603271484375
57.31930923461914
26.623428344726562
71.10474395751953
43.60960388183594
97.17161560058594
70.9551773071289
55.386722564697266
45.469398498535156
76.41446685791016
62.58780288696289
87.74561309814453
50.792083740234375
91.81419372558594
63.57807159423828
89.3652572631836
103.9175796508789
107.11988067626953
59.788177490234375
48.93254470825195
95.55609130859375
64.93610382080078
51.98633575439453
107.07819366455078
82.39163970947266
81.18856048583984
50.23822021484375
61.493263244628906
45.57802200317383
98.26024627685547
65.16471099853516
57.9809455871582
97.03838348388672
107.04564666748047
53.94088363647461
62.306976318359375
41.680755615234375
56.613792419433594
68.92339324951172
61.12641143798828
53.35328674316406
60.538639068603516
47.925498962402344
29.728111267089844
107.77069854736328
44.09589767456055
85.1236572265625
54.02970886230469
76.88700866699219
74.22370910644531
54.64729690551758
64.00206756591797
27.593107223510742
23.63602638244629
83.35778045654297
68.10415649414062
55.67013168334961
88.33484649658203
47.859798431396484
75.42882537841797
113.75103759765625
89.42546844482422
45.385101318359375
90.47429656982422
85.99702453613281
61.68065643310547
81.0443344116211
110.97256469726562
47.958396911621094
81.7035140991211
86.87755584716797
59.9692497253418
76.31221008300781
80.96484375
74.17724609375
65.5814208984375
46.62230682373047
42.642879486083984
63.21674346923828
74.95697784423828
61.796207427978516
54.61391830444336
77.76751708984375
53.790687561035156
82.7542724609375
74.10882568359375
47.801597595214844
78.86721801757812
105.53667449951172
64.28710174560547
70.19510650634766
26.428882598876953
60.62211608886719
84.92046356201172
71.73641204833984
64.187744140625
63.455772399902344
68.69757843017578
95.5993881225586
84.12406921386719
83.71179962158203
55.339195251464844
21.282333374023438
63.411373138427734
70.16387939453125
73.77815246582031
82.87797546386719
69.082763671875
64.1005630493164
70.98405456542969
112.13396453857422
55.2006950378418
55.6424560546875
83.02889251708984
96.28926849365234
88.97412872314453
89.65662384033203
99.5269546508789
119.18185424804688
66.831298828125
65.82240295410156
63.22072219848633
55.483001708984375
70.83165740966797
70.10797119140625
57.51443862915039
63.70830535888672
77.34815979003906
59.686607360839844
63.004093170166016
68.90847778320312
55.46527099609375
51.83192825317383
95.59228515625
74.95730590820312
37.23143768310547
100.83482360839844
41.76581573486328
74.60154724121094
83.61273956298828
72.5750961303711
75.54708862304688
45.11562728881836
51.76015090942383
44.33460235595703
77.92196655273438
77.1859359741211
57.999820709228516
67.90666198730469
74.95600891113281
77.46156311035156
69.0843505859375
45.4912223815918
76.40676879882812
38.8915901184082
68.87084197998047
105.55089569091797
85.21897888183594
55.58680725097656
47.37293243408203
46.42366409301758
70.63697814941406
66.19419860839844
91.30094146728516
116.75881958007812
71.84143829345703
75.38037872314453
58.476287841796875
57.67120361328125
40.716373443603516
35.531829833984375
43.058937072753906
50.862579345703125
82.88994598388672
85.00695037841797
100.00800323486328
69.92052459716797
60.19526290893555
57.19371795654297
98.32327270507812
83.77706146240234
70.09488677978516
52.557151794433594
47.972564697265625
54.555931091308594
91.93222045898438
69.45492553710938
70.81309509277344
112.49874877929688
55.4477653503418
77.13217163085938
62.75791931152344
30.02445411682129
95.83390808105469
27.254730224609375
81.25633239746094
50.28086471557617
77.15087127685547
52.68016052246094
80.84178161621094
76.4237060546875
80.62195587158203
70.30305480957031
36.92179489135742
74.57066345214844
37.56270217895508
72.18997192382812
69.12601470947266
80.16529846191406
69.97504425048828
46.854583740234375
55.814537048339844
45.64547348022461
65.54424285888672
35.14099884033203
36.832298278808594
62.69480895996094
85.00623321533203
111.84232330322266
55.03805923461914
82.73217010498047
54.986167907714844
106.4865493774414
68.03304290771484
76.61909484863281
66.79005432128906
54.763389587402344
93.79907989501953
28.777151107788086
41.962825775146484
57.06916046142578
27.064502716064453
57.50904083251953
60.36376953125
61.79936218261719
59.96162796020508
72.60688781738281
35.47989273071289
89.9961166381836
67.08760833740234
67.35950469970703
107.98699188232422
55.80940246582031
91.192138671875
57.62356185913086
53.371707916259766
76.09517669677734
65.7962875366211
51.658203125
76.18756866455078
78.8938217163086
52.85457992553711
104.32141876220703
95.92271423339844
58.31132125854492
75.740234375
74.5333480834961
68.15057373046875
74.56912231445312
67.88069152832031
81.88003540039062
53.925601959228516
102.80604553222656
44.83223342895508
81.96554565429688
92.77462005615234
84.29093933105469
52.79615783691406
71.494873046875
59.18345260620117
60.997867584228516
74.6904525756836
100.27792358398438
80.10508728027344
42.24362564086914
68.99766540527344
68.07769012451172
68.31243896484375
79.21580505371094
84.61410522460938
52.377742767333984
50.70237731933594
51.273284912109375
53.35776901245117
102.67728424072266
80.92618560791016
65.4775161743164
70.50215911865234
46.15945816040039
77.29180908203125
61.58209228515625
55.842185974121094
51.95185852050781
83.82131958007812
58.65156173706055
72.81137084960938
78.86656951904297
76.7054672241211
105.85155487060547
68.68142700195312
98.49407958984375
64.71135711669922
76.9405517578125
49.73847198486328
88.77137756347656
72.05268096923828
80.5876693725586
127.68345642089844
97.06442260742188
65.15868377685547
30.92210578918457
85.00093841552734
70.61156463623047
37.9807014465332
59.75816345214844
53.35650634765625
57.34336471557617
50.541748046875
67.83507537841797
67.3770523071289
69.22400665283203
87.32255554199219
61.48186492919922
35.67753982543945
88.3038101196289
51.60149002075195
77.65950012207031
66.99542236328125
56.03542709350586
94.45039367675781
51.52190017700195
49.86466979980469
66.19754791259766
66.79805755615234
53.82511520385742
62.145938873291016
114.16716766357422
44.61631393432617
59.88167190551758
61.09824752807617
90.00538635253906
77.5866470336914
74.00340270996094
44.45762634277344
60.965023040771484
56.06782913208008
73.99754333496094
40.58815383911133
72.83344268798828
96.79521942138672
43.08464431762695
52.45729064941406
73.56788635253906
85.4483871459961
79.36650848388672
63.44776916503906
41.21247863769531
85.5843505859375
48.6858024597168
53.59395217895508
107.97639465332031
63.47419357299805
74.8447036743164
74.03070831298828
79.97013854980469
83.96005249023438
70.1331787109375
80.24465942382812
73.8217544555664
64.37214660644531
56.64554214477539
71.75659942626953
83.3163070678711
77.91382598876953
68.75408935546875
50.49604797363281
80.06201171875
49.893375396728516
65.09920501708984
58.02848434448242
106.23523712158203
56.607765197753906
87.28781127929688
68.89796447753906
28.421289443969727
88.57669830322266
63.32084655761719
70.32062530517578
82.8623275756836
70.09921264648438
74.96931457519531
36.40930938720703
67.93540954589844
89.0624771118164
41.98149108886719
60.075801849365234
78.18307495117188
48.55152130126953
39.323150634765625
68.01335144042969
74.434326171875
63.90261459350586
81.54817962646484
30.989200592041016
49.46921157836914
105.54772186279297
39.97966766357422
48.17957305908203
95.26602172851562
38.8979377746582
73.0134506225586
44.50669860839844
97.40885162353516
37.518009185791016
43.612342834472656
47.147335052490234
50.819461822509766
82.23577880859375
46.78335189819336
77.10173034667969
68.88119506835938
86.19161224365234
53.69511795043945
32.09892272949219
103.82026672363281
73.5775146484375
56.91665267944336
65.14595794677734
74.73760986328125
60.47800064086914
92.69859313964844
66.81981658935547
87.19572448730469
106.19348907470703
97.959228515625
74.9107666015625
73.9797134399414
49.676883697509766
49.85401153564453
27.719179153442383
42.430015563964844
36.80728530883789
67.82984924316406
31.010377883911133
81.79838562011719
71.06092071533203
49.49860763549805
66.83914947509766
43.9143180847168
76.20223999023438
64.1397476196289
57.67997741699219
57.09518814086914
45.27745056152344
62.775577545166016
68.19548797607422
48.09021759033203
35.35096740722656
40.55772018432617
34.45099639892578
49.434593200683594
96.42001342773438
88.66242980957031
72.23516082763672
58.9007682800293
70.47413635253906
107.16039276123047
36.31619644165039
76.10916900634766
56.49365234375
96.1865234375
63.76377487182617
57.122737884521484
30.04141616821289
70.9867172241211
51.85728073120117
80.39908599853516
61.26369857788086
61.64316177368164
53.123661041259766
60.650325775146484
88.00020599365234
56.310401916503906
59.40917205810547
59.407371520996094
27.237871170043945
76.5948486328125
28.191869735717773
55.9937744140625
74.76860809326172
96.39541625976562
73.71820068359375
50.06490707397461
41.617557525634766
77.03558349609375
45.86351776123047
72.76299285888672
22.309162139892578
70.36774444580078
39.193260192871094
66.47021484375
73.0776596069336
85.42066192626953
48.1198844909668
62.309566497802734
48.61186218261719
113.75629425048828
56.65222930908203
47.54413604736328
116.40716552734375
73.27586364746094
43.06147384643555
88.30287170410156
67.24273681640625
62.65168762207031
63.81177520751953
43.12228775024414
28.99799919128418
38.0073127746582
84.42664337158203
58.302001953125
45.989654541015625
85.43909454345703
82.04533386230469
62.7750244140625
107.53671264648438
106.45612335205078
91.50643157958984
43.9760856628418
71.44139862060547
47.59347915649414
107.98619842529297
69.37051391601562
31.051027297973633
79.36473846435547
82.6622085571289
56.21625900268555
53.04574966430664
82.61194610595703
72.5336685180664
75.17414093017578
44.928916931152344
48.45198440551758
60.71232223510742
69.98011779785156
76.69609069824219
76.35047912597656
70.1948471069336
91.59515380859375
82.42395782470703
76.67705535888672
90.49224853515625
58.77681350708008
91.54933166503906
39.82740783691406
112.23369598388672
53.2673225402832
65.70487976074219
69.05014038085938
67.55493927001953
51.52235412597656
67.8263168334961
78.4654769897461
42.75330352783203
71.50047302246094
40.58292770385742
56.77238845825195
34.60872268676758
69.64555358886719
63.3933219909668
64.46257781982422
61.52678298950195
66.28749084472656
80.41577911376953
33.42936706542969
56.784820556640625
29.007076263427734
98.34193420410156
57.622779846191406
33.48074722290039
72.63237762451172
94.17646026611328
59.300357818603516
52.481685638427734
70.76565551757812
79.31161499023438
77.95755004882812
46.70066452026367
71.97921752929688
89.64482116699219
47.132850646972656
74.52449798583984
26.475271224975586
67.26385498046875
79.49516296386719
53.57675552368164
50.08452606201172
48.39548110961914
62.74678421020508
54.72339630126953
60.25368881225586
65.67498779296875
66.09037780761719
59.22499465942383
54.40044403076172
79.15634155273438
64.70829010009766
67.49283599853516
92.52606201171875
61.42949676513672
78.77999114990234
83.55996704101562
69.88888549804688
36.51275634765625
61.09169006347656
81.54174041748047
48.92708206176758
72.04232788085938
59.365570068359375
91.32815551757812
57.74945831298828
47.131893157958984
82.32352447509766
67.16081237792969
41.40817642211914
63.11459732055664
60.552154541015625
89.64063262939453
93.65164184570312
112.99946594238281
90.19746398925781
86.06834411621094
50.80582046508789
49.56415557861328
66.85758972167969
63.03556442260742
61.704261779785156
58.2079963684082
46.26028060913086
52.40665054321289
66.78852081298828
59.32941818237305
56.08079528808594
58.541873931884766
43.926307678222656
95.29672241210938
51.33380126953125
76.53105163574219
54.22270965576172
61.230751037597656
68.56806945800781
40.45200729370117
39.22353744506836
19.204580307006836
66.10247802734375
36.36424255371094
76.29889678955078
48.86085891723633
40.510406494140625
80.82672119140625
84.32798767089844
41.05367660522461
45.85390853881836
64.18961334228516
81.93475341796875
97.2715835571289
54.541358947753906
37.92790222167969
77.40119934082031
72.08997344970703
104.84762573242188
56.03026580810547
79.74827575683594
104.19913482666016
60.95037078857422
83.30577850341797
55.69102478027344
48.72136688232422
68.92179870605469
50.68045425415039
56.3834114074707
60.74637985229492
65.41732788085938
68.9655532836914
74.72256469726562
76.98452758789062
49.761199951171875
91.671142578125
54.638763427734375
43.11442184448242
60.6882209777832
55.48114013671875
33.535865783691406
74.74626159667969
77.8719253540039
55.3952522277832
83.45691680908203
78.89496612548828
45.14596176147461
42.86867904663086
51.17432403564453
50.2718620300293
60.24372482299805
72.09131622314453
67.23978424072266
39.71080780029297
51.19529724121094
44.73470687866211
71.66854095458984
82.13951110839844
81.3748779296875
87.38220977783203
77.65465545654297
90.14244842529297
64.08761596679688
85.68633270263672
61.571929931640625
35.95948028564453
71.08856964111328
70.60995483398438
109.15821075439453
38.262725830078125
76.48296356201172
115.25413513183594
78.01136016845703
77.23243713378906
54.16995620727539
64.15396881103516
111.3010025024414
65.73275756835938
38.81857681274414
81.98072814941406
105.08995819091797
71.08109283447266
74.41426086425781
73.1838607788086
92.65072631835938
58.19487762451172
36.29280090332031
28.610727310180664
71.42523956298828
61.954471588134766
58.189910888671875
61.360294342041016
74.84931945800781
47.06700897216797
71.97284698486328
50.16359329223633
81.79238891601562
62.20298767089844
71.80923461914062
74.59712219238281
57.35124206542969
74.4867935180664
77.8555908203125
54.265899658203125
84.28469848632812
91.33627319335938
65.88028717041016
73.73843383789062
87.7906265258789
70.17296600341797
94.78478240966797
69.90229797363281
94.02436065673828
72.31576538085938
76.6794204711914
35.84566116333008
77.94645690917969
67.4695816040039
79.08258819580078
82.61779022216797
47.30693435668945
88.57817840576172
69.38417053222656
66.87986755371094
68.55268859863281
56.81132507324219
83.97362518310547
92.60363006591797
89.56663513183594
67.92758178710938
46.4146728515625
68.94367218017578
38.20952606201172
75.64093780517578
76.47686004638672
59.689697265625
34.54813003540039
56.4079704284668
28.691011428833008
73.74974060058594
93.77583312988281
89.45597076416016
73.13287353515625
101.31602478027344
48.608001708984375
46.129032135009766
72.12098693847656
105.49320983886719
55.747596740722656
65.89220428466797
56.63758850097656
54.27789306640625
73.63946533203125
28.53470802307129
48.79173278808594
80.16145324707031
90.74649047851562
90.89847564697266
82.14842224121094
55.36410903930664
43.616249084472656
38.23737716674805
62.703155517578125
55.78228759765625
60.79315948486328
69.1572036743164
57.64680099487305
70.11892700195312
87.0538101196289
52.36181640625
85.28470611572266
78.26953887939453
34.744606018066406
67.2099838256836
79.56066131591797
49.66590118408203
54.218353271484375
77.62971496582031
81.14388275146484
87.82322692871094
50.18587875366211
85.27339935302734
93.9804916381836
58.1382942199707
34.71508026123047
65.45890808105469
82.15267944335938
35.945316314697266
68.15099334716797
68.57752227783203
37.814483642578125
99.74461364746094
68.08967590332031
67.35929870605469
44.67932891845703
81.68059539794922
77.16264343261719
50.64511489868164
53.553192138671875
86.34681701660156
109.48213958740234
50.448081970214844
81.19779968261719
48.39857482910156
86.05804443359375
64.93731689453125
72.58550262451172
111.58338928222656
26.384939193725586
66.95350646972656
49.9990234375
80.59523010253906
118.97339630126953
47.54975891113281
65.17655181884766
39.21342849731445
77.87561798095703
65.82017517089844
95.41659545898438
67.501708984375
106.00181579589844
71.60249328613281
50.87335205078125
53.154090881347656
71.72700500488281
74.31344604492188
79.69309997558594
80.88160705566406
90.2869644165039
87.57451629638672
63.578819274902344
76.8313217163086
50.86323547363281
63.97248840332031
108.79840087890625
80.23011779785156
77.00021362304688
55.655765533447266
48.554622650146484
57.13814163208008
98.94557189941406
79.73137664794922
41.06257629394531
99.17603302001953
70.44503021240234
66.17098236083984
43.346702575683594
49.465675354003906
77.50064849853516
62.00438690185547
61.472721099853516
59.73662185668945
71.8358154296875
99.1064453125
83.28251647949219
49.51665496826172
67.33321380615234
47.655574798583984
48.76671600341797
73.89945220947266
82.54882049560547
89.84223175048828
59.438411712646484
69.12882232666016
66.38113403320312
22.343717575073242
64.15133666992188
69.2807388305664
67.2784194946289
63.003578186035156
23.91326141357422
59.28940963745117
60.63927459716797
88.56289672851562
102.28582000732422
78.62618255615234
71.58064270019531
76.17401885986328
105.79386901855469
44.19951248168945
51.159950256347656
83.998291015625
49.44527816772461
74.51020812988281
48.07343673706055
37.87405776977539
52.79518127441406
55.09971618652344
82.94144439697266
38.52583694458008
111.42996978759766
66.3628158569336
63.54270553588867
89.41265869140625
41.67977523803711
63.54719924926758
84.06653594970703
66.35282897949219
53.56108093261719
61.82123565673828
53.185306549072266
75.35845184326172
83.59204864501953
80.17447662353516
80.16730499267578
48.39958953857422
75.17633819580078
105.46422576904297
83.48910522460938
40.787559509277344
76.95272827148438
24.8414249420166
59.651893615722656
61.08634948730469
61.355403900146484
89.7609634399414
62.48139953613281
97.9185791015625
92.2297592163086
84.60392761230469
36.89354705810547
48.88890838623047
60.86928176879883
56.93113327026367
72.25709533691406
62.60102462768555
69.59912872314453
85.97235870361328
66.20230865478516
78.99595642089844
43.983272552490234
75.66285705566406
71.16992950439453
84.09424591064453
82.06301879882812
76.7881088256836
79.11518096923828
86.19396209716797
106.1441421508789
45.48497772216797
91.6854476928711
31.798505783081055
81.34911346435547
103.60273742675781
40.643310546875
74.7257308959961
60.555946350097656
57.862945556640625
101.9405517578125
81.57746887207031
85.36106872558594
88.7152328491211
69.00554656982422
69.82182312011719
83.69530487060547
46.40092086791992
83.53438568115234
72.5762710571289
105.95552825927734
63.8885383605957
72.11611938476562
106.52571105957031
59.80588912963867
59.91556167602539
78.67559051513672
115.1529312133789
80.33370208740234
84.29993438720703
76.60015869140625
91.07093048095703
70.2177734375
54.2236442565918
107.7027587890625
77.53520965576172
48.84138107299805
88.48921966552734
70.24120330810547
85.42314910888672
70.4419937133789
61.37660217285156
94.92823028564453
48.19175338745117
52.04540252685547
64.66146850585938
70.61589813232422
82.05704498291016
49.90523147583008
99.65435791015625
46.27116775512695
53.75846481323242
64.02069854736328
60.91083526611328
42.233516693115234
49.16730499267578
115.03553009033203
74.50198364257812
91.0722427368164
64.25834655761719
45.0112190246582
38.90185546875
84.34744262695312
75.53668975830078
72.21617126464844
48.06383514404297
71.9399185180664
64.8420639038086
95.39802551269531
62.62553405761719
75.02964782714844
79.03501892089844
70.8177490234375
72.02317810058594
100.73582458496094
29.04803466796875
84.24898529052734
71.9678955078125
44.456932067871094
102.5125732421875
68.52243041992188
67.06124114990234
74.99046325683594
43.13764190673828
25.187288284301758
87.43321228027344
49.91790771484375
59.978187561035156
58.534942626953125
49.12984848022461
49.7496223449707
69.37186431884766
88.39441680908203
51.96892166137695
51.806617736816406
79.59131622314453
35.842994689941406
90.25212097167969
90.06249237060547
56.56388854980469
68.339599609375
98.38783264160156
98.01872253417969
53.79301452636719
71.5103988647461
89.7909164428711
50.06989288330078
46.92845153808594
99.79768371582031
71.97636413574219
103.1554183959961
40.444969177246094
80.68998718261719
80.98151397705078
83.34552764892578
72.1004638671875
76.39557647705078
72.79403686523438
39.044612884521484
63.55958938598633
82.83251190185547
95.83397674560547
63.98152542114258
80.82844543457031
68.79627227783203
90.06077575683594
62.05498504638672
63.5702018737793
90.31346893310547
75.24676513671875
54.64738464355469
72.02118682861328
48.86376953125
68.45716857910156
28.393905639648438
74.0665512084961
53.63121795654297
77.84172058105469
41.501556396484375
60.739227294921875
36.41521072387695
51.40626907348633
57.303104400634766
49.96183776855469
77.81022644042969
77.58100891113281
55.0746955871582
82.93543243408203
68.29207611083984
70.34196472167969
61.164817810058594
77.10981750488281
63.57337188720703
76.4779052734375
66.04510498046875
60.446205139160156
100.18609619140625
58.69282913208008
73.76322174072266
46.75727081298828
52.96501159667969
25.968948364257812
85.89623260498047
61.72425079345703
101.25438690185547
53.14128494262695
109.26083374023438
48.663333892822266
53.873477935791016
51.941768646240234
72.82022094726562
78.42717742919922
78.85057067871094
61.597721099853516
62.91753387451172
67.39608764648438
33.797454833984375
73.12805938720703
77.14855194091797
73.66313171386719
86.8209228515625
52.38214111328125
62.219825744628906
38.605140686035156
108.47785949707031
80.75696563720703
89.56028747558594
69.7660903930664
83.6170425415039
72.38636016845703
59.768638610839844
80.60386657714844
82.28685760498047
67.45573425292969
74.67396545410156
48.60248947143555
96.9591293334961
56.31412124633789
89.30838012695312
55.3000373840332
28.061031341552734
31.916263580322266
41.446014404296875
91.0024185180664
52.02102279663086
77.45320129394531
90.47086334228516
94.7314224243164
68.1126708984375
43.64673614501953
80.61163330078125
58.02806091308594
57.85940170288086
36.498260498046875
66.78958892822266
53.26046371459961
89.57572174072266
69.50979614257812
99.59309387207031
65.67225646972656
34.55577850341797
59.050689697265625
72.20841217041016
75.3768310546875
47.67203140258789
90.06316375732422
53.899051666259766
56.366188049316406
79.79364013671875
71.0770492553711
69.60305786132812
48.72732925415039
57.724674224853516
74.50251007080078
72.72480773925781
88.05547332763672
61.65228271484375
90.57528686523438
87.11470031738281
49.218048095703125
60.40302658081055
57.88566589355469
60.776737213134766
113.7569580078125
66.1817398071289
96.68893432617188
28.466663360595703
69.52401733398438
55.92814254760742
105.38311004638672
68.15674591064453
36.15837860107422
75.45938873291016
76.95716094970703
56.174598693847656
67.12909698486328
68.44955444335938
82.48238372802734
40.169525146484375
74.03374481201172
69.60554504394531
28.476688385009766
50.55069351196289
53.84328079223633
75.78121185302734
113.82665252685547
96.9053955078125
57.94478225708008
34.604557037353516
66.47290802001953
77.0005874633789
57.986595153808594
89.53119659423828
76.08258819580078
51.407894134521484
54.76637268066406
60.94590759277344
75.20571899414062
82.90225219726562
91.59976959228516
75.26154327392578
66.90593719482422
72.11663055419922
69.07980346679688
36.814430236816406
56.78354263305664
56.61333084106445
77.24002838134766
41.03529739379883
73.22422790527344
63.74982452392578
78.25103759765625
37.06056594848633
88.08346557617188
70.26032257080078
31.384336471557617
88.72986602783203
89.90255737304688
85.10487365722656
43.15780258178711
85.96841430664062
53.74886703491211
83.5008773803711
67.96968841552734
123.72284698486328
91.06214904785156
69.5624771118164
41.30263137817383
85.70477294921875
86.79688262939453
45.615211486816406
42.551456451416016
96.22640991210938
39.41498947143555
79.75660705566406
97.9324951171875
84.00016784667969
42.539955139160156
71.41561126708984
65.38212585449219
92.02918243408203
97.28070831298828
92.83686065673828
71.14735412597656
91.10043334960938
73.11909484863281
67.30368041992188
42.30411911010742
59.72976303100586
53.93072509765625
75.9880142211914
54.359405517578125
56.430973052978516
87.46648406982422
77.80807495117188
57.29372787475586
73.37589263916016
39.505088806152344
75.1087646484375
76.7383041381836
88.2019271850586
69.73511505126953
67.14292907714844
61.59267807006836
62.55915069580078
79.21532440185547
52.987083435058594
62.3316535949707
76.34593963623047
79.65033721923828
52.0338249206543
79.73509216308594
87.2953109741211
67.21089935302734
86.13237762451172
76.69962310791016
60.367122650146484
62.431396484375
62.76109313964844
80.64527893066406
90.7845687866211
51.97983932495117
70.39439392089844
26.856191635131836
46.71674728393555
54.91233444213867
62.1821174621582
90.15260314941406
48.492652893066406
68.39614868164062
77.0669937133789
35.945228576660156
63.408546447753906
58.06569290161133
82.12197875976562
71.91058349609375
59.57380676269531
63.85581970214844
48.89033508300781
37.34092330932617
80.46517181396484
90.68450164794922
79.26031494140625
93.51519012451172
102.0101089477539
66.85469055175781
95.33800506591797
71.56207275390625
55.16936111450195
77.62969970703125
45.84208679199219
68.1252212524414
68.97793579101562
69.7149887084961
102.36233520507812
61.97614288330078
94.3450927734375
83.7746353149414
48.07623291015625
53.737579345703125
95.328125
77.0417251586914
83.44366455078125
46.33799362182617
77.79651641845703
68.1761474609375
47.784507751464844
93.7757568359375
65.9077377319336
86.78395080566406
57.266029357910156
76.72542572021484
76.87104034423828
85.41521453857422
89.11504364013672
50.94552230834961
67.47586059570312
45.602928161621094
64.09903717041016
52.601234436035156
67.2379379272461
83.45652770996094
35.17628479003906
69.50048828125
55.66347885131836
54.410797119140625
31.493940353393555
58.285491943359375
61.74568557739258
43.03540802001953
54.93400192260742
46.644989013671875
64.36851501464844
50.38524627685547
60.98711395263672
80.01012420654297
38.92201232910156
69.39472961425781
90.78173828125
57.10265350341797
82.4636459350586
29.190786361694336
62.60435104370117
86.7280502319336
77.52217102050781
93.94798278808594
68.23738098144531
81.36416625976562
59.914188385009766
55.9975700378418
61.64671325683594
75.32461547851562
63.34615707397461
85.1078872680664
62.318206787109375
66.5766372680664
87.02407836914062
81.34201049804688
57.17471694946289
51.16270065307617
39.50041580200195
63.7607307434082
46.1092643737793
101.40238952636719
81.60514068603516
80.2335433959961
40.26546096801758
83.88785552978516
77.2747573852539
67.71624755859375
59.38393020629883
112.54940795898438
69.15277099609375
90.87476348876953
100.48332214355469
76.23886108398438
38.20515060424805
52.551422119140625
66.87655639648438
52.79134750366211
63.42728042602539
68.67462921142578
47.93062973022461
69.06298828125
85.94485473632812
74.6947021484375
60.909603118896484
85.42668151855469
46.60142135620117
51.847354888916016
57.721527099609375
72.25331115722656
43.79579544067383
74.29910278320312
69.97056579589844
79.2830810546875
94.87753295898438
50.55668640136719
53.10310745239258
76.29548645019531
47.57884979248047
31.314769744873047
41.44038391113281
52.003787994384766
86.09660339355469
22.823301315307617
80.3025894165039
88.87052917480469
54.330535888671875
86.78524017333984
86.09500122070312
78.95909118652344
60.76478576660156
69.54774475097656
79.36170196533203
85.77693939208984
90.90608978271484
95.07029724121094
79.48649597167969
103.99991607666016
64.00433349609375
46.65557098388672
16.372573852539062
73.0569076538086
48.817344665527344
85.9208755493164
93.74455261230469
53.08830261230469
73.99207305908203
68.12346649169922
88.74102783203125
64.00993347167969
81.4588623046875
57.116127014160156
58.82392120361328
84.40465545654297
52.401885986328125
28.227428436279297
65.37158966064453
64.98226928710938
79.97252655029297
67.13334655761719
70.61557006835938
69.8389663696289
70.28143310546875
61.27269744873047
93.73773193359375
60.76397705078125
53.078304290771484
75.48695373535156
77.45249938964844
81.10438537597656
53.76611328125
88.04412841796875
92.50347137451172
40.64867401123047
74.83698272705078
46.4370231628418
40.796363830566406
78.43721008300781
86.95174407958984
94.70401763916016
71.99396514892578
46.052215576171875
58.260902404785156
76.42113494873047
40.35081100463867
50.194332122802734
83.84337615966797
21.69904899597168
82.02859497070312
79.49591827392578
53.02749252319336
40.432621002197266
88.73062896728516
56.30028533935547
103.39128112792969
71.92925262451172
62.94365310668945
62.713523864746094
80.53043365478516
60.95601272583008
56.3970832824707
83.45252990722656
66.77864837646484
45.790199279785156
88.98363494873047
81.07427978515625
80.88066864013672
78.92442321777344
92.59540557861328
73.25798797607422
53.466697692871094
64.40218353271484
70.46453094482422
60.4576530456543
74.84614562988281
94.08112335205078
45.11732482910156
54.51572799682617
61.728431701660156
65.95216369628906
32.667747497558594
70.58058166503906
45.67546081542969
71.52117156982422
74.89412689208984
81.57199096679688
26.709991455078125
66.58113861083984
51.86404800415039
58.79524612426758
56.89994812011719
55.08366775512695
46.07420349121094
99.06558990478516
26.802295684814453
105.4697036743164
64.53111267089844
43.31895065307617
46.93667221069336
78.4041976928711
71.3555679321289
79.93255615234375
57.56529235839844
46.109920501708984
48.31733322143555
48.9703254699707
79.41510009765625
85.20980834960938
102.42858123779297
30.269702911376953
88.58147430419922
96.52957916259766
44.07090759277344
76.75446319580078
71.33241271972656
77.42381286621094
68.02629089355469
57.5880241394043
31.853525161743164
52.048091888427734
74.86819458007812
71.67540740966797
76.11710357666016
112.60468292236328
60.51810073852539
60.11039733886719
69.22528839111328
72.79155731201172
77.12189483642578
88.83783721923828
74.59053039550781
58.94581604003906
49.19682693481445
48.147335052490234
79.83960723876953
60.64746856689453
67.21174621582031
70.92809295654297
115.61761474609375
66.84056091308594
80.83760070800781
67.9662857055664
43.10957336425781
56.22903823852539
69.84636688232422
83.12995147705078
102.6717529296875
28.39910888671875
29.137447357177734
86.4585189819336
66.57952880859375
100.19465637207031
47.1141357421875
42.731658935546875
54.327789306640625
61.0733757019043
53.2850456237793
49.421993255615234
79.5555648803711
47.34920883178711
60.56074142456055
86.62648010253906
65.12154388427734
84.62145233154297
59.51750564575195
66.7607650756836
85.39990234375
54.4785041809082
83.52029418945312
31.231449127197266
76.38459014892578
56.212467193603516
40.6561393737793
49.60084915161133
49.50758743286133
60.576202392578125
102.94146728515625
55.69877624511719
59.220970153808594
54.44219207763672
88.17631530761719
53.668121337890625
52.42981719970703
68.15614318847656
99.64529418945312
74.37101745605469
88.82951354980469
60.45011901855469
58.082374572753906
48.72185516357422
98.91177368164062
61.1335563659668
51.77922058105469
47.43824005126953
54.68138122558594
57.335960388183594
83.978271484375
84.587646484375
62.460365295410156
56.068641662597656
81.58053588867188
101.82805633544922
64.85418701171875
54.00579833984375
54.4388542175293
105.8915786743164
85.63369750976562
62.8645133972168
66.18463134765625
89.34432983398438
83.34359741210938
62.42243194580078
47.015289306640625
53.61295700073242
112.32530975341797
66.03951263427734
99.79769897460938
79.75716400146484
98.34315490722656
76.26806640625
27.319738388061523
66.04683685302734
82.69256591796875
83.13868713378906
36.169830322265625
94.65299224853516
97.04485321044922
38.95025634765625
59.74729919433594
34.73533248901367
42.67429733276367
39.7463493347168
90.08780670166016
67.4778060913086
48.78543472290039
74.8208236694336
61.37228012084961
59.340797424316406
70.67964935302734
70.340576171875
66.52908325195312
71.11622619628906
60.43206787109375
61.493629455566406
41.790245056152344
100.36422729492188
47.141807556152344
50.716548919677734
54.58926010131836
72.49418640136719
93.83565521240234
64.59710693359375
62.48667907714844
53.60506057739258
66.24187469482422
102.76779174804688
64.39317321777344
55.66899490356445
61.711185455322266
67.00502014160156
88.87702941894531
92.76766204833984
73.88146209716797
58.346649169921875
75.5233154296875
28.71941375732422
40.37601852416992
85.37989807128906
73.91355895996094
71.61763000488281
71.03736877441406
114.70433044433594
50.73887252807617
65.53135681152344
70.1976547241211
48.219905853271484
100.00173950195312
64.37181091308594
78.5606460571289
84.8864974975586
58.773712158203125
56.7171516418457
67.74370574951172
44.29808807373047
35.2586669921875
84.21259307861328
80.46305847167969
85.12640380859375
71.23632049560547
58.99465560913086
55.93331527709961
101.60086059570312
98.96746063232422
66.0561752319336
61.36000061035156
70.59585571289062
47.27959060668945
45.90269470214844
90.98185729980469
87.625732421875
33.84635543823242
80.58552551269531
86.55658721923828
61.49791717529297
85.78472900390625
66.42127990722656
58.346744537353516
84.43778991699219
82.41780090332031
56.66429901123047
50.3098258972168
83.8858642578125
37.822444915771484
93.13404846191406
77.49481201171875
59.70560836791992
111.64314270019531
72.25672149658203
80.9847640991211
69.4737548828125
76.57280731201172
48.56634521484375
86.07978057861328
60.54363250732422
88.30725860595703
55.75782012939453
75.34276580810547
37.34229278564453
87.56231689453125
84.68753814697266
56.34513854980469
74.67788696289062
88.61112976074219
99.2110595703125
76.8160171508789
62.56525421142578
80.18952178955078
60.02399826049805
44.365779876708984
53.154296875
98.05748748779297
66.21824645996094
77.71261596679688
84.09149932861328
38.86693572998047
74.85054779052734
44.31259536743164
96.63273620605469
92.20326232910156
59.12826156616211
44.83842849731445
90.91324615478516
74.61898803710938
35.169864654541016
31.97126579284668
59.73537063598633
66.98438262939453
85.9405288696289
78.50653076171875
112.24728393554688
70.0724868774414
100.53533935546875
72.53907775878906
57.49748611450195
44.2200813293457
94.12451934814453
72.36740112304688
63.348655700683594
48.0079460144043
88.72480773925781
83.1650390625
61.72896957397461
49.46781921386719
69.38322448730469
76.12425994873047
39.71928405761719
80.51570892333984
66.64513397216797
43.77069091796875
59.65995788574219
38.45193099975586
93.9633560180664
89.81077575683594
66.88804626464844
86.971923828125
66.49763488769531
102.20548248291016
67.13609313964844
93.71215057373047
89.73917388916016
91.50170135498047
70.89306640625
64.26712036132812
68.77560424804688
38.63454818725586
81.9857406616211
96.05326080322266
50.65826416015625
78.39848327636719
57.68015670776367
23.943130493164062
77.35713195800781
108.35724639892578
99.1651611328125
76.57192993164062
81.70552062988281
102.68258666992188
82.16434478759766
91.42288208007812
78.8382568359375
61.30070114135742
82.90531158447266
67.8907241821289
71.06290435791016
67.50028991699219
106.22514343261719
52.231544494628906
86.04785919189453
67.18479919433594
60.05535125732422
73.9920654296875
68.61153411865234
86.25843811035156
50.30588912963867
103.00638580322266
43.92985534667969
86.6280517578125
69.17049407958984
76.34577178955078
59.20096969604492
70.7141342163086
92.47183990478516
29.208057403564453
48.07437515258789
65.28443908691406
68.09146118164062
41.32298278808594
48.58003616333008
79.9533920288086
57.936851501464844
54.19866180419922
63.585670471191406
60.15055465698242
54.45279312133789
70.67497253417969
64.80361938476562
88.44597625732422
53.04412841796875
95.22698974609375
69.51375579833984
86.73136138916016
72.66516876220703
50.508724212646484
95.38761901855469
88.3903579711914
65.89268493652344
66.6393051147461
68.02349853515625
98.25205993652344
81.70223236083984
83.04107666015625
65.5603256225586
87.87359619140625
56.709686279296875
93.12979888916016
71.89956665039062
47.61883544921875
69.49652862548828
81.88059997558594
75.27104949951172
51.17700958251953
68.3870620727539
59.85370635986328
86.67350769042969
101.6869888305664
68.97050476074219
71.14674377441406
76.0083999633789
89.83624267578125
100.77071380615234
78.87507629394531
75.60965728759766
99.82305145263672
28.805953979492188
