11.623854637145996
22.322189331054688
21.81060791015625
27.618877410888672
27.5644588470459
12.94788932800293
8.972616195678711
19.86884880065918
14.463963508605957
28.028108596801758
10.642870903015137
23.58544158935547
43.13532257080078
6.215953826904297
22.448650360107422
9.379382133483887
24.57907485961914
18.206331253051758
19.290922164916992
13.417937278747559
34.994590759277344
22.419767379760742
38.34495162963867
23.818817138671875
22.066749572753906
30.023361206054688
35.131675720214844
23.162166595458984
25.27367401123047
6.36193323135376
21.211437225341797
32.43277359008789
28.16938591003418
13.276104927062988
20.735836029052734
13.662728309631348
25.444002151489258
30.390724182128906
27.37066650390625
32.40048599243164
19.841962814331055
21.208763122558594
29.402755737304688
17.545434951782227
22.687175750732422
24.976490020751953
39.22773742675781
5.6391096115112305
11.78215503692627
14.407411575317383
12.209518432617188
23.866153717041016
6.741105079650879
17.745899200439453
17.615835189819336
27.584442138671875
28.81039047241211
16.24619483947754
34.62336730957031
25.885507583618164
23.144498825073242
23.367137908935547
34.41449737548828
57.440574645996094
10.230816841125488
21.00968360900879
20.44036293029785
43.62028503417969
22.68691635131836
31.724308013916016
32.008487701416016
14.807649612426758
22.376310348510742
23.694643020629883
29.914386749267578
9.638558387756348
21.06650161743164
15.785297393798828
19.259313583374023
21.98349380493164
13.7781982421875
19.02708625793457
17.439062118530273
30.60345458984375
15.660905838012695
25.273456573486328
26.61330795288086
22.169862747192383
16.48316192626953
32.5576286315918
25.808067321777344
27.99283218383789
16.995403289794922
27.725513458251953
44.89447784423828
26.574474334716797
16.07202911376953
36.914180755615234
38.31376647949219
20.020109176635742
23.03704261779785
21.221696853637695
29.975040435791016
27.528671264648438
14.59244155883789
20.63857078552246
26.711326599121094
36.83769989013672
15.009519577026367
23.348651885986328
24.351381301879883
25.34722900390625
44.679161071777344
17.30799674987793
30.537412643432617
12.034504890441895
10.611581802368164
14.945284843444824
20.14827537536621
23.32953643798828
24.221023559570312
26.48072052001953
25.225608825683594
4.844733238220215
18.33184814453125
15.444697380065918
6.242507457733154
18.94646453857422
9.941123962402344
24.06641387939453
25.5729923248291
25.839717864990234
24.020519256591797
13.581314086914062
9.71091079711914
11.927528381347656
21.002479553222656
30.30364227294922
23.645160675048828
8.816139221191406
43.06776809692383
31.759506225585938
18.068510055541992
12.553459167480469
12.449124336242676
25.69485092163086
19.97315788269043
31.085229873657227
29.575292587280273
19.60506820678711
55.87336730957031
16.322494506835938
21.743959426879883
6.267626762390137
16.614015579223633
8.597217559814453
31.957977294921875
29.232297897338867
27.714509963989258
26.901912689208984
22.610393524169922
8.1836576461792
17.431852340698242
36.67292022705078
11.3494873046875
30.257463455200195
35.10318374633789
6.20242977142334
14.27576732635498
42.85032272338867
30.569656372070312
29.307159423828125
27.923294067382812
18.462514877319336
16.968292236328125
48.04145812988281
21.434572219848633
11.422513961791992
14.107885360717773
15.913215637207031
27.48982810974121
16.639265060424805
21.721939086914062
30.66692543029785
18.713136672973633
26.67612075805664
27.847820281982422
9.050414085388184
18.613967895507812
20.925228118896484
19.534561157226562
19.179759979248047
22.791370391845703
30.28386878967285
12.166136741638184
24.396406173706055
23.9884090423584
12.174830436706543
14.687277793884277
25.267873764038086
15.560348510742188
19.325443267822266
32.345489501953125
17.97104835510254
27.026683807373047
21.182371139526367
20.77506446838379
23.174718856811523
11.510756492614746
29.779890060424805
7.989663600921631
20.294105529785156
14.17803955078125
8.299006462097168
20.547739028930664
35.17133331298828
28.4359188079834
10.999648094177246
8.802847862243652
11.374723434448242
34.261444091796875
13.583124160766602
6.939852714538574
13.0928316116333
36.90091323852539
19.308549880981445
3.914403200149536
18.681720733642578
6.203938961029053
24.102569580078125
11.310626983642578
11.010458946228027
15.586153030395508
32.487823486328125
35.32945251464844
20.18726348876953
18.81734275817871
31.308452606201172
27.63311004638672
20.848350524902344
20.78166389465332
17.630878448486328
25.97652816772461
9.626354217529297
15.300219535827637
26.4647274017334
7.381832122802734
17.375320434570312
20.399866104125977
25.46099281311035
37.955936431884766
17.450763702392578
16.500032424926758
16.5089168548584
18.297809600830078
54.6401252746582
16.011281967163086
34.304344177246094
24.374553680419922
18.744897842407227
14.622440338134766
8.376070022583008
39.35053253173828
29.934444427490234
2.3911147117614746
19.976694107055664
22.971281051635742
9.873636245727539
13.393204689025879
24.755157470703125
27.541458129882812
12.28363037109375
25.268020629882812
21.936267852783203
31.11151123046875
22.363807678222656
13.622591018676758
22.224523544311523
28.46856117248535
24.997329711914062
22.870695114135742
8.420638084411621
20.30152130126953
41.599300384521484
31.571237564086914
23.361642837524414
20.747421264648438
9.413782119750977
14.675763130187988
5.75000524520874
40.34874725341797
24.4132137298584
18.549306869506836
14.797025680541992
16.31512451171875
18.710988998413086
26.242408752441406
34.0682258605957
20.813892364501953
13.775795936584473
35.31271743774414
11.045698165893555
14.841927528381348
33.47520065307617
30.91006851196289
23.409679412841797
19.800050735473633
29.935625076293945
5.0066022872924805
15.280791282653809
17.11199378967285
38.25651168823242
31.847911834716797
29.853158950805664
21.47898292541504
22.373552322387695
16.61069679260254
27.918502807617188
24.006038665771484
28.176612854003906
31.12989044189453
15.28275203704834
36.74639892578125
18.39177894592285
28.507495880126953
10.108308792114258
22.352489471435547
7.060499668121338
42.41231155395508
32.89191818237305
6.696939945220947
22.93307113647461
13.553008079528809
39.670982360839844
13.735190391540527
23.2780704498291
32.5186882019043
29.614412307739258
12.407188415527344
16.3261775970459
13.939103126525879
16.756145477294922
30.28699493408203
16.34158706665039
27.56829261779785
24.29789161682129
33.93867874145508
12.63442325592041
22.061359405517578
17.06023406982422
11.60007095336914
28.110355377197266
40.83126449584961
28.491674423217773
21.130186080932617
19.5374755859375
16.5504093170166
25.893850326538086
14.647624015808105
22.92441749572754
15.857572555541992
20.134334564208984
42.515323638916016
22.019670486450195
18.01358985900879
14.503527641296387
20.88548469543457
20.293102264404297
24.929378509521484
12.407636642456055
30.079797744750977
35.89944839477539
23.844131469726562
18.420583724975586
13.080955505371094
9.770222663879395
13.588224411010742
19.216949462890625
11.086673736572266
21.532304763793945
17.98233413696289
20.714982986450195
20.097639083862305
17.717697143554688
16.250368118286133
22.771860122680664
26.65778160095215
16.70921516418457
19.825868606567383
25.31448745727539
14.051361083984375
56.47328567504883
22.409992218017578
14.589967727661133
39.356937408447266
23.433391571044922
14.908342361450195
23.120580673217773
34.6042594909668
32.19331741333008
44.44063186645508
21.416458129882812
22.208599090576172
17.755718231201172
36.37090301513672
18.15599822998047
29.432781219482422
27.833627700805664
5.691363334655762
21.712081909179688
7.6851420402526855
42.590179443359375
17.298688888549805
22.11737060546875
43.91191101074219
9.67863941192627
18.39183807373047
26.909650802612305
30.03526496887207
33.813385009765625
26.234777450561523
30.528745651245117
25.971708297729492
47.04136657714844
23.369714736938477
24.50731658935547
28.659568786621094
22.516597747802734
26.00979232788086
40.26496887207031
25.62186050415039
25.853538513183594
17.801952362060547
10.901690483093262
37.46621322631836
5.498274803161621
36.3858757019043
25.6096248626709
23.44283103942871
25.35092544555664
36.24517059326172
41.4431037902832
8.989936828613281
38.299774169921875
21.025043487548828
21.784576416015625
18.061908721923828
26.553258895874023
14.903276443481445
15.66220474243164
14.16066837310791
37.01260757446289
23.244720458984375
13.501779556274414
23.535680770874023
33.74614715576172
15.154655456542969
34.358551025390625
33.76080322265625
17.637096405029297
45.880279541015625
19.396320343017578
26.73114585876465
25.04764747619629
34.40156173706055
14.733831405639648
33.97384262084961
31.751840591430664
21.668947219848633
19.532489776611328
30.286338806152344
40.924560546875
28.9207763671875
19.293453216552734
21.653982162475586
14.921356201171875
24.114917755126953
12.111283302307129
26.22818946838379
13.833614349365234
10.884766578674316
26.553430557250977
10.266279220581055
24.045806884765625
16.850921630859375
21.590591430664062
30.75322723388672
20.906450271606445
18.123701095581055
19.9188232421875
19.232772827148438
12.652627944946289
44.71256637573242
23.509342193603516
25.00484275817871
22.070842742919922
24.891136169433594
18.75929069519043
33.68272399902344
28.05466651916504
25.053932189941406
27.865652084350586
21.996646881103516
26.623245239257812
14.550149917602539
12.492755889892578
26.624162673950195
19.026145935058594
14.744354248046875
22.013126373291016
8.321730613708496
21.3392333984375
42.6828498840332
33.847537994384766
20.672819137573242
18.386795043945312
31.321260452270508
32.07508850097656
8.311851501464844
15.439695358276367
31.213977813720703
29.010831832885742
5.493340492248535
37.04599380493164
13.249095916748047
17.957244873046875
30.864538192749023
29.614154815673828
35.509368896484375
37.129058837890625
39.32126998901367
12.053872108459473
19.5604248046875
22.1318416595459
19.4560546875
14.747217178344727
8.75394344329834
19.278575897216797
12.286861419677734
41.16181945800781
14.913674354553223
23.517059326171875
18.029273986816406
23.601594924926758
27.257511138916016
25.31258201599121
24.028987884521484
12.678153038024902
33.591670989990234
36.139686584472656
52.57081604003906
30.863338470458984
25.904144287109375
5.8605475425720215
27.360157012939453
8.624890327453613
28.320661544799805
35.23617172241211
42.705753326416016
20.876220703125
26.444652557373047
33.14006423950195
31.5756778717041
21.229942321777344
5.442407131195068
18.579471588134766
17.545869827270508
24.725656509399414
27.82619857788086
24.81062889099121
24.89007568359375
13.419331550598145
22.324562072753906
21.731338500976562
20.678058624267578
19.720203399658203
11.299762725830078
7.859649658203125
18.459529876708984
24.295799255371094
30.639375686645508
39.263710021972656
9.730265617370605
29.445375442504883
29.10284423828125
28.192758560180664
28.12584114074707
13.889212608337402
23.395578384399414
24.05447006225586
31.89272117614746
16.362844467163086
22.739459991455078
43.06674575805664
17.10308265686035
41.41242599487305
31.4129638671875
32.159671783447266
11.998805046081543
20.006420135498047
13.548256874084473
24.376941680908203
34.91037368774414
30.64982032775879
9.00206470489502
27.938127517700195
15.492618560791016
34.691898345947266
33.670936584472656
33.24754333496094
31.39567756652832
29.47385025024414
16.2749080657959
28.578174591064453
13.565282821655273
3.6076576709747314
22.912208557128906
37.98151397705078
15.861361503601074
19.52725601196289
25.197956085205078
16.776212692260742
35.574710845947266
36.53746032714844
34.884864807128906
24.285400390625
24.24637222290039
30.063432693481445
16.827856063842773
22.663875579833984
8.409743309020996
33.470489501953125
27.26997184753418
31.63524055480957
17.041278839111328
29.50943946838379
6.422025680541992
15.549422264099121
28.602705001831055
17.434249877929688
25.39797019958496
22.965402603149414
8.648311614990234
15.218371391296387
20.732017517089844
15.422683715820312
34.01958465576172
29.867816925048828
23.819599151611328
16.781883239746094
53.59248733520508
28.933809280395508
20.790029525756836
33.83133316040039
30.828306198120117
24.79740333557129
12.432580947875977
26.54749298095703
25.54938507080078
27.907907485961914
25.47430419921875
13.219103813171387
16.995929718017578
31.020082473754883
34.59232711791992
34.5281982421875
15.1122465133667
21.66690444946289
30.240901947021484
38.661434173583984
26.764667510986328
15.357613563537598
43.49617385864258
10.847862243652344
25.99725914001465
4.396731376647949
18.7943058013916
27.827346801757812
37.20511245727539
3.2644505500793457
23.91558265686035
16.239839553833008
18.063066482543945
31.019960403442383
19.641801834106445
24.835010528564453
41.472347259521484
14.027952194213867
10.278797149658203
30.104694366455078
13.82777214050293
21.73339080810547
35.62359619140625
34.97354507446289
17.74388885498047
32.1368293762207
21.888629913330078
25.21491813659668
27.488283157348633
19.908157348632812
30.90283966064453
18.605302810668945
16.986371994018555
27.386388778686523
20.29463768005371
27.532756805419922
33.74650955200195
42.59845733642578
34.30262756347656
10.541975021362305
32.15865707397461
19.517629623413086
22.091670989990234
24.452173233032227
24.79934310913086
13.743131637573242
35.55869674682617
12.882220268249512
11.29088020324707
34.151123046875
21.472074508666992
19.284452438354492
20.853193283081055
28.9879207611084
29.178241729736328
5.652068138122559
17.341445922851562
21.5478572845459
47.782772064208984
42.38642883300781
38.3748664855957
49.049320220947266
24.623062133789062
30.532838821411133
16.79415512084961
23.62261390686035
23.785327911376953
22.121395111083984
21.079540252685547
22.881610870361328
19.564102172851562
30.208635330200195
11.900537490844727
48.710269927978516
27.579282760620117
26.10524559020996
23.287036895751953
18.941898345947266
17.683950424194336
23.490419387817383
26.280044555664062
18.736080169677734
33.3795166015625
14.378870964050293
15.00182819366455
6.596370697021484
17.751911163330078
16.224885940551758
25.55332374572754
19.227445602416992
9.734864234924316
18.587451934814453
27.62264060974121
15.139557838439941
11.392169952392578
27.60110855102539
16.27202033996582
13.356124877929688
19.407958984375
9.370502471923828
17.760698318481445
24.552433013916016
18.919565200805664
33.69921875
14.982399940490723
13.653865814208984
17.871183395385742
11.986299514770508
30.413354873657227
37.08924102783203
16.69001007080078
32.11830139160156
16.34485626220703
8.960637092590332
38.09246063232422
27.588951110839844
30.17029571533203
11.126169204711914
28.77029800415039
16.291400909423828
25.333633422851562
29.59572410583496
15.763322830200195
25.64151382446289
26.31610870361328
26.856521606445312
13.101447105407715
24.40207862854004
21.090797424316406
39.12044143676758
28.991317749023438
30.950109481811523
22.5465145111084
19.561887741088867
32.822044372558594
30.08814239501953
18.983186721801758
22.8481502532959
23.161056518554688
22.951358795166016
9.151008605957031
16.622085571289062
27.81909942626953
4.042910575866699
39.06993865966797
22.881532669067383
28.946210861206055
38.39391326904297
23.256013870239258
15.2608642578125
55.54148483276367
46.72983169555664
21.996807098388672
20.97634506225586
38.37373733520508
26.71291160583496
24.513381958007812
16.178585052490234
28.330642700195312
15.488004684448242
27.568273544311523
35.084068298339844
28.655658721923828
43.79708480834961
22.358964920043945
13.445064544677734
32.4571647644043
20.074499130249023
26.736236572265625
44.181312561035156
11.734334945678711
10.22645092010498
28.82076072692871
22.627124786376953
26.007976531982422
34.091552734375
14.632158279418945
28.32100486755371
55.85604476928711
25.073026657104492
32.46524429321289
22.5990047454834
33.46834945678711
21.0366268157959
25.307065963745117
11.25979995727539
22.27408790588379
31.744213104248047
21.81133460998535
26.702369689941406
17.8663330078125
21.740795135498047
11.48813247680664
31.043079376220703
32.20400619506836
22.14037322998047
18.369104385375977
9.890220642089844
22.929428100585938
34.792388916015625
20.11017417907715
16.19036102294922
19.082319259643555
18.538219451904297
23.102935791015625
17.90218734741211
17.960254669189453
17.85911750793457
39.634185791015625
1.1547420024871826
28.75591278076172
14.361261367797852
29.935110092163086
28.312076568603516
36.08312225341797
37.168006896972656
17.7044620513916
23.999746322631836
21.10047149658203
26.440597534179688
34.72209167480469
11.415619850158691
20.608932495117188
20.576583862304688
31.06983757019043
11.377880096435547
36.704071044921875
18.763463973999023
23.25022315979004
18.681365966796875
12.996014595031738
14.837117195129395
18.8760986328125
34.12668228149414
17.559642791748047
30.815093994140625
19.67973518371582
20.113521575927734
31.69375991821289
37.136070251464844
36.406490325927734
21.666603088378906
24.34255027770996
37.03562545776367
8.513323783874512
33.72596740722656
15.51485824584961
14.302093505859375
30.341386795043945
30.503026962280273
37.09486389160156
17.465394973754883
19.625341415405273
19.812532424926758
25.101654052734375
32.070709228515625
17.157485961914062
28.866907119750977
16.043041229248047
21.778799057006836
48.15068054199219
22.48556900024414
21.5982666015625
17.150630950927734
17.233705520629883
36.13486099243164
32.86853790283203
11.090331077575684
33.89497756958008
32.225406646728516
16.052326202392578
18.66843605041504
18.373435974121094
25.005474090576172
9.946135520935059
28.077415466308594
36.59355545043945
41.56711196899414
18.21885108947754
23.96256446838379
14.983390808105469
34.73378372192383
11.561116218566895
32.99607849121094
32.01439666748047
36.738407135009766
33.12379837036133
29.127971649169922
49.8704719543457
22.264562606811523
7.590486526489258
21.606090545654297
14.313135147094727
18.154937744140625
40.765872955322266
18.521108627319336
12.80516242980957
30.046586990356445
36.178733825683594
19.26421546936035
32.31401062011719
21.501110076904297
12.542582511901855
14.615131378173828
34.82867431640625
14.967357635498047
45.62613296508789
3.3308463096618652
22.27488899230957
49.20851516723633
22.243730545043945
41.010826110839844
37.80926513671875
29.951160430908203
25.893014907836914
26.537508010864258
17.373470306396484
26.737592697143555
22.150047302246094
16.359745025634766
27.15932846069336
16.995014190673828
19.5196590423584
9.177391052246094
13.732897758483887
44.51303482055664
33.32167053222656
30.05194091796875
13.878398895263672
21.984487533569336
25.484333038330078
14.249520301818848
37.44171142578125
23.313419342041016
46.13751983642578
13.855020523071289
48.03068542480469
29.873201370239258
18.762237548828125
24.443862915039062
29.990049362182617
6.414261817932129
13.050559043884277
23.949716567993164
24.900083541870117
8.124598503112793
22.11606216430664
29.49883460998535
12.442244529724121
33.75698471069336
10.70718765258789
24.069580078125
14.273172378540039
37.980350494384766
23.214195251464844
19.114757537841797
25.83411979675293
25.82694435119629
18.557106018066406
13.544775009155273
17.77183723449707
18.57790184020996
13.72631549835205
5.321368217468262
20.49317741394043
26.439437866210938
17.744606018066406
25.260475158691406
29.894710540771484
37.265628814697266
13.60058879852295
43.10032653808594
21.33498191833496
25.56056022644043
34.90032196044922
29.5617733001709
53.106224060058594
40.11076736450195
19.98763656616211
12.363211631774902
24.773771286010742
19.22169303894043
39.148807525634766
5.821786880493164
29.902042388916016
17.544857025146484
17.90326499938965
29.404869079589844
41.16984176635742
16.577537536621094
11.545547485351562
24.20546531677246
27.815492630004883
19.065017700195312
40.778499603271484
15.246795654296875
27.07496452331543
22.918495178222656
33.64543151855469
37.700584411621094
20.54916000366211
29.239469528198242
32.32970428466797
33.67051315307617
31.10776138305664
10.213335037231445
13.433279991149902
18.101736068725586
14.975980758666992
12.755889892578125
15.506973266601562
41.906158447265625
20.765748977661133
62.00468063354492
18.293697357177734
23.715890884399414
12.55207347869873
11.317756652832031
27.232824325561523
14.600390434265137
26.705463409423828
36.49262619018555
13.418115615844727
15.81013298034668
27.652637481689453
24.442068099975586
31.460824966430664
50.06425476074219
10.328847885131836
20.34595489501953
6.774293899536133
19.830810546875
16.365373611450195
29.221363067626953
18.910539627075195
18.272031784057617
63.37678909301758
30.40404510498047
24.36023712158203
52.72478485107422
36.373817443847656
30.17528533935547
11.994102478027344
12.674433708190918
23.840309143066406
48.62102508544922
19.0152587890625
30.087451934814453
8.126058578491211
12.360396385192871
29.65886688232422
12.845577239990234
26.549041748046875
41.029781341552734
14.555656433105469
25.37897300720215
27.23406410217285
13.489240646362305
26.965015411376953
18.33335304260254
34.73154067993164
29.61951446533203
27.444786071777344
24.118684768676758
22.325443267822266
5.706142902374268
15.038605690002441
22.16702651977539
22.830970764160156
13.20422649383545
30.578651428222656
4.080869674682617
14.54664421081543
12.732792854309082
30.05625343322754
31.70574951171875
13.746888160705566
35.786312103271484
26.870431900024414
30.042869567871094
23.335960388183594
26.288734436035156
26.322988510131836
29.1018123626709
10.572081565856934
13.80478286743164
33.345542907714844
27.929550170898438
23.466611862182617
2.4144110679626465
26.093618392944336
19.67491912841797
30.700227737426758
14.685303688049316
30.56449317932129
32.10599899291992
19.53649139404297
28.928146362304688
19.30875587463379
19.9796142578125
13.16041088104248
16.76753807067871
32.447364807128906
36.2850456237793
30.371313095092773
11.632474899291992
28.388561248779297
28.31007194519043
13.74663257598877
37.42998504638672
40.76441955566406
21.520828247070312
21.888124465942383
20.394489288330078
19.992753982543945
22.786062240600586
18.235933303833008
22.81304168701172
11.785717964172363
17.901491165161133
13.928483963012695
22.843589782714844
24.73122787475586
23.518142700195312
11.731415748596191
31.50938606262207
31.771020889282227
46.40593338012695
31.166168212890625
15.831947326660156
19.12236785888672
19.109466552734375
23.059446334838867
22.41997528076172
28.056089401245117
31.965974807739258
15.72115707397461
9.722065925598145
34.29232406616211
33.90597915649414
2.5231974124908447
41.181644439697266
43.716064453125
12.70097827911377
22.146080017089844
26.47817611694336
23.668811798095703
31.76824188232422
47.61900329589844
19.536964416503906
20.078664779663086
25.86060905456543
21.741458892822266
11.699203491210938
28.760221481323242
25.732072830200195
43.2955436706543
29.331716537475586
9.835859298706055
27.292695999145508
20.15487289428711
20.52467918395996
37.79279708862305
24.09151840209961
15.567660331726074
23.024742126464844
21.95028305053711
27.778518676757812
18.92947769165039
32.412864685058594
29.234058380126953
23.57461166381836
6.118646621704102
18.000093460083008
34.09817123413086
23.57561492919922
13.293038368225098
19.198030471801758
2.27486252784729
36.60124969482422
18.63019561767578
22.061342239379883
40.95411682128906
12.030797958374023
18.848859786987305
24.886991500854492
24.051124572753906
19.815818786621094
33.4190673828125
29.402767181396484
26.22509765625
28.134666442871094
10.884029388427734
9.535713195800781
25.363529205322266
41.939002990722656
16.51151466369629
33.452877044677734
25.150434494018555
18.446279525756836
14.150580406188965
12.44973087310791
23.074365615844727
34.24090576171875
30.074758529663086
16.254920959472656
7.399292469024658
27.3043155670166
11.827507019042969
29.399751663208008
30.270648956298828
10.912680625915527
44.75990676879883
28.088376998901367
14.391029357910156
15.499030113220215
59.56000518798828
29.90610694885254
8.803378105163574
29.12946128845215
15.553354263305664
33.39262771606445
21.883832931518555
25.945148468017578
19.63451385498047
17.292343139648438
23.393035888671875
47.08892059326172
20.08160972595215
25.24267578125
16.840063095092773
11.799999237060547
23.461585998535156
18.14957618713379
5.926852226257324
26.957515716552734
15.59695053100586
34.22903060913086
28.47878074645996
40.05730056762695
19.683242797851562
39.21219253540039
37.34502410888672
45.383148193359375
22.49566078186035
29.14348030090332
22.80213737487793
30.30626106262207
22.6389102935791
27.6542911529541
11.371220588684082
28.6893310546875
20.703454971313477
31.189361572265625
12.424134254455566
38.49688720703125
30.135183334350586
20.868288040161133
21.500015258789062
27.606998443603516
15.78648567199707
20.712013244628906
10.875434875488281
49.15458297729492
15.715010643005371
21.517345428466797
14.00696849822998
35.489933013916016
31.858957290649414
25.299144744873047
44.92176818847656
20.738605499267578
47.17049789428711
12.808148384094238
19.811283111572266
20.246089935302734
31.986257553100586
30.497661590576172
24.721206665039062
44.0245361328125
17.336854934692383
11.980279922485352
24.563602447509766
17.036314010620117
11.298794746398926
23.087324142456055
35.87342834472656
6.928905963897705
21.366771697998047
19.90102195739746
16.592830657958984
10.78204345703125
30.930904388427734
18.467681884765625
16.932409286499023
23.572065353393555
31.100440979003906
28.208845138549805
45.3084831237793
22.169767379760742
36.51885223388672
35.04947280883789
34.80149459838867
25.06900978088379
33.83720016479492
16.470426559448242
32.52693176269531
20.4847469329834
28.476741790771484
18.329484939575195
31.286914825439453
39.281280517578125
30.13542366027832
20.165849685668945
18.620132446289062
32.09109115600586
25.86426544189453
22.511524200439453
12.802458763122559
32.84516525268555
18.50168800354004
39.08247756958008
7.4043731689453125
5.916993618011475
39.694576263427734
28.382720947265625
40.255184173583984
25.95848274230957
18.338783264160156
22.364837646484375
29.684167861938477
11.22636890411377
35.59151077270508
9.286504745483398
34.483421325683594
11.303999900817871
25.43956184387207
32.43193054199219
39.81913757324219
22.329954147338867
20.728408813476562
43.4667854309082
22.45874786376953
13.625503540039062
19.295679092407227
24.43505859375
20.329147338867188
19.870773315429688
3.611057996749878
20.009441375732422
10.13778305053711
15.152059555053711
29.898555755615234
31.95909881591797
14.883055686950684
18.396442413330078
26.749507904052734
22.653770446777344
26.44335174560547
20.96821403503418
13.672829627990723
16.69245719909668
29.243927001953125
16.97141456604004
26.898820877075195
55.92108917236328
15.562058448791504
11.387337684631348
21.86471176147461
31.08791732788086
22.636777877807617
34.079524993896484
25.860538482666016
13.951865196228027
21.964740753173828
19.516407012939453
44.37583541870117
32.06614685058594
29.749900817871094
18.027469635009766
19.695255279541016
24.58402442932129
14.902120590209961
27.306167602539062
26.111663818359375
21.0986270904541
21.14557456970215
24.193758010864258
20.710453033447266
5.985509395599365
7.632866382598877
28.565580368041992
8.080194473266602
9.942306518554688
27.255311965942383
45.57428741455078
32.395469665527344
31.9002628326416
26.87167739868164
12.766165733337402
30.274808883666992
22.873605728149414
39.96019744873047
19.05706024169922
19.254234313964844
16.287357330322266
10.320520401000977
23.676000595092773
37.30674743652344
25.258085250854492
20.681812286376953
14.15098762512207
23.008081436157227
37.8033447265625
21.773366928100586
14.20181655883789
11.884622573852539
30.377233505249023
27.107942581176758
24.725311279296875
31.528472900390625
16.503585815429688
15.023601531982422
7.025167465209961
52.90669250488281
36.509124755859375
19.406028747558594
17.853099822998047
25.135812759399414
34.18630599975586
32.20118713378906
27.08310317993164
29.296964645385742
17.81122398376465
29.793920516967773
34.284637451171875
27.831575393676758
26.208749771118164
21.0484561920166
21.949350357055664
20.939695358276367
40.9368896484375
19.41134262084961
22.925146102905273
29.939674377441406
35.20237350463867
16.904144287109375
25.422245025634766
13.349393844604492
37.3519401550293
28.096553802490234
17.91166114807129
45.819053649902344
19.908039093017578
26.911571502685547
21.15776252746582
23.96358299255371
18.51264190673828
9.520833969116211
19.812137603759766
18.876171112060547
25.32982635498047
7.1036272048950195
22.39228057861328
25.401458740234375
20.307470321655273
44.734107971191406
31.205204010009766
24.919809341430664
28.649192810058594
10.695130348205566
9.299365997314453
36.08979797363281
25.611652374267578
28.283119201660156
39.58700942993164
17.683238983154297
13.384525299072266
24.87877655029297
14.197549819946289
27.232481002807617
29.567142486572266
24.34284210205078
21.897228240966797
3.845705032348633
28.274293899536133
32.2420768737793
27.5585880279541
24.083772659301758
24.65133285522461
12.599940299987793
47.45439910888672
34.776309967041016
9.942421913146973
24.844579696655273
24.245830535888672
25.831056594848633
20.54979705810547
5.07484245300293
24.70896339416504
30.12721824645996
19.141353607177734
8.47028636932373
39.964134216308594
23.644975662231445
24.141002655029297
35.66790008544922
14.534018516540527
22.1649169921875
14.402019500732422
30.512813568115234
18.516578674316406
11.794740676879883
13.247360229492188
32.957801818847656
16.710979461669922
22.51803207397461
8.368372917175293
26.051881790161133
34.75343704223633
30.944242477416992
6.292867660522461
34.11637496948242
21.184667587280273
17.665433883666992
24.421062469482422
31.999666213989258
38.20558166503906
17.5472412109375
50.29276657104492
24.024372100830078
26.925926208496094
21.993694305419922
31.38888931274414
17.809688568115234
30.318782806396484
25.091835021972656
30.315723419189453
16.902990341186523
18.665523529052734
40.44292449951172
13.225122451782227
19.755769729614258
20.877742767333984
15.856905937194824
44.340576171875
50.376914978027344
10.697765350341797
8.76396369934082
25.181673049926758
19.105680465698242
14.115181922912598
27.435604095458984
33.19126510620117
30.389713287353516
38.44084548950195
20.00867462158203
23.50002098083496
27.709251403808594
25.525697708129883
30.64325523376465
23.689496994018555
39.76710891723633
22.5988826751709
28.404600143432617
33.56214904785156
13.006861686706543
24.892932891845703
33.570648193359375
31.397706985473633
25.513853073120117
28.302364349365234
6.514355659484863
20.450960159301758
23.799957275390625
19.82377052307129
13.176179885864258
16.85909652709961
37.203697204589844
17.134756088256836
36.27556228637695
24.709779739379883
27.447933197021484
23.559585571289062
31.485280990600586
5.404289245605469
15.52745246887207
16.535869598388672
38.93278121948242
12.763803482055664
9.629664421081543
40.65214920043945
23.158340454101562
17.99036979675293
25.170398712158203
19.475894927978516
25.6915283203125
8.67874813079834
10.572077751159668
36.51289367675781
21.790786743164062
20.30941390991211
42.465721130371094
16.535350799560547
3.674487590789795
13.739962577819824
35.05238723754883
48.50570297241211
18.618000030517578
6.192726135253906
23.61701202392578
12.127817153930664
20.0653018951416
24.18862533569336
25.44904327392578
26.038177490234375
24.175039291381836
27.42020034790039
27.488265991210938
11.922118186950684
23.561145782470703
13.968475341796875
12.709664344787598
20.931520462036133
18.10144805908203
36.05375289916992
20.767772674560547
20.657548904418945
17.62659454345703
35.602787017822266
10.167550086975098
38.69395446777344
23.527448654174805
28.442068099975586
21.64490509033203
18.714723587036133
3.1114251613616943
10.489154815673828
11.179876327514648
16.853248596191406
21.810365676879883
27.003868103027344
30.10550308227539
7.617099761962891
17.132400512695312
26.121007919311523
31.443662643432617
31.82548713684082
22.17120933532715
29.49074935913086
25.601341247558594
23.98976707458496
9.972990989685059
31.18255615234375
40.21178436279297
24.31475830078125
23.224720001220703
38.590335845947266
36.62590026855469
9.65465259552002
25.183048248291016
44.633644104003906
23.95635223388672
22.968460083007812
20.023176193237305
29.603017807006836
20.75653076171875
31.46744155883789
29.959232330322266
24.644062042236328
25.49295425415039
19.39653778076172
31.292461395263672
24.439359664916992
29.096439361572266
24.547082901000977
10.655449867248535
19.078935623168945
42.58884811401367
18.550981521606445
28.344539642333984
24.132530212402344
32.09135818481445
9.684078216552734
39.15989685058594
16.9931583404541
24.905542373657227
26.592988967895508
23.947647094726562
36.62680435180664
44.209686279296875
23.03467559814453
11.808860778808594
19.605642318725586
50.775489807128906
32.86213302612305
27.175987243652344
10.996365547180176
16.057586669921875
13.02454662322998
17.68686866760254
18.148115158081055
16.62147331237793
29.927576065063477
6.94505500793457
22.208980560302734
32.4390983581543
18.585041046142578
28.800031661987305
12.574357986450195
21.633630752563477
44.064754486083984
13.303780555725098
25.698902130126953
34.95368576049805
27.44788360595703
48.83759307861328
40.068634033203125
34.277095794677734
28.65699577331543
18.05849266052246
26.080968856811523
24.54616355895996
34.59282684326172
25.168943405151367
45.35270309448242
30.456228256225586
5.405821800231934
28.134258270263672
15.44936752319336
19.2432861328125
19.98667335510254
30.784303665161133
18.214885711669922
30.50699806213379
45.787261962890625
43.38740539550781
24.54961395263672
28.560701370239258
32.92009735107422
35.4299201965332
12.78419303894043
14.168991088867188
32.60053634643555
27.393726348876953
14.390186309814453
31.948650360107422
29.61685562133789
18.895465850830078
5.016229152679443
34.45183181762695
19.442289352416992
31.351642608642578
17.693645477294922
19.968107223510742
29.201791763305664
34.49599838256836
25.668094635009766
21.42633628845215
25.495981216430664
32.43690872192383
15.384538650512695
28.78978729248047
23.10928726196289
15.024517059326172
18.080814361572266
10.95669937133789
32.69221496582031
20.766075134277344
11.663188934326172
23.146974563598633
33.1463623046875
23.363065719604492
7.251107692718506
63.782535552978516
23.133378982543945
45.557952880859375
24.22701644897461
29.624370574951172
24.212989807128906
20.798542022705078
5.453124046325684
29.77158546447754
29.427942276000977
19.766944885253906
24.758493423461914
44.316246032714844
23.054288864135742
13.442107200622559
50.170753479003906
30.73893928527832
22.035083770751953
21.566265106201172
23.092931747436523
6.960025787353516
42.264495849609375
23.73050880432129
26.027341842651367
30.63268280029297
15.645710945129395
24.274986267089844
15.806192398071289
14.347325325012207
33.580589294433594
17.59980583190918
10.183037757873535
21.063234329223633
37.62059020996094
21.61642074584961
18.739219665527344
15.92933177947998
13.702086448669434
10.183815956115723
19.579076766967773
41.97050476074219
54.39221954345703
3.568300724029541
18.398488998413086
36.105525970458984
22.549943923950195
34.15884780883789
21.460941314697266
40.491172790527344
34.32229232788086
12.679041862487793
41.521175384521484
32.74115753173828
13.368951797485352
33.1437873840332
23.599340438842773
57.64994812011719
17.461727142333984
28.723480224609375
20.23533058166504
20.742916107177734
22.51226234436035
22.64710807800293
38.38766860961914
19.393840789794922
32.300811767578125
26.82072639465332
34.49064254760742
50.34842300415039
11.774235725402832
26.62076187133789
28.296524047851562
14.986873626708984
16.355371475219727
23.646791458129883
26.860002517700195
34.259498596191406
32.74824523925781
28.727336883544922
36.72343826293945
32.356449127197266
37.305030822753906
9.961277961730957
8.974809646606445
7.770106792449951
49.14937210083008
21.997703552246094
32.16585922241211
45.97266387939453
30.76125717163086
31.83774757385254
23.104312896728516
26.362350463867188
23.858705520629883
21.439664840698242
27.169757843017578
36.3195915222168
26.627233505249023
28.701078414916992
16.614192962646484
22.92462158203125
38.518585205078125
21.339092254638672
15.025629043579102
20.28727149963379
35.99967575073242
33.192386627197266
31.721567153930664
23.2546329498291
8.699850082397461
10.927271842956543
40.17996597290039
27.527605056762695
19.7342586517334
12.529708862304688
24.169227600097656
3.623354434967041
40.082862854003906
15.458404541015625
11.837458610534668
26.7266902923584
42.81667709350586
8.620758056640625
16.792604446411133
29.07657814025879
8.372488975524902
31.292428970336914
14.821455955505371
30.034578323364258
25.106403350830078
31.70547103881836
61.74412536621094
23.195627212524414
16.17466163635254
24.1297664642334
28.346593856811523
14.518338203430176
19.26708984375
17.967416763305664
10.805692672729492
28.40506935119629
15.60729694366455
26.93194580078125
45.27800369262695
11.271821022033691
21.334318161010742
28.47530174255371
24.5634708404541
28.95883560180664
22.448381423950195
17.720478057861328
29.429433822631836
28.943471908569336
41.218196868896484
13.872174263000488
22.474546432495117
10.693812370300293
27.77056121826172
19.15936279296875
37.666221618652344
25.413410186767578
35.949466705322266
28.49277114868164
14.228516578674316
21.993471145629883
22.09459686279297
11.073737144470215
35.64350891113281
33.86751937866211
25.305763244628906
27.86351776123047
37.71419143676758
27.67494773864746
38.2235107421875
33.84025573730469
10.916308403015137
27.92409896850586
32.67613220214844
33.81620407104492
24.45882225036621
41.04513931274414
31.72589111328125
23.612686157226562
26.34127426147461
30.912466049194336
23.44322395324707
28.78510284423828
24.363027572631836
16.41657066345215
23.23350715637207
17.83299446105957
31.503536224365234
17.40199089050293
23.193771362304688
15.039525032043457
31.891376495361328
15.33305835723877
40.56414031982422
20.888887405395508
33.34022521972656
27.18975067138672
39.9464225769043
7.368570804595947
11.722343444824219
27.330429077148438
11.105828285217285
26.783447265625
30.99268913269043
47.93314743041992
19.489255905151367
29.071327209472656
32.4846305847168
16.082521438598633
32.77760696411133
26.86087417602539
25.16657257080078
22.42630386352539
14.127516746520996
37.416900634765625
15.716839790344238
26.66194725036621
28.635780334472656
14.75312614440918
16.510103225708008
34.00579071044922
10.327637672424316
27.423107147216797
24.609655380249023
14.899221420288086
15.495970726013184
53.081459045410156
23.956899642944336
33.725215911865234
13.38733196258545
22.60628890991211
29.942363739013672
33.246246337890625
28.03339385986328
23.820358276367188
8.87186336517334
23.720216751098633
27.382680892944336
23.436355590820312
19.084985733032227
5.321771621704102
31.11271095275879
24.46210479736328
22.98005485534668
9.413896560668945
16.196889877319336
12.943358421325684
25.35617446899414
15.60668659210205
13.531944274902344
41.80500030517578
29.137714385986328
37.4413948059082
15.48733901977539
16.391799926757812
16.0561466217041
22.700359344482422
26.08538818359375
26.916086196899414
31.052690505981445
17.467103958129883
37.30756759643555
21.783491134643555
17.95303726196289
34.161598205566406
22.671218872070312
12.611757278442383
21.563800811767578
12.176121711730957
13.105419158935547
23.728572845458984
30.95915985107422
25.38207244873047
22.055147171020508
55.74044418334961
18.36495018005371
23.13784408569336
24.76000213623047
36.94257736206055
31.43535614013672
35.790008544921875
26.380046844482422
22.437650680541992
26.690332412719727
38.044227600097656
21.52618980407715
8.881689071655273
22.404067993164062
23.63557243347168
13.999885559082031
18.15947151184082
43.37464904785156
20.337575912475586
18.99403953552246
6.832304000854492
60.07807540893555
22.83462905883789
21.50592613220215
28.015634536743164
22.829477310180664
20.854158401489258
19.04077911376953
25.791969299316406
50.43340301513672
25.012662887573242
23.808547973632812
25.091859817504883
26.838287353515625
6.441751003265381
32.16765594482422
15.784448623657227
43.496150970458984
40.15367126464844
6.604013442993164
14.687017440795898
37.05308151245117
28.00255012512207
17.4952335357666
5.2708611488342285
24.10938262939453
37.64976119995117
27.994068145751953
20.449487686157227
40.65288162231445
29.009563446044922
27.61025619506836
21.918739318847656
9.257271766662598
29.687841415405273
12.897801399230957
28.742094039916992
13.915634155273438
8.478221893310547
38.05422592163086
24.13064956665039
17.147830963134766
27.02428436279297
30.726085662841797
15.510619163513184
35.41742706298828
13.048651695251465
30.171707153320312
20.416671752929688
34.218326568603516
37.78850555419922
25.971630096435547
18.713207244873047
27.714839935302734
26.99625587463379
25.6695556640625
34.86317825317383
31.970157623291016
32.479400634765625
24.50122833251953
35.2301025390625
25.883087158203125
33.23911666870117
8.502861022949219
45.81697082519531
28.762136459350586
18.512109756469727
36.16314697265625
26.683658599853516
25.397003173828125
18.368358612060547
17.02024269104004
23.36164093017578
33.275150299072266
29.422626495361328
33.44362258911133
19.764511108398438
22.602142333984375
21.167070388793945
13.527763366699219
22.205692291259766
11.602091789245605
19.39443016052246
7.67380428314209
16.0993709564209
19.019258499145508
25.38081169128418
23.140506744384766
15.56094741821289
12.033299446105957
28.392805099487305
43.43805694580078
24.034542083740234
32.492164611816406
17.172779083251953
17.148056030273438
14.751073837280273
22.471778869628906
15.060677528381348
38.07935333251953
34.142330169677734
22.2340145111084
20.023344039916992
29.732425689697266
13.7760009765625
42.769535064697266
37.120323181152344
36.04206085205078
20.949451446533203
28.18008041381836
22.64203643798828
28.647180557250977
32.993797302246094
39.609642028808594
31.666179656982422
37.11493682861328
34.77594757080078
21.95619010925293
23.668346405029297
5.320437908172607
23.451095581054688
28.700151443481445
13.08329963684082
29.044967651367188
11.783529281616211
30.345327377319336
32.972843170166016
22.782711029052734
31.06809425354004
21.967681884765625
22.616748809814453
21.135421752929688
23.1644287109375
24.55266761779785
9.065664291381836
17.366214752197266
42.678497314453125
12.599246978759766
22.055517196655273
36.11227035522461
46.277103424072266
26.711910247802734
21.85776710510254
26.699434280395508
27.92565155029297
23.03907012939453
16.14324188232422
11.29366397857666
34.34990310668945
28.962661743164062
19.086685180664062
15.19519329071045
16.695072174072266
26.662607192993164
30.408231735229492
22.509288787841797
15.246185302734375
21.307226181030273
21.999095916748047
12.431611061096191
24.211599349975586
15.820098876953125
12.598647117614746
35.034019470214844
33.717933654785156
23.596525192260742
17.55855941772461
22.45623207092285
28.93991470336914
15.859931945800781
41.0759391784668
10.667535781860352
50.38475799560547
19.177268981933594
31.97920799255371
28.970190048217773
37.52714157104492
23.424501419067383
37.35887908935547
15.154712677001953
29.162275314331055
29.655195236206055
21.652347564697266
18.89749526977539
26.94725799560547
15.837265968322754
16.746856689453125
9.365504264831543
22.664398193359375
34.357994079589844
3.484253406524658
32.125999450683594
29.52860450744629
18.895395278930664
33.93227767944336
2.518474578857422
24.177536010742188
33.529605865478516
15.139122009277344
34.877281188964844
29.604887008666992
23.41282844543457
16.44273567199707
31.601482391357422
11.038439750671387
26.413286209106445
31.449241638183594
22.319490432739258
43.14826202392578
13.828401565551758
22.4785099029541
9.780417442321777
43.650489807128906
14.591979026794434
31.004865646362305
22.17973518371582
24.5745849609375
33.18302917480469
49.060081481933594
9.24415111541748
39.23854064941406
24.416847229003906
27.050262451171875
36.20223617553711
30.78994369506836
23.431100845336914
27.250686645507812
44.98128890991211
20.519845962524414
30.45452117919922
19.31183624267578
16.350126266479492
29.44015884399414
19.365535736083984
27.71764373779297
23.3360538482666
15.403841972351074
28.513195037841797
36.806400299072266
37.46174240112305
25.974796295166016
26.2894344329834
24.443069458007812
38.246246337890625
23.080167770385742
20.76959228515625
44.27381896972656
20.418519973754883
22.743253707885742
21.352497100830078
36.291263580322266
49.266937255859375
31.26447868347168
38.34785461425781
14.50533676147461
37.598270416259766
15.118356704711914
14.757744789123535
17.668615341186523
39.050636291503906
34.243221282958984
47.99113082885742
11.961231231689453
48.950958251953125
30.40178680419922
19.150590896606445
15.95059871673584
39.81993103027344
14.65279483795166
24.29094123840332
24.81696891784668
49.63429641723633
22.160720825195312
19.449438095092773
33.302467346191406
14.748785972595215
37.42176055908203
4.833535194396973
7.622733116149902
29.04279899597168
23.288541793823242
33.79365921020508
28.24012565612793
21.412017822265625
32.16569137573242
43.44611358642578
49.95228576660156
31.322463989257812
16.560922622680664
26.362598419189453
9.130020141601562
22.0117244720459
23.12763786315918
31.786924362182617
13.564469337463379
29.554365158081055
13.97077751159668
19.74365234375
33.58677673339844
20.068078994750977
22.960676193237305
27.127174377441406
13.00499439239502
27.479400634765625
26.141925811767578
9.441461563110352
13.696569442749023
13.282036781311035
38.01626968383789
30.188026428222656
28.006938934326172
20.985919952392578
19.921466827392578
7.604917049407959
37.478248596191406
24.10273551940918
20.668996810913086
42.61549377441406
25.03540802001953
5.616996765136719
33.75880813598633
29.831281661987305
21.37063217163086
14.084750175476074
32.13967514038086
18.368988037109375
15.640042304992676
25.602901458740234
29.726322174072266
36.55887222290039
14.768966674804688
15.548927307128906
35.148895263671875
23.434825897216797
13.637234687805176
13.965253829956055
12.393399238586426
16.700807571411133
17.748310089111328
17.675933837890625
22.185361862182617
37.559364318847656
17.750402450561523
44.23057556152344
17.351978302001953
10.596158027648926
23.40532112121582
27.32745361328125
25.667634963989258
17.153207778930664
42.9051513671875
45.909027099609375
31.477558135986328
40.38429260253906
30.134069442749023
28.24421501159668
27.611454010009766
15.102099418640137
23.175460815429688
10.468403816223145
14.41557502746582
22.345046997070312
10.62169361114502
26.078962326049805
49.382747650146484
31.83182144165039
14.44671630859375
29.89592742919922
42.14258575439453
6.962878704071045
35.29684066772461
19.38836097717285
34.99983596801758
17.284271240234375
3.284630298614502
54.765838623046875
8.414908409118652
26.873615264892578
15.0191650390625
27.294897079467773
29.170141220092773
21.897241592407227
20.911508560180664
17.03704071044922
32.087398529052734
32.61937713623047
27.6294002532959
34.41233444213867
25.775787353515625
21.22014045715332
15.135950088500977
39.24493408203125
20.044933319091797
15.205904006958008
17.63452911376953
23.256427764892578
49.98333740234375
17.58360481262207
27.217300415039062
7.911184787750244
38.40327072143555
20.337766647338867
40.635520935058594
27.845184326171875
7.027130603790283
27.24289894104004
22.510719299316406
15.451266288757324
31.85970115661621
31.72779655456543
38.509883880615234
35.02075958251953
25.390552520751953
29.103727340698242
34.046749114990234
18.92494773864746
11.379252433776855
14.423007011413574
49.25141143798828
13.14676284790039
31.924571990966797
27.574121475219727
24.40529441833496
20.822851181030273
15.518004417419434
35.4887580871582
21.43179702758789
36.89522171020508
7.12969446182251
25.08578109741211
9.973991394042969
39.12339782714844
40.336265563964844
22.177186965942383
40.51278305053711
22.50800895690918
32.80152130126953
32.31398391723633
33.41446304321289
21.48978042602539
10.521744728088379
39.34406661987305
25.751628875732422
33.770931243896484
52.08702087402344
16.07156753540039
26.947010040283203
18.937986373901367
29.0479736328125
24.21140480041504
22.762283325195312
13.528691291809082
20.6820011138916
28.19618034362793
28.015850067138672
35.78651428222656
9.190214157104492
22.45116424560547
42.06432342529297
24.43714714050293
26.19757843017578
14.08901596069336
34.20554733276367
24.366849899291992
19.564783096313477
16.608352661132812
22.99993324279785
8.043445587158203
19.571975708007812
35.137489318847656
19.96400260925293
40.78828811645508
23.274200439453125
20.003314971923828
23.49001121520996
36.3086051940918
4.586583614349365
33.04805374145508
36.77682876586914
22.721363067626953
23.724735260009766
28.333118438720703
23.094890594482422
49.12384033203125
21.306289672851562
53.380306243896484
8.305170059204102
8.461991310119629
22.38202476501465
23.101436614990234
32.31575393676758
8.925337791442871
48.41896057128906
33.09270477294922
55.79977035522461
40.77690887451172
34.967987060546875
15.611834526062012
27.68692398071289
15.44013500213623
32.22951889038086
41.841896057128906
24.064952850341797
14.067218780517578
26.77037239074707
21.182281494140625
26.54418182373047
23.57665252685547
45.83633804321289
17.77913475036621
23.96196937561035
30.923328399658203
32.00315856933594
24.12740135192871
23.186750411987305
33.18994903564453
32.54976272583008
25.83890724182129
32.460731506347656
27.07767677307129
13.366203308105469
34.96306228637695
19.54104995727539
19.0129451751709
26.031414031982422
34.65400695800781
12.914087295532227
17.04692268371582
23.448551177978516
22.44683837890625
22.250415802001953
23.64447784423828
36.53000259399414
9.42251968383789
30.289154052734375
20.535186767578125
18.706825256347656
11.859079360961914
18.709775924682617
13.525105476379395
12.57845687866211
18.55120849609375
37.746219635009766
34.09415054321289
13.973445892333984
25.261484146118164
19.090044021606445
29.79555320739746
19.55293846130371
37.23204040527344
17.519582748413086
17.175718307495117
26.297115325927734
13.83840560913086
34.68931579589844
27.33748435974121
22.693878173828125
36.826698303222656
35.53089904785156
18.67256736755371
17.554126739501953
45.5085563659668
18.600217819213867
29.157777786254883
21.918214797973633
27.57018280029297
35.330963134765625
25.513961791992188
14.73011302947998
22.701034545898438
39.06380844116211
35.098602294921875
13.685736656188965
20.251718521118164
33.229793548583984
27.793466567993164
16.919544219970703
26.71364974975586
21.111703872680664
13.778778076171875
22.86473846435547
15.048059463500977
12.527692794799805
38.079288482666016
20.45940399169922
14.710878372192383
20.644474029541016
30.321456909179688
26.98978614807129
16.486047744750977
5.338252067565918
46.14458084106445
31.595293045043945
16.190763473510742
26.034500122070312
24.2183837890625
21.715057373046875
30.386011123657227
3.3184807300567627
6.169371128082275
19.10939598083496
19.68221664428711
24.085283279418945
21.560081481933594
12.024362564086914
15.128617286682129
35.94498825073242
46.45659637451172
18.221172332763672
33.48415756225586
19.80044937133789
14.93973159790039
37.691688537597656
51.41466522216797
29.24931526184082
26.824417114257812
22.516103744506836
25.111007690429688
17.908164978027344
34.19342803955078
8.803747177124023
34.5912971496582
9.260649681091309
39.32569122314453
26.833314895629883
20.706775665283203
32.215545654296875
61.07387924194336
37.469810485839844
35.85647964477539
38.788673400878906
30.051406860351562
29.22227668762207
34.85947799682617
28.518753051757812
25.31017303466797
16.42478370666504
7.361215114593506
12.643566131591797
10.295743942260742
32.380714416503906
18.839385986328125
19.1822452545166
11.259305953979492
18.372835159301758
22.847604751586914
20.436147689819336
33.19194412231445
28.305130004882812
10.113798141479492
26.92698097229004
19.756145477294922
28.242290496826172
28.788442611694336
39.22993087768555
40.626644134521484
36.688568115234375
24.35482406616211
17.31784439086914
19.555028915405273
29.748435974121094
52.98549270629883
12.310609817504883
17.92142677307129
31.92430305480957
22.244781494140625
4.957216739654541
22.075923919677734
20.678070068359375
21.610692977905273
48.06894302368164
47.34343338012695
13.40599250793457
32.32737350463867
12.950631141662598
18.821645736694336
22.088363647460938
11.516643524169922
9.214506149291992
27.5871524810791
41.363773345947266
35.625030517578125
31.71438217163086
16.704442977905273
11.103896141052246
43.66783905029297
28.179197311401367
27.136577606201172
34.64695358276367
22.304485321044922
27.371129989624023
31.196861267089844
19.22149085998535
29.72962760925293
23.192232131958008
10.376127243041992
18.227502822875977
36.39614486694336
20.364791870117188
17.463029861450195
32.59090042114258
26.161230087280273
55.51460266113281
17.56625747680664
21.47718048095703
34.25083923339844
26.377883911132812
29.595457077026367
21.46908950805664
21.08043670654297
15.201248168945312
34.01430892944336
13.957717895507812
20.731687545776367
25.708499908447266
32.02991485595703
16.45421028137207
22.796100616455078
17.5092716217041
17.68256378173828
41.70484924316406
26.20616340637207
22.849424362182617
42.91765594482422
22.80786895751953
25.79180145263672
25.00575828552246
24.142181396484375
16.146947860717773
41.89922332763672
21.327129364013672
32.89818572998047
32.554378509521484
30.733816146850586
13.707182884216309
19.340042114257812
29.66913604736328
35.13603591918945
17.677696228027344
20.27306365966797
21.940711975097656
15.230218887329102
18.398971557617188
23.648344039916992
24.11021614074707
12.509902000427246
31.190847396850586
25.550128936767578
9.1011323928833
37.8453369140625
21.32065773010254
24.282424926757812
17.710664749145508
14.590234756469727
26.270694732666016
13.522884368896484
16.57755470275879
