55.72212600708008
44.09561538696289
39.00633239746094
42.49380111694336
48.219581604003906
43.8265380859375
44.09746170043945
32.37705612182617
40.370452880859375
52.00739669799805
57.742618560791016
48.17070388793945
47.176361083984375
28.891033172607422
24.854692459106445
56.02415084838867
57.76062774658203
71.8948974609375
39.815547943115234
64.0575180053711
35.19428253173828
36.48420715332031
33.52338409423828
41.780982971191406
40.227088928222656
52.04181671142578
42.805721282958984
39.872596740722656
55.88795852661133
44.19963073730469
53.9544563293457
43.514095306396484
44.12873840332031
61.82246017456055
27.111032485961914
36.15078353881836
19.092092514038086
80.09820556640625
33.990970611572266
25.21997833251953
59.396671295166016
44.68224334716797
52.1500244140625
22.389759063720703
34.14250183105469
32.951595306396484
60.53857421875
43.8232536315918
71.43130493164062
75.13717651367188
32.940608978271484
19.924640655517578
51.43179702758789
32.3984489440918
43.999698638916016
68.46387481689453
84.00698852539062
27.521944046020508
57.00504684448242
53.745887756347656
49.306819915771484
44.916473388671875
26.858680725097656
56.08234405517578
48.82404708862305
36.760276794433594
22.34845733642578
51.62608337402344
74.7789535522461
45.74026870727539
40.60882568359375
33.03085708618164
93.11593627929688
47.655487060546875
39.91173553466797
47.212608337402344
40.62187576293945
70.80071258544922
43.503265380859375
23.083024978637695
47.03147506713867
39.59208297729492
34.71403121948242
52.72249984741211
40.25345230102539
36.929683685302734
45.37759780883789
36.8441276550293
20.837482452392578
56.188690185546875
39.83393859863281
53.621402740478516
48.218772888183594
32.63703536987305
32.99531173706055
56.3977165222168
40.9235954284668
19.77294158935547
41.368106842041016
54.11920166015625
36.001976013183594
36.64445495605469
32.94397735595703
35.67170333862305
45.36471939086914
59.10934829711914
50.285343170166016
56.07379150390625
38.040748596191406
33.68973922729492
54.890316009521484
42.921512603759766
32.89952087402344
35.57781982421875
42.81281661987305
38.24978256225586
39.07834243774414
48.22617721557617
50.97394943237305
72.4297866821289
11.482793807983398
46.47258758544922
49.632179260253906
75.30657958984375
34.63124465942383
43.06462860107422
52.63486862182617
60.80795669555664
64.13099670410156
59.85337829589844
29.112457275390625
54.483367919921875
46.033592224121094
43.349853515625
46.745262145996094
43.051944732666016
44.08037567138672
56.734989166259766
63.32255554199219
63.89591598510742
78.86845397949219
48.35695266723633
41.44615173339844
65.17914581298828
45.89730453491211
62.05427932739258
29.86000633239746
38.781864166259766
28.160598754882812
28.361183166503906
44.5868034362793
49.406089782714844
51.144264221191406
42.33727264404297
62.21405029296875
53.64051055908203
49.96812057495117
47.99189758300781
45.57274627685547
34.665748596191406
53.87333679199219
59.86265182495117
50.227935791015625
38.70087814331055
24.13823699951172
39.12179183959961
49.6012077331543
42.36888885498047
54.38935089111328
32.3436279296875
44.35247802734375
8.017574310302734
39.76405715942383
29.967815399169922
38.88839340209961
56.925880432128906
33.41257858276367
59.45569610595703
27.317415237426758
28.13629722595215
49.4638671875
58.56189727783203
47.3062858581543
48.821983337402344
37.72783660888672
41.681236267089844
36.23435974121094
50.37076950073242
27.272897720336914
64.13226318359375
46.05573654174805
18.71632194519043
35.87424087524414
58.10574722290039
27.173168182373047
53.533294677734375
42.12425231933594
61.2724494934082
35.07855224609375
43.633811950683594
55.14559555053711
53.79914855957031
23.87061309814453
52.90413284301758
52.20676040649414
69.42591094970703
63.9597282409668
53.78426742553711
58.91788101196289
45.92673873901367
19.266040802001953
37.56229019165039
40.42216110229492
19.14152717590332
54.415748596191406
72.23076629638672
52.62255096435547
25.97364616394043
37.929725646972656
30.12823486328125
55.58749008178711
38.61514663696289
34.57695770263672
23.75102424621582
102.49097442626953
67.57415008544922
26.126008987426758
22.529802322387695
26.742816925048828
47.432273864746094
62.34038162231445
28.2797794342041
87.67243957519531
64.57160186767578
40.148250579833984
46.859859466552734
54.10963821411133
71.43867492675781
44.34013748168945
32.549407958984375
54.7288932800293
23.39146614074707
62.416629791259766
46.376033782958984
41.7361946105957
23.76825523376465
41.02384948730469
39.301116943359375
40.13422393798828
72.12418365478516
59.02292251586914
52.24631881713867
47.395687103271484
55.583438873291016
17.941083908081055
37.92583465576172
52.67951202392578
43.208248138427734
43.904273986816406
43.09333419799805
18.581918716430664
69.9969711303711
49.51569366455078
46.46881103515625
21.39183807373047
24.854219436645508
88.84208679199219
32.55043411254883
50.3026237487793
43.163368225097656
46.88557815551758
29.52226448059082
48.332088470458984
49.288002014160156
10.351384162902832
37.33052444458008
30.056350708007812
47.900108337402344
92.46200561523438
65.2162094116211
52.09543228149414
35.61741638183594
46.180442810058594
25.86019515991211
72.4689712524414
44.577579498291016
38.633663177490234
15.62862777709961
34.64213180541992
55.27216339111328
38.63808059692383
13.200651168823242
62.17526626586914
64.12026977539062
58.165157318115234
70.888916015625
52.58540725708008
51.94451141357422
40.45647430419922
45.4270133972168
77.82899475097656
40.33489227294922
62.86676025390625
65.5867919921875
54.982757568359375
52.202301025390625
49.127845764160156
45.485782623291016
62.11421203613281
48.171546936035156
28.152029037475586
25.99779510498047
24.33514976501465
33.04521560668945
28.397968292236328
82.64486694335938
44.49797439575195
32.091041564941406
41.381324768066406
49.49782180786133
58.88761520385742
26.86262321472168
39.89585494995117
38.569026947021484
57.85498809814453
70.28300476074219
51.40060806274414
54.77407455444336
43.07311248779297
62.16349411010742
41.520599365234375
59.40194320678711
32.1072998046875
43.62763977050781
39.97595977783203
45.142940521240234
55.978858947753906
60.60298156738281
50.79569625854492
62.8238525390625
84.16976928710938
24.715091705322266
52.40778732299805
37.85990905761719
65.54733276367188
61.89059829711914
23.727275848388672
24.790523529052734
37.635929107666016
58.06306457519531
61.7432861328125
61.27705383300781
37.774349212646484
41.8984260559082
40.324073791503906
38.23835754394531
20.206586837768555
35.6839599609375
39.86719512939453
49.30363464355469
59.39931869506836
45.499107360839844
57.0670166015625
45.9359245300293
41.9317512512207
64.38092041015625
62.13607406616211
41.393497467041016
46.308162689208984
50.03632736206055
28.48383140563965
39.62434005737305
46.454566955566406
61.406227111816406
54.84257888793945
75.47712707519531
44.97357940673828
15.725324630737305
39.366905212402344
35.90785217285156
57.85465621948242
36.85255813598633
68.8969497680664
42.71232986450195
31.07546043395996
53.56771469116211
54.15396499633789
12.194068908691406
30.162887573242188
39.114280700683594
34.17372131347656
40.40647888183594
34.91803741455078
42.75170135498047
49.382423400878906
50.00682067871094
36.84434509277344
38.407325744628906
47.769676208496094
38.75132751464844
29.553279876708984
41.32876205444336
43.485477447509766
54.64399337768555
39.26449203491211
33.29241180419922
46.18160629272461
10.896668434143066
31.183513641357422
15.128708839416504
70.66445922851562
34.64588165283203
38.487430572509766
46.0964241027832
51.013553619384766
57.20981979370117
47.197959899902344
48.279449462890625
21.665283203125
32.46385192871094
39.92365264892578
66.95044708251953
50.948665618896484
83.01681518554688
23.371519088745117
68.28237915039062
27.121906280517578
78.1776351928711
32.56479263305664
37.71137237548828
51.11586380004883
37.85417938232422
47.98215103149414
54.91505813598633
36.688323974609375
58.475196838378906
42.68610763549805
28.87427520751953
51.740394592285156
62.308074951171875
40.90018844604492
25.149723052978516
25.04210662841797
40.013675689697266
30.36003303527832
64.15155792236328
34.28815460205078
25.760738372802734
44.208534240722656
53.33352279663086
66.84349822998047
66.86835479736328
32.1031494140625
37.16044998168945
40.80298614501953
44.00690460205078
28.86838722229004
47.51153564453125
40.672691345214844
34.567481994628906
44.1410026550293
36.54513168334961
64.52024841308594
71.91203308105469
58.03704071044922
42.12263870239258
63.1329345703125
42.298397064208984
48.64189529418945
21.140914916992188
30.836830139160156
34.76902770996094
13.858633995056152
42.591636657714844
27.615924835205078
27.060365676879883
44.75031280517578
35.809078216552734
62.53546142578125
51.87128829956055
60.80502700805664
44.15052795410156
25.884737014770508
31.90665054321289
51.12226486206055
52.833919525146484
31.63067626953125
54.012168884277344
42.36880874633789
67.53480529785156
24.287019729614258
40.372093200683594
36.59819030761719
40.52273178100586
36.77484893798828
59.356815338134766
38.4752197265625
48.63363265991211
69.03557586669922
29.193620681762695
22.60030746459961
62.820899963378906
60.157344818115234
66.17919921875
50.15127944946289
31.460596084594727
35.30027770996094
23.753389358520508
46.563499450683594
74.51510620117188
64.6769790649414
73.80109405517578
39.2783317565918
39.9759521484375
42.88224792480469
72.8984146118164
50.126014709472656
58.21815490722656
51.406803131103516
63.198368072509766
90.64327239990234
39.441219329833984
48.12117385864258
54.304996490478516
40.60826873779297
34.25923156738281
64.97848510742188
52.2929801940918
48.99553680419922
59.29363250732422
36.983150482177734
58.36053466796875
41.06769943237305
62.70100402832031
49.646419525146484
44.956748962402344
70.9190902709961
49.18156433105469
48.30778121948242
74.47368621826172
33.08620071411133
29.090906143188477
29.816293716430664
63.077491760253906
38.64815139770508
82.2046127319336
56.906898498535156
57.05561828613281
61.029701232910156
32.94437026977539
22.522706985473633
23.020217895507812
28.706689834594727
65.66976928710938
42.733970642089844
44.92775344848633
22.152263641357422
46.45952606201172
58.926334381103516
49.710079193115234
72.23190307617188
28.95052146911621
22.497875213623047
45.25096893310547
38.83982849121094
57.02279281616211
43.75748062133789
59.647735595703125
60.40350341796875
61.336429595947266
57.71055603027344
36.50960159301758
53.53251266479492
33.80386734008789
38.36569595336914
61.031394958496094
39.228572845458984
23.55733299255371
54.74319076538086
41.077327728271484
47.789886474609375
63.652103424072266
38.353050231933594
45.00923538208008
62.7495002746582
46.7685546875
35.719276428222656
43.75880432128906
72.9075698852539
28.708908081054688
96.67138671875
28.466182708740234
31.589920043945312
61.442527770996094
59.052398681640625
51.95364761352539
50.44630432128906
57.084190368652344
40.52348709106445
57.706565856933594
34.71781539916992
53.477474212646484
43.20296096801758
47.75206756591797
45.88100814819336
68.16624450683594
31.769935607910156
38.48335266113281
12.911687850952148
45.375816345214844
51.33683776855469
24.742738723754883
58.34327697753906
43.39316177368164
69.74224853515625
60.14302444458008
39.17855453491211
67.20923614501953
44.8720703125
34.991859436035156
50.911529541015625
58.54758071899414
43.810447692871094
48.67557907104492
43.68034362792969
55.434871673583984
36.78666687011719
72.26712799072266
47.662471771240234
30.708234786987305
38.125701904296875
56.329429626464844
75.03021240234375
70.73638916015625
62.720794677734375
48.07280731201172
34.53028106689453
52.2097282409668
64.04495239257812
73.87477111816406
44.11076354980469
34.407047271728516
78.27226257324219
47.57101058959961
39.122894287109375
42.93246841430664
54.13826370239258
50.74464416503906
43.03791427612305
40.81158447265625
52.08226776123047
30.674335479736328
64.19230651855469
56.386192321777344
65.36458587646484
71.29283905029297
43.2115364074707
33.84120178222656
25.246877670288086
39.038204193115234
55.58366775512695
64.23892974853516
55.81759262084961
39.42227554321289
49.16463088989258
24.37017059326172
21.829801559448242
37.81609344482422
34.31903839111328
45.24843215942383
40.28501510620117
22.963768005371094
52.092891693115234
8.056306838989258
58.67594528198242
43.14163589477539
28.83949851989746
44.596954345703125
18.064781188964844
58.144283294677734
27.913143157958984
32.103759765625
54.95491027832031
31.709880828857422
53.135162353515625
55.10422897338867
55.67096710205078
51.330074310302734
53.162086486816406
36.005126953125
40.945594787597656
25.817541122436523
56.87346649169922
57.84476089477539
38.29787063598633
36.116817474365234
46.62896728515625
46.37031936645508
64.84193420410156
69.09129333496094
44.13775634765625
53.703861236572266
41.307960510253906
32.487159729003906
41.73518753051758
42.61603546142578
65.67777252197266
38.05521774291992
38.95909118652344
62.10597610473633
41.216400146484375
71.47796630859375
63.0749397277832
55.0142707824707
55.989540100097656
40.7657470703125
47.20637130737305
39.031864166259766
37.37980651855469
42.038818359375
53.5991096496582
37.66428756713867
52.566490173339844
31.44038963317871
36.19945526123047
35.71788787841797
36.725128173828125
47.373046875
11.963125228881836
49.062374114990234
29.594745635986328
34.68331527709961
25.961320877075195
50.64783477783203
35.6668586730957
27.40469741821289
29.56178092956543
72.44856262207031
25.01951789855957
46.29331588745117
67.55736541748047
46.28361892700195
31.819555282592773
53.336238861083984
39.819000244140625
36.50586700439453
52.01408386230469
30.84836196899414
45.24121856689453
62.020442962646484
42.89267349243164
69.42256927490234
52.48783874511719
44.006465911865234
40.65205383300781
63.878211975097656
69.484619140625
32.20449447631836
51.22762680053711
31.096981048583984
36.573036193847656
50.8370246887207
57.10874938964844
19.320232391357422
32.9243049621582
52.025211334228516
65.96678161621094
40.96207809448242
47.81721496582031
37.83030700683594
50.33692169189453
49.858116149902344
60.138389587402344
30.36395263671875
55.74052047729492
59.10905838012695
44.41741180419922
50.7722282409668
37.853912353515625
42.6694221496582
32.06985855102539
34.0345344543457
50.814022064208984
58.68331527709961
85.88471984863281
65.4071044921875
26.19882583618164
19.74043846130371
30.137014389038086
64.25009155273438
22.945377349853516
31.559751510620117
29.010713577270508
23.6846923828125
41.503257751464844
37.269718170166016
50.21537780761719
51.904518127441406
42.38954162597656
34.207279205322266
33.65528106689453
43.6596794128418
34.746498107910156
42.44254684448242
41.36376190185547
49.5610237121582
44.03457260131836
62.72130584716797
32.02893829345703
60.39048767089844
26.218769073486328
49.018550872802734
34.004974365234375
60.323429107666016
19.900089263916016
25.280534744262695
62.32324981689453
28.029829025268555
31.634197235107422
63.091426849365234
71.62380981445312
46.50606155395508
34.14391326904297
26.797765731811523
36.69376754760742
51.85560607910156
36.902427673339844
37.07378387451172
52.02383041381836
53.263668060302734
39.17426300048828
57.1956672668457
37.6512565612793
35.810813903808594
53.11920928955078
53.04027557373047
34.351287841796875
25.720943450927734
34.16785430908203
52.797725677490234
56.924781799316406
42.35137176513672
41.54240417480469
59.81702423095703
64.015625
36.92257308959961
67.48875427246094
71.06120300292969
65.5528793334961
92.57704162597656
67.89334869384766
51.172637939453125
33.83998489379883
64.13218688964844
34.80155563354492
43.32834243774414
56.27302169799805
78.48558044433594
41.85752868652344
50.90629959106445
36.570194244384766
52.683868408203125
42.78384780883789
51.02597427368164
45.38349533081055
43.537906646728516
25.408761978149414
55.0980339050293
42.6609992980957
54.58325958251953
29.424909591674805
62.34775924682617
60.75517272949219
42.60126495361328
36.56690216064453
68.3194808959961
48.960914611816406
34.70125198364258
43.82701110839844
52.360931396484375
48.2900390625
18.954837799072266
7.581401824951172
31.312652587890625
70.7403564453125
66.18659973144531
69.23468017578125
37.47779083251953
17.78138542175293
48.03438186645508
25.058565139770508
66.23410034179688
77.32398986816406
38.63933563232422
49.86983871459961
36.85831832885742
54.980796813964844
45.739723205566406
46.0095329284668
57.91442108154297
57.54167556762695
67.55496978759766
36.62830352783203
30.698036193847656
67.0997543334961
60.58612823486328
38.71495056152344
42.95895767211914
22.928956985473633
50.28801727294922
24.129451751708984
77.03345489501953
66.13089752197266
37.292015075683594
71.91990661621094
60.40883255004883
48.81622314453125
69.01998138427734
30.262907028198242
38.10614776611328
66.9318618774414
43.326717376708984
59.139678955078125
55.66640853881836
41.38039016723633
37.48375701904297
58.26192092895508
31.574007034301758
51.974205017089844
31.926773071289062
26.825082778930664
33.80522155761719
65.69429779052734
36.25299835205078
40.968017578125
76.16455841064453
54.92816925048828
40.68465042114258
34.90418243408203
67.13451385498047
27.64873504638672
15.19976806640625
49.799869537353516
50.60956573486328
55.6590576171875
51.622318267822266
27.295269012451172
36.83968734741211
26.566051483154297
47.4560546875
37.74366760253906
41.654541015625
40.659889221191406
33.98633575439453
23.212448120117188
51.472618103027344
56.5196533203125
54.65169906616211
35.28915786743164
46.87708282470703
65.83378601074219
43.822166442871094
58.2800178527832
59.5084342956543
62.257938385009766
42.24091339111328
34.4498291015625
65.68693542480469
55.39228820800781
57.91862487792969
79.02317810058594
57.283294677734375
43.36649703979492
25.151594161987305
54.5799674987793
53.85869598388672
31.937747955322266
91.95610046386719
73.0250473022461
64.18172454833984
58.64088439941406
39.01413345336914
81.40206909179688
38.62902069091797
82.46681213378906
58.187740325927734
43.50067138671875
44.99359893798828
24.71902847290039
38.43833541870117
5.901095390319824
52.56774139404297
24.316143035888672
26.34097671508789
10.283472061157227
37.477333068847656
23.999094009399414
77.25888061523438
45.818241119384766
54.42313766479492
39.0858039855957
54.143043518066406
43.112239837646484
39.81621170043945
41.571678161621094
21.647789001464844
54.223575592041016
42.3044319152832
49.47298049926758
65.50959777832031
35.85969924926758
34.288475036621094
56.317466735839844
41.07290267944336
54.925010681152344
44.06171798706055
41.969642639160156
31.171606063842773
40.5626220703125
26.287914276123047
61.04110336303711
67.30339813232422
62.43626403808594
36.173851013183594
69.82290649414062
82.97879028320312
38.627113342285156
95.5412368774414
59.15610122680664
46.63022994995117
66.16950225830078
36.923728942871094
42.02286148071289
55.04594802856445
48.207618713378906
56.392433166503906
51.40522003173828
54.11318588256836
75.2965087890625
36.88792037963867
46.15262222290039
54.94691467285156
48.74260711669922
49.269859313964844
58.91657638549805
51.78950500488281
25.844478607177734
51.86677551269531
61.542694091796875
35.517887115478516
48.42134094238281
52.04249572753906
68.64317321777344
76.28338623046875
44.63371276855469
4.293913841247559
46.51607131958008
31.725269317626953
57.73698425292969
30.561735153198242
54.98460006713867
44.9954948425293
38.82746124267578
48.00244140625
18.576154708862305
68.05030822753906
64.48056030273438
38.63203430175781
19.04961395263672
25.192764282226562
54.35302734375
41.06773376464844
39.756587982177734
69.45408630371094
63.42921829223633
29.341157913208008
31.755050659179688
38.390567779541016
63.92130661010742
46.44975280761719
35.29549789428711
41.46870040893555
47.57058334350586
36.86977767944336
6.452939510345459
49.09302520751953
48.73497772216797
22.665752410888672
29.27820587158203
61.72412872314453
69.8209228515625
52.49053955078125
48.07979202270508
73.65155792236328
63.614261627197266
68.00175476074219
57.35972213745117
72.95880126953125
41.144107818603516
55.95490264892578
47.14696502685547
28.53262710571289
63.5875129699707
36.776756286621094
55.60169982910156
21.476512908935547
22.540616989135742
43.13312530517578
50.72684860229492
63.75704574584961
57.45155334472656
56.009246826171875
61.4158935546875
62.25360870361328
31.80451774597168
30.693405151367188
43.772945404052734
58.532318115234375
46.0580940246582
58.735408782958984
57.5527229309082
19.689884185791016
67.41573333740234
42.814735412597656
43.27925491333008
25.515098571777344
27.612520217895508
69.65870666503906
54.840328216552734
30.703205108642578
28.088315963745117
20.262283325195312
14.567760467529297
50.91064453125
77.73660278320312
52.84122848510742
10.41983699798584
31.364599227905273
88.81718444824219
46.82053756713867
48.51924514770508
70.8095474243164
34.30134201049805
64.46400451660156
40.82969284057617
26.948087692260742
50.88761901855469
36.128902435302734
53.38780212402344
40.133209228515625
43.590728759765625
70.13973236083984
52.26471710205078
51.77872085571289
42.152278900146484
56.981529235839844
56.46799850463867
37.861534118652344
32.37455368041992
52.31413650512695
38.99769973754883
57.45444107055664
40.49330139160156
71.33464050292969
30.104888916015625
56.82088851928711
44.072322845458984
61.08155059814453
52.13899612426758
49.7209587097168
42.6545524597168
58.594810485839844
53.2391242980957
20.572124481201172
46.31343078613281
29.537992477416992
50.34442138671875
24.59217071533203
52.303890228271484
40.88319778442383
26.354036331176758
64.98164367675781
46.370723724365234
48.75796127319336
45.706546783447266
34.7976188659668
26.80788803100586
25.33192253112793
43.34199142456055
71.32746124267578
50.89113998413086
29.08004379272461
35.3897590637207
60.60841751098633
58.13536071777344
63.371097564697266
43.07303237915039
54.07035446166992
55.056636810302734
49.60987854003906
55.67398452758789
52.13128662109375
57.02064514160156
52.77362823486328
32.11317443847656
32.82002258300781
53.65394973754883
67.20564270019531
75.50308990478516
71.23333740234375
70.62566375732422
35.72230529785156
56.48260498046875
54.70048522949219
37.05089569091797
52.086490631103516
80.56502532958984
49.21495819091797
40.2011833190918
15.199718475341797
78.20618438720703
35.08003234863281
36.07652282714844
53.00862121582031
33.270896911621094
69.10684967041016
69.19320678710938
38.81519317626953
71.35722351074219
65.78141021728516
59.14686965942383
52.00266647338867
69.46495819091797
33.489845275878906
48.04783630371094
33.50627136230469
76.43647766113281
51.99319839477539
29.163841247558594
49.76244354248047
32.23592758178711
24.872005462646484
39.857418060302734
59.10763168334961
41.0386848449707
65.48429870605469
48.575740814208984
20.113250732421875
56.864315032958984
50.86614990234375
43.11807632446289
51.42152404785156
40.30753707885742
77.1280746459961
52.44463348388672
50.24422073364258
43.7750129699707
25.535621643066406
33.54684066772461
83.78404998779297
45.94720458984375
40.70106887817383
42.44811248779297
55.76538848876953
17.44053840637207
74.05279541015625
69.39244079589844
42.81269454956055
26.931095123291016
80.27348327636719
55.94841766357422
55.17804718017578
66.10370635986328
18.916868209838867
63.74065399169922
52.18452072143555
44.489192962646484
57.82540512084961
84.46015930175781
47.17513656616211
50.76828384399414
13.601188659667969
25.099899291992188
35.427398681640625
60.00782012939453
59.725914001464844
38.945682525634766
33.63437271118164
40.95857238769531
40.207462310791016
78.01436614990234
76.06542205810547
86.34791564941406
34.36854934692383
62.95334243774414
43.122589111328125
63.69524383544922
29.132884979248047
31.3472900390625
47.87934875488281
31.77134132385254
54.52070617675781
42.26618576049805
50.62404251098633
50.66376876831055
27.03742218017578
26.461292266845703
26.12240219116211
76.52799987792969
29.29193115234375
47.387996673583984
63.19136428833008
43.295230865478516
75.87361907958984
44.970401763916016
80.83100128173828
43.402706146240234
68.572509765625
49.47356033325195
57.52409744262695
24.611934661865234
65.31671905517578
50.26365661621094
47.62149429321289
24.14800262451172
33.59364318847656
50.4559326171875
66.60657501220703
39.9552116394043
22.59896469116211
52.4473762512207
85.8528060913086
36.284027099609375
62.28009033203125
61.94173049926758
46.092796325683594
28.02815055847168
76.86201477050781
42.943233489990234
51.736793518066406
46.15808868408203
34.459495544433594
74.88726043701172
36.893394470214844
41.26457214355469
73.7217025756836
22.72760581970215
41.67582702636719
21.706968307495117
42.09991455078125
72.04977416992188
70.02959442138672
21.130483627319336
27.10317611694336
50.2679443359375
61.215293884277344
23.297151565551758
24.909812927246094
58.10824203491211
49.18153381347656
35.497215270996094
49.9423713684082
68.63059997558594
36.9437370300293
43.53538513183594
57.74882507324219
74.64801025390625
36.32731628417969
23.955575942993164
55.59093475341797
32.334716796875
78.34064483642578
35.410362243652344
61.93502426147461
44.959163665771484
46.098567962646484
39.385459899902344
65.75679779052734
45.56523513793945
50.87198257446289
50.054344177246094
57.06593322753906
52.175376892089844
47.03891372680664
17.414348602294922
39.813682556152344
59.511199951171875
67.27526092529297
62.2010612487793
34.86132049560547
53.9276008605957
22.516054153442383
35.67324447631836
46.63271713256836
42.9052619934082
62.9205207824707
41.08262252807617
32.47216033935547
40.376129150390625
58.01765441894531
46.59563446044922
38.320213317871094
38.29132080078125
26.651491165161133
46.487064361572266
52.359622955322266
55.34486770629883
69.68319702148438
58.938846588134766
48.096290588378906
36.36306381225586
19.960336685180664
65.40911102294922
58.578033447265625
81.95361328125
74.6264877319336
40.43400955200195
72.50537109375
87.38429260253906
30.77912712097168
53.972930908203125
73.01976013183594
44.43980407714844
65.58602905273438
61.45001220703125
55.23683547973633
36.333431243896484
29.92044448852539
58.77376937866211
56.3813362121582
49.76214599609375
46.89533996582031
28.83853530883789
53.23467254638672
48.00342559814453
72.3356704711914
17.54810333251953
47.40060043334961
63.106422424316406
53.4178466796875
46.84516525268555
51.290916442871094
78.88470458984375
22.677160263061523
33.397003173828125
77.01719665527344
28.09840965270996
36.048397064208984
41.205631256103516
66.28177642822266
57.840877532958984
55.07415008544922
51.56752014160156
55.95235061645508
45.22760009765625
41.418060302734375
85.73204803466797
37.42902374267578
71.1949691772461
49.5974235534668
58.822593688964844
27.98621940612793
96.28617095947266
64.59796142578125
45.05917739868164
49.58928298950195
52.03426742553711
65.01848602294922
46.50000762939453
49.720176696777344
41.15169906616211
51.910213470458984
45.9348258972168
63.88283157348633
69.64929962158203
30.427156448364258
36.5181999206543
30.313928604125977
54.52098846435547
48.756126403808594
33.435848236083984
62.03169631958008
42.96778869628906
51.56312561035156
39.80343246459961
46.64909744262695
10.037908554077148
26.25124740600586
27.11771011352539
40.68269348144531
72.4628677368164
31.18535804748535
48.9944953918457
33.711238861083984
38.8532829284668
57.15315246582031
41.84149169921875
61.82798767089844
11.477739334106445
57.52582931518555
57.645484924316406
46.27122497558594
60.93678283691406
28.413766860961914
43.2111930847168
43.71090316772461
34.49367141723633
56.977447509765625
74.83784484863281
41.584129333496094
38.98851013183594
53.82098388671875
39.223609924316406
23.12435531616211
48.42765808105469
42.69455337524414
44.843589782714844
62.83660125732422
52.65965270996094
47.79243850708008
52.107940673828125
40.22865676879883
45.565574645996094
63.72380447387695
54.28512191772461
43.71499252319336
43.501068115234375
62.83582305908203
62.37010192871094
34.53715896606445
36.239295959472656
51.714168548583984
43.43278884887695
25.293638229370117
48.609580993652344
55.125038146972656
33.66916275024414
43.505184173583984
60.02569580078125
62.383201599121094
49.7512092590332
53.151119232177734
49.08729553222656
36.575252532958984
32.16807556152344
59.166038513183594
39.47879409790039
46.891029357910156
46.32413864135742
55.08287811279297
18.559858322143555
47.42353439331055
63.355064392089844
52.8893928527832
55.54258346557617
31.222501754760742
38.98806381225586
45.331600189208984
67.97673797607422
61.702091217041016
60.61178970336914
40.12493896484375
38.721046447753906
43.52359390258789
50.103511810302734
36.10814666748047
43.894981384277344
51.719696044921875
58.70771408081055
36.788455963134766
51.489891052246094
33.01633071899414
42.04792022705078
58.67928695678711
56.73522186279297
56.74294662475586
42.31853485107422
31.13304901123047
56.01009750366211
40.39524459838867
28.99374008178711
29.99736213684082
52.442970275878906
45.134151458740234
49.850433349609375
42.94190979003906
54.24061965942383
53.328834533691406
34.65260696411133
59.2049674987793
65.5698471069336
52.52587127685547
50.05345916748047
23.339332580566406
69.9720230102539
33.18578338623047
24.400766372680664
33.59342575073242
63.218955993652344
39.72636795043945
61.87177658081055
71.5913314819336
46.67510223388672
59.70237731933594
82.39747619628906
35.63837432861328
50.25505447387695
73.50655364990234
58.020320892333984
40.3369255065918
33.095314025878906
63.82522964477539
31.402475357055664
54.53422546386719
45.63448715209961
46.98971939086914
60.09843444824219
58.787757873535156
43.34181213378906
60.868282318115234
30.541889190673828
39.408103942871094
30.74789047241211
87.09281158447266
40.89925765991211
64.34459686279297
46.83122253417969
56.99189376831055
51.23307800292969
38.41402816772461
31.912395477294922
77.55158233642578
29.076969146728516
29.97751808166504
58.87558364868164
73.14364624023438
20.006362915039062
48.00864791870117
30.264747619628906
60.83521270751953
38.68032455444336
56.75291061401367
70.67926788330078
50.67368698120117
56.410545349121094
48.7550163269043
59.26932907104492
30.768495559692383
45.401092529296875
38.22038269042969
50.105045318603516
41.251556396484375
48.081119537353516
45.79875183105469
28.239971160888672
72.254638671875
65.95410919189453
52.100547790527344
33.522823333740234
47.69175338745117
32.81732940673828
63.9365234375
60.372657775878906
74.25572967529297
41.751129150390625
43.36623001098633
25.035234451293945
38.45681381225586
69.05562591552734
58.57905197143555
45.02988052368164
47.88987731933594
33.33670425415039
48.293861389160156
28.713424682617188
52.6280517578125
37.36195373535156
54.4845085144043
64.8609619140625
42.409820556640625
47.20901870727539
55.29964828491211
62.515689849853516
53.285423278808594
42.44673538208008
33.019168853759766
35.587894439697266
43.77444076538086
81.17425537109375
38.307518005371094
68.18292999267578
26.37645149230957
24.542648315429688
61.526981353759766
26.73525619506836
30.74893569946289
94.1066665649414
30.592693328857422
35.47433090209961
56.85795974731445
29.33527183532715
36.884517669677734
31.966007232666016
47.173309326171875
40.664222717285156
37.158958435058594
43.629642486572266
31.226057052612305
51.694923400878906
44.248802185058594
47.92459487915039
50.75860595703125
72.81714630126953
33.22923278808594
25.079721450805664
39.59016418457031
60.53656005859375
57.75632095336914
76.54102325439453
59.950645446777344
30.47198486328125
59.60468292236328
51.081809997558594
34.522438049316406
56.5551643371582
49.4918327331543
44.77654266357422
40.36339569091797
62.299346923828125
47.15636444091797
49.419193267822266
31.351226806640625
24.503799438476562
42.104984283447266
57.162384033203125
31.593656539916992
46.41903305053711
68.55950927734375
51.06071853637695
45.04335403442383
40.86967849731445
38.641624450683594
24.759937286376953
31.750818252563477
59.888221740722656
49.21078109741211
26.097475051879883
70.38846588134766
36.62214279174805
20.42014503479004
34.611881256103516
31.847444534301758
80.93675994873047
64.80526733398438
53.97053146362305
49.640296936035156
43.92087936401367
50.83158493041992
61.794898986816406
69.3606185913086
57.880794525146484
58.275753021240234
42.8994140625
51.695716857910156
39.3648567199707
48.594295501708984
21.14807891845703
50.383358001708984
41.34946060180664
24.49961280822754
67.6915054321289
35.15213394165039
49.0949821472168
61.161155700683594
23.826141357421875
31.557003021240234
51.80801010131836
42.41781997680664
38.152992248535156
28.253036499023438
37.84276580810547
38.87613296508789
36.4370002746582
49.716835021972656
77.63175964355469
43.606048583984375
31.927078247070312
34.97215270996094
56.60599899291992
46.39386749267578
37.924922943115234
43.58360290527344
57.11290740966797
37.57795333862305
41.88163375854492
48.43094253540039
35.84992980957031
23.014820098876953
42.347774505615234
29.8707218170166
39.612281799316406
56.12849807739258
59.79185485839844
49.5218620300293
47.720699310302734
36.02408981323242
85.65242767333984
79.95162200927734
27.719280242919922
36.527122497558594
41.93956756591797
71.70608520507812
35.702125549316406
37.41121292114258
15.550102233886719
47.65108108520508
54.84757614135742
86.65555572509766
61.588645935058594
71.96918487548828
55.664485931396484
35.44257736206055
51.59294128417969
38.13936233520508
39.62735366821289
62.83070373535156
46.23749923706055
80.53863525390625
63.24924850463867
48.31957244873047
36.46619415283203
38.73264694213867
16.990184783935547
58.788063049316406
83.916748046875
42.687744140625
30.820213317871094
83.43299102783203
25.665992736816406
60.55607223510742
60.87635040283203
53.079750061035156
67.02530670166016
65.08070373535156
20.05970573425293
32.539207458496094
66.65189361572266
52.73550796508789
38.27309036254883
65.63724517822266
71.89309692382812
61.48209762573242
68.5631103515625
39.71508026123047
49.05670928955078
38.2894287109375
59.878177642822266
61.42856979370117
12.033994674682617
27.236845016479492
54.134185791015625
43.68153381347656
43.62592697143555
42.76769256591797
52.09596633911133
43.9033317565918
50.294647216796875
55.95690155029297
51.67647171020508
61.075984954833984
56.03223419189453
28.57502555847168
34.02437973022461
57.54229736328125
40.928627014160156
71.11394500732422
62.842674255371094
62.60261154174805
25.23992919921875
25.143383026123047
64.01055145263672
68.15415954589844
27.40222930908203
55.35885238647461
47.52280807495117
25.14195442199707
32.27910614013672
59.09137725830078
35.452518463134766
25.28179359436035
64.24735260009766
84.12261199951172
54.0948371887207
50.77140808105469
94.6298828125
50.25410079956055
30.8692684173584
50.39078140258789
64.6562271118164
33.30026626586914
55.596595764160156
48.87840270996094
79.751220703125
47.480690002441406
34.445777893066406
49.45955276489258
59.386077880859375
39.7617073059082
74.12971496582031
47.67432403564453
30.584686279296875
58.19924545288086
30.210107803344727
61.38209533691406
47.688716888427734
53.21444320678711
88.98844909667969
23.330978393554688
71.7457275390625
41.69243621826172
37.58124923706055
60.40721893310547
39.80036926269531
20.7257080078125
38.79835891723633
45.9588737487793
63.068580627441406
43.53593444824219
31.213876724243164
58.54184341430664
61.59974670410156
30.13037872314453
63.1124382019043
32.44099807739258
52.33028793334961
35.03887176513672
65.2038803100586
82.0098876953125
47.21933364868164
52.802024841308594
44.59768295288086
40.948158264160156
32.06272888183594
24.97626495361328
24.50722885131836
62.54876708984375
55.062591552734375
48.99293518066406
39.50347900390625
48.014129638671875
67.82134246826172
55.480045318603516
45.451255798339844
33.282413482666016
46.21689987182617
29.54355812072754
60.8571891784668
37.58491897583008
37.862335205078125
61.28679656982422
43.352115631103516
44.348899841308594
48.46976089477539
75.6256103515625
27.620424270629883
46.533409118652344
51.11255645751953
52.41693878173828
28.221149444580078
45.95363235473633
46.180328369140625
44.43751907348633
43.06191635131836
50.337608337402344
63.443214416503906
47.898284912109375
40.29819869995117
55.35301971435547
49.21603775024414
47.095306396484375
41.06830978393555
43.53160095214844
24.454397201538086
51.979026794433594
40.04679870605469
53.16388702392578
11.531336784362793
27.37285614013672
42.15409851074219
31.874319076538086
29.422290802001953
48.9798698425293
29.422447204589844
35.82396697998047
42.58156204223633
30.282033920288086
44.06776428222656
53.999549865722656
53.490478515625
69.93949890136719
32.31647872924805
43.94670867919922
83.90509033203125
58.17112350463867
59.14040756225586
60.983245849609375
24.01726722717285
33.737545013427734
19.66229820251465
47.639400482177734
33.54453659057617
54.71874237060547
57.253868103027344
64.60435485839844
56.24412155151367
40.51959991455078
55.89729690551758
45.231468200683594
63.73896026611328
29.851232528686523
24.684362411499023
27.11184310913086
80.3713150024414
53.84882354736328
40.63682174682617
33.235511779785156
42.970455169677734
31.67522621154785
71.75778198242188
14.484258651733398
42.104827880859375
46.028987884521484
79.04491424560547
21.27096939086914
46.91834259033203
38.269630432128906
56.346397399902344
48.08111572265625
47.58201599121094
58.49441146850586
66.51771545410156
30.563720703125
39.5230598449707
49.751373291015625
48.533599853515625
44.442142486572266
30.006668090820312
55.84054183959961
58.23634719848633
35.97002410888672
52.28976058959961
35.804901123046875
58.54396057128906
39.28270721435547
47.52586364746094
51.95060348510742
34.822654724121094
83.38887023925781
72.03670501708984
38.165771484375
39.5706787109375
26.269994735717773
30.164140701293945
64.86959838867188
43.77056884765625
50.815616607666016
58.90321350097656
75.28368377685547
65.68765258789062
45.28657150268555
47.094993591308594
58.93674850463867
61.362300872802734
67.11766052246094
44.35545349121094
16.229000091552734
57.22377395629883
45.34999465942383
53.84611129760742
19.409618377685547
55.566261291503906
32.59572982788086
71.56678771972656
42.77786636352539
44.699607849121094
73.84014892578125
45.61551284790039
55.1707878112793
47.35969543457031
27.086626052856445
42.27578353881836
48.26734161376953
22.010936737060547
34.612762451171875
43.53416442871094
39.313255310058594
31.6762752532959
31.844829559326172
34.88761901855469
35.630306243896484
25.252666473388672
40.30169677734375
22.888160705566406
82.46537780761719
84.90613555908203
44.30943298339844
80.77069091796875
45.55202865600586
17.474884033203125
60.322757720947266
65.98858642578125
54.012847900390625
31.90005111694336
20.600662231445312
70.3138198852539
55.315582275390625
53.35542678833008
50.254451751708984
42.44918441772461
78.724609375
69.86368560791016
30.63656997680664
36.259132385253906
66.91873168945312
51.07512283325195
41.25820541381836
44.17386245727539
44.769325256347656
55.69136428833008
28.927278518676758
60.39939880371094
97.09208679199219
55.12297821044922
42.214813232421875
40.58390808105469
75.27967834472656
52.0974006652832
65.82369995117188
45.40456771850586
75.82144165039062
51.843109130859375
40.086177825927734
17.13319206237793
23.107967376708984
39.224815368652344
63.33208465576172
34.88774871826172
40.95364761352539
68.28659057617188
38.89877700805664
56.27776336669922
46.20791244506836
35.270477294921875
63.07233428955078
57.42958068847656
29.230998992919922
29.068540573120117
36.18227767944336
75.9747543334961
41.35430908203125
47.835609436035156
32.24268341064453
51.995140075683594
33.48755645751953
56.7375602722168
30.05044937133789
29.733583450317383
35.265296936035156
57.21385955810547
57.00178527832031
53.45228576660156
68.30465698242188
45.77824020385742
26.328645706176758
51.172271728515625
51.35511779785156
15.8750638961792
47.4213981628418
20.384111404418945
55.890132904052734
46.229331970214844
35.571685791015625
26.204946517944336
58.72996139526367
59.77119064331055
39.38408279418945
38.735374450683594
68.47645568847656
39.59907150268555
45.8595085144043
36.6047248840332
30.62980079650879
57.39315414428711
51.58327865600586
41.65695571899414
55.9525146484375
44.56877899169922
45.95557403564453
64.09393310546875
51.17963409423828
51.512081146240234
19.122350692749023
77.95390319824219
36.908775329589844
61.254207611083984
40.324710845947266
73.57269287109375
48.96757888793945
58.16684341430664
12.945304870605469
28.299728393554688
58.567626953125
44.79127883911133
48.91225051879883
37.94364547729492
46.26538848876953
35.245826721191406
50.102298736572266
59.77280807495117
56.416873931884766
40.47747039794922
34.51709747314453
61.44081497192383
53.4754638671875
63.00965118408203
58.7662239074707
71.32140350341797
35.00090408325195
52.781349182128906
45.91838073730469
44.17524337768555
44.853309631347656
49.26503372192383
50.549293518066406
32.78148651123047
71.68962097167969
47.30051040649414
40.42037582397461
38.023948669433594
42.25944137573242
44.796146392822266
36.26186752319336
47.72393035888672
68.82037353515625
53.8231086730957
45.54170227050781
29.902685165405273
39.763519287109375
38.739173889160156
55.73724365234375
31.255260467529297
43.72171401977539
59.77187728881836
41.2822265625
84.5241470336914
47.366302490234375
49.20226287841797
65.80086517333984
31.51346206665039
35.640625
34.40338134765625
52.009666442871094
65.82442474365234
37.76236343383789
38.38898849487305
44.64967727661133
47.61479949951172
47.1126708984375
49.874046325683594
32.0003776550293
48.66606521606445
77.02345275878906
63.44011688232422
76.21324920654297
72.01615905761719
30.93799591064453
66.62826538085938
42.738304138183594
55.469146728515625
48.698204040527344
63.36771774291992
44.208560943603516
24.711841583251953
28.683940887451172
46.92552947998047
69.8275146484375
59.47584915161133
59.32554626464844
65.99383544921875
36.33940505981445
30.218904495239258
42.15974426269531
82.16790008544922
25.415842056274414
55.458866119384766
43.905555725097656
63.45724105834961
41.45014190673828
60.6939582824707
52.17243194580078
59.73318099975586
57.52056884765625
39.77116775512695
62.879425048828125
79.71221160888672
54.716957092285156
56.31715393066406
33.16257095336914
80.92994689941406
39.13485336303711
42.56499481201172
55.90964126586914
61.30088806152344
49.11794662475586
54.42169189453125
51.8693962097168
76.18363952636719
32.870689392089844
48.59299087524414
44.165000915527344
14.76184368133545
52.26138687133789
32.86208724975586
78.90840911865234
28.169349670410156
42.43129348754883
48.19207000732422
66.31544494628906
43.41394805908203
46.76165771484375
38.37623977661133
73.3008804321289
56.96623229980469
68.649658203125
42.37673568725586
68.34413146972656
48.77233123779297
56.5821647644043
88.50855255126953
63.288902282714844
58.00481033325195
51.88444519042969
47.821014404296875
29.388822555541992
59.36952590942383
30.004905700683594
38.487998962402344
43.11384201049805
62.353065490722656
45.44419479370117
56.78461837768555
32.46798324584961
42.447654724121094
52.82918930053711
53.366249084472656
57.80940628051758
30.58605194091797
73.17594909667969
25.14971160888672
43.05292892456055
20.469253540039062
50.12887954711914
51.660675048828125
37.7270622253418
35.79631042480469
42.930023193359375
51.989830017089844
45.24397659301758
40.8438720703125
66.98658752441406
84.98372650146484
52.383052825927734
42.64433288574219
33.02098846435547
10.664254188537598
62.17496109008789
58.347713470458984
19.4414005279541
56.636009216308594
31.889009475708008
20.685894012451172
100.45161437988281
49.2301139831543
32.390560150146484
55.411643981933594
44.38471984863281
77.19947052001953
52.13233184814453
11.8709716796875
28.726346969604492
31.106061935424805
41.996788024902344
15.740017890930176
62.49738311767578
37.195858001708984
38.727691650390625
55.965126037597656
53.58137130737305
39.696075439453125
53.797889709472656
21.10468292236328
56.455162048339844
28.35224723815918
27.46044921875
26.39932632446289
30.23403549194336
45.000633239746094
45.198707580566406
38.85546875
37.320518493652344
46.09536361694336
41.82024383544922
44.42815017700195
47.66634750366211
63.65851974487305
29.407873153686523
31.874038696289062
24.219022750854492
45.96073913574219
32.84190368652344
27.19597816467285
40.29396057128906
29.32590675354004
39.21974182128906
38.28048324584961
23.92267608642578
55.170833587646484
34.5870361328125
65.22197723388672
47.18450164794922
36.55560302734375
38.98739242553711
57.23948669433594
69.39398956298828
40.693660736083984
52.74339294433594
56.225460052490234
37.6268310546875
55.67653274536133
49.45830154418945
44.844688415527344
56.6441650390625
30.153003692626953
48.46552658081055
44.49884033203125
41.17301559448242
37.89938735961914
34.97919464111328
45.933563232421875
50.56161117553711
43.66332244873047
45.80122375488281
63.46031951904297
39.062538146972656
44.31541442871094
25.024187088012695
42.58006286621094
98.8644790649414
71.09881591796875
54.41387176513672
68.94100952148438
38.66694641113281
33.49114990234375
34.586490631103516
73.02545166015625
22.84003448486328
42.33559799194336
43.549991607666016
31.732454299926758
26.994522094726562
61.84822082519531
36.137298583984375
73.00896453857422
76.02722930908203
54.36455154418945
63.26105880737305
48.69103240966797
43.98004150390625
69.50740814208984
69.6748046875
43.96749496459961
12.108941078186035
39.17166519165039
55.87296676635742
49.25804901123047
49.58543395996094
58.79879379272461
30.308435440063477
29.639041900634766
57.19994354248047
54.16960525512695
52.9016227722168
68.79681396484375
58.44795608520508
49.23418426513672
67.28692626953125
48.15774154663086
51.49990463256836
51.629722595214844
54.767181396484375
58.446136474609375
47.224605560302734
54.649139404296875
71.26607513427734
61.257118225097656
42.69315719604492
47.850440979003906
29.52947235107422
26.158912658691406
66.4749526977539
72.38703155517578
59.438716888427734
41.11606979370117
46.1124153137207
42.908531188964844
65.00140380859375
70.37372589111328
31.71710968017578
42.05888748168945
45.752437591552734
41.166316986083984
50.45451736450195
42.812625885009766
54.32124328613281
33.75078201293945
51.002685546875
63.041568756103516
43.64696502685547
22.988191604614258
55.55645751953125
61.11109161376953
34.41415786743164
34.89008712768555
56.1039924621582
30.52760124206543
41.581356048583984
58.17080307006836
66.6003646850586
49.431114196777344
44.63727951049805
52.326473236083984
55.33686828613281
44.515708923339844
40.18846893310547
52.33000946044922
50.6917724609375
26.261716842651367
57.9108772277832
24.549392700195312
47.958274841308594
83.34729766845703
16.910913467407227
42.77239227294922
69.40425109863281
70.37163543701172
65.67048645019531
72.2337875366211
43.15260314941406
40.09836959838867
92.86463165283203
48.0618782043457
60.5977897644043
79.63378143310547
46.738834381103516
41.13229751586914
48.7974739074707
26.820560455322266
75.80072784423828
42.76047897338867
71.23626708984375
54.06937026977539
74.13499450683594
55.689048767089844
58.769691467285156
39.08244323730469
27.058597564697266
49.65470504760742
85.49034118652344
43.6552848815918
49.088130950927734
22.380403518676758
26.236331939697266
49.59775161743164
47.77357864379883
39.56989288330078
44.297264099121094
72.4166488647461
26.4818115234375
46.550540924072266
45.06893539428711
44.64057922363281
88.8320083618164
58.647926330566406
60.29367446899414
47.925662994384766
49.72211837768555
87.74181365966797
47.06444549560547
51.02215576171875
28.470335006713867
67.229736328125
61.78636169433594
27.378190994262695
34.87302780151367
76.19217681884766
37.48259353637695
44.218116760253906
29.782655715942383
56.39805221557617
42.005043029785156
44.422515869140625
47.5604248046875
43.59876251220703
45.27426528930664
54.26023864746094
43.29863739013672
29.655561447143555
64.63573455810547
68.38926696777344
44.90378952026367
53.382537841796875
50.608890533447266
25.920198440551758
56.25734329223633
53.75263214111328
60.660484313964844
48.75252151489258
27.867202758789062
41.54573059082031
31.491348266601562
35.58954620361328
58.430179595947266
52.5068473815918
65.50979614257812
32.22360610961914
60.54238510131836
35.002681732177734
36.25871658325195
34.26293182373047
54.35669708251953
57.901668548583984
22.03662872314453
41.98292922973633
68.47746276855469
38.14649963378906
38.63385772705078
31.33572006225586
58.4697151184082
31.853450775146484
45.75305938720703
19.286510467529297
44.206092834472656
43.94518280029297
43.947669982910156
78.16870880126953
26.449623107910156
72.31365203857422
35.48823928833008
43.58271408081055
91.42340850830078
84.42146301269531
58.32003402709961
43.536869049072266
61.400638580322266
38.860660552978516
23.9704532623291
62.50758743286133
74.89412689208984
40.794185638427734
38.49241638183594
78.70797729492188
34.532264709472656
42.53894805908203
43.75721740722656
32.01718521118164
45.28829574584961
28.278650283813477
37.882293701171875
57.28186798095703
63.680992126464844
39.68535232543945
36.47434997558594
47.99181365966797
46.53043746948242
47.88975143432617
39.59193801879883
56.93756866455078
33.81623840332031
75.66633605957031
55.63179016113281
16.93431854248047
87.7565689086914
19.590639114379883
45.63143539428711
52.548770904541016
52.90428924560547
29.805856704711914
52.39119338989258
60.82605743408203
50.028202056884766
42.05847930908203
81.44096374511719
49.724246978759766
37.4002685546875
24.390335083007812
53.38831329345703
69.34959411621094
43.76184844970703
33.75204086303711
57.544517517089844
25.742868423461914
39.05509948730469
59.167850494384766
67.9383544921875
46.97724533081055
43.11281204223633
56.14649963378906
38.810874938964844
46.65342712402344
32.97665786743164
33.40298843383789
39.32552719116211
36.64769744873047
41.005374908447266
71.49333190917969
27.719497680664062
45.625675201416016
39.355289459228516
42.56977081298828
46.97983932495117
41.67002868652344
27.416927337646484
29.703323364257812
52.452247619628906
48.11703109741211
38.79841613769531
40.747440338134766
65.04450988769531
54.976524353027344
62.856651306152344
68.59199523925781
54.02069091796875
43.98277282714844
57.07661056518555
80.29092407226562
63.64121627807617
51.26328659057617
72.934326171875
40.24611282348633
44.853302001953125
59.6011848449707
64.24710845947266
50.45513153076172
32.147377014160156
22.32439613342285
44.746089935302734
47.5420036315918
70.03348541259766
53.353599548339844
69.92675018310547
62.024810791015625
73.19756317138672
57.205474853515625
40.50498580932617
35.74258804321289
61.031429290771484
42.1943359375
33.140411376953125
45.435909271240234
51.87623596191406
46.41691207885742
72.88996124267578
41.97646713256836
64.9599609375
62.10219955444336
65.48403930664062
57.16667175292969
50.25448226928711
47.454612731933594
42.31248474121094
48.914241790771484
38.71710968017578
66.97180938720703
59.19404220581055
74.99066162109375
30.15416717529297
30.89896011352539
45.767845153808594
49.57662582397461
48.372737884521484
92.87976837158203
31.430522918701172
53.103328704833984
75.53018188476562
32.72416305541992
45.070411682128906
41.82861328125
53.05189514160156
30.929285049438477
33.23582458496094
39.06239700317383
36.27857971191406
57.69550704956055
41.08312225341797
25.45884895324707
48.56222915649414
28.84610939025879
45.77378845214844
31.10022735595703
53.47958755493164
53.584590911865234
53.037715911865234
39.36553192138672
51.50674819946289
43.00112533569336
27.62103271484375
70.35328674316406
60.45793914794922
26.192752838134766
39.32674789428711
77.21327209472656
30.782594680786133
53.94032287597656
50.00067138671875
37.61293029785156
88.306396484375
35.22377014160156
35.32500457763672
41.57588195800781
17.931976318359375
57.72450256347656
25.97043228149414
63.252681732177734
57.29658126831055
40.453346252441406
50.88201904296875
45.7745361328125
54.858497619628906
70.74481201171875
67.5745849609375
54.681671142578125
33.922183990478516
33.149932861328125
49.48177719116211
51.57052993774414
49.57256317138672
56.61557388305664
46.60087966918945
35.24991226196289
39.830387115478516
21.823213577270508
21.607559204101562
78.55462646484375
65.15897369384766
61.95638656616211
36.41438674926758
49.883872985839844
18.751667022705078
58.75880432128906
41.78855895996094
25.176563262939453
36.177398681640625
42.681026458740234
48.24410629272461
47.260276794433594
43.66781997680664
58.8637809753418
50.05857467651367
62.323036193847656
37.00194549560547
54.900394439697266
30.008949279785156
36.77703857421875
67.30673217773438
48.63857650756836
46.64131164550781
44.32075500488281
42.92046356201172
49.661373138427734
60.72254943847656
69.02822875976562
36.676918029785156
44.15011978149414
72.4654769897461
52.441307067871094
29.930246353149414
71.40538024902344
45.7021484375
31.39289093017578
58.325439453125
37.930572509765625
41.9609375
34.972042083740234
38.353572845458984
31.06471824645996
19.733463287353516
53.00404357910156
52.20235061645508
26.947383880615234
