20.258745193481445
21.594511032104492
20.937759399414062
22.199960708618164
28.091001510620117
19.121932983398438
45.5638313293457
18.375333786010742
27.68808937072754
19.2873477935791
23.875778198242188
21.418006896972656
23.663700103759766
14.521444320678711
23.819467544555664
21.32949447631836
18.058748245239258
21.38681411743164
44.614498138427734
18.911785125732422
38.43137741088867
26.132230758666992
15.954889297485352
17.0056095123291
18.39078140258789
7.422868251800537
44.585723876953125
30.91277503967285
31.763154983520508
26.156124114990234
42.26228332519531
37.01956558227539
15.725825309753418
20.360885620117188
22.719236373901367
22.993122100830078
22.745136260986328
12.766911506652832
18.115291595458984
11.894083976745605
8.906753540039062
30.06534767150879
23.77685546875
27.19674301147461
29.26967430114746
18.821062088012695
42.369285583496094
34.55591583251953
12.508008003234863
23.11187171936035
20.89524269104004
19.272071838378906
14.877584457397461
52.10289001464844
40.13807678222656
23.58948516845703
34.005741119384766
15.83875846862793
27.96064567565918
20.526599884033203
29.28111457824707
6.40141487121582
40.03956604003906
14.042551040649414
38.62367630004883
15.031671524047852
41.663368225097656
19.617828369140625
24.55432891845703
17.166946411132812
31.78103256225586
44.792091369628906
27.779542922973633
28.73693084716797
25.639204025268555
16.573009490966797
28.082904815673828
9.908809661865234
36.27377700805664
17.087369918823242
14.023322105407715
27.312908172607422
53.54598617553711
14.854355812072754
10.208141326904297
9.572704315185547
41.27327346801758
20.196495056152344
35.912750244140625
24.099424362182617
7.450890064239502
23.15835952758789
39.12300491333008
20.860946655273438
27.300949096679688
24.979236602783203
25.8159236907959
38.031959533691406
31.101625442504883
30.291784286499023
42.4259033203125
16.996000289916992
18.545238494873047
22.313045501708984
31.243261337280273
44.0015983581543
25.785449981689453
21.535991668701172
14.612371444702148
23.8277645111084
20.48749351501465
48.24197769165039
23.235050201416016
33.690513610839844
28.068553924560547
19.939876556396484
15.464285850524902
52.150794982910156
35.71463394165039
21.111413955688477
41.152462005615234
18.442535400390625
21.437103271484375
21.363420486450195
41.60874557495117
20.23764991760254
12.47732925415039
34.7927360534668
10.613486289978027
19.586101531982422
7.630273342132568
52.27614212036133
22.744571685791016
27.18829345703125
23.98287582397461
34.81549835205078
17.037399291992188
15.826020240783691
27.645984649658203
13.433087348937988
26.887346267700195
23.041362762451172
30.658689498901367
42.36985778808594
42.01883316040039
23.218557357788086
38.43868637084961
18.97247314453125
34.356319427490234
10.637040138244629
41.29076385498047
20.578561782836914
33.808345794677734
26.921796798706055
27.08662223815918
24.908363342285156
29.936967849731445
13.70260238647461
33.8883056640625
31.9703311920166
14.430994987487793
11.988252639770508
28.385395050048828
13.544715881347656
49.26285171508789
27.77096939086914
14.889406204223633
42.791664123535156
32.47295379638672
26.526670455932617
15.276043891906738
21.231168746948242
26.832021713256836
16.309415817260742
12.58083438873291
20.455005645751953
22.756671905517578
25.503761291503906
40.72701644897461
23.327085494995117
19.692440032958984
25.295671463012695
45.09819030761719
23.64767074584961
26.48970603942871
45.652706146240234
25.483861923217773
35.8652458190918
25.667131423950195
37.74850082397461
18.33273696899414
20.238361358642578
30.629613876342773
34.14929962158203
16.14607810974121
57.179908752441406
18.65154457092285
19.692745208740234
8.620514869689941
28.072851181030273
26.55445671081543
27.2681827545166
12.394246101379395
42.75066375732422
16.635095596313477
22.966150283813477
20.97090721130371
39.6220817565918
11.171248435974121
43.89441680908203
10.737756729125977
34.865901947021484
23.87154769897461
29.248918533325195
33.51076889038086
11.722564697265625
18.630970001220703
30.99708366394043
32.7941780090332
28.672548294067383
14.516929626464844
32.655059814453125
32.56631088256836
25.039108276367188
32.818450927734375
20.204299926757812
21.871423721313477
26.536476135253906
14.459244728088379
27.70279312133789
17.715993881225586
28.67840003967285
25.61176300048828
33.84683609008789
41.428985595703125
27.96396827697754
25.023168563842773
25.39100456237793
22.283283233642578
23.602556228637695
21.617267608642578
24.350175857543945
24.67249870300293
20.858184814453125
19.36105728149414
26.13741111755371
22.75530433654785
20.784753799438477
59.906280517578125
36.49501419067383
36.66317367553711
23.56778907775879
39.860897064208984
22.00861930847168
28.348834991455078
40.5428352355957
19.859554290771484
18.066463470458984
23.56711196899414
21.601442337036133
15.183489799499512
30.989643096923828
48.397911071777344
19.76055335998535
36.13011169433594
15.980910301208496
20.411632537841797
12.565375328063965
21.504974365234375
16.076251983642578
32.76356506347656
19.005298614501953
41.772926330566406
24.777313232421875
37.354896545410156
22.13313865661621
16.231042861938477
26.14586067199707
27.53112030029297
18.505754470825195
28.084091186523438
19.621187210083008
33.67523193359375
16.51819610595703
17.435279846191406
34.902748107910156
19.72472381591797
22.195669174194336
17.52913475036621
25.03121566772461
27.547876358032227
30.99077606201172
23.995182037353516
43.3508186340332
15.27807331085205
19.132110595703125
37.43482971191406
57.557254791259766
30.808916091918945
30.061370849609375
27.83464813232422
27.90024757385254
41.47248458862305
52.26799774169922
14.75448989868164
25.521846771240234
24.620986938476562
3.1148884296417236
32.053062438964844
22.096715927124023
3.015803813934326
18.7656192779541
5.444483757019043
20.51473617553711
28.740983963012695
11.229248046875
28.962238311767578
31.537172317504883
18.64071273803711
38.66886520385742
41.64385223388672
20.665653228759766
23.286752700805664
27.076276779174805
30.85396957397461
30.0844669342041
16.96639060974121
40.71522903442383
42.130287170410156
34.02400207519531
26.698654174804688
22.71726417541504
16.457252502441406
8.81106185913086
34.30121994018555
27.880220413208008
11.997032165527344
7.300662040710449
21.86675262451172
35.962005615234375
39.88607406616211
22.25592041015625
31.450475692749023
31.133947372436523
24.99046516418457
32.35782241821289
30.67740821838379
18.055362701416016
39.6761360168457
7.618071556091309
28.2296142578125
20.617971420288086
38.01361083984375
15.491384506225586
6.914768695831299
23.180051803588867
22.42038917541504
18.889787673950195
31.052318572998047
25.19246482849121
22.603731155395508
28.614501953125
47.3684196472168
41.75048065185547
37.361778259277344
33.21037673950195
39.906803131103516
31.102779388427734
46.40541458129883
29.72237777709961
9.816754341125488
17.833274841308594
40.556114196777344
16.951610565185547
12.22130012512207
17.37097930908203
22.225719451904297
28.8718318939209
22.91843605041504
24.37907600402832
38.42771530151367
17.288549423217773
55.35489273071289
40.1935920715332
33.21363830566406
54.751625061035156
27.9523868560791
20.934589385986328
32.193389892578125
31.103351593017578
15.173898696899414
22.85369110107422
45.76921081542969
21.55445098876953
33.42338180541992
17.849224090576172
20.014659881591797
33.28360366821289
20.04755401611328
47.12440872192383
5.727407455444336
33.162166595458984
10.385583877563477
27.779664993286133
45.516658782958984
21.76614761352539
18.0280818939209
27.21544647216797
16.591703414916992
29.752418518066406
31.526973724365234
15.456140518188477
26.6381893157959
27.087100982666016
28.317516326904297
26.792335510253906
21.071739196777344
13.167390823364258
22.437393188476562
63.40428161621094
12.862873077392578
38.0859489440918
41.91072082519531
24.13460922241211
18.435871124267578
43.57920837402344
28.97618865966797
26.447166442871094
50.88996505737305
24.914525985717773
44.45830154418945
29.037397384643555
31.58713150024414
33.27487564086914
13.780232429504395
29.60618782043457
43.07093811035156
19.2179012298584
24.18330955505371
32.90018081665039
40.76558303833008
11.182382583618164
32.79789733886719
23.622215270996094
15.259953498840332
27.692264556884766
8.143744468688965
20.0000057220459
6.584395408630371
25.48308563232422
23.413175582885742
22.021995544433594
25.437828063964844
26.087478637695312
19.751422882080078
13.281852722167969
13.061589241027832
29.920560836791992
14.630830764770508
39.37724304199219
26.29462242126465
19.006010055541992
22.429771423339844
25.826831817626953
6.846266269683838
30.270618438720703
19.099334716796875
21.143108367919922
17.125268936157227
24.44903564453125
50.832149505615234
29.846416473388672
17.272499084472656
33.567237854003906
11.935617446899414
47.133399963378906
18.557092666625977
23.589372634887695
8.441690444946289
10.770438194274902
15.18545913696289
26.048158645629883
12.650737762451172
37.74965286254883
8.800588607788086
38.11914825439453
59.35330581665039
27.179262161254883
39.828857421875
18.66461181640625
21.33072280883789
14.62452220916748
15.92963695526123
23.250782012939453
13.996739387512207
27.659690856933594
47.634315490722656
14.807780265808105
9.557212829589844
22.413848876953125
42.45363998413086
8.640990257263184
21.58056640625
22.99529457092285
35.44710159301758
20.902753829956055
29.818649291992188
32.166114807128906
26.887714385986328
20.060476303100586
36.316986083984375
31.35391616821289
21.190507888793945
12.857028007507324
32.007408142089844
28.045103073120117
47.2958869934082
22.844688415527344
16.25037384033203
33.62771987915039
20.470951080322266
12.272774696350098
23.265018463134766
8.26173210144043
24.296594619750977
17.248661041259766
19.759841918945312
19.157062530517578
47.74595642089844
17.46331214904785
27.29792022705078
16.84642791748047
27.809818267822266
37.955448150634766
19.64589500427246
21.640289306640625
6.568474769592285
22.59182357788086
21.48777198791504
32.41902542114258
9.843875885009766
17.45081901550293
40.55740737915039
25.693727493286133
22.583908081054688
12.982057571411133
34.2788200378418
25.922574996948242
11.464295387268066
6.209829330444336
31.310317993164062
28.96541404724121
14.167021751403809
40.916561126708984
32.705284118652344
32.73749923706055
34.07675552368164
30.42940330505371
38.56416320800781
33.720703125
20.548858642578125
8.173589706420898
29.993959426879883
30.101402282714844
16.42979621887207
23.3618106842041
30.034563064575195
23.43840789794922
32.49736785888672
23.97670555114746
42.89707565307617
27.660079956054688
17.471437454223633
32.14305114746094
25.89336395263672
29.78851318359375
19.124536514282227
25.290151596069336
37.32017517089844
28.883188247680664
24.566083908081055
14.274762153625488
18.94779396057129
17.182220458984375
26.303855895996094
17.618040084838867
46.18003463745117
50.1834831237793
18.911226272583008
19.316633224487305
3.8556175231933594
29.63778305053711
30.645586013793945
33.97259521484375
29.935192108154297
12.248207092285156
27.538780212402344
23.526641845703125
14.343141555786133
19.030508041381836
38.20524978637695
30.565629959106445
33.191165924072266
31.731536865234375
34.288978576660156
15.760056495666504
14.756564140319824
31.33492660522461
45.222137451171875
24.16584587097168
14.409526824951172
44.61600112915039
38.91961669921875
34.90480422973633
40.96571731567383
30.02054786682129
46.15221405029297
46.11909866333008
17.53082847595215
19.939594268798828
29.040517807006836
25.723529815673828
34.131649017333984
41.57207489013672
39.870784759521484
18.692895889282227
28.712312698364258
28.295555114746094
31.280838012695312
19.508922576904297
25.548423767089844
26.385608673095703
11.755977630615234
27.658735275268555
15.187085151672363
23.2663631439209
4.9123759269714355
13.987078666687012
1.523149013519287
18.358675003051758
22.2243709564209
15.257768630981445
36.21586227416992
18.171762466430664
34.75450134277344
4.4307966232299805
25.387989044189453
23.65907096862793
8.263898849487305
24.343616485595703
39.42276382446289
7.664662837982178
10.810702323913574
26.036895751953125
12.952709197998047
34.29144287109375
17.4953670501709
18.554338455200195
26.348472595214844
8.749966621398926
32.49205780029297
33.0533332824707
28.873804092407227
36.91835403442383
18.97877311706543
41.4107551574707
2.99064564704895
16.110689163208008
30.298784255981445
24.451013565063477
48.57896423339844
14.03785228729248
38.79185104370117
23.507801055908203
10.108236312866211
34.68138885498047
33.89389419555664
30.13620948791504
25.27831268310547
41.233909606933594
28.536487579345703
26.16546058654785
41.87654495239258
35.4216194152832
32.302181243896484
18.997631072998047
22.224775314331055
34.49970245361328
10.162224769592285
31.1223087310791
20.296682357788086
24.52265167236328
10.227457046508789
32.07501220703125
30.476099014282227
44.3230094909668
24.5860652923584
20.915971755981445
57.334354400634766
26.93336296081543
30.355731964111328
30.462419509887695
30.63232421875
33.958675384521484
13.663810729980469
23.15794563293457
23.170745849609375
21.384428024291992
45.470516204833984
17.95284652709961
25.879379272460938
31.13742446899414
26.619932174682617
15.834296226501465
15.095449447631836
12.175005912780762
23.00843620300293
20.070837020874023
16.364194869995117
36.978946685791016
15.030678749084473
46.38698959350586
40.829769134521484
30.93362045288086
22.0819149017334
14.113062858581543
17.0669002532959
42.5345344543457
7.454668045043945
19.111358642578125
27.420970916748047
27.532039642333984
28.763031005859375
44.10935974121094
37.0456657409668
29.11513328552246
17.932340621948242
15.01964282989502
30.07124137878418
21.254301071166992
18.558731079101562
35.603721618652344
21.35997200012207
28.32522964477539
15.030016899108887
31.258121490478516
22.59199333190918
36.4842414855957
22.841175079345703
27.119356155395508
14.952898025512695
19.951004028320312
19.089784622192383
54.09389114379883
48.57479476928711
15.259733200073242
35.656681060791016
51.252357482910156
26.89388084411621
40.947059631347656
35.60260772705078
18.431447982788086
17.254297256469727
16.963592529296875
27.456905364990234
28.202152252197266
42.31312942504883
30.006914138793945
23.021238327026367
13.16364860534668
34.284996032714844
35.533531188964844
24.72419548034668
24.124616622924805
40.80923080444336
20.912256240844727
16.64008331298828
16.290546417236328
20.86139678955078
45.583499908447266
23.161439895629883
14.18777084350586
36.27823257446289
50.94242858886719
34.07981872558594
7.577049732208252
34.03110885620117
21.63982582092285
17.39411735534668
20.833906173706055
28.449783325195312
19.789140701293945
12.957228660583496
32.732025146484375
22.019561767578125
16.7757625579834
26.309158325195312
29.400747299194336
14.94884204864502
11.443242073059082
12.0004243850708
25.199949264526367
53.01002502441406
42.26586151123047
40.52835464477539
21.075746536254883
6.782485485076904
22.253925323486328
23.235177993774414
9.898282051086426
13.559598922729492
22.906435012817383
12.79874324798584
15.627538681030273
19.733381271362305
28.472057342529297
30.4063720703125
28.297361373901367
14.942880630493164
48.65901184082031
28.98212432861328
23.137290954589844
25.83561134338379
24.289649963378906
38.90728759765625
26.89611053466797
43.754520416259766
39.59050750732422
18.69615364074707
25.922439575195312
30.8725643157959
16.22957420349121
23.57394790649414
39.60057067871094
38.75002670288086
35.366676330566406
36.81826400756836
37.16310119628906
38.98332977294922
15.14441204071045
28.326860427856445
26.427581787109375
10.150734901428223
42.9190788269043
52.0051383972168
37.878692626953125
20.683042526245117
50.58572006225586
26.374568939208984
40.50820541381836
25.09691047668457
26.415019989013672
38.52443313598633
16.96563720703125
38.13630294799805
6.896124839782715
17.495773315429688
16.697175979614258
23.73529815673828
22.9244384765625
33.882503509521484
40.67934799194336
21.39919090270996
34.391109466552734
23.008365631103516
18.55068016052246
24.080720901489258
11.964804649353027
9.629247665405273
32.461700439453125
12.151905059814453
32.603363037109375
25.626495361328125
18.848405838012695
32.07621383666992
31.72879409790039
14.382217407226562
13.177787780761719
28.413658142089844
46.699127197265625
30.895774841308594
18.401649475097656
11.973381996154785
23.32377815246582
47.79274368286133
18.37580680847168
24.23008918762207
21.659439086914062
20.22456169128418
18.15528678894043
33.91545104980469
14.896617889404297
33.13236618041992
54.85900115966797
19.24794578552246
13.79675006866455
17.91953468322754
43.317840576171875
8.693476676940918
35.78478240966797
29.065969467163086
14.181120872497559
14.42113971710205
23.014253616333008
14.117691040039062
13.359750747680664
30.803369522094727
42.29383850097656
40.74517822265625
27.5458927154541
23.314260482788086
24.43332862854004
17.200443267822266
32.82610321044922
17.670703887939453
57.62224578857422
23.44108772277832
21.173856735229492
22.442031860351562
32.25861740112305
27.765140533447266
14.27313232421875
25.342857360839844
45.755008697509766
35.77548599243164
21.850849151611328
14.066142082214355
35.8455924987793
10.308030128479004
35.23469924926758
21.077796936035156
35.491756439208984
13.265353202819824
40.289306640625
20.79905891418457
19.50538444519043
45.327430725097656
37.138648986816406
14.432540893554688
6.614396095275879
24.703502655029297
18.870540618896484
24.080596923828125
27.625926971435547
25.834352493286133
33.16061019897461
25.49945068359375
42.844852447509766
22.996156692504883
15.369868278503418
16.4799861907959
26.04220199584961
21.214584350585938
26.992414474487305
42.37611389160156
28.29596710205078
27.08490753173828
6.6525678634643555
38.205848693847656
32.210445404052734
33.57015609741211
30.252025604248047
29.172874450683594
21.202693939208984
24.19764518737793
15.895855903625488
16.258773803710938
45.09996795654297
12.077383041381836
34.32219696044922
22.01318359375
57.00603103637695
30.55265235900879
37.64462661743164
46.39115905761719
17.297607421875
4.74612283706665
28.059188842773438
27.21527862548828
24.99047088623047
46.945987701416016
7.3932271003723145
45.85359573364258
19.349720001220703
31.70867919921875
24.8518009185791
7.93611478805542
14.53848934173584
15.442314147949219
34.134769439697266
34.433868408203125
48.110313415527344
35.02065658569336
42.39042663574219
25.14894676208496
19.6531982421875
20.605375289916992
33.963226318359375
20.38768768310547
19.99677848815918
20.218015670776367
20.425010681152344
39.90351867675781
18.049970626831055
16.845848083496094
20.87600326538086
24.605690002441406
17.52662467956543
8.653727531433105
24.982135772705078
17.313432693481445
23.990427017211914
16.83847427368164
5.793024063110352
30.046079635620117
25.68990135192871
43.57863998413086
11.782012939453125
27.2562255859375
36.35307693481445
29.499004364013672
43.957969665527344
38.52427673339844
31.677854537963867
21.39728546142578
18.67050552368164
33.976837158203125
17.563934326171875
23.067218780517578
50.9500732421875
40.001529693603516
47.04258728027344
36.97399139404297
19.340404510498047
31.084978103637695
21.276426315307617
32.08714294433594
36.70820236206055
32.0079345703125
30.34027671813965
32.14723205566406
30.417543411254883
22.37727165222168
12.59043025970459
13.325844764709473
21.68667221069336
28.775150299072266
38.19615936279297
13.525188446044922
24.35225486755371
49.73225402832031
24.210906982421875
24.42194175720215
33.932586669921875
43.75099182128906
30.809539794921875
17.723461151123047
29.13228416442871
22.578344345092773
23.58794593811035
21.122573852539062
32.792457580566406
44.9213981628418
26.597862243652344
15.965353012084961
30.400753021240234
52.280029296875
17.8388671875
22.481115341186523
18.532760620117188
19.189655303955078
15.96043586730957
42.73796844482422
24.5084285736084
16.345544815063477
32.69346237182617
25.52117156982422
26.30304718017578
24.8364200592041
19.731290817260742
15.952692031860352
20.672447204589844
40.50666427612305
35.68724822998047
22.492294311523438
47.60710144042969
12.281641006469727
6.858380317687988
34.65581130981445
47.74631881713867
33.529144287109375
29.331384658813477
15.5214262008667
43.44331359863281
45.423431396484375
28.650348663330078
23.868850708007812
22.78934097290039
19.774324417114258
45.529998779296875
21.56279754638672
22.98138999938965
35.28718566894531
36.482059478759766
19.629940032958984
18.63825035095215
26.093883514404297
21.164339065551758
23.79804801940918
38.99069595336914
18.767587661743164
19.668363571166992
33.9383430480957
5.3706865310668945
21.910905838012695
31.979175567626953
19.24619483947754
19.757081985473633
24.57557487487793
23.351613998413086
18.936809539794922
23.152143478393555
21.92490577697754
18.361173629760742
32.880226135253906
22.871475219726562
56.775821685791016
24.73575210571289
29.12984275817871
19.512832641601562
29.448835372924805
49.58431625366211
18.513469696044922
36.490684509277344
20.553363800048828
19.706605911254883
21.58698844909668
31.177967071533203
25.45835304260254
5.976303577423096
29.950729370117188
17.310501098632812
43.877994537353516
20.740114212036133
19.13732147216797
19.434778213500977
29.47871971130371
24.495149612426758
35.050662994384766
35.89995193481445
18.93395233154297
21.72190284729004
34.26732635498047
36.57940673828125
30.65250587463379
42.45554733276367
13.36461067199707
21.374204635620117
27.92543601989746
23.04906463623047
31.436296463012695
41.15126037597656
34.19566345214844
20.579545974731445
36.749080657958984
17.917875289916992
25.87770652770996
14.252791404724121
39.7958984375
24.536230087280273
13.85252857208252
34.93767547607422
25.807924270629883
10.714034080505371
14.921866416931152
26.10555648803711
15.819572448730469
20.180166244506836
15.256123542785645
37.190093994140625
26.6917781829834
35.5370979309082
41.06019973754883
15.079388618469238
30.48101806640625
13.417006492614746
24.682668685913086
19.531635284423828
29.961273193359375
36.95451736450195
42.91623306274414
47.02532958984375
30.745193481445312
32.657649993896484
21.555713653564453
19.43586540222168
23.53013801574707
38.626155853271484
20.962539672851562
30.62761688232422
32.522544860839844
21.59314727783203
32.38331985473633
44.360408782958984
17.812843322753906
31.91314697265625
49.048213958740234
23.318119049072266
39.95896911621094
23.371213912963867
39.08137130737305
27.459569931030273
43.7065315246582
18.599557876586914
55.61579132080078
18.859703063964844
34.45796585083008
59.76934814453125
34.908363342285156
42.40125274658203
13.884540557861328
33.80792236328125
34.137229919433594
10.911500930786133
17.075281143188477
34.894676208496094
41.794944763183594
31.599529266357422
23.843250274658203
24.573158264160156
33.15302276611328
8.935495376586914
27.747560501098633
18.81578254699707
7.249627590179443
36.03685760498047
35.151851654052734
31.16831398010254
42.158023834228516
21.10191535949707
39.25141525268555
25.931730270385742
16.08645248413086
17.14400291442871
36.40729522705078
25.784366607666016
28.645551681518555
21.856889724731445
25.75566864013672
51.77606964111328
43.16017532348633
43.57103729248047
32.735565185546875
15.256035804748535
14.144330978393555
34.157100677490234
25.0114803314209
14.178722381591797
23.758289337158203
15.80599594116211
23.913379669189453
36.67777633666992
26.78993797302246
17.597867965698242
17.138439178466797
10.071017265319824
31.75522804260254
18.308839797973633
13.227750778198242
29.49209976196289
31.463136672973633
42.71278762817383
35.63356399536133
16.09524154663086
30.378633499145508
16.4351806640625
21.8765926361084
24.369531631469727
28.669384002685547
17.354778289794922
22.15192413330078
14.914228439331055
7.013323783874512
39.39030456542969
38.59761047363281
15.812265396118164
37.53779983520508
9.727657318115234
49.11894607543945
13.301355361938477
36.567630767822266
27.95866584777832
40.404659271240234
33.23807907104492
33.652244567871094
55.09947204589844
40.43758773803711
26.854745864868164
26.4295654296875
47.1622428894043
16.064010620117188
25.030893325805664
54.802955627441406
29.095247268676758
29.399879455566406
10.850659370422363
23.008256912231445
25.600107192993164
34.835792541503906
22.977691650390625
20.366413116455078
36.615989685058594
17.301755905151367
17.020475387573242
26.680776596069336
0.5346866846084595
18.55019187927246
20.38840675354004
29.213186264038086
4.579665184020996
9.822296142578125
34.817630767822266
25.311206817626953
12.029033660888672
32.26527786254883
27.77021598815918
17.141393661499023
28.379613876342773
32.89566421508789
38.73007583618164
16.085342407226562
20.02093505859375
11.290929794311523
30.121028900146484
31.186044692993164
27.58446502685547
34.687435150146484
25.38916015625
30.941272735595703
20.33912467956543
14.469671249389648
32.814735412597656
12.20629596710205
22.858675003051758
22.458110809326172
48.596675872802734
31.421804428100586
21.382461547851562
20.259721755981445
33.429203033447266
20.02488899230957
31.714155197143555
18.712642669677734
27.7099609375
23.693431854248047
31.30479621887207
35.513572692871094
21.224149703979492
19.627620697021484
13.835309028625488
30.76834487915039
30.177371978759766
21.992786407470703
31.045909881591797
13.636015892028809
24.925107955932617
32.26681900024414
42.304561614990234
26.557109832763672
32.64378356933594
43.28937530517578
33.40895462036133
34.07523727416992
33.47722625732422
37.409915924072266
2.593292713165283
10.525269508361816
25.493656158447266
40.42086410522461
16.38882827758789
26.489086151123047
15.598642349243164
23.824262619018555
19.470638275146484
12.095332145690918
26.198774337768555
40.78567123413086
38.82818603515625
17.48326873779297
20.473827362060547
30.011735916137695
53.775360107421875
19.910390853881836
25.210100173950195
49.645729064941406
27.59781265258789
49.54798126220703
26.304519653320312
45.74938201904297
9.424571990966797
14.899306297302246
35.08081817626953
26.187210083007812
36.7966194152832
37.398399353027344
42.965476989746094
29.26611328125
8.149898529052734
14.395508766174316
43.267578125
25.392303466796875
26.70988655090332
17.37378692626953
27.461366653442383
12.770986557006836
38.11930465698242
17.423913955688477
14.57658576965332
31.694011688232422
36.63848876953125
4.455716609954834
34.54815673828125
33.377193450927734
18.224472045898438
49.40450668334961
22.346752166748047
30.27101707458496
25.159822463989258
6.173945903778076
35.93828201293945
12.099050521850586
35.330406188964844
19.308313369750977
10.050270080566406
23.728647232055664
31.072120666503906
33.90936279296875
10.51114559173584
15.32128620147705
24.343210220336914
27.724990844726562
33.234336853027344
28.36992645263672
27.478635787963867
33.11602020263672
25.953975677490234
24.802011489868164
21.38511848449707
17.106225967407227
54.15446472167969
8.601099967956543
33.068660736083984
17.66016387939453
24.949359893798828
10.906760215759277
25.952611923217773
15.5806245803833
22.97034454345703
29.658823013305664
29.171085357666016
53.352638244628906
22.734046936035156
27.338050842285156
44.328861236572266
40.78690719604492
27.87952423095703
15.198626518249512
32.3875617980957
26.31389617919922
10.71751594543457
38.211891174316406
10.715961456298828
30.1177921295166
30.653417587280273
15.565619468688965
32.58652114868164
14.236641883850098
11.311134338378906
28.876012802124023
47.488853454589844
21.802635192871094
8.317023277282715
21.152849197387695
28.139305114746094
29.23065948486328
34.831966400146484
31.953922271728516
21.541505813598633
9.557352066040039
34.20674133300781
13.216190338134766
19.806407928466797
24.82505989074707
40.423828125
34.932411193847656
31.224849700927734
24.007715225219727
17.057941436767578
32.14249038696289
26.351240158081055
36.624935150146484
30.570188522338867
26.248981475830078
6.791662216186523
23.49365997314453
5.426340103149414
22.41254997253418
37.12922668457031
11.82066535949707
38.883277893066406
36.37128448486328
15.580867767333984
37.622581481933594
25.51331901550293
23.098955154418945
19.69682502746582
34.540470123291016
10.995203971862793
27.74544334411621
10.466500282287598
41.4013786315918
17.799463272094727
25.627296447753906
17.229814529418945
19.52823257446289
33.929080963134766
22.477758407592773
16.21559715270996
14.680119514465332
35.524600982666016
27.873119354248047
47.96550369262695
35.92075729370117
22.893373489379883
29.863916397094727
39.161373138427734
33.599098205566406
46.93198776245117
19.29566192626953
13.079720497131348
22.561513900756836
26.03577423095703
58.80584716796875
16.51897621154785
23.40764617919922
22.367717742919922
41.548851013183594
29.856672286987305
41.218475341796875
33.31829071044922
22.229900360107422
23.05442237854004
19.3510684967041
18.08231544494629
36.808631896972656
34.8270378112793
17.086380004882812
17.724651336669922
30.591575622558594
28.793256759643555
24.587440490722656
26.913145065307617
36.841224670410156
47.46858596801758
27.813465118408203
19.828075408935547
10.858670234680176
37.506561279296875
42.588111877441406
35.896793365478516
36.69683074951172
35.25153732299805
37.1292610168457
15.214393615722656
16.73429298400879
32.94258117675781
23.568153381347656
23.511123657226562
32.81471633911133
36.748294830322266
21.0092830657959
30.578582763671875
22.544843673706055
24.106409072875977
29.30889129638672
41.64579772949219
31.27899932861328
41.00098419189453
22.577266693115234
30.661441802978516
25.24566078186035
17.895267486572266
26.190162658691406
37.169254302978516
29.836563110351562
41.84751892089844
24.46961784362793
39.010101318359375
18.871152877807617
48.22689437866211
23.06843376159668
32.68278884887695
27.188678741455078
13.695043563842773
19.876819610595703
23.612937927246094
33.088775634765625
32.41204071044922
23.212560653686523
25.975963592529297
36.17867660522461
22.56195640563965
23.255468368530273
32.32946014404297
14.038919448852539
34.3807487487793
14.417498588562012
40.18773651123047
28.703350067138672
35.233306884765625
33.67379379272461
34.30503845214844
27.024620056152344
37.36317443847656
51.39045715332031
10.633040428161621
40.161598205566406
37.20142364501953
32.54645538330078
25.32402801513672
22.647777557373047
27.036029815673828
39.68406295776367
27.957918167114258
33.96563720703125
8.19436264038086
34.685176849365234
14.440082550048828
14.27220630645752
32.03822326660156
16.818805694580078
21.398983001708984
21.720869064331055
19.297832489013672
34.368621826171875
19.110546112060547
24.522991180419922
28.052074432373047
37.996212005615234
17.27144432067871
22.81181526184082
19.404756546020508
32.305110931396484
20.574050903320312
34.08610153198242
33.519493103027344
31.520565032958984
34.00310134887695
9.704975128173828
40.129634857177734
38.37739562988281
49.60085678100586
14.108040809631348
11.716052055358887
14.522643089294434
19.532264709472656
14.5806245803833
22.475894927978516
40.08820343017578
26.65123176574707
10.9937744140625
35.19520950317383
25.263168334960938
16.433147430419922
33.37376022338867
34.83054733276367
55.96339416503906
19.90165138244629
33.79940414428711
20.12407112121582
24.918285369873047
43.66513442993164
29.773494720458984
34.5858039855957
61.57960891723633
16.780057907104492
24.944969177246094
15.0145263671875
35.61149978637695
16.410354614257812
42.35591125488281
33.47865295410156
45.55348587036133
41.597755432128906
26.400190353393555
23.701961517333984
14.809269905090332
30.746566772460938
30.363693237304688
23.945833206176758
31.037107467651367
49.719329833984375
21.882959365844727
29.449758529663086
25.788734436035156
21.75308609008789
30.74737548828125
11.598161697387695
33.527313232421875
28.59904670715332
34.75347137451172
23.87407875061035
33.8221435546875
23.087568283081055
31.780033111572266
25.58359146118164
23.763044357299805
33.95463180541992
31.404037475585938
19.256309509277344
27.175016403198242
38.380409240722656
31.051738739013672
8.069847106933594
25.542877197265625
21.459245681762695
32.950008392333984
33.466392517089844
34.735042572021484
17.155534744262695
51.62559509277344
18.261316299438477
21.243928909301758
45.53367614746094
32.48820877075195
30.540283203125
21.188678741455078
12.791068077087402
22.35577392578125
38.497310638427734
37.631141662597656
19.888458251953125
28.927295684814453
27.594192504882812
22.535531997680664
29.574674606323242
38.96338653564453
53.00104522705078
25.1596622467041
26.450010299682617
12.276692390441895
36.786312103271484
27.52267837524414
21.286163330078125
54.33419418334961
19.406757354736328
30.59074592590332
22.58991813659668
27.34361457824707
18.067899703979492
28.588293075561523
43.613224029541016
13.91540813446045
58.898704528808594
16.491016387939453
20.193832397460938
14.303230285644531
16.60648536682129
12.90605640411377
30.169086456298828
61.93755340576172
37.268760681152344
21.68108367919922
46.601322174072266
66.40308380126953
11.141429901123047
14.348319053649902
18.525636672973633
51.36972427368164
22.4993839263916
13.289478302001953
41.320106506347656
23.155994415283203
26.647106170654297
29.395822525024414
30.391019821166992
9.97669792175293
45.377201080322266
25.698429107666016
28.261140823364258
23.779359817504883
29.988420486450195
39.15149688720703
45.714027404785156
8.889326095581055
26.06902313232422
37.76966094970703
23.899412155151367
16.49740219116211
19.351051330566406
28.33929443359375
29.95138931274414
13.909088134765625
36.289798736572266
37.85051727294922
1.3336546421051025
35.01481628417969
44.568748474121094
11.793509483337402
26.92229652404785
9.757226943969727
32.69353103637695
22.935646057128906
20.042461395263672
34.92970275878906
11.906122207641602
28.6070613861084
46.785926818847656
14.932303428649902
40.967594146728516
34.8457145690918
14.705592155456543
14.664108276367188
31.53285789489746
27.384628295898438
26.40016746520996
45.18300247192383
11.265531539916992
48.003761291503906
21.56069564819336
49.871429443359375
27.388713836669922
23.20738410949707
28.266904830932617
30.639022827148438
31.385473251342773
42.291263580322266
35.981361389160156
14.48344612121582
42.275794982910156
42.006526947021484
28.931114196777344
28.510194778442383
23.154762268066406
48.036224365234375
51.89683532714844
29.712139129638672
22.69496726989746
14.490768432617188
18.00109100341797
18.851261138916016
32.24031066894531
22.976299285888672
28.804014205932617
4.826261520385742
31.444791793823242
35.85707092285156
24.126590728759766
18.048973083496094
26.31946563720703
13.028421401977539
30.25714683532715
39.94157791137695
25.4036865234375
16.83485984802246
32.39396667480469
19.72166633605957
14.736357688903809
19.121713638305664
27.660680770874023
36.21220397949219
25.784814834594727
22.272613525390625
19.26426887512207
43.59934616088867
40.37226104736328
26.76882553100586
22.72243881225586
17.64634895324707
28.277830123901367
15.167598724365234
30.700407028198242
23.178531646728516
21.739856719970703
23.634754180908203
43.88730239868164
28.88796615600586
7.071572303771973
35.845638275146484
14.844364166259766
56.626583099365234
34.96324920654297
38.27883529663086
18.704492568969727
12.584080696105957
19.484220504760742
36.062198638916016
22.4224910736084
32.8612174987793
20.610031127929688
32.14655685424805
21.001163482666016
24.17487335205078
16.996109008789062
22.33397102355957
21.5263671875
28.06915855407715
20.01563262939453
29.615001678466797
25.83633041381836
30.214702606201172
15.68956184387207
37.0219841003418
29.87017059326172
26.847923278808594
31.80545997619629
11.063597679138184
42.586143493652344
26.43610191345215
37.45888900756836
23.03030776977539
7.732086658477783
53.16878890991211
35.94986343383789
28.53097152709961
28.455074310302734
26.285375595092773
44.61196517944336
39.6479377746582
23.497081756591797
17.377676010131836
25.6380672454834
12.53142261505127
33.80539321899414
9.87819766998291
53.11515426635742
32.890411376953125
10.854546546936035
39.07602310180664
19.81158447265625
42.46922302246094
19.535675048828125
14.11538314819336
55.294044494628906
17.709609985351562
22.549375534057617
41.03860092163086
33.0794792175293
31.23338508605957
6.658343315124512
6.91538143157959
20.62485694885254
45.213294982910156
28.82685661315918
13.001482009887695
44.52734375
24.706172943115234
25.003751754760742
45.433494567871094
22.50818634033203
30.192262649536133
9.410058975219727
26.60233497619629
26.969032287597656
37.12165451049805
22.494049072265625
49.414852142333984
8.748336791992188
36.99800491333008
14.559137344360352
23.648273468017578
31.384227752685547
24.242355346679688
34.561100006103516
25.32465934753418
19.245845794677734
30.821035385131836
28.725637435913086
35.69590377807617
35.2115478515625
14.320377349853516
21.078533172607422
36.884883880615234
24.997251510620117
23.655609130859375
29.17768096923828
23.94069480895996
26.124034881591797
42.297542572021484
32.26690673828125
38.07192611694336
50.9379997253418
6.615335941314697
33.038330078125
10.950483322143555
15.918180465698242
26.599489212036133
45.197731018066406
10.809480667114258
48.668975830078125
39.56525802612305
22.678129196166992
33.60525131225586
41.883819580078125
32.58013153076172
40.03105163574219
24.229225158691406
24.414175033569336
35.24177169799805
5.107819557189941
33.34202575683594
14.678483009338379
30.71735954284668
18.007997512817383
35.40627670288086
9.322636604309082
17.27083969116211
32.51295852661133
31.01018524169922
26.63880729675293
33.89384078979492
40.24446487426758
24.68682861328125
16.936418533325195
12.277127265930176
28.45465850830078
48.80438995361328
28.25091552734375
35.634273529052734
24.18846321105957
22.154991149902344
41.16558837890625
28.37744903564453
51.64487075805664
37.66154861450195
28.291622161865234
26.101829528808594
18.66486358642578
24.060043334960938
29.576461791992188
18.877309799194336
16.206369400024414
7.97798490524292
28.56397247314453
32.5872688293457
34.87956619262695
28.631183624267578
47.7751579284668
29.875076293945312
17.610851287841797
16.353740692138672
21.713336944580078
19.077987670898438
53.62899398803711
30.090972900390625
13.503425598144531
27.975372314453125
26.87924575805664
14.946623802185059
23.635446548461914
31.835039138793945
14.737147331237793
20.066726684570312
18.027942657470703
41.34071731567383
17.446182250976562
19.490142822265625
29.625049591064453
27.524831771850586
42.55022048950195
36.34762954711914
30.651092529296875
10.826431274414062
39.6080436706543
33.28361511230469
9.182737350463867
27.950977325439453
28.751480102539062
31.272462844848633
26.8536434173584
33.90706253051758
25.338653564453125
28.148252487182617
40.852684020996094
24.41462516784668
28.466440200805664
38.75490951538086
23.65328025817871
26.22951889038086
30.204843521118164
29.569293975830078
40.616859436035156
28.16692352294922
37.49177932739258
27.42594337463379
25.634571075439453
16.92567253112793
28.361539840698242
20.582014083862305
25.964996337890625
17.16790199279785
25.619524002075195
6.484989166259766
13.051833152770996
22.143550872802734
8.117541313171387
24.34468650817871
31.06546974182129
38.807796478271484
44.056884765625
6.579071044921875
11.894736289978027
25.761146545410156
21.516395568847656
35.66905212402344
39.115875244140625
29.327346801757812
20.828590393066406
36.47771453857422
23.963708877563477
16.934764862060547
25.759302139282227
21.912193298339844
14.955915451049805
3.9992403984069824
40.43257141113281
31.863277435302734
23.259267807006836
40.90912628173828
33.497772216796875
24.0617733001709
29.27854347229004
40.54482650756836
25.35624122619629
20.196245193481445
27.418222427368164
38.31645584106445
18.74660873413086
46.92048645019531
28.663043975830078
24.800437927246094
29.931011199951172
42.00572967529297
31.079299926757812
33.596336364746094
28.405057907104492
28.433542251586914
61.146339416503906
17.92278480529785
33.39912033081055
25.433794021606445
14.660292625427246
31.944435119628906
28.19609832763672
24.659770965576172
24.789121627807617
23.595718383789062
34.22163009643555
15.854870796203613
30.03461265563965
56.351356506347656
31.173973083496094
24.490427017211914
41.84904861450195
28.241901397705078
19.816715240478516
19.213773727416992
23.574872970581055
22.442745208740234
28.50909996032715
39.61688232421875
25.83599853515625
26.327415466308594
25.647062301635742
34.061683654785156
19.3065128326416
50.36371612548828
21.356943130493164
13.740669250488281
4.489494800567627
15.848390579223633
21.970840454101562
24.716306686401367
24.191864013671875
22.930505752563477
48.400413513183594
38.80424118041992
47.59980010986328
31.503192901611328
35.534610748291016
37.0391731262207
18.282814025878906
27.107959747314453
26.093896865844727
42.82777404785156
14.016358375549316
20.612438201904297
32.60670471191406
35.170230865478516
22.660995483398438
37.95490264892578
22.935531616210938
30.5207462310791
42.61384963989258
9.443493843078613
35.108638763427734
31.93663787841797
51.61851119995117
37.7987060546875
40.22122573852539
17.769563674926758
17.521398544311523
36.575313568115234
43.59296798706055
44.84762954711914
31.376083374023438
26.74924087524414
30.99192237854004
36.55607223510742
30.878164291381836
23.935211181640625
39.52639389038086
32.977996826171875
42.185997009277344
13.39599895477295
14.40852165222168
8.1966552734375
12.608476638793945
38.435489654541016
24.23172378540039
34.49736022949219
35.66705322265625
32.242984771728516
36.73558044433594
21.20114517211914
22.036041259765625
33.929744720458984
24.738767623901367
48.361148834228516
18.325998306274414
27.295761108398438
11.87601375579834
27.510141372680664
11.63598346710205
28.819602966308594
49.35581970214844
28.913969039916992
18.378625869750977
27.443988800048828
31.481830596923828
38.44449234008789
24.40203857421875
41.78489685058594
21.992168426513672
25.031522750854492
28.677419662475586
41.92865753173828
34.194969177246094
17.103086471557617
14.72172737121582
40.2474365234375
19.896717071533203
23.1976375579834
30.126842498779297
21.668901443481445
31.963699340820312
47.5382080078125
23.740785598754883
20.848743438720703
11.778998374938965
26.730104446411133
31.064388275146484
15.509778022766113
26.741859436035156
25.56421661376953
32.906288146972656
35.670188903808594
15.230987548828125
51.835044860839844
32.57344055175781
28.347301483154297
41.46188735961914
17.858976364135742
20.549283981323242
34.87827682495117
35.12353515625
35.51396560668945
14.084298133850098
24.156757354736328
22.76528549194336
48.117557525634766
36.6226921081543
26.95092010498047
19.71540069580078
38.421817779541016
11.307693481445312
31.475217819213867
40.225032806396484
23.95509147644043
30.679826736450195
20.59308433532715
14.128413200378418
9.533243179321289
33.457096099853516
35.959590911865234
24.184467315673828
33.47751998901367
36.606197357177734
44.373992919921875
28.260528564453125
26.99781608581543
41.78257369995117
18.28948974609375
33.32182312011719
33.8043098449707
35.326725006103516
23.1513729095459
36.29442596435547
37.0002555847168
24.799222946166992
26.74964714050293
38.22800827026367
25.63763999938965
9.827657699584961
39.91610336303711
31.406635284423828
38.473121643066406
30.80561065673828
16.82261848449707
45.696712493896484
40.486881256103516
36.83327865600586
28.646574020385742
10.405486106872559
14.648584365844727
22.58864402770996
16.01532554626465
7.560149192810059
39.739681243896484
35.784507751464844
20.49544906616211
23.947784423828125
23.37320327758789
17.6151123046875
25.5593318939209
44.01394271850586
36.82145690917969
17.850601196289062
25.433494567871094
35.18598175048828
1.3220593929290771
20.932842254638672
52.74626541137695
42.01595687866211
31.493616104125977
18.742582321166992
41.620826721191406
25.437454223632812
21.89739227294922
27.782726287841797
19.71249008178711
24.382448196411133
17.082538604736328
18.011934280395508
24.647031784057617
7.899175643920898
42.258140563964844
11.783775329589844
46.405189514160156
21.91810417175293
16.228628158569336
33.15672302246094
42.191368103027344
37.97566223144531
15.52583122253418
63.65727615356445
26.043975830078125
17.30138397216797
15.67479133605957
24.112529754638672
26.083019256591797
24.636062622070312
17.47200584411621
39.625221252441406
46.066993713378906
16.805469512939453
38.38666534423828
39.459197998046875
18.211875915527344
6.011556148529053
25.93720817565918
43.138832092285156
19.64012908935547
18.048765182495117
10.17121696472168
24.549104690551758
27.84038543701172
38.19462585449219
32.95267868041992
5.960964679718018
17.570833206176758
27.332019805908203
49.132286071777344
19.00712776184082
18.9935359954834
17.719316482543945
41.729515075683594
31.286842346191406
37.22811508178711
22.337448120117188
18.101478576660156
33.622718811035156
22.859153747558594
30.208362579345703
7.154118537902832
16.925683975219727
22.603979110717773
16.649415969848633
21.307233810424805
37.44666290283203
33.31619644165039
25.124584197998047
13.597066879272461
24.65778160095215
7.355116844177246
6.495307922363281
33.170475006103516
21.942428588867188
22.106216430664062
49.23322296142578
21.999114990234375
34.89256286621094
15.142335891723633
18.419849395751953
32.88444519042969
42.67937088012695
41.26356887817383
21.553983688354492
13.089500427246094
11.526835441589355
45.07488250732422
28.99448013305664
32.60544204711914
37.293243408203125
29.328704833984375
32.28471755981445
40.790958404541016
26.163043975830078
25.950727462768555
20.22825813293457
42.71061706542969
13.953394889831543
17.119098663330078
23.2854061126709
30.615713119506836
36.525569915771484
39.00679397583008
17.45266342163086
29.53160858154297
35.952571868896484
20.29472541809082
29.676340103149414
20.844627380371094
48.3466911315918
16.351839065551758
26.610122680664062
28.864730834960938
18.567293167114258
21.694496154785156
33.1963005065918
24.32444190979004
46.36676788330078
34.72364807128906
22.583139419555664
32.8699836730957
42.33439636230469
22.75432586669922
32.45961380004883
28.081462860107422
27.803871154785156
33.403656005859375
60.95933151245117
22.60254669189453
34.318153381347656
32.932220458984375
27.943849563598633
33.41600036621094
36.729244232177734
37.756385803222656
31.258773803710938
28.28192710876465
33.911903381347656
30.70598793029785
24.352245330810547
20.765094757080078
25.354496002197266
18.671737670898438
8.897003173828125
32.42387008666992
29.88226318359375
23.258169174194336
39.424068450927734
15.800475120544434
36.48569107055664
20.402555465698242
25.636646270751953
42.34537124633789
26.052398681640625
49.485198974609375
35.8138427734375
46.392112731933594
16.164661407470703
30.95479965209961
47.56749725341797
26.535444259643555
36.7008056640625
31.529735565185547
58.48834991455078
12.077391624450684
16.411067962646484
50.39158248901367
15.614805221557617
28.04066276550293
23.286279678344727
46.90346145629883
11.879435539245605
31.579355239868164
16.74227523803711
23.00127410888672
32.53513717651367
37.48822784423828
29.270891189575195
20.133440017700195
21.795133590698242
31.650930404663086
31.234331130981445
37.08781433105469
8.714591979980469
20.36820411682129
39.34669876098633
12.555184364318848
22.89358139038086
26.368268966674805
30.310216903686523
19.96515464782715
22.80892562866211
29.262195587158203
23.592552185058594
22.19731903076172
33.735233306884766
55.6882438659668
11.205808639526367
59.38279724121094
32.542327880859375
40.064876556396484
25.702627182006836
47.30312728881836
47.5079231262207
33.50008773803711
26.048006057739258
16.514591217041016
23.56865119934082
36.57933044433594
34.14623260498047
24.530057907104492
21.93777847290039
29.394306182861328
21.457731246948242
49.357418060302734
28.18840217590332
26.14469337463379
25.366472244262695
38.4048957824707
42.64256286621094
14.091815948486328
31.702428817749023
14.46708869934082
25.082319259643555
32.02254104614258
7.702622890472412
20.158845901489258
19.776500701904297
22.746883392333984
14.888749122619629
13.828964233398438
29.334306716918945
31.497879028320312
27.225624084472656
33.561195373535156
24.889705657958984
21.316038131713867
25.289487838745117
7.940579414367676
47.58600997924805
26.079444885253906
39.688751220703125
27.038331985473633
24.225757598876953
23.95925521850586
28.822341918945312
8.139505386352539
13.12463092803955
30.06949234008789
20.02509880065918
14.845344543457031
17.279220581054688
17.79714584350586
20.21522331237793
32.52854537963867
17.82600975036621
31.01226043701172
31.327072143554688
23.206499099731445
46.76125717163086
24.406227111816406
20.83588409423828
46.11067199707031
39.7610969543457
29.228830337524414
30.909231185913086
31.761634826660156
40.994022369384766
36.75343322753906
40.0395393371582
36.639442443847656
27.273784637451172
31.072208404541016
39.863433837890625
37.50356674194336
26.135011672973633
23.395496368408203
38.00364303588867
34.19563674926758
33.13618087768555
40.5164680480957
16.323301315307617
19.62961196899414
36.729129791259766
34.19380569458008
36.36331558227539
16.618043899536133
23.29500389099121
33.15541076660156
42.79179000854492
37.36445236206055
36.165470123291016
30.92458724975586
47.01842498779297
14.897168159484863
18.591796875
35.73580551147461
16.943418502807617
32.93780517578125
27.18112564086914
28.734697341918945
24.1871395111084
34.907928466796875
28.61408042907715
32.568359375
18.055557250976562
4.997377395629883
26.047685623168945
28.54009246826172
19.541656494140625
22.330734252929688
39.07456588745117
15.160439491271973
22.564672470092773
22.572216033935547
33.15602493286133
40.378787994384766
23.464712142944336
28.04585838317871
33.1359977722168
42.031761169433594
45.648250579833984
15.762140274047852
25.687036514282227
24.65808868408203
28.336233139038086
30.94196128845215
32.24985885620117
36.53904342651367
49.93098068237305
34.00307846069336
28.17497444152832
39.05078887939453
36.58435821533203
37.60073471069336
41.479530334472656
25.27484893798828
38.31620407104492
30.8133602142334
10.70032787322998
37.30159378051758
47.36003875732422
22.482215881347656
22.590959548950195
28.12275505065918
44.797325134277344
24.177186965942383
22.4361572265625
36.815921783447266
22.67892074584961
20.591259002685547
18.2005615234375
30.0132999420166
18.445220947265625
3.9570579528808594
24.45037841796875
15.23568058013916
24.02174949645996
22.659818649291992
21.772531509399414
28.482723236083984
8.57198715209961
23.844039916992188
22.08791160583496
36.113304138183594
36.913822174072266
34.75281524658203
16.08946418762207
30.32231903076172
34.3190803527832
8.740304946899414
24.442659378051758
24.75914764404297
32.83261489868164
22.546489715576172
14.201614379882812
50.90619659423828
20.666208267211914
34.22187805175781
12.167004585266113
7.808236598968506
27.51284408569336
38.80088424682617
48.19093704223633
45.06160354614258
34.256832122802734
12.542243957519531
28.414756774902344
30.88988494873047
46.56328201293945
20.93660545349121
17.832073211669922
33.53561019897461
28.155061721801758
36.51130294799805
29.672609329223633
33.73713684082031
27.665668487548828
22.2989501953125
39.938507080078125
36.09339141845703
43.64826965332031
36.32712936401367
25.845081329345703
34.789642333984375
30.582111358642578
28.489389419555664
17.9641056060791
28.795276641845703
12.75501823425293
40.3113899230957
25.385114669799805
24.811540603637695
11.202648162841797
23.09932518005371
22.21762466430664
30.502967834472656
54.86777877807617
24.7630558013916
19.40884780883789
25.51688003540039
28.701541900634766
41.72172927856445
26.524280548095703
16.72102928161621
29.688846588134766
47.59564208984375
35.39504623413086
24.09660530090332
43.8099479675293
36.42243957519531
49.90182113647461
24.025436401367188
32.89722442626953
30.909151077270508
36.35676193237305
14.84514331817627
46.2265510559082
18.765947341918945
23.018760681152344
21.730751037597656
31.18882179260254
15.977563858032227
29.552814483642578
37.973262786865234
9.896985054016113
38.89801788330078
33.4219856262207
29.753602981567383
13.629165649414062
33.65032958984375
41.93588638305664
17.445735931396484
37.253578186035156
26.371532440185547
29.151063919067383
34.11886978149414
22.279172897338867
33.28587341308594
30.577388763427734
28.4869441986084
21.007400512695312
33.610897064208984
42.87845230102539
31.196741104125977
6.4430341720581055
25.885751724243164
39.35129165649414
31.197345733642578
18.60454750061035
15.125411033630371
50.59291076660156
17.5013427734375
18.13869285583496
22.320358276367188
43.02532196044922
22.989307403564453
28.778507232666016
9.574628829956055
42.613487243652344
26.569814682006836
27.533823013305664
35.913299560546875
29.334299087524414
31.99648094177246
37.172298431396484
16.826133728027344
31.19600486755371
45.17913818359375
47.65525817871094
26.665937423706055
33.434532165527344
29.83573341369629
22.575157165527344
35.24813461303711
38.40634536743164
31.29772186279297
43.050331115722656
19.07674789428711
27.29958152770996
27.17844581604004
29.60059356689453
42.74452590942383
43.365928649902344
28.426002502441406
21.041032791137695
11.896064758300781
48.391902923583984
22.56011390686035
16.739255905151367
33.10065841674805
17.796213150024414
19.955381393432617
53.261619567871094
22.037017822265625
34.890708923339844
39.743839263916016
19.26527976989746
24.88134765625
10.60886287689209
36.5744514465332
31.24698257446289
6.259757041931152
47.06058883666992
26.14133644104004
13.397279739379883
7.991620063781738
31.486120223999023
33.261287689208984
21.016300201416016
27.920759201049805
16.731826782226562
38.2497673034668
16.41900062561035
28.142053604125977
39.084041595458984
30.243749618530273
28.925352096557617
38.399658203125
47.11428451538086
23.557336807250977
14.743833541870117
32.842533111572266
22.90913200378418
29.097885131835938
