23.155414581298828
8.661883354187012
7.827670574188232
14.089681625366211
20.439430236816406
20.981761932373047
12.684916496276855
20.65885353088379
9.658411979675293
15.925395011901855
17.764400482177734
18.396011352539062
25.54566192626953
11.062887191772461
22.51069450378418
25.54560089111328
6.48845911026001
10.356374740600586
14.11251449584961
15.58719253540039
24.60934066772461
15.14779281616211
18.126380920410156
6.289335250854492
20.502256393432617
19.766063690185547
14.745210647583008
13.070085525512695
16.34193229675293
23.32776641845703
14.719172477722168
16.07425308227539
15.294962882995605
30.99857521057129
24.79732322692871
21.642581939697266
21.70220947265625
23.862045288085938
22.948034286499023
9.466432571411133
7.8843793869018555
12.93835735321045
9.758321762084961
21.56338882446289
10.943098068237305
29.803682327270508
9.93088436126709
30.7843017578125
32.49507522583008
21.168930053710938
10.89716911315918
18.95421028137207
27.111454010009766
25.442907333374023
24.004793167114258
17.039363861083984
41.34904861450195
19.089935302734375
28.034107208251953
31.582120895385742
18.382997512817383
24.398225784301758
8.091852188110352
12.74184513092041
10.860809326171875
20.36620330810547
18.99563980102539
32.00625991821289
5.58506441116333
22.42082977294922
10.74028491973877
42.55492401123047
19.269163131713867
17.486417770385742
7.155883312225342
43.73902130126953
11.708263397216797
12.973877906799316
20.106538772583008
14.283347129821777
4.621657371520996
16.310001373291016
28.45557403564453
18.625534057617188
21.085012435913086
11.731308937072754
18.469087600708008
25.543315887451172
17.071123123168945
29.444387435913086
19.061389923095703
14.922121047973633
20.349483489990234
18.719087600708008
19.504840850830078
26.374557495117188
9.709587097167969
20.041576385498047
16.79906463623047
8.84903335571289
10.876657485961914
19.04456901550293
17.255367279052734
17.710384368896484
10.927870750427246
22.02779769897461
21.09113883972168
5.765581130981445
25.753976821899414
9.907723426818848
36.031917572021484
8.221406936645508
18.881877899169922
17.279367446899414
28.686418533325195
21.66005516052246
13.207372665405273
23.091716766357422
25.750783920288086
27.88661003112793
42.36720275878906
13.991321563720703
15.645875930786133
4.341507434844971
16.568323135375977
21.702495574951172
18.074722290039062
16.91889762878418
15.322338104248047
13.219717979431152
25.50057029724121
29.05463409423828
26.43074607849121
4.9178290367126465
30.571495056152344
36.47373962402344
11.05339241027832
23.7091121673584
14.715840339660645
15.469918251037598
13.007190704345703
5.834277153015137
17.031005859375
41.37416458129883
21.35135269165039
12.738880157470703
30.128662109375
8.243382453918457
20.17387580871582
17.80876922607422
12.985726356506348
18.4179744720459
17.84286880493164
21.67636489868164
32.56229019165039
8.056218147277832
15.451868057250977
13.343585968017578
12.984222412109375
26.382627487182617
12.235393524169922
4.693202972412109
27.68381118774414
30.518693923950195
9.747525215148926
16.427139282226562
14.837021827697754
20.124107360839844
18.059816360473633
11.269668579101562
3.73046612739563
22.201200485229492
19.789138793945312
8.28714370727539
13.698446273803711
19.89312744140625
31.812484741210938
24.77018165588379
14.825542449951172
23.389270782470703
19.593826293945312
24.331510543823242
27.039674758911133
23.407955169677734
18.011062622070312
11.917757987976074
31.886751174926758
12.718512535095215
24.951557159423828
15.28783893585205
23.034889221191406
13.957296371459961
20.289846420288086
24.437847137451172
25.17384147644043
28.823780059814453
25.649940490722656
9.825502395629883
23.251127243041992
19.85740852355957
5.754416465759277
26.301921844482422
11.48803424835205
3.5082342624664307
16.373268127441406
13.10068130493164
24.263517379760742
37.45991516113281
10.004083633422852
21.723447799682617
14.872176170349121
16.320812225341797
15.436458587646484
13.255227088928223
37.91596603393555
15.991469383239746
29.79296875
11.358287811279297
31.152231216430664
27.872739791870117
9.921107292175293
3.9185478687286377
9.762740135192871
34.31855392456055
14.29190444946289
5.095624923706055
10.923709869384766
12.258493423461914
22.789480209350586
3.2704601287841797
21.612289428710938
6.739133834838867
24.932037353515625
13.794872283935547
45.4542121887207
18.339712142944336
23.611591339111328
15.923018455505371
21.406455993652344
38.00349807739258
13.48625659942627
9.097241401672363
9.46970272064209
24.898086547851562
16.889354705810547
42.6450080871582
30.92180633544922
11.567547798156738
30.3022518157959
18.510759353637695
19.468482971191406
44.110862731933594
41.38211441040039
20.499067306518555
27.822092056274414
20.70671844482422
22.948041915893555
29.465288162231445
23.900659561157227
24.003101348876953
20.526784896850586
35.00440979003906
20.224021911621094
14.057186126708984
18.000459671020508
26.500154495239258
12.017965316772461
8.764887809753418
12.773103713989258
17.498031616210938
20.06081199645996
18.88541603088379
23.38213539123535
20.05954360961914
12.099242210388184
22.13413429260254
11.629077911376953
25.428632736206055
37.071372985839844
30.63715171813965
15.87149429321289
16.702312469482422
15.89710807800293
14.30156135559082
12.239415168762207
20.752840042114258
19.510353088378906
26.67746353149414
31.845077514648438
6.738659858703613
19.19537353515625
23.02869415283203
14.446842193603516
4.984970569610596
26.776153564453125
17.93379020690918
11.370793342590332
22.444761276245117
16.55006217956543
17.12958335876465
15.433250427246094
18.715654373168945
16.23345184326172
12.178823471069336
16.797210693359375
17.79780387878418
15.459814071655273
17.75067138671875
17.592554092407227
23.974632263183594
12.644962310791016
18.398332595825195
31.203763961791992
19.731983184814453
10.633045196533203
6.680922031402588
16.269662857055664
22.200984954833984
14.160725593566895
12.773504257202148
11.860925674438477
14.723419189453125
6.617956161499023
34.20482635498047
13.752270698547363
21.114702224731445
35.48695755004883
23.332229614257812
17.410751342773438
2.009216070175171
5.104462623596191
29.195878982543945
25.63820457458496
27.692264556884766
12.968692779541016
19.596946716308594
19.441181182861328
9.853925704956055
23.070932388305664
2.726412296295166
17.655242919921875
25.54154396057129
16.940013885498047
14.372457504272461
8.15011215209961
27.45839500427246
16.337688446044922
18.645767211914062
26.73297882080078
18.089292526245117
11.290969848632812
13.91125774383545
22.099031448364258
15.977813720703125
24.584854125976562
21.81358528137207
16.335723876953125
28.159534454345703
6.894234657287598
8.301401138305664
13.993805885314941
28.58367156982422
30.92112922668457
30.674259185791016
8.58749008178711
22.11400032043457
30.593961715698242
12.754810333251953
24.282764434814453
15.049941062927246
7.0091166496276855
18.241945266723633
10.208226203918457
6.984207630157471
13.196810722351074
16.303998947143555
17.051597595214844
19.91495704650879
14.61198902130127
11.124920845031738
25.609270095825195
20.68708038330078
18.424774169921875
17.039865493774414
17.27708625793457
19.340118408203125
20.41022491455078
29.73255157470703
13.781871795654297
25.25480079650879
23.559560775756836
11.180475234985352
19.15328598022461
1.8397753238677979
10.078709602355957
14.80813217163086
28.93107795715332
15.233010292053223
20.353586196899414
10.716633796691895
23.33878517150879
9.08812141418457
16.64667510986328
3.495907783508301
5.183348178863525
34.6342658996582
25.834182739257812
28.21450424194336
16.172828674316406
31.566469192504883
17.155710220336914
30.892744064331055
24.262924194335938
8.867568016052246
14.008405685424805
15.245960235595703
24.583253860473633
16.573442459106445
32.91666030883789
9.669538497924805
33.68187713623047
24.598243713378906
13.049842834472656
26.76034927368164
11.902446746826172
27.51786994934082
22.202425003051758
21.874135971069336
12.927456855773926
23.995664596557617
36.96100616455078
35.27717208862305
30.161365509033203
18.931827545166016
3.776263475418091
25.00177001953125
23.77553367614746
15.831869125366211
6.477377414703369
12.274694442749023
7.806385040283203
24.233646392822266
11.540740013122559
24.447267532348633
27.077489852905273
6.5753397941589355
25.114686965942383
27.845664978027344
21.185157775878906
13.210380554199219
14.43517780303955
16.44948959350586
15.605537414550781
21.09294319152832
28.529277801513672
14.514788627624512
15.715418815612793
18.34211540222168
10.792420387268066
21.68582534790039
23.556549072265625
18.449262619018555
19.838489532470703
7.7888288497924805
27.008634567260742
6.890262603759766
25.395978927612305
22.676408767700195
23.279775619506836
15.584501266479492
25.49872398376465
17.720149993896484
20.608131408691406
3.3634655475616455
19.609405517578125
20.87842559814453
9.010297775268555
13.671632766723633
16.596891403198242
20.492685317993164
14.895780563354492
12.209441184997559
17.2800235748291
10.961404800415039
13.812413215637207
5.082605361938477
26.593643188476562
18.542112350463867
13.871241569519043
14.381424903869629
24.421606063842773
11.721763610839844
17.30110740661621
7.699583530426025
26.062389373779297
24.44038200378418
18.309885025024414
9.034988403320312
31.787097930908203
17.63089370727539
7.3613104820251465
13.310470581054688
13.607633590698242
15.60024356842041
16.151315689086914
9.01450252532959
28.165203094482422
8.522904396057129
47.91216278076172
36.72655487060547
17.381399154663086
24.040891647338867
15.649473190307617
18.770965576171875
27.896093368530273
13.502313613891602
21.202899932861328
13.214611053466797
16.8770809173584
19.559494018554688
25.237987518310547
15.887980461120605
11.790716171264648
6.466236591339111
8.863011360168457
4.4396843910217285
13.940555572509766
20.065872192382812
20.84514617919922
20.975177764892578
26.225982666015625
15.188637733459473
22.676069259643555
22.602991104125977
25.27041244506836
3.815889835357666
32.492210388183594
17.444934844970703
11.784629821777344
9.494508743286133
21.161231994628906
22.729127883911133
24.11263656616211
14.322515487670898
11.965517044067383
18.60067367553711
13.93790054321289
26.96323585510254
27.604249954223633
18.44742774963379
19.263490676879883
19.110628128051758
17.97084617614746
15.977880477905273
14.177289962768555
10.166062355041504
16.223751068115234
20.082948684692383
12.90500259399414
18.533794403076172
20.637786865234375
21.182254791259766
7.91664457321167
7.057006359100342
11.51911449432373
9.311263084411621
13.708013534545898
30.552993774414062
30.95568084716797
19.920568466186523
7.601071357727051
6.535372257232666
21.262178421020508
14.370105743408203
6.002815246582031
17.143287658691406
37.27599334716797
10.426271438598633
13.238558769226074
18.6110782623291
7.666159152984619
28.66029167175293
9.685375213623047
11.179444313049316
22.51542854309082
12.973995208740234
37.452857971191406
19.7336483001709
23.008865356445312
5.473572254180908
24.731887817382812
12.989579200744629
26.240270614624023
2.992647886276245
17.82733154296875
15.905116081237793
40.896217346191406
8.138022422790527
16.549985885620117
21.216999053955078
12.736685752868652
30.88991928100586
36.29216384887695
13.226381301879883
3.2884292602539062
1.182953953742981
10.906573295593262
11.499626159667969
17.859420776367188
30.587858200073242
18.90187644958496
12.909273147583008
8.654598236083984
10.270036697387695
38.963253021240234
15.788071632385254
26.072263717651367
30.20964813232422
27.36195945739746
13.988245010375977
5.9632086753845215
21.50215721130371
23.64386558532715
21.36141014099121
20.240251541137695
26.5991153717041
17.730566024780273
10.273825645446777
35.94107437133789
5.989084243774414
10.567946434020996
30.139482498168945
29.491926193237305
31.207096099853516
16.98535919189453
11.894970893859863
15.411328315734863
20.399412155151367
25.222579956054688
6.520359039306641
18.886445999145508
15.396780967712402
22.192337036132812
13.931979179382324
36.92815017700195
20.54813003540039
15.805886268615723
16.726520538330078
36.71242904663086
10.176798820495605
27.926034927368164
16.205074310302734
17.58285140991211
28.585641860961914
40.448299407958984
16.95039939880371
21.541336059570312
14.070449829101562
23.359052658081055
18.31801414489746
9.988630294799805
23.174278259277344
11.372268676757812
23.53074073791504
13.45638656616211
23.95091438293457
4.326257705688477
13.841923713684082
45.955841064453125
5.461372375488281
17.855989456176758
21.473054885864258
21.6042537689209
24.901630401611328
9.657947540283203
13.286309242248535
13.712347984313965
14.251212120056152
9.15469741821289
17.860071182250977
14.614195823669434
14.63003158569336
15.247055053710938
18.47937774658203
18.662019729614258
10.668082237243652
33.83074951171875
14.910057067871094
3.910723924636841
11.20723819732666
23.012344360351562
9.357015609741211
19.34833335876465
24.62109375
17.46516227722168
20.082469940185547
3.22043514251709
24.648794174194336
37.39855194091797
41.399803161621094
24.12984848022461
24.77117919921875
15.572516441345215
13.267850875854492
34.479698181152344
27.961050033569336
15.758983612060547
14.573628425598145
10.037530899047852
6.24072790145874
11.602712631225586
14.393181800842285
30.439334869384766
23.767852783203125
24.191844940185547
19.035308837890625
20.59168243408203
12.757062911987305
15.578957557678223
10.642292976379395
15.39148235321045
12.327486038208008
4.297637939453125
22.895109176635742
40.155303955078125
22.24308204650879
26.999698638916016
26.908475875854492
29.779626846313477
33.811458587646484
19.064292907714844
25.326141357421875
15.795842170715332
21.972795486450195
26.28049659729004
9.157736778259277
12.93803596496582
13.355438232421875
2.2347121238708496
24.940990447998047
13.959267616271973
21.213878631591797
19.295570373535156
24.318729400634766
14.462522506713867
13.04019546508789
19.5695743560791
16.452417373657227
17.080669403076172
28.311710357666016
23.576644897460938
31.21228790283203
19.27109146118164
24.49018096923828
20.006235122680664
28.74234962463379
11.377492904663086
13.74998664855957
6.933310508728027
34.96195602416992
14.524750709533691
22.336660385131836
30.12371253967285
18.590147018432617
21.88165283203125
24.550132751464844
11.679858207702637
15.556622505187988
19.892250061035156
12.573455810546875
9.020648956298828
26.540372848510742
22.63082504272461
23.59688949584961
20.00374412536621
37.90380096435547
31.58472442626953
53.132633209228516
15.759424209594727
14.485854148864746
25.350746154785156
9.78809642791748
25.82253074645996
19.90483283996582
23.340160369873047
27.84865951538086
24.895299911499023
11.526918411254883
13.862217903137207
12.03435230255127
19.753982543945312
9.979519844055176
24.55375099182129
30.12664222717285
8.747364044189453
19.52082061767578
13.155238151550293
18.539093017578125
8.985928535461426
21.867565155029297
24.73391342163086
40.25421905517578
14.02583122253418
5.296197414398193
11.265769958496094
19.31588363647461
27.173734664916992
19.242427825927734
13.515054702758789
23.59998893737793
22.348674774169922
36.703941345214844
33.66511154174805
11.992242813110352
12.930785179138184
9.071663856506348
46.2998046875
25.069374084472656
25.796743392944336
16.792163848876953
13.347395896911621
35.455169677734375
29.103099822998047
9.876191139221191
18.747953414916992
14.819401741027832
34.158729553222656
16.492298126220703
9.72335147857666
4.8100385665893555
20.50823974609375
23.504878997802734
33.674373626708984
36.677879333496094
12.12503719329834
20.192644119262695
26.684059143066406
11.188310623168945
24.29907989501953
20.80055809020996
14.99933910369873
9.432575225830078
27.739093780517578
27.475482940673828
22.510835647583008
21.602275848388672
9.733749389648438
10.332293510437012
12.180352210998535
32.410919189453125
16.048477172851562
7.558624267578125
30.109088897705078
10.40726089477539
15.937690734863281
6.364999771118164
26.361297607421875
24.021360397338867
6.486257553100586
19.766063690185547
20.789424896240234
16.410839080810547
12.845270156860352
21.39760971069336
15.231644630432129
14.384773254394531
21.961557388305664
19.119983673095703
22.924680709838867
22.827747344970703
24.869171142578125
21.6669979095459
24.43920135498047
26.620084762573242
12.876646041870117
18.197612762451172
8.937417030334473
11.685078620910645
15.01811408996582
26.9287109375
4.691795349121094
30.351945877075195
17.333454132080078
21.649789810180664
28.95462417602539
40.968170166015625
27.68999671936035
19.681983947753906
11.81318473815918
22.00994110107422
25.100666046142578
18.426071166992188
23.302034378051758
38.57783889770508
6.113011360168457
12.998891830444336
21.579204559326172
22.509336471557617
16.34079933166504
15.967260360717773
9.256545066833496
7.6181321144104
25.141950607299805
7.335240364074707
14.536111831665039
29.567615509033203
19.15340805053711
28.57426643371582
18.646772384643555
20.39250946044922
18.951208114624023
25.44367027282715
12.98264217376709
19.79060173034668
26.194116592407227
23.563291549682617
20.218669891357422
6.994181156158447
20.935678482055664
10.96507740020752
28.341127395629883
12.971220016479492
18.072982788085938
12.483994483947754
24.04575538635254
6.142148017883301
18.479074478149414
23.82686996459961
20.4981632232666
19.398155212402344
14.722200393676758
18.153879165649414
12.051122665405273
25.209962844848633
47.14597702026367
15.811494827270508
12.019739151000977
35.891658782958984
14.498001098632812
19.08616065979004
18.404804229736328
21.442157745361328
14.22628402709961
20.956281661987305
14.17059326171875
7.25723934173584
8.86520004272461
14.054756164550781
16.979881286621094
17.032367706298828
15.954486846923828
11.68493366241455
12.540163040161133
31.300207138061523
36.39879608154297
14.682701110839844
6.476511001586914
26.01820182800293
19.945972442626953
16.223060607910156
21.195236206054688
24.659284591674805
20.49941062927246
16.470884323120117
29.461498260498047
16.33659553527832
14.190085411071777
23.900676727294922
17.62906837463379
29.456439971923828
10.013009071350098
24.52083396911621
19.190771102905273
8.83694839477539
10.50358772277832
28.532760620117188
17.035194396972656
23.684465408325195
14.827932357788086
23.07080078125
21.439420700073242
35.35076141357422
25.879314422607422
12.224475860595703
19.698745727539062
21.772676467895508
20.67274284362793
36.51430892944336
11.814966201782227
21.471187591552734
22.668048858642578
15.588627815246582
26.293981552124023
22.32955551147461
16.23099708557129
5.692584991455078
16.305673599243164
25.207332611083984
16.439632415771484
10.441144943237305
24.093782424926758
5.638603687286377
34.4722785949707
23.013460159301758
30.47503662109375
15.166111946105957
33.159786224365234
28.166406631469727
4.258793830871582
14.073497772216797
12.592998504638672
4.8628692626953125
19.583194732666016
17.318435668945312
16.578325271606445
25.440542221069336
5.842456817626953
26.861610412597656
14.449238777160645
9.158864974975586
29.186073303222656
12.598078727722168
14.26969051361084
17.58841323852539
31.114912033081055
14.522978782653809
13.541646003723145
26.30738639831543
20.294424057006836
28.282730102539062
24.040950775146484
19.825668334960938
36.89429473876953
27.56001853942871
6.920017242431641
19.670146942138672
21.229169845581055
12.246262550354004
4.830859184265137
14.06796646118164
38.00983428955078
23.345699310302734
11.721475601196289
25.784801483154297
14.47011947631836
5.725728511810303
12.64420223236084
29.947372436523438
16.222036361694336
16.295961380004883
21.042667388916016
5.3120269775390625
23.342208862304688
4.681949615478516
34.16280746459961
18.333589553833008
18.160600662231445
12.998628616333008
22.09315299987793
31.54900550842285
7.340126991271973
10.786569595336914
33.6227912902832
11.288187980651855
28.460311889648438
15.724980354309082
20.294710159301758
5.984118938446045
29.11160659790039
23.70024871826172
15.965476036071777
24.02284049987793
27.255964279174805
28.896696090698242
20.96162986755371
21.486534118652344
12.272747993469238
25.138147354125977
16.628875732421875
20.727907180786133
11.8344144821167
12.877326011657715
13.64295768737793
13.217999458312988
19.59640121459961
21.807859420776367
35.78682327270508
13.26455020904541
11.621421813964844
25.645511627197266
32.70844650268555
17.834808349609375
31.279306411743164
17.906421661376953
12.789684295654297
21.201379776000977
32.34794235229492
31.871906280517578
19.587499618530273
15.043463706970215
33.325164794921875
21.905488967895508
5.785475254058838
17.461490631103516
16.049869537353516
17.961822509765625
13.958650588989258
17.065420150756836
20.468393325805664
34.96952819824219
26.872241973876953
26.182138442993164
23.914043426513672
23.02123260498047
22.211179733276367
32.912654876708984
11.363981246948242
5.685153961181641
16.64936065673828
15.71838092803955
16.82411766052246
13.702339172363281
38.78697204589844
31.174509048461914
17.0291805267334
18.641782760620117
21.17372703552246
32.63673400878906
6.921114444732666
11.794269561767578
3.371278762817383
17.10026741027832
32.18296813964844
18.744436264038086
15.457709312438965
28.96367073059082
34.57475280761719
12.087571144104004
14.465458869934082
19.9420108795166
12.415538787841797
24.515085220336914
27.493968963623047
18.8580379486084
13.616800308227539
17.54343032836914
15.015763282775879
12.47160530090332
26.54673194885254
6.630756855010986
23.671241760253906
17.999467849731445
21.489179611206055
22.998958587646484
35.57350158691406
30.980802536010742
22.229127883911133
21.456817626953125
10.986810684204102
17.43855094909668
14.606302261352539
16.493019104003906
23.170616149902344
18.302642822265625
28.273502349853516
32.14348602294922
25.647546768188477
8.932336807250977
8.859851837158203
12.105376243591309
17.72015953063965
9.65622329711914
11.928251266479492
26.032846450805664
33.60902404785156
12.49083137512207
26.2031192779541
3.5382754802703857
20.948898315429688
37.621559143066406
21.300813674926758
1.7281785011291504
38.861209869384766
19.220773696899414
21.88965606689453
27.58702278137207
6.212272644042969
18.113204956054688
13.708610534667969
32.820709228515625
12.971280097961426
15.5092134475708
24.63142967224121
13.806388854980469
10.950017929077148
7.8993706703186035
25.09198760986328
21.389766693115234
20.557464599609375
17.682771682739258
10.361246109008789
24.82624626159668
25.996864318847656
11.3868989944458
23.64362907409668
26.62976837158203
18.69157600402832
12.42884349822998
9.820765495300293
10.21235179901123
19.621440887451172
12.64326000213623
4.197787761688232
22.54759407043457
27.147354125976562
18.736665725708008
28.636642456054688
27.936418533325195
22.4693603515625
16.08323097229004
13.520821571350098
18.802478790283203
17.226314544677734
20.434537887573242
14.499784469604492
12.305534362792969
12.435408592224121
6.750765800476074
21.837839126586914
21.69320297241211
8.17044448852539
15.964159965515137
12.892143249511719
2.8710737228393555
13.72451114654541
14.466814041137695
10.978032112121582
14.047721862792969
10.0227689743042
20.01421546936035
16.025678634643555
10.004476547241211
32.595458984375
31.87027931213379
21.81443214416504
19.15587043762207
16.352060317993164
21.08346176147461
20.291263580322266
25.860069274902344
10.01217269897461
15.5546875
19.96438217163086
15.193534851074219
11.41677188873291
3.3142518997192383
17.365074157714844
17.216934204101562
13.131152153015137
24.599262237548828
13.862117767333984
19.20064353942871
14.02282428741455
9.724151611328125
13.628737449645996
5.768024444580078
5.0744709968566895
9.05731201171875
20.659669876098633
14.850451469421387
11.458479881286621
17.54154396057129
9.025015830993652
11.393400192260742
21.464452743530273
25.74281883239746
20.327482223510742
34.85100173950195
5.247694969177246
21.17045021057129
20.401630401611328
21.911447525024414
21.387889862060547
9.581069946289062
23.128217697143555
37.078712463378906
15.545086860656738
10.298738479614258
16.232690811157227
22.13048553466797
22.364805221557617
9.554120063781738
18.471223831176758
17.232202529907227
15.99004077911377
15.15385913848877
36.76492691040039
25.321958541870117
9.251213073730469
14.641355514526367
32.66830062866211
11.213383674621582
30.49420166015625
7.450237274169922
14.62359619140625
18.476743698120117
26.871179580688477
20.239973068237305
18.583152770996094
27.163217544555664
18.86583137512207
24.493879318237305
5.915147304534912
13.399317741394043
20.192163467407227
17.856464385986328
0.627223014831543
21.529682159423828
9.540874481201172
9.646249771118164
9.108552932739258
20.349515914916992
18.33301544189453
24.198408126831055
23.86130714416504
16.281837463378906
16.144309997558594
5.371098518371582
24.908702850341797
30.772436141967773
17.663497924804688
14.526880264282227
23.912723541259766
20.089462280273438
9.705243110656738
3.8315494060516357
11.648847579956055
28.932783126831055
33.84018325805664
31.743473052978516
24.71184730529785
35.05946731567383
11.984870910644531
9.937884330749512
25.297229766845703
15.731404304504395
12.40803050994873
12.480088233947754
22.402515411376953
8.851564407348633
26.348501205444336
16.01609230041504
12.916919708251953
23.495534896850586
19.204347610473633
27.825035095214844
11.904655456542969
12.360580444335938
17.73805046081543
26.393503189086914
25.690380096435547
22.109437942504883
15.83231258392334
17.892295837402344
26.320302963256836
16.17470932006836
15.995401382446289
15.017653465270996
22.28024673461914
8.712259292602539
3.4591622352600098
15.53820514678955
21.0257625579834
19.949813842773438
19.723461151123047
27.77139663696289
18.160633087158203
28.555524826049805
32.56122589111328
10.142462730407715
6.789355278015137
17.876123428344727
13.416160583496094
25.485605239868164
20.929576873779297
10.533347129821777
33.768558502197266
22.073144912719727
28.697162628173828
22.979511260986328
4.5364990234375
14.712752342224121
11.20576286315918
18.471698760986328
22.037391662597656
27.52714729309082
10.514535903930664
26.422046661376953
18.951364517211914
19.495807647705078
33.35521697998047
12.684598922729492
30.130443572998047
16.10899543762207
29.872798919677734
12.07857894897461
20.993244171142578
12.058436393737793
11.8778076171875
26.25102996826172
15.794490814208984
10.220120429992676
6.175746440887451
46.97010803222656
13.889616012573242
19.037715911865234
13.85843276977539
14.734718322753906
17.964977264404297
3.0273916721343994
16.04943084716797
23.264860153198242
21.64541244506836
15.293611526489258
22.491146087646484
17.409812927246094
23.27303123474121
24.352622985839844
9.946633338928223
13.765752792358398
20.288211822509766
5.5008625984191895
20.228511810302734
6.391116142272949
21.9346923828125
8.555366516113281
22.218584060668945
19.305652618408203
30.46388816833496
7.547730922698975
14.347583770751953
7.879471778869629
25.295312881469727
29.881086349487305
25.905620574951172
20.747722625732422
16.516061782836914
16.497222900390625
14.686416625976562
21.565006256103516
11.437501907348633
16.160354614257812
27.517410278320312
25.302310943603516
16.524578094482422
12.744178771972656
9.457927703857422
32.02766418457031
38.22719955444336
28.119792938232422
20.871313095092773
10.61348819732666
24.79307746887207
12.115714073181152
14.835636138916016
19.486095428466797
20.63228416442871
14.513030052185059
22.16693687438965
4.238966464996338
23.4252986907959
10.507756233215332
14.632905006408691
31.055452346801758
23.94431495666504
13.072677612304688
9.408368110656738
27.704666137695312
16.95757484436035
6.525261878967285
14.391914367675781
23.743654251098633
10.01900577545166
16.7943058013916
15.965879440307617
14.209256172180176
15.549703598022461
21.181135177612305
23.032682418823242
2.6940762996673584
17.77339744567871
22.833477020263672
10.493867874145508
9.337334632873535
17.62298011779785
7.792984962463379
38.592018127441406
21.714736938476562
23.71453285217285
19.43410873413086
25.32609748840332
27.23287582397461
18.703208923339844
28.01936912536621
16.56692123413086
7.539896011352539
9.123502731323242
23.429250717163086
4.657280445098877
28.71940040588379
1.9128057956695557
14.397431373596191
15.083205223083496
25.177091598510742
15.583633422851562
23.357206344604492
11.001803398132324
22.045011520385742
17.613384246826172
14.293901443481445
41.84707260131836
40.33895492553711
20.502758026123047
17.530563354492188
21.362319946289062
24.48490333557129
18.355735778808594
15.116991996765137
24.148155212402344
8.367554664611816
17.49972915649414
4.805041790008545
15.775300025939941
15.05046558380127
38.478126525878906
33.47482681274414
41.0543212890625
7.082801342010498
19.86082649230957
16.709178924560547
18.08839988708496
24.920774459838867
10.426363945007324
24.6053524017334
19.932363510131836
26.215532302856445
17.257591247558594
16.615177154541016
23.293506622314453
8.99620246887207
20.934703826904297
15.96940803527832
11.021568298339844
8.49959659576416
15.811904907226562
18.53421401977539
19.677587509155273
12.763960838317871
13.060131072998047
25.1535587310791
12.418487548828125
13.154489517211914
14.379344940185547
17.7081298828125
7.63586950302124
11.715039253234863
11.770336151123047
25.03641700744629
33.18600082397461
8.832669258117676
19.220123291015625
21.254016876220703
14.853507995605469
17.775470733642578
17.498498916625977
12.596440315246582
32.34790802001953
17.358434677124023
21.90520477294922
22.952455520629883
9.609642028808594
12.461277961730957
32.57278823852539
12.904473304748535
13.717223167419434
18.707542419433594
16.574787139892578
33.13016128540039
22.77918243408203
18.71666145324707
17.17250633239746
21.650169372558594
21.986278533935547
22.42844009399414
21.105205535888672
16.81011962890625
5.963775634765625
18.547931671142578
23.10079574584961
20.3088321685791
28.336828231811523
33.211971282958984
32.58672332763672
20.040998458862305
13.060735702514648
19.672239303588867
24.65113639831543
12.965972900390625
8.32709789276123
8.27922248840332
38.16007614135742
14.293428421020508
12.461308479309082
10.009278297424316
20.40673065185547
17.014150619506836
17.0091552734375
17.105602264404297
23.74598503112793
14.94550895690918
32.94442367553711
17.524282455444336
30.451108932495117
15.421954154968262
14.970481872558594
9.494820594787598
14.811718940734863
6.150014877319336
24.66472816467285
18.478221893310547
8.268342018127441
31.201175689697266
32.913143157958984
45.06647491455078
34.80244827270508
4.048971652984619
15.811878204345703
33.353614807128906
19.52776527404785
14.054994583129883
14.264633178710938
7.335372447967529
23.350074768066406
9.545390129089355
21.486976623535156
32.977699279785156
26.433061599731445
29.253610610961914
25.98927116394043
34.51626968383789
8.253090858459473
26.8662109375
21.26957893371582
37.19446563720703
14.302133560180664
20.090530395507812
26.04651641845703
17.190969467163086
32.74937438964844
19.04581069946289
23.321420669555664
13.01280403137207
29.086545944213867
13.109128952026367
20.44772720336914
11.07751750946045
23.857959747314453
11.123208999633789
15.613367080688477
17.29002571105957
15.938835144042969
23.550861358642578
15.819886207580566
13.086782455444336
36.108253479003906
16.329715728759766
32.41053009033203
9.95566463470459
18.42808723449707
17.362632751464844
25.42379379272461
14.776480674743652
13.839289665222168
14.776806831359863
22.55704116821289
15.602052688598633
8.623693466186523
21.589801788330078
19.434032440185547
24.305889129638672
18.041719436645508
24.693750381469727
23.922576904296875
20.849212646484375
29.98050880432129
10.933900833129883
29.838302612304688
1.4664745330810547
17.5960636138916
20.294897079467773
17.52606201171875
24.103857040405273
24.210834503173828
6.341658115386963
16.621089935302734
14.02209186553955
35.4225959777832
24.15395164489746
20.054821014404297
14.262079238891602
13.242012977600098
20.118515014648438
9.394330024719238
5.027584552764893
10.788042068481445
14.219953536987305
8.771712303161621
16.599586486816406
26.72954750061035
10.099915504455566
9.057001113891602
5.148190498352051
12.288887977600098
10.54022216796875
23.238866806030273
11.72556209564209
16.99007225036621
22.227476119995117
23.96040916442871
13.925427436828613
20.300342559814453
16.974828720092773
12.294687271118164
45.99628448486328
26.395915985107422
24.561708450317383
19.781442642211914
10.025972366333008
14.524127960205078
16.748046875
14.436637878417969
16.974618911743164
36.0263557434082
31.29909896850586
46.40408706665039
10.864235877990723
13.327128410339355
6.77106237411499
11.045276641845703
17.181346893310547
33.62051773071289
14.894208908081055
20.46234130859375
24.338056564331055
24.424846649169922
20.861356735229492
19.292816162109375
22.76067352294922
35.22476577758789
14.587121963500977
14.212716102600098
19.425756454467773
20.3620662689209
1.5902596712112427
21.518367767333984
22.49772071838379
22.723800659179688
16.23784637451172
7.1173810958862305
29.39532470703125
25.70370864868164
30.273582458496094
11.239829063415527
24.539216995239258
15.596793174743652
35.206512451171875
11.234524726867676
16.957979202270508
27.061050415039062
37.24943542480469
21.515296936035156
12.237227439880371
13.355831146240234
19.21401596069336
26.995370864868164
18.317607879638672
10.80019474029541
33.50227737426758
14.83780288696289
11.576118469238281
30.252849578857422
36.08565139770508
18.26096534729004
20.38883399963379
15.691739082336426
27.367856979370117
20.98029327392578
39.874244689941406
23.061298370361328
3.4727182388305664
23.908836364746094
32.61705017089844
15.090339660644531
12.298086166381836
18.293659210205078
9.133216857910156
35.2243766784668
37.535423278808594
19.355026245117188
41.53669738769531
25.725732803344727
9.484020233154297
25.532737731933594
34.99209213256836
24.866519927978516
17.361370086669922
12.520318031311035
19.40937042236328
12.753437995910645
14.012439727783203
18.31679344177246
15.100042343139648
15.326909065246582
24.053955078125
33.028114318847656
21.81052589416504
11.488569259643555
10.114358901977539
34.97772979736328
3.6638426780700684
10.427675247192383
15.946513175964355
30.969358444213867
12.801912307739258
17.729711532592773
15.712346076965332
19.663928985595703
37.528533935546875
29.366886138916016
42.37399673461914
17.21780014038086
17.018774032592773
11.290910720825195
19.88965606689453
24.765701293945312
9.255451202392578
17.71131134033203
30.505950927734375
25.20073699951172
7.0218186378479
13.260153770446777
5.327744960784912
7.93540096282959
36.345638275146484
28.670438766479492
15.617388725280762
16.810333251953125
22.141469955444336
26.537181854248047
29.8358097076416
13.78886604309082
8.942607879638672
31.42059326171875
28.38341522216797
28.53396987915039
17.951684951782227
18.360593795776367
15.705811500549316
16.54035186767578
32.061744689941406
26.343584060668945
30.444799423217773
23.034950256347656
16.014429092407227
19.222402572631836
17.548398971557617
31.25019073486328
22.179588317871094
21.907655715942383
16.635526657104492
21.801149368286133
31.785690307617188
17.42914390563965
21.86801528930664
15.459617614746094
23.833955764770508
20.501684188842773
7.816511631011963
16.59174156188965
16.717185974121094
12.942083358764648
1.8907737731933594
22.394641876220703
27.9379825592041
13.342844009399414
18.677915573120117
14.572422981262207
13.058038711547852
10.298772811889648
15.941668510437012
27.625295639038086
3.336176633834839
11.266342163085938
38.59653091430664
16.394723892211914
16.212953567504883
31.472097396850586
48.17334747314453
23.704036712646484
27.372005462646484
32.42735290527344
26.934314727783203
25.299863815307617
21.33984375
29.666969299316406
18.980941772460938
13.845335960388184
51.60847473144531
17.392532348632812
23.763166427612305
11.828653335571289
10.588517189025879
13.468684196472168
18.071821212768555
9.837733268737793
18.527244567871094
17.902162551879883
18.727453231811523
13.699037551879883
12.803627014160156
22.43868637084961
25.92116928100586
16.295263290405273
10.13321590423584
10.39006233215332
10.615545272827148
13.789259910583496
33.29969024658203
7.12239933013916
25.366212844848633
34.587642669677734
11.425792694091797
24.72491455078125
3.670340061187744
11.23961353302002
19.45701789855957
22.908845901489258
20.746028900146484
6.001553058624268
16.94510841369629
14.253557205200195
17.23649787902832
9.343050003051758
15.309751510620117
18.659530639648438
23.08397102355957
27.183734893798828
18.97874641418457
11.029699325561523
17.058799743652344
26.290510177612305
33.23992919921875
24.11285972595215
15.918100357055664
24.417131423950195
17.857393264770508
8.149871826171875
16.439167022705078
18.866168975830078
30.284656524658203
25.338953018188477
25.793725967407227
26.917028427124023
25.52199363708496
16.70899772644043
25.269235610961914
25.756946563720703
15.120923042297363
18.83931541442871
12.809417724609375
4.841602802276611
15.872245788574219
19.527925491333008
23.73253631591797
10.223395347595215
19.797130584716797
8.489541053771973
20.061195373535156
23.998361587524414
39.858768463134766
20.29652976989746
17.357912063598633
22.846315383911133
22.18932342529297
23.063678741455078
21.842012405395508
6.64693021774292
37.557762145996094
19.386741638183594
26.90787124633789
19.384382247924805
23.385717391967773
21.32533836364746
9.266108512878418
16.54528045654297
11.147329330444336
13.1359281539917
10.846419334411621
32.56456756591797
25.92580795288086
17.787668228149414
19.146724700927734
12.022162437438965
23.61522102355957
30.093748092651367
28.641765594482422
5.079741954803467
24.28343391418457
13.580842971801758
33.16703796386719
21.741668701171875
13.472663879394531
34.253997802734375
17.06402587890625
19.582365036010742
15.767282485961914
22.16404914855957
22.22321128845215
4.879220962524414
16.931608200073242
17.069917678833008
14.273058891296387
20.232620239257812
10.220559120178223
17.281362533569336
33.45747756958008
14.386764526367188
15.371271133422852
4.685715198516846
8.82956600189209
15.070249557495117
19.469924926757812
14.952762603759766
15.53563404083252
32.165916442871094
19.214357376098633
16.269603729248047
31.721477508544922
24.346830368041992
14.107488632202148
17.629117965698242
23.28880500793457
41.62648391723633
21.153974533081055
19.0329532623291
39.2892951965332
40.53508758544922
26.88611602783203
9.982669830322266
15.407613754272461
26.607460021972656
15.437104225158691
20.342126846313477
29.636398315429688
8.836565017700195
22.080947875976562
35.810935974121094
15.982769966125488
5.607630252838135
24.140201568603516
10.02144718170166
25.295942306518555
19.523418426513672
26.776235580444336
24.46173667907715
19.192752838134766
10.687752723693848
15.927335739135742
19.921194076538086
16.94325828552246
19.831008911132812
24.89654541015625
27.00008201599121
20.911903381347656
41.271820068359375
30.688812255859375
25.54547691345215
17.654516220092773
8.198843955993652
30.848155975341797
18.69156265258789
28.125513076782227
35.72510528564453
21.621191024780273
29.648426055908203
37.315345764160156
14.681087493896484
16.455018997192383
34.293758392333984
20.08506202697754
12.603278160095215
12.796186447143555
14.731947898864746
28.227968215942383
20.951284408569336
18.93294906616211
29.17428970336914
12.881105422973633
36.1597785949707
16.735620498657227
17.789094924926758
21.56516456604004
27.29236602783203
12.673933982849121
8.265867233276367
14.89982795715332
14.417724609375
4.707598686218262
17.92626190185547
5.256753444671631
9.545562744140625
31.74460220336914
15.830184936523438
39.91044235229492
47.62649917602539
7.84106969833374
18.013912200927734
19.682735443115234
30.646203994750977
17.91878890991211
18.470596313476562
8.008203506469727
26.03057861328125
33.54057312011719
12.874458312988281
6.748391151428223
26.3283748626709
8.942728042602539
19.830368041992188
13.420472145080566
14.708841323852539
12.468568801879883
21.524202346801758
22.437551498413086
11.311594009399414
13.610724449157715
23.073617935180664
21.388078689575195
14.833369255065918
12.929393768310547
5.8716721534729
10.925810813903809
8.840556144714355
5.906360149383545
10.537436485290527
21.22159767150879
22.19428062438965
15.319327354431152
20.325950622558594
14.253697395324707
43.1777229309082
9.075759887695312
16.801422119140625
11.399154663085938
11.616735458374023
18.323192596435547
31.44957733154297
8.538227081298828
15.000434875488281
23.276233673095703
48.057159423828125
18.747371673583984
17.049800872802734
27.29235076904297
16.40264892578125
15.856473922729492
22.458093643188477
18.992706298828125
13.524847030639648
8.575843811035156
22.31974983215332
39.378021240234375
29.399709701538086
52.739498138427734
24.991676330566406
13.749998092651367
7.691259860992432
26.71881866455078
23.137107849121094
10.971199035644531
27.626253128051758
24.06620216369629
16.71849250793457
27.181692123413086
27.042842864990234
27.8664608001709
11.587027549743652
34.286922454833984
16.11483383178711
9.207907676696777
16.422534942626953
29.245534896850586
6.90359354019165
8.555455207824707
9.300261497497559
18.528310775756836
32.79377365112305
12.9263334274292
16.769935607910156
12.516121864318848
6.054240703582764
29.06464385986328
19.766021728515625
9.979693412780762
14.471125602722168
13.669753074645996
30.83187484741211
27.36154556274414
5.743344783782959
13.649850845336914
5.188657283782959
10.729864120483398
13.469916343688965
32.593997955322266
23.456220626831055
34.54973602294922
25.153017044067383
11.318462371826172
32.33610916137695
10.20319938659668
6.671628952026367
34.984962463378906
11.415645599365234
30.920263290405273
12.009485244750977
12.677543640136719
26.794145584106445
15.703479766845703
17.502891540527344
20.839920043945312
41.02537536621094
15.7260103225708
17.31523895263672
6.596915245056152
12.800847053527832
29.204416275024414
32.131832122802734
10.755202293395996
24.07559585571289
29.54804229736328
19.54182243347168
5.688960075378418
35.4217643737793
20.01873779296875
32.12873458862305
11.801316261291504
23.8905029296875
8.302809715270996
21.07143783569336
19.8076229095459
17.595869064331055
18.094669342041016
14.081050872802734
14.761091232299805
14.791717529296875
14.068321228027344
18.666101455688477
30.627243041992188
11.792874336242676
28.695032119750977
31.47699737548828
20.93510627746582
11.526832580566406
13.704974174499512
16.967281341552734
28.69786834716797
29.78228187561035
24.389720916748047
6.938432693481445
23.005041122436523
30.646047592163086
15.202474594116211
29.559873580932617
16.680065155029297
22.56995964050293
17.99860191345215
22.73257827758789
15.50363826751709
17.86717414855957
7.08842658996582
17.400178909301758
7.979885101318359
36.02017593383789
13.783134460449219
21.095626831054688
23.155696868896484
19.4158878326416
15.240489959716797
14.388890266418457
19.547271728515625
38.73153305053711
22.08928108215332
14.248913764953613
10.121039390563965
9.291732788085938
7.917355537414551
20.21497344970703
15.204957962036133
20.811948776245117
33.23041915893555
26.478979110717773
26.001663208007812
22.917802810668945
31.25840950012207
16.600149154663086
21.066259384155273
37.74444580078125
24.364543914794922
20.00839614868164
18.306447982788086
30.579423904418945
11.955483436584473
30.95852279663086
23.862279891967773
19.237422943115234
17.15366554260254
16.058340072631836
28.757951736450195
32.38554000854492
23.985063552856445
13.031256675720215
22.11094093322754
5.192162990570068
19.67902946472168
22.970285415649414
28.647127151489258
44.78451919555664
30.341676712036133
29.801841735839844
39.04983901977539
29.703231811523438
26.98628807067871
19.26252555847168
3.894232988357544
26.131547927856445
12.898488998413086
7.664418697357178
20.6833438873291
19.911771774291992
32.68016815185547
21.522321701049805
21.936595916748047
24.42099952697754
24.003162384033203
15.902336120605469
15.19348430633545
27.138996124267578
18.664974212646484
19.184053421020508
7.578442096710205
15.807199478149414
40.7978401184082
5.487864017486572
6.132114410400391
4.604551315307617
7.9103684425354
23.551937103271484
25.293630599975586
17.821632385253906
16.38029670715332
9.88879108428955
42.73723220825195
25.87993049621582
17.770816802978516
22.489336013793945
31.77265167236328
20.439292907714844
23.062726974487305
13.26563549041748
24.67973518371582
24.328861236572266
15.111371040344238
12.22032642364502
22.938716888427734
17.233016967773438
13.819263458251953
14.254578590393066
10.821237564086914
18.228084564208984
23.04551887512207
15.888751983642578
12.050346374511719
17.1143798828125
24.495100021362305
30.18853759765625
16.428958892822266
14.619739532470703
27.503028869628906
16.38385009765625
6.093024253845215
29.963998794555664
34.84773254394531
19.00979995727539
22.036827087402344
14.235057830810547
18.042890548706055
20.2750244140625
28.345487594604492
17.281797409057617
20.692354202270508
26.956876754760742
21.160009384155273
12.52100944519043
9.815939903259277
12.918478965759277
22.504152297973633
27.917463302612305
35.115142822265625
18.152183532714844
32.75697326660156
6.053252220153809
15.658422470092773
14.004599571228027
16.897592544555664
26.955947875976562
21.53424072265625
23.612781524658203
22.233726501464844
20.624521255493164
19.886306762695312
11.435676574707031
27.90068817138672
15.35244083404541
4.4983744621276855
7.9338178634643555
23.304096221923828
18.04884147644043
24.243467330932617
16.28158187866211
7.727116107940674
19.22395896911621
13.008442878723145
16.75947380065918
22.76589012145996
23.773338317871094
17.407793045043945
4.676192760467529
16.083721160888672
23.77594757080078
12.043581008911133
23.090829849243164
12.404769897460938
29.212390899658203
16.515899658203125
6.422774791717529
27.443811416625977
10.512982368469238
12.466085433959961
21.032596588134766
23.218242645263672
26.187490463256836
18.0152587890625
12.58268928527832
17.150114059448242
24.12922477722168
21.15960693359375
14.554007530212402
32.81740188598633
23.87432098388672
22.215991973876953
8.912246704101562
27.26433563232422
25.208105087280273
12.718331336975098
13.973633766174316
26.43804931640625
19.283611297607422
13.899383544921875
25.13648796081543
24.063486099243164
36.66700744628906
14.140884399414062
12.709134101867676
12.525463104248047
13.351360321044922
13.862323760986328
25.06461524963379
39.15511703491211
8.285829544067383
22.489139556884766
31.05611228942871
22.116209030151367
20.566848754882812
20.335098266601562
7.084222793579102
18.365488052368164
21.05164909362793
30.34012794494629
18.55552864074707
15.717863082885742
11.245645523071289
14.425493240356445
15.084978103637695
10.099394798278809
35.341468811035156
30.580778121948242
21.348899841308594
5.6618242263793945
18.187162399291992
23.06494140625
20.719154357910156
5.6164140701293945
16.24596405029297
16.454517364501953
13.98513126373291
21.651588439941406
13.148144721984863
24.803924560546875
23.56444549560547
14.679140090942383
11.101344108581543
8.283355712890625
28.547632217407227
20.734743118286133
15.810139656066895
33.576637268066406
31.113534927368164
18.536832809448242
24.51769256591797
6.590387344360352
29.199718475341797
26.79546546936035
26.74313735961914
11.310904502868652
20.60621452331543
31.473051071166992
12.29301643371582
15.790690422058105
7.082489013671875
17.61579132080078
21.080474853515625
7.485041618347168
18.424388885498047
20.71910285949707
20.765514373779297
11.028545379638672
15.869280815124512
17.724517822265625
16.96377182006836
12.10266399383545
34.55459213256836
35.38079071044922
23.67961883544922
24.010005950927734
35.416534423828125
14.936712265014648
9.968563079833984
3.506215810775757
13.033745765686035
21.529029846191406
9.153411865234375
24.628948211669922
9.29857063293457
9.56240463256836
32.124629974365234
26.867862701416016
27.542497634887695
24.934650421142578
23.12095832824707
23.0831356048584
13.40019702911377
24.5384521484375
20.81764793395996
22.287151336669922
26.986879348754883
5.307339191436768
15.775534629821777
28.452417373657227
24.02070426940918
17.977022171020508
16.284666061401367
10.670635223388672
16.22248077392578
32.61162567138672
5.218796730041504
25.229610443115234
13.81067180633545
18.910358428955078
11.39377212524414
20.828327178955078
12.36894416809082
22.605607986450195
21.944791793823242
26.8719482421875
23.1472110748291
29.16061782836914
15.58302116394043
12.646621704101562
5.712772369384766
6.314418315887451
17.89926528930664
15.115374565124512
31.86874771118164
49.400657653808594
11.494516372680664
16.341793060302734
33.319793701171875
25.35408592224121
13.214301109313965
24.31821632385254
23.834192276000977
20.652956008911133
36.44438552856445
26.31441879272461
9.322624206542969
26.31355094909668
32.02296447753906
18.7547550201416
29.530261993408203
15.43014907836914
16.223926544189453
6.769166946411133
15.179442405700684
28.92963409423828
19.73042106628418
29.454456329345703
11.928954124450684
27.673538208007812
23.91118621826172
27.297679901123047
24.760704040527344
16.21070671081543
11.461366653442383
14.045042991638184
19.600322723388672
28.944067001342773
10.149707794189453
19.678678512573242
16.73112678527832
15.786099433898926
3.6408743858337402
13.902388572692871
24.363605499267578
23.618261337280273
19.980369567871094
29.77723503112793
21.33797836303711
23.611297607421875
30.716360092163086
15.815399169921875
7.49552583694458
14.311979293823242
33.523746490478516
22.494855880737305
9.819830894470215
13.71748161315918
11.953639030456543
26.59992027282715
8.007023811340332
22.23097038269043
9.962984085083008
14.917759895324707
37.37300491333008
11.486055374145508
23.696914672851562
16.11393165588379
20.197084426879883
20.396114349365234
32.241302490234375
3.612480401992798
11.938697814941406
14.41808795928955
8.465496063232422
16.568485260009766
8.844364166259766
8.128307342529297
16.318159103393555
17.509796142578125
43.49884033203125
40.66067123413086
16.824874877929688
13.837979316711426
35.05363464355469
15.500524520874023
14.7874174118042
21.414573669433594
25.43911361694336
11.489830017089844
34.21298599243164
28.469621658325195
31.092660903930664
7.61966609954834
20.915483474731445
32.016353607177734
29.24493980407715
24.650405883789062
26.07300567626953
9.927010536193848
8.413956642150879
28.887409210205078
23.162883758544922
26.101152420043945
12.62675952911377
24.496273040771484
31.036853790283203
17.204126358032227
16.839519500732422
15.958797454833984
24.199880599975586
15.718313217163086
13.788290023803711
17.904272079467773
17.033912658691406
20.530113220214844
16.81639862060547
15.626008987426758
12.15955638885498
19.533655166625977
26.084482192993164
21.068342208862305
23.696256637573242
24.152671813964844
18.169742584228516
18.940715789794922
8.86691951751709
14.404335975646973
22.82038116455078
21.799224853515625
27.081838607788086
7.944067001342773
31.361106872558594
10.900105476379395
20.170604705810547
19.90018081665039
34.891197204589844
27.911418914794922
17.14284324645996
13.209859848022461
10.97398853302002
31.568586349487305
14.640131950378418
30.10835838317871
16.41688346862793
15.654807090759277
19.759140014648438
20.098878860473633
16.355525970458984
12.241271018981934
10.586457252502441
27.696231842041016
5.980839252471924
7.334103107452393
8.780519485473633
27.237361907958984
20.934432983398438
17.145084381103516
9.91703987121582
5.254897594451904
28.09465980529785
7.648653030395508
8.58906078338623
22.8571720123291
15.184901237487793
21.32997703552246
14.158065795898438
31.900815963745117
33.937889099121094
30.6932315826416
4.728665828704834
9.148898124694824
15.991296768188477
12.021172523498535
14.253131866455078
11.913747787475586
10.934096336364746
23.233930587768555
14.725897789001465
19.941913604736328
38.055450439453125
14.248739242553711
21.835304260253906
17.240114212036133
11.429186820983887
10.072693824768066
29.5580997467041
11.562843322753906
10.434210777282715
21.231475830078125
17.910017013549805
22.6047420501709
19.690523147583008
31.301103591918945
24.151382446289062
30.785621643066406
13.690400123596191
28.727075576782227
25.75662612915039
9.750349998474121
16.91187858581543
35.92911148071289
25.016414642333984
29.849712371826172
21.062763214111328
11.152740478515625
32.20311737060547
17.98748779296875
13.87785816192627
17.604618072509766
13.9454345703125
37.884666442871094
29.56654167175293
20.642480850219727
14.319534301757812
23.502357482910156
14.723173141479492
30.043813705444336
24.729738235473633
26.767946243286133
18.22287368774414
27.082387924194336
55.033512115478516
23.214258193969727
14.458438873291016
2.1690468788146973
11.221647262573242
11.367340087890625
38.64827346801758
32.04215621948242
27.61322784423828
21.349689483642578
17.900936126708984
24.798582077026367
10.422797203063965
11.111518859863281
18.185169219970703
12.954545974731445
20.106998443603516
26.069040298461914
6.873087406158447
5.850686073303223
27.958967208862305
10.22761058807373
14.752275466918945
28.069120407104492
11.024772644042969
34.358882904052734
21.706356048583984
21.074420928955078
14.072132110595703
19.719865798950195
8.622468948364258
8.984858512878418
22.913022994995117
25.7441349029541
13.375500679016113
32.1564826965332
10.563199043273926
13.90966796875
40.38222122192383
17.1318302154541
6.408184051513672
13.64102840423584
25.691905975341797
26.278972625732422
17.935644149780273
38.93596649169922
20.36068344116211
14.338325500488281
19.319744110107422
40.09276580810547
43.50334930419922
29.853412628173828
22.845293045043945
11.21519660949707
32.76971435546875
5.0649189949035645
25.941287994384766
18.117856979370117
9.32791805267334
11.640217781066895
41.312767028808594
14.844775199890137
7.855632781982422
23.09358024597168
22.500286102294922
29.94635772705078
10.659131050109863
12.29472541809082
15.076045989990234
29.927085876464844
24.15374183654785
23.099708557128906
7.40432596206665
15.919951438903809
21.77195167541504
22.211490631103516
16.79876708984375
18.635311126708984
31.520341873168945
