30.830068588256836
28.118574142456055
32.814239501953125
24.297414779663086
40.5905876159668
26.505769729614258
10.853906631469727
58.37911605834961
53.167869567871094
34.331356048583984
53.0146484375
39.958824157714844
42.56786346435547
43.78091812133789
32.040340423583984
53.420166015625
33.80953598022461
44.52732467651367
26.641712188720703
30.013813018798828
30.407148361206055
52.78055191040039
18.711322784423828
33.964054107666016
49.303524017333984
23.665891647338867
41.33384704589844
47.92799377441406
24.6347713470459
47.49837875366211
63.958282470703125
34.39616012573242
17.492578506469727
33.48981857299805
43.597984313964844
33.11131286621094
36.60240936279297
60.95619201660156
44.57866287231445
48.45920944213867
26.812349319458008
32.09625244140625
34.83898162841797
26.697290420532227
53.80945587158203
34.25212860107422
18.3293399810791
30.28659439086914
46.55714416503906
5.832244396209717
50.26245880126953
34.757816314697266
31.625608444213867
18.779008865356445
28.626562118530273
29.953710556030273
24.044591903686523
32.82246017456055
48.163307189941406
8.721845626831055
56.5619010925293
39.24570083618164
22.596717834472656
38.17581558227539
27.551326751708984
15.930601119995117
31.71219825744629
20.577627182006836
64.34212493896484
37.238670349121094
17.466583251953125
42.98231887817383
19.733327865600586
32.14618682861328
28.379545211791992
45.10954284667969
57.22719192504883
43.492427825927734
21.366680145263672
23.298784255981445
35.777809143066406
38.807125091552734
24.08641815185547
42.27195739746094
45.37169647216797
40.68095397949219
39.32121658325195
30.118946075439453
54.84115982055664
38.64487838745117
54.21159744262695
48.66960144042969
46.25908660888672
29.689725875854492
31.741615295410156
22.975828170776367
25.24919319152832
46.22979736328125
55.33614730834961
37.70345687866211
35.72666549682617
39.59647750854492
15.671967506408691
5.589809894561768
20.222253799438477
45.862152099609375
33.03187942504883
56.613338470458984
28.517242431640625
26.78168296813965
46.08156967163086
49.04195785522461
27.344209671020508
35.69727325439453
35.22755813598633
38.82713317871094
24.679447174072266
16.433441162109375
42.29380416870117
41.2993049621582
44.9355354309082
42.53067398071289
46.35631561279297
39.04335021972656
35.78255844116211
48.769866943359375
46.55078125
40.90857696533203
40.646568298339844
45.45534133911133
21.42825698852539
55.4473762512207
38.321319580078125
32.11872482299805
15.462120056152344
27.38457489013672
20.801511764526367
32.840389251708984
55.111419677734375
22.74448585510254
32.66592788696289
29.08428955078125
58.314422607421875
40.930870056152344
36.55784606933594
37.208518981933594
32.74723815917969
37.06863021850586
36.592674255371094
67.356201171875
34.68400573730469
43.91880798339844
44.91069412231445
33.544586181640625
18.36662483215332
23.262056350708008
31.589221954345703
31.676286697387695
21.730146408081055
38.39114761352539
38.470516204833984
46.95082473754883
30.027612686157227
41.962799072265625
32.279659271240234
18.590173721313477
20.057878494262695
40.792747497558594
19.796125411987305
22.580768585205078
38.73567199707031
36.03306579589844
17.550952911376953
36.255592346191406
44.00057601928711
35.36857604980469
24.277088165283203
28.454994201660156
22.76763153076172
29.091861724853516
32.431922912597656
56.58017349243164
20.886869430541992
39.71542739868164
38.47957992553711
40.95088195800781
32.5359001159668
52.0031623840332
25.671072006225586
40.38688659667969
53.52960968017578
63.24956130981445
19.22688102722168
31.380836486816406
51.15406036376953
15.21415901184082
22.14763832092285
32.465980529785156
22.732845306396484
19.89044761657715
29.899459838867188
36.777626037597656
63.506168365478516
29.951452255249023
50.61919403076172
47.93029022216797
26.83937644958496
42.515220642089844
49.10360336303711
29.88703155517578
37.610958099365234
44.2957878112793
62.97833251953125
24.72319793701172
11.548401832580566
39.29191970825195
16.489486694335938
43.243812561035156
30.46645164489746
23.392457962036133
36.86759567260742
36.97233200073242
27.131587982177734
34.31368637084961
47.504478454589844
22.72005844116211
15.736903190612793
46.233970642089844
42.39554977416992
19.790311813354492
12.195927619934082
32.90593338012695
33.71875762939453
27.193950653076172
46.19831466674805
21.969661712646484
28.67097282409668
57.07297897338867
29.56041145324707
57.736572265625
52.94367218017578
37.7421875
17.93416404724121
28.208621978759766
13.763313293457031
41.56489181518555
29.133832931518555
32.05677032470703
17.77710723876953
20.596145629882812
30.032981872558594
71.22065734863281
25.692554473876953
52.83283615112305
15.237953186035156
59.28855895996094
37.56523513793945
27.754058837890625
45.14948654174805
32.171363830566406
30.918235778808594
9.19093132019043
47.0690803527832
17.90704917907715
46.74260330200195
36.91611099243164
36.823814392089844
44.294925689697266
26.080062866210938
29.989301681518555
48.65329360961914
39.47111892700195
44.47854995727539
28.186424255371094
39.691375732421875
20.775911331176758
34.895076751708984
49.32320022583008
48.76408767700195
33.017398834228516
47.46647262573242
33.02930450439453
30.175132751464844
37.77988815307617
28.263084411621094
32.69065856933594
33.25825119018555
20.04215431213379
24.501237869262695
46.6837272644043
52.53196716308594
38.820735931396484
22.037092208862305
48.29811096191406
31.579383850097656
36.57559585571289
34.34661102294922
41.428836822509766
38.063167572021484
17.293701171875
37.41752243041992
15.01023006439209
35.75579833984375
31.127811431884766
55.389923095703125
31.23492431640625
30.86420440673828
53.728172302246094
25.338552474975586
55.90339279174805
58.213172912597656
24.627817153930664
30.164888381958008
59.285400390625
35.4495735168457
49.7751350402832
33.00986099243164
0.847328782081604
25.451175689697266
41.92375183105469
15.836463928222656
45.47249221801758
38.94316101074219
22.542606353759766
38.861602783203125
44.587066650390625
28.695920944213867
38.264678955078125
28.451953887939453
19.316255569458008
22.960847854614258
52.40310287475586
54.190406799316406
52.643775939941406
25.776676177978516
42.96702194213867
44.55215835571289
43.93302536010742
32.12084197998047
47.38829803466797
44.5803337097168
26.830778121948242
27.518409729003906
23.137191772460938
32.22934341430664
46.077415466308594
37.20552062988281
38.19431686401367
23.879384994506836
31.60244369506836
12.888221740722656
32.100250244140625
21.273897171020508
32.546424865722656
38.27827453613281
50.667694091796875
24.279775619506836
48.20647048950195
26.44703483581543
36.37664031982422
44.2823371887207
48.78895950317383
19.926240921020508
56.933650970458984
44.746524810791016
36.894775390625
20.425127029418945
24.780061721801758
45.93124771118164
37.442596435546875
42.44868850708008
53.91551208496094
28.179113388061523
30.058940887451172
31.016027450561523
18.42776870727539
20.46799659729004
37.301273345947266
39.621543884277344
42.97225570678711
22.855609893798828
21.639822006225586
42.98707962036133
30.50168228149414
26.324277877807617
42.063350677490234
30.37803077697754
60.39203643798828
31.72765350341797
36.30785369873047
64.16862487792969
30.176542282104492
22.401437759399414
32.57209396362305
35.59906768798828
13.662984848022461
28.86420249938965
37.928924560546875
23.67279052734375
50.89374923706055
22.171348571777344
27.0022029876709
18.663467407226562
38.35205841064453
31.665695190429688
29.673025131225586
32.42369079589844
16.32499122619629
55.97541046142578
36.88206100463867
38.204410552978516
37.425662994384766
71.08235931396484
25.941822052001953
22.2394962310791
37.7432975769043
22.06016731262207
43.75885772705078
38.53266525268555
27.082828521728516
5.457484722137451
58.82516098022461
46.01348876953125
38.43941879272461
16.02756118774414
20.120868682861328
53.18070602416992
28.885751724243164
30.912521362304688
31.453126907348633
25.92227554321289
44.425113677978516
15.8972806930542
12.680818557739258
34.31117248535156
37.0037727355957
40.737613677978516
51.87604904174805
47.99589538574219
45.26926803588867
37.03376007080078
21.284271240234375
22.041749954223633
39.33380889892578
53.1724967956543
23.233762741088867
21.76021957397461
13.188491821289062
52.349822998046875
56.065425872802734
34.94320297241211
54.32488250732422
40.65885925292969
65.58650207519531
39.764503479003906
50.28474044799805
23.32073211669922
30.715463638305664
47.36752700805664
23.42856216430664
49.550106048583984
67.08465576171875
52.42466735839844
12.438207626342773
50.95900344848633
40.14804458618164
42.46660614013672
38.883392333984375
50.17904281616211
49.34297180175781
64.9689712524414
28.931320190429688
39.77797317504883
30.944538116455078
40.47827911376953
43.170372009277344
34.9904899597168
37.277645111083984
52.717281341552734
41.4210319519043
54.541778564453125
47.99452209472656
35.123897552490234
25.99355697631836
52.092159271240234
36.652244567871094
24.697418212890625
22.388507843017578
39.804901123046875
30.350595474243164
32.50901794433594
46.27082443237305
44.14345932006836
32.73569107055664
31.543554306030273
46.36323547363281
8.896014213562012
41.98986053466797
35.19780731201172
60.694915771484375
35.615013122558594
52.84730529785156
56.72862243652344
35.483680725097656
41.6065788269043
48.7310676574707
21.570180892944336
66.04462432861328
57.40998840332031
25.74123764038086
35.0631103515625
21.957399368286133
19.245197296142578
43.786293029785156
39.395076751708984
43.79207992553711
46.338218688964844
36.95401382446289
33.2259635925293
37.84668731689453
46.33346176147461
51.16840744018555
36.54744338989258
47.733421325683594
6.655637264251709
33.27446365356445
16.131044387817383
51.39493179321289
24.139041900634766
37.07981491088867
50.13324737548828
21.949182510375977
35.51248550415039
24.9457950592041
25.01197624206543
25.014419555664062
30.870038986206055
32.41355514526367
26.289506912231445
37.73652648925781
27.50225830078125
48.39704895019531
36.345943450927734
12.96024227142334
11.05345630645752
48.612831115722656
11.63579273223877
50.355411529541016
40.0589485168457
41.663795471191406
40.600563049316406
42.2863883972168
29.778532028198242
26.967023849487305
10.408759117126465
34.91775131225586
47.46422576904297
33.19404602050781
20.74099349975586
11.612103462219238
37.44140625
45.476417541503906
36.92675018310547
47.26002883911133
42.02163314819336
46.473731994628906
33.33852767944336
61.096336364746094
19.949438095092773
31.780643463134766
31.413631439208984
32.79486846923828
34.56952667236328
6.49870491027832
22.297151565551758
59.59788513183594
21.638011932373047
64.60086059570312
40.334571838378906
30.172536849975586
31.441911697387695
38.14891052246094
41.35045623779297
37.33561325073242
46.63779067993164
16.263708114624023
57.44330978393555
18.569915771484375
27.538835525512695
38.53961944580078
31.764102935791016
52.18037414550781
27.327096939086914
30.694442749023438
35.166709899902344
48.72496795654297
40.72842025756836
26.533645629882812
33.29222869873047
45.359622955322266
36.18198013305664
19.847537994384766
57.843814849853516
20.38592529296875
50.44298553466797
27.573928833007812
44.55799102783203
16.164411544799805
16.243709564208984
33.874027252197266
30.301353454589844
37.51016616821289
22.176687240600586
43.44340896606445
23.747329711914062
43.321258544921875
41.61865234375
24.582569122314453
16.0786075592041
40.85476303100586
41.47487258911133
23.711355209350586
38.256168365478516
21.22165298461914
40.29670715332031
14.741168975830078
44.23441696166992
29.599159240722656
45.918617248535156
15.903751373291016
5.986468315124512
51.52272415161133
30.338363647460938
20.267465591430664
41.24674987792969
20.590072631835938
30.388378143310547
50.5872802734375
38.379764556884766
34.41413497924805
29.219078063964844
28.73710060119629
41.73713302612305
44.317054748535156
44.069644927978516
27.4282283782959
28.278884887695312
14.155714988708496
38.705265045166016
58.823490142822266
62.15095520019531
20.102787017822266
41.35929870605469
29.80224609375
63.76331329345703
44.35726547241211
46.852359771728516
21.438173294067383
57.95039749145508
28.331506729125977
59.51427459716797
44.7629280090332
37.77665328979492
52.15615463256836
41.92912673950195
36.80276107788086
43.63388442993164
56.27147674560547
46.40574264526367
42.43772888183594
26.24796485900879
50.66484832763672
51.597190856933594
31.578683853149414
45.47465515136719
35.68657302856445
24.200271606445312
35.78386688232422
29.260791778564453
24.201501846313477
31.385316848754883
35.52386474609375
33.49760055541992
37.15644836425781
63.301368713378906
44.27668380737305
21.896183013916016
13.186463356018066
31.316125869750977
42.88677978515625
63.564125061035156
37.52952575683594
43.15791702270508
26.002262115478516
30.51984405517578
55.8095703125
28.532270431518555
36.68220901489258
24.33489227294922
28.2462158203125
16.37049102783203
34.84720230102539
54.51219940185547
47.952781677246094
69.0715560913086
32.706260681152344
35.202308654785156
40.08570861816406
50.915164947509766
21.191503524780273
18.890817642211914
29.70896339416504
38.160179138183594
22.370407104492188
44.83291244506836
19.536088943481445
29.006986618041992
23.54582977294922
28.811386108398438
26.711122512817383
53.53001022338867
45.67396926879883
45.31685256958008
47.87880325317383
33.78342819213867
21.779767990112305
26.10624122619629
21.62103271484375
28.565166473388672
14.813295364379883
17.530393600463867
13.237590789794922
9.268804550170898
17.216703414916992
23.157917022705078
36.83415985107422
27.05264663696289
56.59940719604492
47.65045166015625
28.50065040588379
30.028953552246094
53.0407829284668
42.624183654785156
45.69514846801758
51.66312789916992
13.438727378845215
32.23585510253906
37.41358184814453
35.262290954589844
51.038394927978516
31.065120697021484
43.63198471069336
49.42234420776367
20.87997817993164
36.44509506225586
44.39653015136719
63.82575607299805
62.212371826171875
45.68374252319336
39.23013687133789
22.33362579345703
25.92978286743164
45.18452835083008
24.809812545776367
24.892230987548828
26.91672706604004
31.02860450744629
51.47783660888672
19.111530303955078
51.35696792602539
72.05339050292969
26.494159698486328
37.643165588378906
38.4347038269043
55.205928802490234
38.01631546020508
28.080463409423828
36.01266098022461
18.320222854614258
35.221397399902344
30.2635555267334
42.229644775390625
36.26140594482422
73.99809265136719
31.149051666259766
30.794950485229492
45.88606262207031
32.482391357421875
40.7160758972168
33.77947235107422
29.4907169342041
66.29507446289062
21.76473045349121
26.660869598388672
45.24814987182617
48.75032043457031
66.54227447509766
37.94231033325195
29.782791137695312
27.103166580200195
30.545581817626953
46.2077522277832
56.81208419799805
20.020090103149414
28.43956756591797
33.653236389160156
32.00277328491211
36.343544006347656
63.07542037963867
26.601966857910156
8.533414840698242
58.11064529418945
28.560606002807617
41.1810302734375
45.16716003417969
33.35270309448242
32.62229919433594
28.749393463134766
30.792821884155273
29.993967056274414
30.94882583618164
33.577789306640625
29.430070877075195
49.88597106933594
53.93199920654297
18.11893081665039
49.54058837890625
42.51801681518555
34.139251708984375
54.70930480957031
46.87125778198242
67.38888549804688
30.675128936767578
49.35210037231445
34.067874908447266
38.56218338012695
62.17324447631836
40.163570404052734
31.38704490661621
25.2591609954834
22.809629440307617
24.639564514160156
40.91024398803711
40.437320709228516
45.017635345458984
61.40035629272461
38.91073226928711
22.591659545898438
47.73731994628906
37.02694320678711
19.447721481323242
39.09425735473633
30.464435577392578
40.08966064453125
27.558992385864258
53.27152633666992
35.567779541015625
46.36116409301758
48.054222106933594
17.128969192504883
36.35344696044922
55.69647979736328
16.021499633789062
46.71529006958008
27.41077423095703
26.979745864868164
47.774681091308594
21.454360961914062
54.448814392089844
30.245494842529297
48.812862396240234
35.3303108215332
60.409122467041016
25.217756271362305
22.627803802490234
20.288753509521484
17.777437210083008
13.267814636230469
46.54222106933594
41.28889465332031
31.992361068725586
43.334163665771484
47.37421417236328
43.805572509765625
22.294288635253906
37.289215087890625
51.417903900146484
34.245906829833984
19.260086059570312
31.885528564453125
43.40813446044922
52.45921325683594
35.0424919128418
22.584136962890625
10.937421798706055
16.9152774810791
44.319976806640625
38.43016052246094
62.05187225341797
27.832382202148438
10.1797456741333
39.14579391479492
42.72340774536133
46.2108268737793
37.85668182373047
21.767196655273438
57.32441711425781
71.9759521484375
40.82174301147461
24.72301483154297
14.95751667022705
33.96635818481445
46.17727279663086
67.10778045654297
35.0631217956543
31.052486419677734
38.698123931884766
48.27661895751953
23.041349411010742
52.71726989746094
28.045848846435547
42.306121826171875
30.953718185424805
43.765132904052734
51.62174987792969
58.05240249633789
29.532297134399414
43.167816162109375
42.66621780395508
37.01576614379883
44.20279312133789
38.003318786621094
34.241912841796875
43.17277145385742
43.41136169433594
20.27000617980957
16.377838134765625
30.338375091552734
17.8206729888916
18.57586669921875
26.740283966064453
14.315093040466309
33.812984466552734
31.50031089782715
43.299476623535156
16.813207626342773
14.22336196899414
31.574974060058594
60.498680114746094
59.228065490722656
22.966798782348633
54.971920013427734
27.21677589416504
42.07009506225586
27.609542846679688
19.83000373840332
34.48398971557617
49.05708312988281
34.43995666503906
51.95440673828125
37.66047668457031
29.5054931640625
44.7787971496582
19.744735717773438
46.057804107666016
46.806034088134766
26.5771484375
33.92094039916992
54.03311538696289
39.835384368896484
54.39801025390625
34.197113037109375
8.289702415466309
27.778352737426758
66.23700714111328
22.334386825561523
39.08664321899414
34.61181640625
48.0952262878418
32.887168884277344
10.84464168548584
32.73136520385742
44.18812942504883
21.04490852355957
39.93977737426758
20.71280288696289
27.554269790649414
43.922298431396484
27.83780860900879
40.940284729003906
18.19743537902832
40.05183410644531
37.754722595214844
24.322486877441406
46.5234489440918
22.619792938232422
45.20541763305664
45.54703903198242
39.07789611816406
23.885530471801758
31.53738784790039
24.14914321899414
19.190813064575195
26.898290634155273
39.52266311645508
39.30973815917969
33.298828125
54.0518798828125
42.10829162597656
26.027313232421875
30.292301177978516
41.3513069152832
20.750301361083984
52.187381744384766
64.06143951416016
35.976051330566406
37.748870849609375
53.16457748413086
12.01878547668457
33.98143768310547
38.458072662353516
27.61503791809082
46.223365783691406
28.40932846069336
18.380023956298828
36.28579330444336
68.19377899169922
28.561250686645508
48.812904357910156
15.63090705871582
37.642730712890625
31.767202377319336
70.77525329589844
33.16327667236328
54.74506378173828
55.47002410888672
19.58152961730957
48.20554733276367
66.2217025756836
55.37678527832031
56.10276412963867
35.006927490234375
26.87575340270996
49.598609924316406
22.789701461791992
32.026123046875
9.948357582092285
15.499608039855957
31.544910430908203
17.44662857055664
35.29448699951172
40.06499481201172
27.006040573120117
31.438081741333008
41.61259460449219
49.698219299316406
22.079360961914062
31.40802764892578
37.680206298828125
32.7802734375
32.300140380859375
42.39480972290039
29.771432876586914
33.25538635253906
35.826969146728516
33.43428421020508
33.06226348876953
23.541419982910156
40.26005554199219
41.274749755859375
33.44512176513672
60.63359832763672
46.283748626708984
31.852487564086914
18.8250732421875
58.51157760620117
32.459529876708984
28.43004608154297
41.70028305053711
55.609092712402344
55.984806060791016
34.77958679199219
34.30727767944336
30.03313636779785
37.387001037597656
53.96371078491211
20.84931182861328
47.40807342529297
38.96803665161133
20.13667869567871
30.848682403564453
53.10900115966797
36.77460861206055
38.94321060180664
30.31402587890625
45.77663040161133
40.704898834228516
42.23670196533203
52.895545959472656
9.66396427154541
25.839441299438477
23.85734748840332
17.239065170288086
56.67002487182617
22.187055587768555
21.161537170410156
50.77375411987305
43.364810943603516
50.97896194458008
67.08709716796875
21.87795639038086
29.417774200439453
59.04012680053711
49.80413055419922
24.906883239746094
41.49802780151367
55.76866912841797
45.12588882446289
24.27800941467285
23.825733184814453
53.482845306396484
39.56909942626953
60.26811981201172
38.44800567626953
29.36697769165039
37.071754455566406
52.6240234375
27.6737003326416
39.009674072265625
22.37335777282715
12.188711166381836
51.782894134521484
28.318012237548828
41.40713119506836
72.53108215332031
34.416587829589844
23.165544509887695
30.867589950561523
53.81209945678711
53.62181091308594
24.40289878845215
29.154083251953125
51.55437469482422
31.436073303222656
51.98097229003906
55.21854782104492
32.507972717285156
38.775367736816406
38.19073486328125
11.542051315307617
30.351778030395508
41.172035217285156
50.273738861083984
19.271833419799805
30.218820571899414
5.350210189819336
24.305614471435547
20.794864654541016
37.63444519042969
17.247108459472656
57.16109085083008
59.83820724487305
34.862266540527344
35.3944091796875
33.2994499206543
49.32865905761719
51.85062789916992
30.29768943786621
52.61935043334961
30.49054527282715
59.83944320678711
49.05733108520508
14.125041007995605
22.04064178466797
51.229583740234375
36.83079147338867
7.038399696350098
55.993831634521484
51.88058853149414
26.72978973388672
33.291316986083984
33.8966178894043
43.00307083129883
42.27449417114258
26.689525604248047
25.928415298461914
20.313983917236328
37.175743103027344
49.66805648803711
34.484046936035156
37.64053726196289
22.688753128051758
52.869449615478516
32.12946701049805
24.21363067626953
30.699848175048828
62.43967819213867
33.13286209106445
25.38970184326172
22.852563858032227
62.35816192626953
55.60258865356445
17.373735427856445
82.17195129394531
49.767364501953125
41.02650833129883
63.92781448364258
33.48416519165039
44.88976287841797
27.81513786315918
46.23904800415039
34.941192626953125
45.10083770751953
39.35527038574219
26.341978073120117
27.26946449279785
60.211341857910156
15.500329971313477
33.012657165527344
43.72304153442383
18.954408645629883
21.86147689819336
12.374314308166504
25.45163917541504
22.746339797973633
29.712865829467773
44.00094985961914
11.651166915893555
21.11091423034668
59.67255783081055
38.41611099243164
56.39296340942383
20.88336753845215
25.816255569458008
2.7436885833740234
53.8607063293457
42.021080017089844
46.80747604370117
23.064048767089844
41.03376007080078
23.94643211364746
44.647579193115234
24.50855827331543
48.40208435058594
23.98005485534668
28.902610778808594
21.211223602294922
19.710283279418945
42.309593200683594
31.249046325683594
29.21367835998535
24.92556381225586
32.15019607543945
34.05061721801758
38.05535125732422
50.85136032104492
48.798213958740234
27.793800354003906
44.585174560546875
24.12779426574707
19.217540740966797
30.236845016479492
21.653095245361328
28.26601219177246
52.187156677246094
27.156269073486328
31.438203811645508
23.283336639404297
28.565982818603516
48.19528579711914
38.171966552734375
39.597381591796875
33.11679458618164
30.96149253845215
33.838050842285156
43.56006622314453
33.44960021972656
30.621091842651367
37.54724884033203
24.177854537963867
24.57720375061035
50.23917007446289
30.326562881469727
44.254119873046875
32.273841857910156
44.06099319458008
53.68566131591797
29.95855140686035
36.07590866088867
49.37539291381836
45.0015754699707
12.55396842956543
12.752113342285156
15.53748893737793
43.53656768798828
40.15895462036133
51.98819351196289
28.196680068969727
45.963714599609375
34.395626068115234
39.22124099731445
9.488177299499512
50.73381805419922
42.528419494628906
52.58245849609375
65.49632263183594
36.63240051269531
37.462093353271484
11.643004417419434
68.63056945800781
43.44795608520508
47.1728515625
35.477142333984375
40.57445526123047
37.48188781738281
50.03402328491211
20.872243881225586
34.18553924560547
34.43844985961914
55.487152099609375
63.12202453613281
32.87785720825195
48.67766571044922
71.1312026977539
40.14238739013672
52.62318420410156
21.437650680541992
41.46034622192383
42.90073776245117
21.170019149780273
69.79512023925781
54.486515045166016
41.498634338378906
29.079906463623047
34.81580352783203
26.541290283203125
44.738197326660156
32.60024642944336
58.69900131225586
29.220827102661133
34.23954772949219
23.753047943115234
32.256370544433594
88.72258758544922
35.40379333496094
50.20439910888672
28.992496490478516
43.88978958129883
45.97947692871094
36.4036750793457
58.04351043701172
14.553573608398438
39.955780029296875
32.062618255615234
17.30929183959961
36.56299591064453
37.62895202636719
22.049488067626953
46.93486022949219
23.931671142578125
49.038909912109375
17.899375915527344
30.937198638916016
33.88277053833008
38.36302947998047
16.185659408569336
44.620121002197266
27.186431884765625
51.163963317871094
40.75876235961914
33.333580017089844
46.84988021850586
40.706058502197266
44.571006774902344
15.303189277648926
50.989627838134766
14.909493446350098
8.027820587158203
61.975040435791016
24.24156951904297
16.34773063659668
13.756990432739258
57.8014030456543
27.282798767089844
56.91039276123047
53.530235290527344
41.16328811645508
52.272727966308594
23.197818756103516
59.888153076171875
32.36004638671875
42.725948333740234
20.306907653808594
57.37614059448242
59.33488464355469
28.826404571533203
56.74293899536133
32.593841552734375
39.46286392211914
40.19594192504883
35.48472213745117
36.530582427978516
56.41255187988281
56.99039077758789
34.4471549987793
31.884660720825195
46.28282165527344
19.67426872253418
37.188446044921875
42.03041076660156
37.846099853515625
39.40805435180664
35.031517028808594
18.883350372314453
44.650638580322266
26.277923583984375
30.96028709411621
18.463356018066406
42.744384765625
13.040122985839844
28.193803787231445
16.325523376464844
48.351322174072266
17.882783889770508
49.99553298950195
40.260398864746094
31.955595016479492
25.312721252441406
59.91340637207031
25.0474853515625
36.518001556396484
57.126434326171875
63.753753662109375
45.4514045715332
56.06831359863281
51.50105667114258
27.063169479370117
32.36482620239258
57.10776138305664
30.579057693481445
30.210586547851562
39.08150100708008
31.29508399963379
21.754600524902344
31.465566635131836
47.8417854309082
38.07149887084961
46.55785369873047
48.80184555053711
50.813560485839844
49.27336502075195
19.625898361206055
53.08022689819336
54.870262145996094
37.84511184692383
33.131561279296875
55.03157424926758
33.00971603393555
45.068687438964844
52.96583557128906
37.53406524658203
57.39263916015625
17.39396858215332
23.715599060058594
26.543310165405273
44.973567962646484
38.4413948059082
50.21810531616211
39.301631927490234
52.89878463745117
46.52181625366211
28.682289123535156
48.626121520996094
28.34404182434082
39.677490234375
34.62664031982422
44.76530838012695
23.660602569580078
27.013147354125977
38.64616394042969
46.60980987548828
33.49500274658203
48.095367431640625
57.52006912231445
46.91230392456055
31.276742935180664
11.508343696594238
19.78131103515625
50.27461242675781
51.350406646728516
36.190433502197266
68.71760559082031
46.764442443847656
38.10505294799805
8.157764434814453
25.84992790222168
40.837318420410156
37.215965270996094
37.41873550415039
36.245361328125
23.020009994506836
47.837554931640625
54.3534049987793
32.69034194946289
48.72526550292969
24.358375549316406
27.99394989013672
16.27109718322754
52.649227142333984
20.9077091217041
30.60795021057129
52.18867874145508
14.71574592590332
26.17560577392578
42.16253662109375
36.33162307739258
41.488277435302734
61.60569381713867
25.74835777282715
42.777870178222656
32.69279098510742
31.935314178466797
14.214828491210938
22.852441787719727
42.957515716552734
18.22983169555664
14.434611320495605
41.33441162109375
34.938785552978516
31.151514053344727
46.92650604248047
32.738929748535156
20.619298934936523
18.036365509033203
40.94860076904297
22.27421760559082
42.78990173339844
47.41484832763672
49.29612350463867
44.082496643066406
52.62880325317383
41.44245147705078
32.68463897705078
64.65464782714844
47.43406677246094
17.43302345275879
32.2468147277832
47.89152526855469
32.339866638183594
35.54084777832031
44.699832916259766
54.43577194213867
51.10320281982422
42.16203308105469
47.05790710449219
33.81211471557617
43.12092208862305
47.65133285522461
22.191740036010742
45.93258285522461
18.659461975097656
64.82908630371094
52.04358673095703
27.639299392700195
35.56947326660156
38.11848449707031
39.04401779174805
47.701541900634766
35.90616226196289
6.5027174949646
69.3008041381836
47.685855865478516
13.774105072021484
35.28972244262695
20.482070922851562
18.292776107788086
40.36147689819336
12.504744529724121
22.780445098876953
17.246679306030273
49.67583084106445
32.72011184692383
40.74427795410156
35.94638442993164
36.263023376464844
32.68668746948242
40.55187225341797
67.15269470214844
25.693140029907227
44.703773498535156
40.54977035522461
29.79759979248047
33.12467956542969
17.076534271240234
51.1885986328125
35.21280288696289
46.77979278564453
21.47492218017578
33.33385467529297
34.100341796875
27.950162887573242
47.75311279296875
37.258792877197266
52.25608825683594
49.5667610168457
22.68355941772461
31.74708366394043
32.6807861328125
22.388202667236328
49.64208984375
35.94624710083008
55.871986389160156
19.6143741607666
39.85848617553711
30.850736618041992
31.10184097290039
30.136621475219727
32.09288787841797
24.60367774963379
36.58585739135742
29.58603858947754
47.49609375
17.866153717041016
36.09901809692383
17.91599464416504
48.71260070800781
29.18161392211914
36.787715911865234
33.67548751831055
44.10710525512695
25.377849578857422
53.34618377685547
37.85134506225586
28.380788803100586
55.673709869384766
39.31000518798828
25.40492820739746
53.738304138183594
17.394973754882812
49.787269592285156
44.38967514038086
58.82788848876953
66.83263397216797
50.85858917236328
38.49931716918945
37.37726593017578
24.54279899597168
46.43779373168945
63.192298889160156
32.91514587402344
72.26738739013672
67.63572692871094
36.233577728271484
35.585391998291016
44.04044723510742
30.32577133178711
26.68990135192871
24.62565803527832
45.82192611694336
52.02340316772461
28.669017791748047
43.61708068847656
28.46742057800293
26.768047332763672
17.964927673339844
45.887611389160156
22.797348022460938
15.075439453125
42.39891815185547
37.343997955322266
33.42367935180664
31.534908294677734
18.424428939819336
44.156036376953125
52.960594177246094
31.907461166381836
33.0785026550293
40.29092025756836
35.701114654541016
29.43040657043457
19.060871124267578
19.516742706298828
36.50279998779297
43.04245376586914
17.977916717529297
26.15897560119629
12.3800687789917
40.906402587890625
47.36744689941406
42.34806442260742
34.311561584472656
46.784969329833984
38.630130767822266
51.47347640991211
53.22394943237305
72.34435272216797
30.734525680541992
15.509661674499512
44.38197326660156
28.06905746459961
28.52794647216797
40.76782989501953
43.78573226928711
34.96306610107422
36.43984603881836
48.789955139160156
27.3818416595459
57.64777374267578
27.331762313842773
30.869651794433594
31.953222274780273
33.69256591796875
25.17376136779785
28.242416381835938
11.047175407409668
58.24195098876953
45.02640914916992
34.50627899169922
45.056060791015625
50.14885330200195
53.41706085205078
33.851356506347656
38.55906295776367
45.16583251953125
67.71636199951172
52.408973693847656
59.16562271118164
39.4395751953125
26.09245491027832
16.92540168762207
41.62657928466797
46.25728988647461
45.59435272216797
38.699790954589844
42.843448638916016
25.006362915039062
24.162355422973633
33.91603469848633
17.913299560546875
40.041847229003906
20.969921112060547
27.742328643798828
27.362693786621094
34.932945251464844
13.14555549621582
44.19628143310547
40.81904602050781
35.834136962890625
37.9872932434082
41.24748229980469
58.24555969238281
42.86947250366211
56.393646240234375
30.294055938720703
31.047718048095703
35.26726531982422
43.75904083251953
40.94321060180664
30.7496280670166
33.8768424987793
59.51517105102539
46.81517028808594
21.174903869628906
29.085243225097656
34.215110778808594
47.04043960571289
35.7098274230957
60.75099563598633
43.476009368896484
49.400272369384766
30.07857894897461
51.67604064941406
42.33647537231445
75.78010559082031
66.02263641357422
42.34617233276367
50.52267837524414
21.340429306030273
42.315155029296875
32.54487228393555
31.067350387573242
31.945743560791016
51.9503173828125
41.20457077026367
24.570079803466797
32.71088409423828
37.137603759765625
27.24712371826172
40.04673767089844
39.56433868408203
66.29715728759766
37.308895111083984
37.06005096435547
24.48764419555664
47.82737731933594
29.11232566833496
50.93669128417969
45.083011627197266
45.083980560302734
43.874019622802734
32.103519439697266
33.24375534057617
56.61396789550781
50.68974304199219
48.36756896972656
33.04708480834961
16.411684036254883
43.946712493896484
51.99202346801758
41.69684600830078
55.03243637084961
10.680891990661621
24.57462501525879
32.72739791870117
38.51869201660156
18.470691680908203
42.13669967651367
56.123329162597656
54.98971939086914
61.246116638183594
43.11087417602539
37.761962890625
43.67451477050781
11.804399490356445
34.24565887451172
51.844913482666016
38.44762420654297
14.968388557434082
14.759334564208984
21.455442428588867
44.17533874511719
51.826786041259766
47.75474548339844
60.7064094543457
49.48655319213867
35.27421569824219
43.253395080566406
40.739505767822266
31.242969512939453
56.465171813964844
42.76144027709961
34.35546112060547
68.38423919677734
38.830562591552734
68.27593994140625
44.74761962890625
26.19423484802246
42.18077087402344
33.52067565917969
47.246463775634766
51.0099983215332
27.479175567626953
46.24692153930664
24.51913070678711
44.837120056152344
36.371055603027344
21.19413185119629
41.52067184448242
42.795135498046875
48.88497543334961
44.363670349121094
46.716041564941406
63.13289260864258
40.276939392089844
52.84314727783203
59.837181091308594
43.919761657714844
19.095813751220703
17.758174896240234
42.40017318725586
28.179241180419922
33.13750076293945
34.03545379638672
22.77458953857422
42.22682571411133
34.15107345581055
23.43566131591797
30.00428009033203
39.6865348815918
34.9686393737793
56.00777053833008
25.484752655029297
47.466461181640625
17.41843605041504
41.386940002441406
35.72198486328125
47.646488189697266
40.83222579956055
36.004981994628906
17.922348022460938
15.439702987670898
38.87879943847656
53.66897201538086
36.00086975097656
39.1975212097168
12.504652976989746
30.45268440246582
43.163028717041016
18.478830337524414
33.704429626464844
41.48179244995117
21.03860855102539
40.762413024902344
75.52973175048828
65.06904602050781
43.70539093017578
34.10490417480469
37.25315856933594
37.647220611572266
45.795326232910156
15.529855728149414
44.02366256713867
26.718852996826172
26.931350708007812
39.106082916259766
69.34120178222656
30.349224090576172
36.609676361083984
39.582313537597656
33.45315170288086
60.95717239379883
34.75992965698242
58.01631546020508
16.97121810913086
32.05558776855469
35.89175796508789
48.44894790649414
60.72985076904297
55.301151275634766
59.556495666503906
40.50564956665039
48.41040802001953
31.771316528320312
21.228878021240234
40.790489196777344
47.915367126464844
25.547616958618164
35.40776443481445
35.57439422607422
38.50334930419922
22.769107818603516
37.2761116027832
67.27235412597656
20.68276023864746
33.00276184082031
62.407958984375
8.247855186462402
33.98768997192383
44.73850631713867
17.2417049407959
30.234434127807617
47.565216064453125
22.191776275634766
62.94510269165039
49.62582015991211
33.80607604980469
41.406517028808594
44.28224182128906
42.857940673828125
24.51237678527832
63.76966094970703
56.9132080078125
24.50507926940918
48.050331115722656
24.90448760986328
27.495548248291016
37.72358322143555
62.8225212097168
40.26129150390625
34.80491256713867
21.677541732788086
39.59122085571289
28.214221954345703
40.40483856201172
57.611446380615234
33.98017883300781
37.72304916381836
28.616548538208008
50.22080993652344
40.36893844604492
27.37300682067871
69.89439392089844
50.27445602416992
29.471288681030273
47.6989631652832
56.78815841674805
70.89541625976562
53.01974868774414
24.874244689941406
50.098365783691406
41.58864974975586
58.61648178100586
45.69710159301758
55.68619155883789
47.558387756347656
41.47796630859375
35.10530090332031
33.69133758544922
52.060115814208984
34.037899017333984
39.73820114135742
49.2637825012207
44.97652053833008
34.35980224609375
49.013771057128906
51.123355865478516
25.80295753479004
32.199951171875
29.061004638671875
48.46229553222656
22.891376495361328
54.07676696777344
53.173667907714844
20.890649795532227
39.0726203918457
37.61698913574219
21.958951950073242
38.919921875
23.35845947265625
51.75327682495117
39.07270050048828
46.32415771484375
24.443321228027344
47.18701171875
64.49002075195312
36.649078369140625
20.69690704345703
18.165767669677734
35.11620330810547
44.77537536621094
27.536422729492188
51.16099548339844
34.70242691040039
50.827003479003906
26.354843139648438
23.34520149230957
50.84280776977539
29.00896453857422
33.16896057128906
23.112125396728516
34.39039611816406
33.69859313964844
12.703495979309082
27.975126266479492
20.298124313354492
56.69439697265625
53.76087951660156
53.513912200927734
18.683780670166016
59.87997055053711
70.06037902832031
38.71405792236328
21.452939987182617
28.13572120666504
44.760162353515625
48.316280364990234
38.284149169921875
21.919857025146484
51.10334777832031
33.93147277832031
31.691734313964844
31.010313034057617
41.86138916015625
15.247385025024414
34.794864654541016
56.98027801513672
29.37202262878418
29.943906784057617
45.911231994628906
38.84987258911133
26.97635269165039
39.346927642822266
28.581384658813477
58.41175079345703
26.863285064697266
46.98371887207031
25.86948013305664
12.692082405090332
46.641292572021484
27.47490882873535
22.35137939453125
40.86308288574219
51.24648666381836
19.271221160888672
33.27022933959961
28.81986427307129
44.862457275390625
13.153185844421387
38.5327262878418
51.12468719482422
37.332130432128906
29.533010482788086
34.89617156982422
52.99495315551758
38.460636138916016
23.810230255126953
56.70494842529297
7.107833385467529
25.839122772216797
12.561767578125
29.345232009887695
43.63544845581055
50.7015380859375
46.818626403808594
24.960636138916016
50.7300910949707
64.58843994140625
47.89796447753906
27.05512046813965
37.10020065307617
24.2417049407959
54.99042510986328
43.34917449951172
34.36528778076172
43.60739517211914
43.44841003417969
46.593360900878906
46.12831497192383
18.349035263061523
44.01325607299805
18.01194190979004
60.74162673950195
45.66766357421875
26.446441650390625
58.03520202636719
48.886085510253906
25.775972366333008
7.970661163330078
53.90422821044922
18.21280288696289
40.25840759277344
12.227914810180664
48.428863525390625
22.333988189697266
46.490325927734375
53.4890022277832
28.369312286376953
40.0916862487793
67.44119262695312
19.104393005371094
46.706459045410156
29.270700454711914
45.06230926513672
61.52865982055664
30.006553649902344
30.421207427978516
18.000028610229492
48.401832580566406
27.480453491210938
15.270231246948242
56.29145812988281
44.3848762512207
61.15045166015625
25.83861541748047
52.16682434082031
35.309444427490234
41.1589469909668
29.00029754638672
35.0001220703125
32.319252014160156
22.889083862304688
25.56591796875
20.975698471069336
36.76960372924805
37.555755615234375
19.84436798095703
41.33757019042969
47.95656204223633
45.11870193481445
26.646074295043945
55.989009857177734
39.94895935058594
23.76025390625
9.75420093536377
30.85881805419922
43.58834457397461
25.344207763671875
36.36494827270508
47.87165451049805
26.791011810302734
39.448299407958984
44.405052185058594
24.15475845336914
59.2171516418457
25.35379981994629
27.08574676513672
18.861635208129883
40.376014709472656
44.77165603637695
23.537866592407227
31.614749908447266
38.02913284301758
48.5174560546875
40.076637268066406
33.69390869140625
29.072750091552734
23.875144958496094
39.83488082885742
51.1270866394043
27.2945499420166
45.760623931884766
53.840579986572266
44.992431640625
32.902706146240234
17.106403350830078
33.125858306884766
43.38814163208008
26.217344284057617
33.61417007446289
25.075538635253906
39.4819221496582
31.48456573486328
55.09219741821289
21.325166702270508
41.81242752075195
26.47972297668457
57.48472595214844
20.026992797851562
24.632854461669922
40.9392204284668
46.124610900878906
33.627376556396484
30.86189842224121
71.61298370361328
49.892520904541016
21.960224151611328
37.03154754638672
19.96611213684082
32.67296600341797
39.00090789794922
48.96516799926758
30.391559600830078
28.655149459838867
19.773244857788086
19.22626495361328
18.541074752807617
44.223426818847656
21.362791061401367
22.92844009399414
59.32390594482422
38.43368148803711
44.92030334472656
45.94938659667969
32.8367805480957
40.13264846801758
33.98078155517578
26.288057327270508
42.467350006103516
23.00949478149414
34.76444625854492
28.310821533203125
32.95452117919922
60.2898063659668
56.189918518066406
46.23495101928711
32.49119186401367
55.65885543823242
37.71739959716797
23.637723922729492
26.090299606323242
23.498363494873047
45.323875427246094
16.05283546447754
46.51007843017578
39.199607849121094
67.37700653076172
52.85749053955078
26.311262130737305
43.91244888305664
67.48905944824219
41.33952713012695
47.97441482543945
48.304527282714844
33.237144470214844
23.328786849975586
19.759138107299805
20.7637939453125
29.880325317382812
42.50221252441406
37.76802062988281
29.769901275634766
45.130977630615234
37.37144470214844
19.031864166259766
64.3622055053711
39.46434020996094
37.530235290527344
45.88438034057617
27.177688598632812
10.408418655395508
55.15058135986328
58.964473724365234
41.9295539855957
35.14525604248047
36.62458801269531
49.58879089355469
32.702144622802734
19.581375122070312
26.424903869628906
43.545631408691406
32.798397064208984
28.96773338317871
48.583778381347656
45.88893508911133
29.964527130126953
38.90019226074219
41.238197326660156
20.30623435974121
43.50337600708008
13.352520942687988
36.677398681640625
31.715986251831055
37.20554733276367
20.05160140991211
38.299468994140625
55.08560562133789
23.20198631286621
23.47617530822754
33.6661262512207
24.236814498901367
43.73263931274414
18.017650604248047
46.901580810546875
35.59619140625
48.878944396972656
35.250953674316406
54.51808166503906
46.29585647583008
28.826751708984375
27.482318878173828
44.25343322753906
47.69720458984375
35.62395477294922
9.986730575561523
8.097932815551758
23.394859313964844
46.099876403808594
56.42315673828125
28.308940887451172
46.717533111572266
37.72004318237305
26.064041137695312
32.68181228637695
30.83458709716797
26.46794891357422
41.58893966674805
27.28955841064453
21.7664794921875
41.01597213745117
24.5069580078125
72.94951629638672
47.51353073120117
60.56386947631836
43.7701530456543
24.461835861206055
36.730281829833984
35.391441345214844
22.869089126586914
39.87673568725586
48.012123107910156
52.270530700683594
31.795093536376953
24.471080780029297
62.10102462768555
31.28348731994629
30.771141052246094
53.19647216796875
21.50401496887207
37.02201461791992
25.485103607177734
31.143163681030273
9.989567756652832
44.685794830322266
42.1565055847168
34.281558990478516
25.648738861083984
37.26490020751953
31.739501953125
59.49552917480469
22.608367919921875
27.381532669067383
39.578853607177734
37.17940139770508
52.960052490234375
43.847900390625
20.975536346435547
31.762754440307617
29.96249008178711
21.231290817260742
50.68744659423828
52.712364196777344
38.079689025878906
52.3964729309082
24.05156898498535
57.08298873901367
32.62746047973633
54.984622955322266
29.849477767944336
17.57870864868164
25.45288848876953
17.768428802490234
46.342796325683594
23.30643653869629
46.33307647705078
33.97747802734375
39.31968688964844
40.41352462768555
18.63933753967285
42.67720413208008
32.77301788330078
20.74875831604004
37.08313751220703
6.794281482696533
29.151897430419922
46.48575210571289
31.91277313232422
47.14845275878906
20.101165771484375
59.01097869873047
47.144615173339844
51.63072204589844
25.653472900390625
27.27629280090332
33.767333984375
10.245346069335938
11.695169448852539
38.976112365722656
28.95503807067871
48.665035247802734
64.01226806640625
33.361961364746094
34.099613189697266
55.684974670410156
32.40996170043945
39.84232711791992
24.242773056030273
61.112586975097656
28.563644409179688
49.62732696533203
45.591796875
28.47694969177246
53.68365478515625
49.310821533203125
40.44061279296875
46.85735321044922
34.96695327758789
50.44146728515625
13.975929260253906
41.88890075683594
27.340639114379883
72.63672637939453
38.060062408447266
41.48300552368164
29.504072189331055
35.99608612060547
48.17255401611328
41.104000091552734
37.49110412597656
48.79798126220703
35.421504974365234
65.38802337646484
31.691926956176758
69.587890625
10.489001274108887
29.63263511657715
6.938764572143555
39.641937255859375
58.31256866455078
41.81013870239258
43.550052642822266
56.217247009277344
48.121482849121094
43.32149124145508
34.86713409423828
30.31316375732422
38.967628479003906
35.95021057128906
29.2258243560791
25.811153411865234
10.744702339172363
27.837066650390625
37.87490463256836
44.40544509887695
30.16501808166504
48.14744567871094
46.11245346069336
35.91524124145508
22.57984733581543
26.727672576904297
31.97202491760254
19.340551376342773
70.24127197265625
27.177661895751953
24.765888214111328
54.08538055419922
52.35350036621094
31.212890625
53.12944412231445
34.11892318725586
32.00027084350586
23.45870018005371
47.22853088378906
23.99552345275879
48.307289123535156
22.9124755859375
44.195072174072266
49.115623474121094
41.72755432128906
31.449594497680664
23.20770835876465
58.93341827392578
34.08201217651367
36.14989471435547
45.71410369873047
32.598045349121094
20.436349868774414
31.626895904541016
60.65959930419922
45.21748352050781
48.742496490478516
54.96745681762695
32.947025299072266
72.35528564453125
53.61798858642578
35.24198532104492
37.72968673706055
34.455257415771484
45.92137908935547
33.91252899169922
29.048498153686523
38.120914459228516
44.64921951293945
19.516979217529297
54.776309967041016
27.999114990234375
51.16688537597656
47.559959411621094
49.92300033569336
31.074913024902344
16.964046478271484
31.513179779052734
22.45401954650879
29.655227661132812
14.736125946044922
19.230268478393555
37.832740783691406
26.984731674194336
61.848209381103516
38.47761154174805
58.66044998168945
20.58591651916504
36.315494537353516
26.037059783935547
50.76314163208008
49.9898681640625
39.17236328125
67.08673095703125
56.87952423095703
45.515567779541016
55.84930419921875
32.15941619873047
29.72607421875
35.36066436767578
45.633392333984375
35.714141845703125
52.81320571899414
48.07054138183594
20.04622459411621
33.249237060546875
38.51885223388672
26.055761337280273
27.616352081298828
45.94181823730469
44.33617401123047
47.931278228759766
39.884178161621094
32.90009689331055
45.96247100830078
30.58266258239746
39.44936752319336
43.666664123535156
37.23052215576172
35.59550857543945
23.01167106628418
17.8482666015625
26.91861915588379
48.538692474365234
38.599876403808594
42.010440826416016
48.7906379699707
21.71686363220215
31.8356990814209
39.854801177978516
26.6673583984375
82.04579162597656
40.27708435058594
34.310943603515625
33.361637115478516
25.15216827392578
25.945505142211914
63.47349166870117
40.753082275390625
24.622835159301758
19.73577880859375
12.048921585083008
33.24362564086914
45.259952545166016
39.475826263427734
38.09146499633789
20.061832427978516
33.62776565551758
26.43400001525879
33.30768966674805
22.36992073059082
65.10539245605469
32.51752471923828
36.856510162353516
34.374664306640625
27.46293067932129
28.01347541809082
69.59788513183594
26.68706512451172
29.42436981201172
42.90179443359375
40.9689826965332
32.57965850830078
19.21929168701172
44.24576950073242
63.098941802978516
39.539161682128906
16.351760864257812
52.8625373840332
42.4166145324707
24.24114418029785
38.42774963378906
44.33270263671875
23.981840133666992
39.14967727661133
28.34842872619629
53.61847686767578
29.204418182373047
63.05057144165039
33.40744400024414
36.66276931762695
37.15989685058594
30.62076759338379
37.56958770751953
41.57280349731445
55.434329986572266
32.77601623535156
33.29108810424805
20.12249755859375
25.218162536621094
39.10063552856445
70.43708801269531
33.3093376159668
14.132941246032715
31.60409927368164
39.28812789916992
26.37371826171875
30.189123153686523
33.93519973754883
60.58992004394531
61.72323226928711
27.857900619506836
51.385955810546875
70.400634765625
40.720726013183594
20.810420989990234
58.5238151550293
13.115952491760254
21.094532012939453
41.55223083496094
9.616745948791504
14.307321548461914
20.053606033325195
37.04525375366211
57.671607971191406
45.34397888183594
56.14683532714844
26.655529022216797
61.63646697998047
37.2685661315918
53.17521286010742
38.77287292480469
25.37320327758789
52.967567443847656
40.61237335205078
22.458263397216797
44.4403190612793
62.16636657714844
41.466609954833984
18.527685165405273
55.57335662841797
32.91944885253906
30.776657104492188
26.411252975463867
48.994022369384766
47.427764892578125
30.970293045043945
64.24055480957031
22.93550682067871
56.83491134643555
54.973365783691406
52.368804931640625
71.25492858886719
33.95915985107422
18.548015594482422
36.24433517456055
9.605307579040527
29.99342155456543
61.01426315307617
49.03561782836914
35.11988830566406
31.4561824798584
56.13058853149414
38.7353515625
33.816986083984375
44.80522155761719
51.22909927368164
14.513792037963867
24.31144905090332
26.59970474243164
40.49380874633789
43.50497817993164
17.925844192504883
50.46646499633789
40.89968490600586
65.10871124267578
58.5946159362793
39.95661544799805
30.574384689331055
31.57227897644043
16.7760066986084
45.78932571411133
70.4321517944336
29.14425277709961
22.773265838623047
43.01533889770508
38.767486572265625
39.29767990112305
61.90763854980469
28.571714401245117
37.51482009887695
68.10966491699219
12.539009094238281
9.127521514892578
55.36020278930664
35.6724739074707
52.970848083496094
33.06429672241211
24.935213088989258
16.518125534057617
23.973588943481445
30.819677352905273
31.411794662475586
22.245861053466797
39.46952438354492
50.482112884521484
52.00244140625
22.572433471679688
18.849031448364258
44.3101806640625
28.906435012817383
25.82853126525879
26.063425064086914
53.1578369140625
41.88938522338867
34.85466384887695
23.747055053710938
49.774559020996094
45.70228576660156
37.66864776611328
25.852487564086914
20.09698486328125
28.628482818603516
33.24982452392578
11.743182182312012
18.202804565429688
25.260168075561523
33.90663528442383
63.45792007446289
49.576988220214844
66.40350341796875
38.06465148925781
46.27918243408203
62.32406997680664
41.23591613769531
37.728050231933594
65.05191802978516
26.52942657470703
47.53841781616211
41.526920318603516
28.845243453979492
28.136959075927734
51.69520950317383
63.1084098815918
31.114870071411133
29.18354606628418
11.670757293701172
21.413555145263672
31.905305862426758
30.562231063842773
28.74920654296875
48.112972259521484
77.50387573242188
26.562402725219727
60.80830001831055
28.14655303955078
45.46272659301758
23.428958892822266
28.68868637084961
31.797494888305664
26.59385871887207
33.681419372558594
62.825008392333984
57.89775848388672
32.15802764892578
59.27265930175781
42.62245178222656
66.1964111328125
40.70539855957031
52.40604782104492
27.8061580657959
25.88341522216797
41.59623718261719
46.084014892578125
34.425907135009766
31.321916580200195
44.25497055053711
39.950008392333984
51.31856155395508
47.01930236816406
21.364131927490234
32.13589096069336
15.739091873168945
37.308841705322266
37.8490104675293
65.04331970214844
54.52869415283203
24.496963500976562
39.91643524169922
52.13595199584961
31.6556453704834
48.67242431640625
31.759902954101562
29.66665267944336
59.40163040161133
38.16579818725586
13.298555374145508
56.31076431274414
49.254268646240234
35.66440200805664
41.891998291015625
17.23636817932129
46.20532989501953
63.80704879760742
63.28309631347656
24.45612144470215
50.94411087036133
29.595129013061523
61.174320220947266
46.19926071166992
32.044673919677734
27.855289459228516
54.5185661315918
41.68352508544922
35.77946090698242
37.929325103759766
22.618375778198242
39.613548278808594
15.839814186096191
42.93465042114258
56.1505012512207
21.32567596435547
39.53184509277344
36.845054626464844
48.47654342651367
27.236684799194336
25.54864501953125
52.67531967163086
23.20254898071289
20.765785217285156
46.553226470947266
31.660865783691406
42.86357879638672
19.070423126220703
45.53851318359375
13.212167739868164
27.515804290771484
52.560245513916016
20.406217575073242
37.83906173706055
36.85015869140625
25.614103317260742
20.538908004760742
53.475765228271484
15.983209609985352
16.77659797668457
