6.803492069244385
64.10118103027344
23.700233459472656
54.794288635253906
38.28030014038086
63.45975112915039
62.97502517700195
53.87582015991211
28.1580753326416
43.32064437866211
57.72040939331055
44.853729248046875
34.972145080566406
51.47801208496094
34.40803527832031
40.28290557861328
73.02919006347656
74.5570068359375
61.024131774902344
48.308868408203125
58.080352783203125
41.89839172363281
34.25099182128906
55.78370666503906
44.2071533203125
63.81381607055664
33.72426223754883
30.033634185791016
51.7637939453125
76.03958892822266
39.45654296875
60.879940032958984
41.06830978393555
25.7265682220459
69.70668029785156
24.96464729309082
66.34080505371094
36.57737731933594
27.337032318115234
55.713043212890625
44.49185562133789
23.327787399291992
56.65265655517578
50.479248046875
57.56338882446289
36.35417556762695
27.734905242919922
40.40740966796875
33.800254821777344
37.64186096191406
46.171058654785156
66.33295440673828
30.849769592285156
53.01964569091797
39.20811080932617
53.831626892089844
26.716609954833984
56.39139175415039
29.41705322265625
62.24771499633789
34.43433380126953
50.29246520996094
48.26329040527344
46.644474029541016
75.13487243652344
54.704612731933594
39.7254638671875
40.61845779418945
17.821102142333984
63.292640686035156
23.898073196411133
44.01695251464844
35.36054611206055
54.97888946533203
63.54361343383789
51.66214370727539
45.29886245727539
38.013343811035156
28.99372673034668
39.84031677246094
40.81187438964844
27.348777770996094
63.253440856933594
42.19816589355469
26.303417205810547
54.27302551269531
55.72554016113281
42.74852752685547
28.55062484741211
39.94732666015625
46.549400329589844
46.91536331176758
42.6080322265625
69.64710235595703
29.497398376464844
34.50095748901367
46.97049331665039
50.91374206542969
50.941734313964844
38.591793060302734
50.618446350097656
40.88727951049805
44.345306396484375
59.5501823425293
71.58255004882812
39.25946044921875
31.962448120117188
27.91068458557129
27.799102783203125
44.3790397644043
48.51600646972656
26.045486450195312
32.158851623535156
29.644697189331055
21.88445281982422
35.88003158569336
43.3769416809082
20.338857650756836
36.905941009521484
38.198577880859375
57.37731170654297
24.84261703491211
54.37653732299805
42.080020904541016
27.031578063964844
42.54547882080078
30.1541748046875
39.978153228759766
72.03921508789062
60.470516204833984
42.81614685058594
44.4452018737793
72.25421142578125
20.174970626831055
43.252532958984375
59.25918197631836
34.803924560546875
32.749290466308594
32.91270065307617
44.178375244140625
47.34608459472656
39.533912658691406
37.135677337646484
49.3903694152832
18.966114044189453
60.35706329345703
59.19645309448242
45.690528869628906
31.097253799438477
64.8384017944336
12.59290599822998
47.279109954833984
67.62031555175781
39.96538543701172
33.026710510253906
46.404563903808594
18.58435821533203
77.22918701171875
38.47796630859375
56.224517822265625
54.95298767089844
71.63819122314453
68.90380859375
39.46891784667969
40.716224670410156
59.411109924316406
17.98941421508789
46.86647033691406
30.04448699951172
17.28182029724121
56.14647674560547
42.92188262939453
55.61619567871094
40.60321044921875
34.885704040527344
51.541343688964844
33.514549255371094
37.7777214050293
69.84291076660156
33.62682342529297
53.45280075073242
46.08403396606445
48.60795593261719
21.811988830566406
44.03826141357422
30.750059127807617
31.518083572387695
42.890464782714844
31.048110961914062
39.580013275146484
39.36588668823242
36.96609115600586
61.374359130859375
65.28933715820312
60.332069396972656
35.210819244384766
26.02920913696289
29.80120849609375
51.689361572265625
53.13493347167969
35.31048583984375
36.68670654296875
27.131908416748047
36.1944694519043
26.199594497680664
28.363683700561523
40.296104431152344
54.76320266723633
29.57459831237793
32.90311050415039
53.28539276123047
58.27204895019531
45.71919631958008
30.033830642700195
53.52250671386719
19.734756469726562
30.797779083251953
74.265625
47.35752868652344
34.51795959472656
55.4560546875
46.64539337158203
41.52144241333008
49.69316864013672
42.902523040771484
25.659561157226562
68.46622467041016
34.67798614501953
29.55377197265625
54.58922576904297
35.39894485473633
29.153316497802734
28.325334548950195
42.25983428955078
59.198734283447266
46.242610931396484
47.74073028564453
24.051206588745117
29.963279724121094
31.01072883605957
41.12697219848633
65.91578674316406
33.580848693847656
37.40782928466797
43.214969635009766
55.40067672729492
56.757171630859375
70.81680297851562
41.25014114379883
59.52019119262695
58.067073822021484
37.033077239990234
36.2005729675293
50.71928405761719
50.230308532714844
38.871341705322266
65.20433807373047
19.266403198242188
72.20761108398438
34.93711853027344
32.1470832824707
54.669498443603516
49.38207244873047
60.05961227416992
51.47014236450195
44.44916915893555
44.861167907714844
22.671064376831055
40.672054290771484
33.42536926269531
26.155818939208984
32.172889709472656
34.80918884277344
49.05717468261719
49.81824493408203
34.392173767089844
62.7362060546875
57.367706298828125
46.750282287597656
26.501493453979492
38.12864685058594
70.58893585205078
41.477577209472656
38.470340728759766
32.64407730102539
40.53669357299805
30.45206642150879
39.88731384277344
44.36943054199219
27.95871925354004
13.828997611999512
52.34257888793945
36.15525817871094
49.9041633605957
27.600662231445312
35.426719665527344
36.097877502441406
49.513912200927734
41.3585319519043
50.33789825439453
32.35750198364258
32.93377685546875
25.18724822998047
61.297183990478516
56.50699996948242
46.337467193603516
82.1341323852539
55.31822204589844
30.79274559020996
53.844078063964844
20.976459503173828
38.7341423034668
27.80592918395996
31.274307250976562
74.04524993896484
65.4987564086914
43.26416015625
47.0275764465332
38.473697662353516
53.47314453125
42.4276008605957
33.7843017578125
48.06010818481445
43.380802154541016
60.74605178833008
26.707033157348633
60.697998046875
49.88999557495117
43.30427551269531
56.79892349243164
37.70240020751953
42.89415740966797
88.21624755859375
42.586883544921875
43.31533432006836
29.72496795654297
73.11418151855469
64.01922607421875
38.495113372802734
46.684627532958984
30.332948684692383
57.728580474853516
64.79635620117188
59.94760513305664
13.058072090148926
31.2785701751709
47.8640022277832
25.866029739379883
47.50273895263672
43.80269241333008
39.511844635009766
48.95022964477539
55.46417999267578
49.411739349365234
25.27767562866211
35.55303955078125
49.11941909790039
80.05110931396484
42.33030700683594
43.11444854736328
22.09330177307129
27.841922760009766
64.63520812988281
38.0872917175293
31.014053344726562
29.677928924560547
23.065698623657227
58.915340423583984
27.270322799682617
40.6818962097168
28.938127517700195
49.524784088134766
46.00839614868164
28.45993423461914
46.70920944213867
33.7988395690918
31.509777069091797
27.18606185913086
43.6691780090332
38.526424407958984
27.511735916137695
53.74657440185547
60.85694122314453
63.714073181152344
47.12531280517578
72.6122817993164
21.902420043945312
22.85799217224121
17.982501983642578
53.12480545043945
28.966014862060547
45.856449127197266
44.19865798950195
41.81057357788086
30.005756378173828
84.67693328857422
45.83005905151367
43.858673095703125
71.4343490600586
36.34707260131836
31.971250534057617
40.473148345947266
66.5256118774414
47.698246002197266
54.975948333740234
48.80263900756836
71.02483367919922
26.232011795043945
52.48984146118164
42.22551727294922
30.928409576416016
18.005084991455078
34.732666015625
48.0834846496582
31.39952278137207
45.35573959350586
42.543365478515625
56.28464126586914
55.61483383178711
37.1511344909668
17.221046447753906
46.902366638183594
47.405677795410156
67.7247543334961
11.239304542541504
2.167156219482422
34.268917083740234
32.648033142089844
40.43571090698242
35.80244827270508
20.777507781982422
53.74009323120117
55.1976432800293
25.451353073120117
38.735782623291016
24.903175354003906
44.506160736083984
29.01778221130371
24.939136505126953
60.84267044067383
36.198970794677734
39.88823318481445
61.61846160888672
22.191003799438477
26.841527938842773
25.600767135620117
31.928138732910156
42.9838752746582
33.384647369384766
40.153228759765625
17.94122314453125
46.67021560668945
29.398679733276367
57.321529388427734
46.74118423461914
31.502687454223633
33.380889892578125
29.85293197631836
32.68339157104492
39.784751892089844
53.15850830078125
43.11759567260742
47.155792236328125
42.56365203857422
59.7103385925293
41.65868377685547
26.07583236694336
47.29209518432617
76.64912414550781
45.91303634643555
26.517139434814453
32.42761993408203
38.272422790527344
42.36043930053711
17.627155303955078
62.38772964477539
57.75760269165039
51.20481491088867
31.86824607849121
43.45616149902344
21.617258071899414
43.488380432128906
34.37158966064453
22.34123420715332
65.0860366821289
44.107303619384766
21.40082359313965
9.538145065307617
72.76853942871094
48.36496353149414
47.916748046875
55.07512283325195
31.95005226135254
27.063892364501953
39.12459182739258
44.76785659790039
46.60056686401367
41.34839630126953
51.5113525390625
30.750181198120117
60.74420166015625
59.90919876098633
53.15037536621094
74.79811096191406
29.45693016052246
38.00319290161133
58.82038879394531
70.98739624023438
30.488380432128906
62.5369758605957
38.08523941040039
72.24769592285156
47.44806671142578
38.8564338684082
65.80502319335938
34.566192626953125
52.79594802856445
33.65258026123047
61.75568771362305
16.83584976196289
51.51920700073242
45.59434127807617
31.649864196777344
34.26889419555664
45.461631774902344
30.943483352661133
35.09839630126953
55.08205795288086
32.83879852294922
32.63721466064453
36.897552490234375
51.04814147949219
38.49915313720703
45.69475173950195
53.93864822387695
35.276302337646484
41.974063873291016
45.04647445678711
37.549156188964844
30.316146850585938
52.46583938598633
35.8448486328125
47.24465560913086
63.578243255615234
43.101009368896484
66.78414154052734
50.95329284667969
33.77729415893555
43.663047790527344
52.14057540893555
33.749263763427734
61.01908874511719
45.710044860839844
41.00905227661133
29.99103546142578
48.74104690551758
18.034717559814453
46.138885498046875
31.98301887512207
46.860748291015625
47.363861083984375
44.32645797729492
26.098901748657227
54.642433166503906
35.199310302734375
54.37362289428711
44.09653854370117
33.78984451293945
44.53398132324219
29.850051879882812
48.80104064941406
35.88435363769531
47.79106140136719
53.69409942626953
48.05278778076172
35.16661071777344
30.094575881958008
34.74866485595703
24.306251525878906
32.95768737792969
41.50603103637695
63.85368728637695
31.07223892211914
48.80251693725586
20.64153480529785
46.54502868652344
38.04465866088867
45.318328857421875
40.45903396606445
51.86773681640625
22.13436508178711
45.51906204223633
46.058380126953125
36.37853240966797
30.388553619384766
26.593631744384766
32.75726318359375
35.22676467895508
62.88991928100586
50.26763153076172
62.66922378540039
32.97222900390625
44.02278137207031
62.37803649902344
43.64394760131836
42.69077682495117
37.70915985107422
64.3527603149414
36.83795166015625
66.21854400634766
60.933406829833984
39.79923629760742
66.80521392822266
53.44668197631836
32.573333740234375
39.386863708496094
41.37574005126953
55.30526351928711
40.086097717285156
48.384151458740234
37.07823944091797
71.14562225341797
33.456668853759766
42.17063522338867
40.96155548095703
8.663660049438477
33.47736740112305
40.18955993652344
59.698455810546875
54.15388107299805
55.23302459716797
37.78812789916992
56.088226318359375
41.457061767578125
57.171504974365234
19.121551513671875
29.187902450561523
34.14988327026367
35.33420181274414
33.05391311645508
42.32302474975586
37.84995651245117
42.84789276123047
45.1342658996582
55.98849868774414
38.06751251220703
60.39897918701172
31.361230850219727
33.33977127075195
22.468544006347656
49.68316650390625
45.2251091003418
60.297218322753906
60.15027618408203
37.785194396972656
32.2921142578125
55.27708053588867
28.978029251098633
32.62183380126953
35.200565338134766
32.085723876953125
47.919708251953125
16.14387321472168
28.872575759887695
34.788909912109375
35.079620361328125
46.88526916503906
42.797237396240234
32.13640213012695
43.96088409423828
13.620555877685547
37.20534133911133
27.77534294128418
43.32146453857422
38.36086654663086
46.46721649169922
67.36383056640625
32.303165435791016
57.007957458496094
52.78429412841797
49.678436279296875
28.678133010864258
32.07111740112305
28.95270538330078
57.9548225402832
45.858428955078125
22.56378746032715
35.499568939208984
54.49637985229492
31.427156448364258
52.632015228271484
24.94385528564453
32.79530715942383
52.16917037963867
43.65808868408203
35.01183319091797
48.01322555541992
36.704261779785156
27.084529876708984
43.740638732910156
48.75400924682617
36.74726867675781
67.12492370605469
46.29591369628906
31.86229705810547
46.51398849487305
34.90229797363281
52.327457427978516
15.895561218261719
27.040605545043945
27.581100463867188
42.80316925048828
45.48259353637695
28.23308563232422
80.345947265625
25.908336639404297
35.29628372192383
39.022525787353516
37.013675689697266
54.9090576171875
36.12119674682617
40.17554473876953
25.120201110839844
32.11450958251953
85.94356536865234
48.98585510253906
28.004268646240234
49.01673889160156
45.167701721191406
47.399452209472656
66.6395492553711
24.93543815612793
43.891929626464844
48.65438461303711
37.59247970581055
36.76606750488281
92.304443359375
59.63023376464844
43.97587966918945
27.600975036621094
50.47926330566406
20.7061767578125
33.91633224487305
32.845703125
21.888463973999023
13.659564018249512
45.360694885253906
24.268110275268555
50.63008499145508
38.863525390625
37.591182708740234
32.759490966796875
46.23259735107422
26.886369705200195
43.367347717285156
28.061208724975586
25.386926651000977
21.416095733642578
60.373077392578125
51.29484558105469
40.59416961669922
24.029808044433594
69.59319305419922
45.868656158447266
35.75624465942383
23.867177963256836
62.80940628051758
56.731929779052734
40.50446701049805
27.44944953918457
24.587560653686523
38.307743072509766
44.87193298339844
49.176212310791016
30.148405075073242
45.30510711669922
47.590118408203125
40.83063888549805
24.536283493041992
30.743907928466797
56.317134857177734
26.898164749145508
28.219087600708008
36.10300064086914
45.83097457885742
34.31636047363281
38.30289077758789
37.15910720825195
41.66706085205078
41.86416244506836
38.822227478027344
40.487220764160156
48.60419845581055
43.48533248901367
75.86309814453125
37.7861213684082
39.479042053222656
46.96184539794922
14.338583946228027
43.607810974121094
39.53107833862305
37.67759323120117
31.714500427246094
56.17192077636719
31.59254264831543
58.21590042114258
19.64805030822754
19.843307495117188
26.303741455078125
59.41148376464844
60.4814567565918
36.532814025878906
19.5795955657959
60.36183547973633
30.182424545288086
77.0636215209961
24.60280418395996
48.98114776611328
27.518009185791016
43.040767669677734
27.97372055053711
64.94822692871094
34.65986633300781
46.441837310791016
15.273558616638184
53.60670852661133
76.55036926269531
58.435142517089844
33.07120895385742
72.7654800415039
32.942665100097656
46.48590850830078
29.19415855407715
25.751237869262695
52.69944763183594
43.635894775390625
37.166595458984375
62.90605926513672
58.626502990722656
37.20417022705078
49.38361358642578
47.715274810791016
31.273033142089844
49.37456130981445
29.928707122802734
20.654321670532227
41.3946533203125
41.045387268066406
47.52815246582031
65.10903930664062
57.59359359741211
39.39336395263672
45.69139099121094
36.16826248168945
41.89826965332031
68.88727569580078
39.04248046875
73.70682525634766
45.71366882324219
18.02206039428711
31.809398651123047
46.41889953613281
17.215551376342773
56.99413299560547
64.49455261230469
42.83711624145508
43.33562469482422
58.723453521728516
62.00136184692383
64.16448974609375
22.19405174255371
53.717594146728516
24.95661163330078
39.481285095214844
33.65987777709961
43.38762664794922
53.11363983154297
32.62916564941406
28.16567611694336
28.654687881469727
55.779998779296875
30.82811164855957
63.219154357910156
26.1074161529541
37.86587142944336
10.93874740600586
40.01278305053711
51.55771255493164
57.89119338989258
46.65394973754883
39.622013092041016
36.630714416503906
75.85640716552734
44.143856048583984
33.392948150634766
38.5659065246582
28.262929916381836
33.243953704833984
33.8995361328125
27.16050148010254
44.497188568115234
42.383934020996094
31.537675857543945
66.79151916503906
42.50815963745117
52.72101593017578
39.71514892578125
33.23434066772461
93.18788146972656
62.052616119384766
28.625551223754883
66.58090209960938
38.30199432373047
29.545080184936523
33.48611831665039
58.24101257324219
42.83139419555664
32.2528190612793
41.614173889160156
49.08163070678711
22.814376831054688
43.72978210449219
37.87016677856445
31.101255416870117
43.87339782714844
10.34445858001709
41.56486511230469
53.11425018310547
61.413673400878906
55.21512222290039
18.510839462280273
40.54103469848633
81.96656036376953
30.00255584716797
32.12297439575195
52.27656555175781
51.54571533203125
47.32353973388672
41.381954193115234
35.11918640136719
46.251224517822266
52.94004440307617
57.75616455078125
37.66831970214844
55.79329299926758
40.006526947021484
23.434568405151367
45.57147979736328
63.078548431396484
43.414947509765625
35.94988250732422
32.76909637451172
56.10297393798828
16.995580673217773
59.484107971191406
60.817626953125
74.51046752929688
50.01113510131836
26.61878204345703
38.360267639160156
24.342132568359375
44.034481048583984
45.76700210571289
29.64741325378418
25.431928634643555
51.295982360839844
44.053958892822266
20.503957748413086
35.15171813964844
37.86668014526367
59.544681549072266
39.84733581542969
46.3422737121582
44.14167785644531
42.30536651611328
31.981298446655273
43.048606872558594
41.65230178833008
59.317630767822266
64.39928436279297
22.156700134277344
37.60435104370117
40.57297134399414
65.4655532836914
53.92152786254883
80.90381622314453
59.0435676574707
43.48255157470703
65.15550994873047
52.302452087402344
40.82724380493164
29.027816772460938
36.1442756652832
38.49045944213867
33.260704040527344
44.04043960571289
31.392562866210938
52.20017623901367
14.186685562133789
39.256935119628906
43.99148941040039
58.99605178833008
43.37272262573242
65.34672546386719
20.479799270629883
19.57215118408203
51.36441421508789
74.28907012939453
65.70069122314453
49.827701568603516
54.130455017089844
11.185782432556152
38.579471588134766
39.909481048583984
13.45508098602295
45.2359619140625
43.879451751708984
30.215702056884766
42.01145935058594
40.018287658691406
22.73227882385254
41.54718017578125
15.035505294799805
3.1172235012054443
42.58517837524414
42.87202453613281
48.041622161865234
60.6422233581543
43.722869873046875
45.14290237426758
54.63883972167969
52.356956481933594
40.445960998535156
20.7616024017334
25.299537658691406
62.66297149658203
22.280517578125
12.569733619689941
28.438640594482422
23.632747650146484
41.215484619140625
27.481468200683594
24.62017250061035
27.111709594726562
16.920583724975586
36.65658950805664
68.00726318359375
42.57714080810547
40.00324249267578
61.50418472290039
59.13625717163086
29.9128475189209
31.945852279663086
52.38457489013672
58.489559173583984
36.20929718017578
42.55622100830078
60.56068420410156
50.20744705200195
68.53520965576172
51.8915901184082
22.856191635131836
45.559242248535156
50.54745101928711
38.199623107910156
28.61382293701172
36.182716369628906
39.76642990112305
48.329776763916016
44.2515983581543
40.053184509277344
43.8925895690918
64.49423217773438
26.87403678894043
66.06090545654297
54.041709899902344
23.366043090820312
34.92949295043945
21.16736602783203
63.44512176513672
69.39495086669922
48.28982925415039
44.363853454589844
32.90161895751953
25.250320434570312
47.285003662109375
22.83560562133789
49.747615814208984
16.339641571044922
37.59701919555664
23.446775436401367
45.89277267456055
57.57838821411133
43.49980163574219
41.80363464355469
43.8011589050293
33.64792251586914
59.18914794921875
19.564706802368164
59.46775436401367
25.068788528442383
32.41943359375
45.91891860961914
28.206571578979492
24.393722534179688
35.98347473144531
36.50230407714844
40.46446990966797
30.639541625976562
43.69082260131836
55.675575256347656
23.52047348022461
19.89624786376953
26.459381103515625
38.83805847167969
56.637752532958984
53.51376724243164
31.609960556030273
40.03995895385742
47.92730712890625
40.017032623291016
42.971717834472656
54.54912185668945
53.561859130859375
69.86287689208984
14.325011253356934
18.650442123413086
34.813907623291016
48.60407638549805
49.54778289794922
25.185440063476562
59.486419677734375
58.512062072753906
34.917335510253906
58.204559326171875
54.04817199707031
44.16805648803711
34.44197463989258
32.47928237915039
50.301780700683594
54.18110656738281
43.40196990966797
42.40256881713867
25.97080421447754
40.59495162963867
56.053977966308594
61.039615631103516
56.72600555419922
21.855018615722656
60.013118743896484
59.98296356201172
43.942222595214844
70.2779312133789
57.29378128051758
36.013851165771484
30.091758728027344
54.458587646484375
43.7203369140625
47.012454986572266
45.85723114013672
47.933509826660156
38.96543502807617
77.1368408203125
34.154823303222656
27.36077880859375
19.89981460571289
30.759864807128906
47.16545104980469
62.18295669555664
40.368003845214844
29.364845275878906
32.5953369140625
23.899169921875
39.89295959472656
52.21998977661133
46.50963592529297
76.6302719116211
35.660621643066406
9.936714172363281
23.67362403869629
15.497309684753418
26.557832717895508
72.34510040283203
75.44744873046875
49.88334655761719
51.974464416503906
53.58983612060547
30.95135498046875
30.274763107299805
20.266225814819336
38.51879119873047
47.464595794677734
32.78054428100586
36.945899963378906
49.89385986328125
10.466651916503906
63.206077575683594
29.927791595458984
46.255470275878906
23.992725372314453
36.631595611572266
37.535404205322266
39.35862731933594
28.76214027404785
41.873836517333984
63.11138916015625
48.54966735839844
20.821420669555664
69.89836120605469
8.642843246459961
53.89774703979492
61.234344482421875
60.43178939819336
17.416515350341797
84.87085723876953
26.130382537841797
37.27792739868164
27.558349609375
25.785747528076172
25.958030700683594
40.987693786621094
32.87019348144531
70.72020721435547
43.80220031738281
44.793785095214844
83.83256530761719
69.5262680053711
23.67490005493164
40.03133773803711
40.224571228027344
47.71581268310547
64.157470703125
31.76413917541504
55.29756546020508
44.78950500488281
23.334375381469727
39.1566276550293
49.36334991455078
64.0203628540039
30.50562286376953
40.35794448852539
64.21166229248047
28.942296981811523
66.39163970947266
55.74766159057617
62.09770202636719
58.01179122924805
39.82036590576172
48.835018157958984
25.05049705505371
48.52030944824219
25.97366714477539
58.009273529052734
32.043609619140625
66.94918823242188
36.46174240112305
46.521785736083984
18.028621673583984
64.40592956542969
50.686458587646484
11.798199653625488
46.86091613769531
40.43672180175781
50.97339630126953
79.33589172363281
48.20121765136719
64.47058868408203
18.027067184448242
71.48408508300781
42.67258834838867
41.49290084838867
73.72883605957031
43.91080856323242
45.99205017089844
73.98180389404297
49.71416473388672
39.820987701416016
44.009178161621094
52.89127731323242
28.55898666381836
40.30775451660156
41.18891525268555
28.240234375
45.03738784790039
51.59678649902344
34.75321960449219
38.26972961425781
69.02428436279297
48.09541320800781
34.83090591430664
50.25294876098633
29.245298385620117
24.419544219970703
54.093482971191406
38.82945251464844
33.435516357421875
60.3766975402832
58.575077056884766
22.72926139831543
46.68852996826172
44.69526672363281
32.672218322753906
30.935935974121094
50.331451416015625
22.462688446044922
45.08461380004883
29.512788772583008
54.019371032714844
43.132301330566406
38.02547073364258
33.09226608276367
14.825822830200195
27.877470016479492
42.32489776611328
39.561927795410156
50.50816345214844
40.41343307495117
22.939821243286133
42.35614013671875
63.217166900634766
35.187679290771484
32.10123062133789
50.064388275146484
39.83338165283203
42.541358947753906
47.23956298828125
42.38758850097656
38.06123733520508
34.969730377197266
48.514041900634766
60.62367630004883
34.824920654296875
36.95639419555664
33.10044860839844
35.530616760253906
29.753074645996094
34.67875671386719
49.09306335449219
31.669139862060547
29.516088485717773
24.955781936645508
50.54079818725586
65.68651580810547
32.809967041015625
33.86797332763672
53.13699722290039
45.38184356689453
24.6156005859375
61.73406219482422
28.801870346069336
35.93716812133789
39.76041793823242
36.053741455078125
43.89540100097656
66.0604476928711
53.95563888549805
42.06391906738281
46.34446334838867
44.845855712890625
58.07959747314453
53.51407241821289
66.26887512207031
48.02371597290039
65.22853088378906
64.87991333007812
60.388465881347656
22.460636138916016
42.69375991821289
56.65915298461914
20.28943634033203
45.86726379394531
23.496633529663086
53.76696014404297
52.48137664794922
45.01350784301758
13.067398071289062
44.11170196533203
51.90604019165039
47.05148696899414
34.12763214111328
39.4588623046875
31.713504791259766
61.42985916137695
59.4781379699707
25.62965202331543
18.8442440032959
51.45257568359375
52.93396759033203
37.10548782348633
31.129318237304688
32.77451705932617
52.00483703613281
39.12370681762695
75.37794494628906
31.8964900970459
21.33495330810547
31.221351623535156
58.711082458496094
21.446287155151367
17.86738395690918
30.288177490234375
52.17439270019531
26.35957145690918
34.65232849121094
46.657447814941406
54.37688446044922
37.865150451660156
36.79987716674805
72.37091064453125
26.544658660888672
48.89150619506836
47.137847900390625
34.52595901489258
45.89500427246094
13.119864463806152
35.45164489746094
38.88935852050781
45.895076751708984
45.57831573486328
49.339813232421875
34.27992248535156
55.76737594604492
70.94136047363281
42.4058723449707
25.42934226989746
24.650402069091797
36.918331146240234
33.38944625854492
25.58917808532715
54.934661865234375
29.71668815612793
45.74062728881836
59.490760803222656
50.246376037597656
40.24945831298828
45.260257720947266
53.76527786254883
36.69439697265625
59.94901657104492
31.456567764282227
58.20510482788086
79.18680572509766
67.0129623413086
38.02495193481445
45.62535858154297
44.715728759765625
26.301681518554688
41.352848052978516
47.69215774536133
50.74847412109375
64.78888702392578
29.102113723754883
51.23646545410156
41.60532760620117
47.44240188598633
27.427051544189453
39.52885818481445
56.75025939941406
27.60590934753418
67.76055908203125
72.62980651855469
34.63450241088867
42.755271911621094
37.105533599853516
43.474761962890625
38.77108383178711
26.54708480834961
64.2124252319336
64.0187759399414
37.2376708984375
31.52589225769043
30.07203483581543
34.73929977416992
60.70499038696289
43.10573959350586
45.20466232299805
38.328521728515625
39.21799087524414
42.13690185546875
28.26215934753418
35.26090621948242
43.60157775878906
32.58845901489258
32.4650764465332
10.099529266357422
56.371978759765625
78.9310531616211
24.340290069580078
44.15620040893555
35.79355239868164
34.69551467895508
26.990854263305664
35.91965866088867
60.58978271484375
37.61048889160156
31.696178436279297
40.87936019897461
55.73354721069336
87.71627807617188
40.13623046875
57.45576095581055
61.18071746826172
37.70137405395508
53.37727737426758
55.05803680419922
49.255374908447266
40.83966827392578
34.804039001464844
46.39972686767578
50.16750717163086
27.149547576904297
49.402042388916016
48.747005462646484
34.13212585449219
49.48834228515625
37.500831604003906
46.37125015258789
50.09651184082031
43.2824592590332
19.538982391357422
12.935996055603027
54.40508270263672
51.06922912597656
67.85198974609375
31.594758987426758
42.60837936401367
83.09272766113281
46.39027786254883
23.33901596069336
29.504940032958984
34.94845199584961
19.723634719848633
56.75585174560547
32.040428161621094
50.593414306640625
32.773868560791016
56.460689544677734
20.656648635864258
31.99003791809082
54.198001861572266
33.25905990600586
52.03617858886719
39.954200744628906
36.949195861816406
66.54791259765625
40.58082962036133
45.56279754638672
45.665252685546875
45.173099517822266
41.90538024902344
34.42047882080078
34.31559371948242
43.52864456176758
35.35995864868164
60.434879302978516
41.890472412109375
30.101503372192383
53.13124084472656
47.62849426269531
31.41891098022461
22.57562255859375
63.867305755615234
44.19210433959961
18.938213348388672
39.13683319091797
40.78844451904297
41.169715881347656
49.50395202636719
54.80458450317383
62.939090728759766
44.90157699584961
36.10367202758789
8.673018455505371
65.6108169555664
42.43822479248047
50.706363677978516
37.06110763549805
35.358619689941406
69.0234375
39.757816314697266
49.35956573486328
30.853248596191406
45.390907287597656
48.6223030090332
45.36444854736328
88.67140197753906
40.679649353027344
25.0678653717041
59.49323272705078
26.849271774291992
42.51500701904297
36.32230758666992
75.49275970458984
58.63648986816406
29.20518684387207
35.29368591308594
49.72368240356445
56.56126022338867
55.64009475708008
35.700435638427734
66.7774887084961
42.65259552001953
41.37302780151367
61.38711929321289
48.939544677734375
63.27118682861328
41.328311920166016
34.35011672973633
25.74321937561035
22.837783813476562
60.65916061401367
42.41129684448242
64.060791015625
31.51279067993164
34.232975006103516
48.010581970214844
56.48031997680664
38.98674011230469
48.536720275878906
53.55112075805664
23.387121200561523
60.758323669433594
42.33397674560547
31.945659637451172
46.590599060058594
53.79349136352539
42.25687789916992
31.10483741760254
48.98075485229492
40.177635192871094
55.266639709472656
80.35433197021484
18.971059799194336
78.19571685791016
40.824344635009766
45.14025115966797
28.433204650878906
46.020103454589844
42.559425354003906
24.77151870727539
43.56718063354492
54.25732421875
64.00988006591797
57.69044494628906
55.952239990234375
23.833282470703125
39.6849479675293
33.03734588623047
21.366201400756836
39.05815505981445
42.817195892333984
54.82146072387695
48.304744720458984
30.270240783691406
48.906375885009766
42.130435943603516
38.15803527832031
49.5456657409668
53.73166275024414
50.75264358520508
63.019309997558594
27.201303482055664
73.52985382080078
35.09757614135742
28.761754989624023
29.565719604492188
77.69158935546875
23.87633514404297
49.273494720458984
43.15980911254883
41.047122955322266
39.500511169433594
37.59823226928711
19.714754104614258
28.58713150024414
30.8951416015625
55.50071716308594
57.98110580444336
39.50675582885742
10.333089828491211
33.68931198120117
17.82362174987793
39.25099563598633
54.32294845581055
39.789390563964844
42.31421661376953
26.934667587280273
47.402061462402344
30.791336059570312
53.26250076293945
34.691219329833984
39.32653045654297
35.39453125
63.35722351074219
48.9118766784668
44.90774154663086
33.98072052001953
49.408145904541016
53.31315612792969
44.008853912353516
47.037593841552734
47.09524154663086
41.9456901550293
31.774463653564453
43.05719757080078
15.489182472229004
34.66644287109375
46.881256103515625
29.51982307434082
47.162174224853516
81.23828125
37.535789489746094
36.12099838256836
34.15036392211914
29.551347732543945
8.106308937072754
46.495792388916016
75.57302856445312
36.942962646484375
58.66611862182617
47.021873474121094
18.782136917114258
22.677276611328125
51.88199996948242
41.52715301513672
29.436689376831055
58.13213348388672
38.72853088378906
37.224281311035156
17.574398040771484
24.35872459411621
27.86977767944336
35.77519226074219
47.41869354248047
53.78867721557617
43.74412155151367
37.44716262817383
42.73371505737305
36.53007507324219
49.824764251708984
28.576114654541016
35.862144470214844
51.550785064697266
29.116107940673828
42.99062728881836
36.02972412109375
16.056442260742188
36.52607727050781
41.213565826416016
57.43288040161133
24.935998916625977
41.58018112182617
32.4061279296875
33.41587448120117
49.69380187988281
44.4310417175293
21.932819366455078
53.68412399291992
64.73334503173828
67.06487274169922
58.58768081665039
48.70281219482422
34.421260833740234
48.89591979980469
43.905643463134766
75.18223571777344
61.9675407409668
64.56328582763672
30.649539947509766
27.778440475463867
38.76734161376953
61.33501434326172
34.423377990722656
25.489646911621094
35.61527633666992
60.066871643066406
58.6356201171875
42.941043853759766
34.82920837402344
61.20377731323242
33.82112503051758
32.87337112426758
33.636470794677734
33.542091369628906
34.01177978515625
59.26467514038086
51.544803619384766
34.24549865722656
21.770809173583984
57.48040771484375
27.457839965820312
22.3447265625
61.815467834472656
36.094852447509766
51.42313003540039
47.887264251708984
53.488441467285156
57.73856735229492
31.31744956970215
67.79903411865234
45.93525695800781
52.061092376708984
38.98052215576172
60.13135528564453
47.51616287231445
26.666824340820312
47.32289123535156
29.369539260864258
59.11993408203125
19.35263442993164
57.06513214111328
23.68570899963379
51.044586181640625
43.05662155151367
40.3399772644043
8.274662017822266
73.85502624511719
54.188377380371094
59.47300338745117
28.400310516357422
44.96804428100586
55.18077087402344
42.4463005065918
32.00358581542969
48.21057891845703
37.64469909667969
29.93227195739746
40.899112701416016
50.191551208496094
45.33892059326172
40.31800842285156
51.33168029785156
26.37411117553711
4.680322170257568
40.2126350402832
59.026615142822266
20.832805633544922
54.88698196411133
46.83605194091797
59.30843734741211
69.15828704833984
58.12505340576172
44.412147521972656
50.61204147338867
31.876867294311523
30.588010787963867
80.14179992675781
38.09158706665039
36.745704650878906
50.538238525390625
42.571563720703125
28.411518096923828
31.612762451171875
36.499935150146484
47.26042938232422
31.93770408630371
45.363182067871094
40.16715621948242
69.65007019042969
43.287940979003906
61.81150436401367
91.28829956054688
43.8582649230957
55.30156326293945
47.04065704345703
34.90180587768555
39.7028923034668
51.66987991333008
47.795623779296875
74.23667907714844
51.88385009765625
24.717111587524414
30.345821380615234
46.55522537231445
47.37529754638672
47.90609359741211
55.8764762878418
14.346113204956055
26.21242332458496
47.525875091552734
39.2863655090332
32.03388595581055
67.39266967773438
56.432777404785156
54.69186782836914
60.869293212890625
15.017462730407715
56.0974006652832
23.319246292114258
43.495506286621094
32.60103225708008
26.582929611206055
35.523681640625
44.9324951171875
46.319602966308594
69.51132202148438
29.69424057006836
49.054752349853516
31.55483055114746
76.11974334716797
38.41887283325195
46.961830139160156
50.545692443847656
49.10618591308594
43.493717193603516
25.083833694458008
65.94575500488281
48.656864166259766
43.115196228027344
42.019630432128906
29.13402557373047
38.056453704833984
44.07184982299805
43.95028305053711
36.158477783203125
58.66603469848633
76.42365264892578
34.73474884033203
59.97785186767578
35.88515090942383
62.47822952270508
50.62734603881836
19.986942291259766
84.91346740722656
21.493511199951172
14.448612213134766
19.590822219848633
21.76615333557129
48.288326263427734
30.127086639404297
49.79244613647461
38.4193229675293
71.66796112060547
39.72342300415039
21.86556053161621
40.99650192260742
38.91716766357422
69.37519073486328
39.5927848815918
33.01655960083008
70.06632232666016
29.766925811767578
56.70008850097656
31.44379997253418
61.443878173828125
35.93607711791992
59.599639892578125
48.49020767211914
54.40267562866211
26.88201904296875
38.249813079833984
24.29053497314453
19.645233154296875
5.559637069702148
23.184301376342773
29.879106521606445
57.38589859008789
38.82780075073242
13.763620376586914
29.315780639648438
50.68317794799805
55.990177154541016
29.728614807128906
43.11947250366211
25.750696182250977
42.82169723510742
57.14695739746094
22.62346076965332
51.43374252319336
11.829607963562012
44.63212966918945
34.596824645996094
22.8992919921875
28.779987335205078
27.034284591674805
46.33408737182617
75.37522888183594
52.401058197021484
16.642122268676758
43.729583740234375
25.624292373657227
54.80418014526367
20.262731552124023
38.134193420410156
48.46104431152344
20.446720123291016
72.28266906738281
64.22120666503906
43.55778503417969
46.00035095214844
76.15536499023438
80.18626403808594
32.77193832397461
61.884830474853516
63.04886245727539
15.675930976867676
46.099090576171875
38.22533416748047
10.30762767791748
69.31507110595703
37.56023025512695
38.965065002441406
58.925865173339844
21.477317810058594
44.556827545166016
39.774620056152344
33.60649108886719
11.619539260864258
31.14673614501953
38.794212341308594
37.28865432739258
52.00112533569336
38.22069549560547
12.537834167480469
59.578857421875
81.5034408569336
43.62721633911133
37.931941986083984
37.5340461730957
41.30794906616211
35.446006774902344
40.04890441894531
40.65301513671875
41.60818862915039
43.4456672668457
52.941158294677734
56.26665496826172
61.414634704589844
64.11805725097656
58.86882781982422
43.96542739868164
56.365447998046875
61.69130325317383
30.297821044921875
54.35838317871094
27.28026580810547
42.8159294128418
47.864749908447266
72.17938232421875
46.7364616394043
35.56313705444336
48.73849868774414
52.28296661376953
38.78384017944336
35.08633041381836
39.669281005859375
28.659404754638672
54.69367980957031
44.35223388671875
61.68910598754883
20.167089462280273
28.847265243530273
86.64590454101562
50.84718322753906
38.8936653137207
30.78476333618164
75.84717559814453
33.6042366027832
32.796390533447266
61.13774108886719
33.619144439697266
53.40757369995117
34.73784637451172
42.216373443603516
35.39360809326172
34.304054260253906
47.554222106933594
40.66851043701172
44.404972076416016
33.66506576538086
53.504486083984375
78.444580078125
44.86320495605469
55.071678161621094
26.26145362854004
36.041473388671875
41.98072814941406
51.30369567871094
16.12245750427246
56.6409912109375
39.71604919433594
42.38719177246094
49.7509651184082
36.15399932861328
22.76936149597168
38.28474426269531
50.88288879394531
31.31778907775879
40.06522750854492
60.333003997802734
52.05388259887695
40.42475891113281
60.753299713134766
37.90055847167969
48.31224060058594
59.42729187011719
43.02391052246094
29.17331314086914
63.1432991027832
54.1551628112793
51.88734817504883
38.068294525146484
47.22407150268555
23.798242568969727
50.45671081542969
33.03228759765625
31.31538963317871
47.591331481933594
14.805543899536133
51.120235443115234
57.91080856323242
34.09547424316406
49.134830474853516
38.813011169433594
54.33396530151367
49.129310607910156
49.390296936035156
66.744873046875
67.76766967773438
48.586483001708984
65.67279052734375
39.96664047241211
9.403641700744629
36.80638122558594
31.62906837463379
29.114164352416992
28.70844841003418
53.36766052246094
62.11739730834961
48.29851150512695
44.339351654052734
51.49688720703125
53.176658630371094
53.008827209472656
35.60091018676758
45.12773513793945
33.63241958618164
49.72749328613281
63.05245590209961
42.023067474365234
58.59228515625
63.91782760620117
84.69530487060547
35.094730377197266
84.69528198242188
66.61186981201172
39.9091796875
67.50357818603516
51.93099594116211
52.07633972167969
26.380983352661133
29.898601531982422
9.309436798095703
33.03555679321289
36.37705612182617
34.337459564208984
35.17068862915039
62.692928314208984
44.72373962402344
31.488061904907227
31.265382766723633
33.80979919433594
31.285663604736328
45.5894775390625
79.68184661865234
92.79933166503906
19.53106117248535
37.531211853027344
79.57935333251953
37.2624397277832
44.88129806518555
38.48571014404297
35.292545318603516
61.56991195678711
38.65415573120117
48.63404083251953
45.12776565551758
71.93391418457031
24.339038848876953
43.288719177246094
40.36651611328125
48.986019134521484
49.85185241699219
45.09010314941406
39.5656623840332
58.06717300415039
56.260581970214844
49.832035064697266
33.15682601928711
31.906015396118164
61.206260681152344
23.59231185913086
27.082658767700195
47.38389587402344
43.483917236328125
40.814002990722656
32.60621643066406
45.811676025390625
63.881961822509766
36.380855560302734
45.24702072143555
40.03688430786133
45.82912063598633
49.45560836791992
24.32988166809082
25.418724060058594
36.425575256347656
39.97481155395508
45.364715576171875
57.8912239074707
31.771913528442383
50.98274612426758
50.08019256591797
51.34238815307617
59.282264709472656
32.149208068847656
28.471086502075195
58.12224197387695
34.77143859863281
61.93864822387695
31.03536605834961
29.918527603149414
38.86050033569336
39.31635284423828
37.91554641723633
39.11363220214844
22.47064781188965
36.4266242980957
53.842620849609375
52.168819427490234
60.237144470214844
38.10308837890625
60.97951126098633
45.583343505859375
53.756587982177734
38.62018585205078
46.3484992980957
39.835540771484375
28.168041229248047
55.78133773803711
39.23810577392578
39.779693603515625
21.716596603393555
41.78784942626953
55.599178314208984
29.08299446105957
43.050628662109375
46.849037170410156
42.67694854736328
31.358186721801758
55.16864013671875
44.32828903198242
36.14437484741211
34.77271270751953
30.4883975982666
28.833370208740234
57.61434555053711
49.70528030395508
32.874568939208984
27.957382202148438
41.01958465576172
64.52938842773438
43.517940521240234
24.379819869995117
28.964054107666016
63.93883514404297
39.67184066772461
55.529075622558594
30.776668548583984
42.575016021728516
67.71127319335938
38.06393051147461
34.05545425415039
14.991796493530273
43.00871658325195
57.173133850097656
35.15810012817383
42.47465896606445
64.503173828125
38.919776916503906
31.340620040893555
41.77055358886719
38.37155532836914
49.92912673950195
66.34149932861328
31.278667449951172
41.31788635253906
37.233116149902344
38.40407180786133
38.27735137939453
21.749982833862305
54.6610221862793
30.77178955078125
21.84344482421875
37.758399963378906
37.18550109863281
62.613826751708984
36.889930725097656
40.503173828125
30.332401275634766
27.293434143066406
28.059906005859375
29.656404495239258
54.734535217285156
21.15602684020996
46.10886001586914
42.87335205078125
56.637481689453125
55.19072341918945
36.67634201049805
58.82107162475586
53.24054718017578
32.75574493408203
16.859357833862305
40.681854248046875
41.43178939819336
38.15360641479492
41.1711311340332
49.86213302612305
39.66353988647461
34.570858001708984
25.64052391052246
71.16285705566406
54.39335632324219
40.17743682861328
40.87314987182617
32.601646423339844
16.942495346069336
31.615522384643555
67.49945068359375
55.46744155883789
46.642601013183594
29.085105895996094
27.111478805541992
49.27436828613281
36.97486877441406
58.18256378173828
57.55382537841797
24.910972595214844
59.91044235229492
24.654125213623047
47.4507942199707
56.05012130737305
26.239030838012695
45.2969970703125
77.81787872314453
35.20669174194336
37.35523223876953
23.753028869628906
50.70969009399414
59.19099426269531
27.31787872314453
27.384521484375
39.120323181152344
30.6671199798584
69.97412872314453
38.383018493652344
26.820613861083984
70.66294860839844
38.54439926147461
43.6120719909668
41.32529067993164
61.241580963134766
56.61610412597656
12.196616172790527
50.18148422241211
32.45359802246094
34.52726364135742
31.501792907714844
42.857643127441406
47.823333740234375
39.743919372558594
27.9906005859375
28.021846771240234
16.968753814697266
41.429893493652344
38.429283142089844
47.94306945800781
37.52030944824219
19.153474807739258
65.07461547851562
31.091276168823242
28.767311096191406
30.63632583618164
22.91803741455078
50.59189987182617
6.707599639892578
28.398311614990234
65.53727722167969
26.512022018432617
67.1695785522461
36.917327880859375
71.00209045410156
50.78397750854492
33.50644302368164
58.06380081176758
43.394229888916016
34.81135559082031
45.922542572021484
46.058311462402344
32.81755447387695
53.921539306640625
21.211109161376953
41.19025802612305
46.47413635253906
53.0333251953125
53.64830017089844
49.432579040527344
43.65416717529297
34.60636901855469
27.568605422973633
43.911521911621094
62.36686706542969
35.4239501953125
28.546707153320312
52.81827926635742
42.162750244140625
52.82497024536133
32.36919403076172
54.64570617675781
37.795448303222656
85.51396179199219
26.303836822509766
52.31039047241211
23.184524536132812
60.147483825683594
57.84705352783203
40.11977005004883
28.290931701660156
77.07508087158203
46.392974853515625
33.91250991821289
63.28168487548828
68.2323989868164
35.76536560058594
46.75226974487305
43.55235290527344
42.573646545410156
29.419790267944336
43.11040496826172
36.5550537109375
39.384639739990234
41.50482940673828
56.352909088134766
39.35759353637695
53.47080612182617
37.268348693847656
25.227596282958984
25.2061824798584
55.79005813598633
24.29815101623535
40.722991943359375
49.88370895385742
38.93645095825195
55.20920944213867
35.38687515258789
57.421844482421875
49.2012939453125
47.80373764038086
34.72250747680664
50.67417526245117
92.90323638916016
42.38009262084961
46.785423278808594
38.74557876586914
31.69197654724121
44.32709503173828
36.87163162231445
34.138614654541016
67.20561981201172
41.358604431152344
28.597579956054688
26.866241455078125
32.87257766723633
53.697879791259766
42.842018127441406
40.38995361328125
37.246334075927734
57.85300827026367
49.94792556762695
34.5783805847168
35.42110824584961
44.717735290527344
42.44206237792969
32.36383819580078
41.07387161254883
26.440053939819336
50.31108474731445
44.12736129760742
51.01176452636719
41.24516677856445
50.458274841308594
41.34593200683594
60.36480712890625
31.402976989746094
65.22097778320312
53.02430725097656
60.04072952270508
54.06683349609375
28.756324768066406
22.893707275390625
33.278778076171875
48.361839294433594
38.82451248168945
33.4500846862793
39.73762893676758
45.771053314208984
57.95272445678711
54.51131820678711
18.410844802856445
34.41937255859375
67.28038787841797
49.088680267333984
49.56237030029297
64.83733367919922
46.480262756347656
36.99441909790039
42.0273551940918
38.98509979248047
46.52873229980469
44.2540283203125
39.59276580810547
47.58732986450195
33.38508987426758
22.25247573852539
34.755428314208984
74.30887603759766
29.19636344909668
52.73351287841797
22.602344512939453
20.24213981628418
29.73531723022461
56.77056121826172
47.257877349853516
42.19852066040039
86.09947967529297
33.8178825378418
24.82179832458496
37.071006774902344
47.02334213256836
31.564546585083008
66.45975494384766
38.250308990478516
59.039268493652344
52.1331787109375
60.438751220703125
21.661636352539062
38.608848571777344
45.98487091064453
39.739681243896484
38.121829986572266
36.70087432861328
79.09528350830078
48.28047561645508
29.445404052734375
35.09059143066406
25.13237190246582
37.6212043762207
46.34034729003906
47.2239990234375
45.833553314208984
36.310848236083984
48.66964340209961
28.489742279052734
63.05290985107422
33.105960845947266
18.476930618286133
21.164873123168945
76.0269546508789
59.227569580078125
18.067771911621094
41.28940200805664
52.51005935668945
37.456207275390625
42.153053283691406
36.19597244262695
33.710479736328125
19.81490707397461
31.47283172607422
64.33756256103516
46.03361511230469
29.50997543334961
32.31614303588867
31.7257080078125
47.53138732910156
79.6506576538086
25.031286239624023
27.65047264099121
56.132083892822266
44.072391510009766
23.726686477661133
46.78824996948242
76.9710922241211
29.24350929260254
46.19523239135742
46.80221939086914
70.33989715576172
73.40908813476562
29.69402313232422
10.269864082336426
33.28032684326172
34.060543060302734
38.81659698486328
49.36269760131836
73.19956970214844
54.78561782836914
59.708396911621094
32.34695053100586
52.171085357666016
66.10469818115234
39.55074691772461
63.32210922241211
40.153480529785156
51.26766586303711
24.01959800720215
36.06760787963867
36.0269889831543
52.786006927490234
58.48076248168945
91.74844360351562
27.693992614746094
47.787025451660156
52.25267791748047
54.67005157470703
54.133121490478516
69.97374725341797
32.8031005859375
20.725875854492188
46.86799240112305
84.99557495117188
51.9262580871582
60.68157196044922
43.84517288208008
27.28584861755371
38.56184005737305
29.731595993041992
48.787437438964844
37.04890441894531
55.22013854980469
27.3299617767334
37.62546157836914
38.15202331542969
31.389842987060547
51.20151138305664
76.47894287109375
47.435386657714844
25.876529693603516
63.79572296142578
50.024131774902344
37.86170196533203
26.748001098632812
51.26021957397461
31.104854583740234
28.47481346130371
61.34607696533203
39.45487976074219
38.655784606933594
27.36859703063965
37.22321319580078
22.57807159423828
29.57508659362793
14.07031536102295
31.016313552856445
36.737186431884766
54.67947006225586
73.6592788696289
49.96643829345703
30.1202392578125
19.755250930786133
37.20832824707031
43.892696380615234
26.013431549072266
52.653114318847656
35.75923538208008
32.85987854003906
39.324527740478516
26.81892967224121
86.87451171875
34.600948333740234
42.60395050048828
22.04237174987793
49.332393646240234
75.70121765136719
33.93494415283203
59.50408172607422
51.9852180480957
40.52952575683594
28.749282836914062
24.04266357421875
25.356746673583984
34.820396423339844
29.823287963867188
51.807960510253906
44.390533447265625
54.20600128173828
49.69309997558594
23.494388580322266
32.63243103027344
30.86962127685547
12.603185653686523
30.14790153503418
45.264976501464844
27.96996307373047
47.54212188720703
30.181188583374023
43.37068557739258
18.77788543701172
40.453590393066406
49.69866180419922
20.577991485595703
13.051981925964355
53.56217575073242
53.45863342285156
37.21882247924805
39.47479248046875
27.187803268432617
64.69877624511719
40.206302642822266
18.56550407409668
41.58625793457031
57.037418365478516
22.948768615722656
52.98819351196289
50.08247375488281
49.3328857421875
59.09114456176758
35.26957321166992
21.412084579467773
19.192110061645508
52.936012268066406
52.025787353515625
29.383752822875977
32.87934494018555
43.37269592285156
43.548675537109375
64.56180572509766
49.02997970581055
78.45437622070312
61.27045822143555
57.718048095703125
30.59494972229004
36.193763732910156
63.13570022583008
61.31368637084961
63.01641845703125
39.73645782470703
28.60460090637207
47.71385192871094
46.315399169921875
32.48452377319336
61.840843200683594
56.98714828491211
60.969970703125
42.94554138183594
47.64356231689453
34.35696792602539
40.907588958740234
42.42564392089844
47.764591217041016
54.49263381958008
45.7744255065918
55.35222625732422
41.312103271484375
53.815940856933594
33.40626525878906
30.314271926879883
42.14149856567383
65.63412475585938
51.08208465576172
56.183807373046875
63.2326774597168
35.45263671875
90.46880340576172
46.100067138671875
30.546052932739258
36.419700622558594
50.02436828613281
23.6896915435791
38.839962005615234
44.24848556518555
43.25761795043945
33.01031494140625
42.249359130859375
37.45270919799805
63.85523223876953
51.61040496826172
37.2113151550293
56.90502166748047
50.067298889160156
43.4233512878418
42.87477111816406
62.49569320678711
39.53666687011719
71.4978256225586
38.229164123535156
22.409122467041016
46.21144485473633
46.01531219482422
41.60475158691406
52.979835510253906
34.03224563598633
51.450233459472656
56.86613464355469
42.011505126953125
34.778228759765625
44.50795364379883
50.649810791015625
40.259952545166016
25.292484283447266
26.914104461669922
71.89611053466797
60.524845123291016
48.14274597167969
40.87864303588867
66.41663360595703
45.75471878051758
35.671958923339844
68.25762939453125
56.89848709106445
50.068233489990234
51.58238983154297
30.905414581298828
64.6043701171875
53.087493896484375
39.468990325927734
30.860633850097656
27.232866287231445
37.27494430541992
54.70125198364258
25.926204681396484
42.12651062011719
67.37345886230469
64.1546859741211
71.22386169433594
86.14030456542969
47.3761100769043
28.451276779174805
48.38434982299805
45.040706634521484
32.437618255615234
51.53150177001953
35.095619201660156
65.48773193359375
38.25819396972656
7.492476940155029
49.66835021972656
58.136558532714844
57.165950775146484
30.167299270629883
66.7794418334961
49.0439453125
23.982683181762695
27.59408187866211
17.927400588989258
39.74683380126953
41.752357482910156
36.53386306762695
3.864840507507324
56.26194763183594
61.190147399902344
20.842824935913086
54.613468170166016
34.8314208984375
52.448631286621094
19.400741577148438
36.82578659057617
82.09497833251953
23.8646240234375
54.5797233581543
63.858551025390625
31.099000930786133
35.3974723815918
35.29016876220703
25.944026947021484
53.82625961303711
31.551639556884766
46.571537017822266
38.27122497558594
37.49831008911133
26.336347579956055
56.078948974609375
41.841529846191406
34.171695709228516
53.358367919921875
39.48468017578125
30.253690719604492
48.17228698730469
60.00053405761719
44.868690490722656
66.76625061035156
53.81574249267578
19.991905212402344
71.10984802246094
63.06875991821289
37.065162658691406
21.033689498901367
19.18064308166504
27.363277435302734
55.13650894165039
