73.22379302978516
57.24348068237305
58.70221710205078
47.16963195800781
64.75450897216797
54.80912399291992
58.25447463989258
46.82982635498047
58.152557373046875
86.05626678466797
77.5374984741211
52.79811477661133
66.18018341064453
39.13103103637695
25.38411521911621
72.50373077392578
79.91385650634766
89.91371154785156
49.80488204956055
74.93475341796875
49.967735290527344
45.875694274902344
43.001609802246094
47.90968322753906
52.24335479736328
65.99102020263672
59.12137985229492
63.58053207397461
80.76612091064453
63.30748748779297
69.40987396240234
58.16828918457031
54.97495651245117
83.96514129638672
43.12308883666992
45.66421127319336
35.084571838378906
89.46932983398438
50.53181076049805
34.12144088745117
69.48821258544922
55.015159606933594
70.90951538085938
32.39805603027344
47.657833099365234
41.71709442138672
67.63921356201172
53.13161849975586
72.43358612060547
96.55793762207031
48.07719802856445
29.61429214477539
70.03057861328125
50.53525161743164
59.30534362792969
86.50941467285156
103.10238647460938
34.73464584350586
72.71845245361328
75.5388412475586
70.87164306640625
59.70872116088867
44.39856719970703
78.303466796875
56.10050582885742
48.32915115356445
28.198272705078125
63.344215393066406
81.02859497070312
66.87726593017578
53.497642517089844
41.84556579589844
101.189208984375
58.21556854248047
60.97291564941406
56.89759826660156
51.148162841796875
78.94409942626953
54.131412506103516
29.90624237060547
67.3355941772461
53.7323112487793
44.70870590209961
66.81924438476562
49.249855041503906
56.126495361328125
67.48153686523438
52.81766128540039
20.72846031188965
65.3501968383789
60.96601867675781
66.10431671142578
69.8180160522461
40.27217102050781
51.251197814941406
62.37173843383789
63.097164154052734
37.39283752441406
58.16731262207031
57.58802795410156
47.63883590698242
50.808040618896484
42.52734375
51.35960006713867
50.31620788574219
71.17445373535156
67.60680389404297
71.21570587158203
48.46650314331055
48.84469223022461
66.7456283569336
60.50423049926758
49.153316497802734
54.092079162597656
65.7819595336914
55.83683395385742
62.275238037109375
60.51411819458008
69.01891326904297
83.00491333007812
16.977750778198242
57.0890998840332
63.11619186401367
86.1098861694336
51.188629150390625
59.1713752746582
64.68578338623047
67.70210266113281
77.99359893798828
79.54405975341797
38.903533935546875
71.25812530517578
63.89804458618164
53.91030502319336
48.21868896484375
50.775081634521484
55.43867111206055
62.6253776550293
85.16900634765625
79.35712432861328
93.03968048095703
58.868080139160156
55.56816482543945
72.0620346069336
55.79090118408203
71.29630279541016
49.64044189453125
54.11572265625
46.22492218017578
46.03031921386719
62.88527297973633
54.165924072265625
56.5799560546875
66.82463836669922
72.6613998413086
66.58880615234375
53.0418815612793
68.5032730102539
59.30434799194336
48.4608154296875
73.79037475585938
69.25286865234375
69.66155242919922
52.543800354003906
44.798824310302734
42.19972229003906
67.83984375
54.21031951904297
70.33692169189453
50.38282012939453
61.415184020996094
17.92382049560547
56.75360870361328
47.84381103515625
44.358482360839844
67.39326477050781
57.59803771972656
74.81087493896484
43.049129486083984
41.99475860595703
64.48422241210938
79.01327514648438
65.76343536376953
60.12447738647461
49.20428466796875
58.40837478637695
54.702049255371094
66.47123718261719
37.1607551574707
75.10030364990234
59.116432189941406
32.81332015991211
41.039371490478516
82.5663833618164
46.43104934692383
72.0710220336914
67.8272933959961
69.0890121459961
47.437870025634766
49.808258056640625
64.8763656616211
64.31088256835938
33.01044464111328
76.99220275878906
77.17013549804688
83.6635971069336
85.88899230957031
65.05169677734375
76.70633697509766
62.175392150878906
26.901899337768555
66.99215698242188
51.75004196166992
34.035213470458984
68.02520751953125
91.57424926757812
69.70753479003906
37.506736755371094
44.936885833740234
34.86838912963867
75.6718521118164
46.438804626464844
43.144081115722656
33.21220397949219
122.4471664428711
95.01331329345703
37.609954833984375
32.627906799316406
41.08989334106445
60.26741027832031
79.00692749023438
36.50934600830078
108.40216827392578
77.4634780883789
58.07570266723633
69.91808319091797
76.07780456542969
90.7753677368164
58.760589599609375
57.01308059692383
73.13500213623047
38.170772552490234
68.29116821289062
66.59832763671875
49.77705383300781
30.93943214416504
62.118751525878906
58.596256256103516
57.568077087402344
89.78218078613281
75.57328796386719
75.94593048095703
62.464080810546875
72.80619049072266
38.99195098876953
52.30259704589844
70.21666717529297
54.001182556152344
55.00910186767578
60.62519454956055
32.84568786621094
90.00288391113281
60.18996810913086
58.33998489379883
33.74681091308594
33.767250061035156
101.69719696044922
41.905826568603516
63.41731262207031
52.85427474975586
65.05868530273438
33.800479888916016
55.64996337890625
58.65784454345703
16.213855743408203
49.68571853637695
46.89763259887695
62.785858154296875
114.47666931152344
76.18098449707031
68.45071411132812
53.68437576293945
59.467491149902344
37.800758361816406
84.99702453613281
60.90570068359375
54.22761154174805
19.323957443237305
46.30186080932617
73.60631561279297
53.865047454833984
16.50251007080078
74.35226440429688
65.50746154785156
63.65077209472656
83.41648864746094
68.13582611083984
56.101802825927734
67.41181945800781
61.3851432800293
89.87518310546875
52.865535736083984
85.07147216796875
70.89875793457031
81.1261215209961
61.676429748535156
66.96451568603516
45.32466125488281
78.56629180908203
60.42138671875
32.09484100341797
38.41365432739258
35.59474182128906
46.93796920776367
36.0858154296875
101.07344055175781
62.017791748046875
41.38314437866211
56.777557373046875
62.01218795776367
81.4315414428711
49.402320861816406
47.738826751708984
61.77198028564453
76.98126220703125
92.84639739990234
58.2492561340332
62.089561462402344
71.5145263671875
89.20319366455078
56.68185043334961
90.33721923828125
36.819908142089844
45.82319259643555
52.362491607666016
55.827392578125
66.14067077636719
79.31007385253906
79.3902359008789
74.65455627441406
104.74584197998047
39.18299865722656
63.88454818725586
54.30380630493164
92.17200469970703
85.82444763183594
38.62543869018555
36.55519104003906
58.43928909301758
80.49223327636719
76.28355407714844
72.65232849121094
66.14292907714844
66.03179931640625
61.15525436401367
47.78788757324219
43.69646072387695
42.53595733642578
54.44997024536133
63.763328552246094
80.0464096069336
64.76937103271484
74.54161071777344
65.03186798095703
68.48705291748047
66.84191131591797
85.83236694335938
54.995933532714844
59.80821990966797
61.793514251708984
39.25080108642578
59.1014518737793
69.74108123779297
81.00997924804688
74.44518280029297
99.45195770263672
58.466285705566406
27.006380081176758
49.864166259765625
47.657413482666016
79.74188232421875
51.17713165283203
91.7643051147461
57.185604095458984
48.49760818481445
71.88459014892578
77.03167724609375
15.138505935668945
43.24881362915039
50.35072708129883
49.08625793457031
56.618690490722656
53.51809310913086
52.41771697998047
78.82107543945312
71.45865631103516
50.22304916381836
45.292930603027344
62.47613525390625
51.02751159667969
34.3186149597168
60.071102142333984
55.12786102294922
76.99493408203125
45.28029251098633
58.344390869140625
60.43061065673828
30.34453010559082
48.04950714111328
29.377286911010742
75.32760620117188
51.49788284301758
44.75870895385742
68.03482055664062
65.49433898925781
66.99590301513672
59.627506256103516
65.88864135742188
29.792888641357422
48.10692596435547
62.4322395324707
81.90885162353516
61.14714813232422
101.94017028808594
34.680641174316406
94.28680419921875
39.01138687133789
93.94637298583984
49.21361541748047
61.0160026550293
69.03032684326172
55.95375442504883
61.56134796142578
61.893165588378906
56.45561599731445
76.26252746582031
58.80533218383789
37.85736083984375
65.54940032958984
74.29801940917969
45.829864501953125
40.453651428222656
31.470178604125977
53.27885437011719
51.96468734741211
71.65875244140625
47.28902053833008
31.614723205566406
53.91400146484375
69.71511840820312
77.21977233886719
82.09552764892578
39.36307907104492
46.69697189331055
49.002113342285156
58.08864212036133
33.39405059814453
61.34484100341797
40.55679702758789
40.84357833862305
69.35556030273438
44.75868606567383
82.10759735107422
86.84315490722656
69.96488952636719
52.66757583618164
73.0308609008789
69.20111083984375
63.0066032409668
30.412193298339844
39.7193603515625
42.976173400878906
22.711143493652344
59.285282135009766
46.875953674316406
46.46448516845703
70.01052856445312
48.960575103759766
71.86290740966797
65.08391571044922
73.23056030273438
53.287784576416016
43.946006774902344
38.93400192260742
54.08153533935547
67.13594055175781
38.95564651489258
66.15202331542969
60.344276428222656
78.94810485839844
30.281898498535156
51.61773681640625
48.297428131103516
57.31111526489258
43.65093231201172
76.03135681152344
51.035552978515625
61.05571746826172
82.29149627685547
40.52303695678711
34.48691940307617
80.28186798095703
86.69659423828125
80.49342346191406
63.59318161010742
46.762577056884766
47.03961944580078
30.368423461914062
55.1559944152832
88.8276596069336
73.59587097167969
86.74663543701172
47.01005554199219
56.637630462646484
52.30073547363281
96.45223236083984
73.44892883300781
71.58139038085938
73.4456558227539
84.9845962524414
113.02082824707031
48.18529510498047
63.7373161315918
73.45072174072266
56.776161193847656
51.505836486816406
72.85164642333984
58.18109130859375
55.58333969116211
82.2358627319336
43.44071578979492
73.66938018798828
50.302330017089844
83.36714935302734
72.32898712158203
60.132286071777344
93.47730255126953
71.14029693603516
69.64962768554688
85.09146881103516
51.23225784301758
45.181732177734375
43.90166091918945
72.1204605102539
59.96404266357422
88.17902374267578
68.61361694335938
74.57075500488281
77.84817504882812
37.15956497192383
35.98360824584961
33.107418060302734
44.23530197143555
88.28849792480469
51.677486419677734
51.99580764770508
27.419382095336914
54.82600021362305
77.88208770751953
63.53168869018555
90.39911651611328
42.70641326904297
25.206769943237305
61.76455307006836
52.018089294433594
74.79508972167969
52.008941650390625
67.09894561767578
73.52922821044922
70.07441711425781
67.95024108886719
47.8461799621582
65.47103118896484
45.67959976196289
45.92573928833008
78.41297912597656
56.05150604248047
33.10926818847656
67.40289306640625
57.93461990356445
62.74723815917969
79.18970489501953
59.0674934387207
59.025047302246094
77.27130889892578
61.90916061401367
51.085880279541016
46.42022705078125
105.43636322021484
46.675811767578125
108.41046905517578
45.53559112548828
49.76543045043945
82.61724853515625
82.21531677246094
66.51614379882812
61.51266098022461
71.86233520507812
58.57851028442383
55.44724655151367
41.46006393432617
74.84993743896484
49.611141204833984
61.71125793457031
52.575782775878906
80.68350982666016
35.94293212890625
50.68706130981445
29.896026611328125
58.419639587402344
59.55128860473633
46.12639236450195
85.59445190429688
53.53207778930664
90.28927612304688
64.86670684814453
54.65519332885742
79.69707489013672
63.131004333496094
47.023250579833984
59.309654235839844
73.24771118164062
56.2401123046875
53.7227897644043
53.26596450805664
83.11407470703125
53.137977600097656
91.49254608154297
67.44770812988281
45.71595001220703
46.39398193359375
75.40696716308594
87.4974136352539
89.60554504394531
75.3526611328125
71.38651275634766
46.48184585571289
56.676025390625
87.26781463623047
91.51248931884766
60.521114349365234
46.85527801513672
86.71117401123047
63.952091217041016
55.69953536987305
53.919559478759766
63.96480178833008
62.19317626953125
69.80218505859375
64.34131622314453
62.09852600097656
54.25119400024414
90.74889373779297
65.46328735351562
80.3642578125
83.60321807861328
52.949851989746094
40.582210540771484
37.18247604370117
59.966033935546875
69.87545013427734
82.8614501953125
67.67179870605469
55.518348693847656
56.85126876831055
35.24623489379883
38.01552963256836
59.63446807861328
49.04148864746094
64.44271850585938
42.75932312011719
37.52411651611328
58.92643737792969
12.36633014678955
63.043968200683594
56.78145980834961
31.283260345458984
52.23196792602539
24.484281539916992
67.20284271240234
36.45280838012695
45.7957878112793
68.8683853149414
39.82870101928711
66.91756439208984
63.56715393066406
74.61366271972656
72.43118286132812
68.49118041992188
47.97134780883789
58.127235412597656
29.030330657958984
86.26998901367188
73.66590118408203
39.44838333129883
48.053184509277344
61.46969985961914
54.84172439575195
88.1666030883789
84.74085235595703
60.24510192871094
64.58583068847656
52.545711517333984
51.59866714477539
50.79534149169922
62.870994567871094
80.64798736572266
51.96235275268555
44.48525619506836
87.29240417480469
52.46786880493164
87.05816650390625
83.13692474365234
62.94330978393555
68.5572280883789
46.32228469848633
70.34456634521484
57.286888122558594
47.604583740234375
57.998191833496094
58.21546936035156
45.42110061645508
58.744815826416016
57.279266357421875
53.191871643066406
40.796566009521484
48.954341888427734
61.26095199584961
13.47557258605957
64.90383911132812
43.268898010253906
44.921817779541016
32.47884750366211
61.05559539794922
42.961936950683594
28.87448501586914
36.94073486328125
101.20944213867188
37.280033111572266
63.444828033447266
77.67903900146484
52.53373718261719
52.766387939453125
65.2142333984375
51.36345672607422
51.305912017822266
64.18730926513672
47.893218994140625
51.01329040527344
70.36421203613281
49.80176544189453
83.14495849609375
56.27682113647461
51.38185501098633
59.33496856689453
69.24249267578125
85.93026733398438
42.191162109375
66.71306610107422
42.12101364135742
56.348575592041016
55.43252182006836
68.28828430175781
31.828645706176758
39.87239074707031
64.99650573730469
80.68147277832031
54.71571731567383
59.95917510986328
47.67823791503906
58.696533203125
55.80124282836914
79.29007720947266
44.379764556884766
68.88738250732422
66.18213653564453
49.464054107666016
62.63803482055664
45.27177047729492
54.728729248046875
38.51630401611328
42.347103118896484
65.7392578125
81.26824188232422
108.275634765625
90.64209747314453
41.59474563598633
24.12236785888672
43.6694450378418
79.67451477050781
41.443931579589844
38.55160140991211
44.13166046142578
39.10049057006836
49.017005920410156
51.891727447509766
69.93617248535156
67.92354583740234
61.93440246582031
42.92552947998047
61.72980499267578
60.8419075012207
43.842891693115234
69.59855651855469
47.25058364868164
67.67262268066406
64.45645141601562
75.40188598632812
40.36449432373047
83.47119903564453
41.46281814575195
77.40043640136719
35.5609130859375
72.4548110961914
31.354360580444336
35.67451858520508
80.36798858642578
32.19540786743164
40.01507568359375
71.8556137084961
91.21153259277344
57.31512451171875
45.26955032348633
39.613258361816406
62.80644226074219
62.48640823364258
55.44713592529297
49.22231674194336
81.80498504638672
56.370182037353516
60.34257507324219
78.8132553100586
43.899715423583984
52.11249542236328
72.53450012207031
72.92095184326172
51.97849655151367
37.71934127807617
48.33018493652344
76.1574478149414
65.40946197509766
46.437644958496094
52.80086135864258
77.20956420898438
79.6640625
58.66923141479492
83.08109283447266
82.5531234741211
90.65766906738281
100.9554214477539
104.51641082763672
63.39940643310547
36.94652557373047
84.99675750732422
39.44101333618164
55.23845672607422
76.24137115478516
90.89178466796875
59.20098876953125
68.30623626708984
43.19980239868164
76.19539642333984
58.733619689941406
65.27625274658203
65.5024642944336
60.21086120605469
30.15302276611328
73.57703399658203
62.84724807739258
57.25324249267578
38.25043869018555
76.05982208251953
76.6695556640625
51.38685607910156
43.79239273071289
71.34674072265625
58.215023040771484
37.27438735961914
55.07532501220703
82.05029296875
55.18910598754883
23.99340057373047
13.975581169128418
49.17757034301758
79.13587188720703
92.00216674804688
84.05552673339844
48.35516357421875
27.36361312866211
79.3203125
34.1167106628418
107.52776336669922
82.39119720458984
48.65560531616211
72.57009887695312
48.194602966308594
70.87752532958984
54.961753845214844
60.609771728515625
72.41683197021484
67.74748992919922
72.51150512695312
46.64559555053711
41.40872573852539
86.7894515991211
83.62123107910156
43.52440643310547
64.60270690917969
26.631372451782227
69.166259765625
40.86103439331055
87.86632537841797
92.87040710449219
48.06947708129883
80.80996704101562
75.66161346435547
62.98673629760742
81.02003479003906
43.11860275268555
52.868064880371094
84.16563415527344
59.44955825805664
67.96791076660156
69.42230224609375
46.81776428222656
42.2259521484375
81.91159057617188
40.79789733886719
65.05523681640625
49.364601135253906
45.38852310180664
45.018775939941406
88.59492492675781
47.9738883972168
65.93234252929688
93.9749984741211
62.07124328613281
52.715553283691406
42.966285705566406
97.39611053466797
45.11174774169922
22.186269760131836
58.523563385009766
61.514060974121094
79.2002944946289
74.85072326660156
42.03929138183594
48.07191848754883
44.166629791259766
57.45187759399414
48.84474182128906
60.27199935913086
46.754844665527344
48.114505767822266
34.9953727722168
68.32418823242188
66.78526306152344
72.7174301147461
54.545772552490234
59.54541778564453
77.01213836669922
66.76343536376953
74.68696594238281
89.25177764892578
78.79500579833984
42.099578857421875
54.2042236328125
81.8794937133789
60.025726318359375
78.33682250976562
86.4515609741211
67.3386001586914
61.072914123535156
34.480220794677734
67.8488998413086
66.47048950195312
50.67367172241211
92.7096939086914
96.32008361816406
84.34616088867188
70.90018463134766
56.11503601074219
100.35401153564453
44.43260192871094
97.67605590820312
75.18632507324219
50.65672302246094
57.274959564208984
34.93661880493164
50.148677825927734
19.096086502075195
62.68103790283203
32.3279914855957
47.47505569458008
12.774391174316406
56.788028717041016
35.790367126464844
93.80342102050781
48.569480895996094
65.8992691040039
49.06332778930664
76.75737762451172
58.6037712097168
54.56905746459961
54.825347900390625
33.343692779541016
64.1568603515625
63.024696350097656
63.5898551940918
75.77505493164062
53.423892974853516
38.115177154541016
71.48345184326172
60.72765350341797
63.50285339355469
60.686912536621094
54.33452224731445
38.32870101928711
56.566993713378906
42.12116622924805
89.98794555664062
77.85279083251953
89.81572723388672
43.79133987426758
91.2615966796875
98.9299545288086
61.76903533935547
103.6485824584961
63.96528244018555
55.79077911376953
76.91935729980469
52.21456527709961
63.787078857421875
74.69904327392578
60.61684036254883
60.57394027709961
62.42652130126953
66.17928314208984
88.79021453857422
48.975765228271484
68.59074401855469
73.0552749633789
69.29268646240234
58.35887908935547
71.56797790527344
72.97736358642578
37.71900939941406
61.71482849121094
75.75450897216797
37.246376037597656
59.859130859375
68.2118911743164
89.84137725830078
92.96501922607422
53.662567138671875
7.059505939483643
55.071250915527344
42.26667785644531
70.91336059570312
38.20545196533203
62.37104797363281
62.34385681152344
51.0888671875
63.09805679321289
29.148405075073242
105.37779998779297
81.67242431640625
47.699623107910156
31.410560607910156
38.81996154785156
71.15657806396484
52.915435791015625
55.47175979614258
99.31278991699219
68.20797729492188
42.76255416870117
39.87720489501953
51.45439910888672
83.2939224243164
68.50091552734375
44.32221984863281
58.14438247680664
65.78021240234375
49.269859313964844
12.468640327453613
60.26869201660156
63.743125915527344
34.73433303833008
36.59953308105469
80.94097900390625
83.17301177978516
57.53533172607422
63.65264892578125
85.14479064941406
69.1841812133789
81.15343475341797
80.5629653930664
84.61600494384766
55.07148361206055
77.89905548095703
54.64672088623047
35.202632904052734
87.53750610351562
48.16362762451172
75.9964370727539
32.32255172729492
31.100534439086914
47.279380798339844
53.78703308105469
66.64308166503906
73.4342041015625
79.45367431640625
72.46157836914062
87.33477020263672
43.33181381225586
49.35220718383789
54.46284866333008
65.84103393554688
62.49204635620117
66.48100280761719
69.69921875
24.162614822387695
89.08698272705078
68.73638916015625
62.27468490600586
44.568626403808594
40.97893142700195
96.89311981201172
67.14531707763672
41.623992919921875
39.66289138793945
22.869382858276367
24.09213638305664
67.60487365722656
100.57852172851562
60.007904052734375
19.42238998413086
45.607479095458984
99.41781616210938
57.97694396972656
57.12411117553711
93.11314392089844
47.17803955078125
80.58879089355469
44.55845260620117
30.67011260986328
86.51677703857422
55.09735107421875
60.04266357421875
46.973350524902344
60.466243743896484
92.18379974365234
67.91899108886719
61.365150451660156
56.810272216796875
66.32054901123047
71.81465911865234
63.32476806640625
48.423622131347656
57.25080490112305
44.42757034301758
85.89342498779297
59.184539794921875
93.774169921875
39.900108337402344
66.42823791503906
61.238037109375
75.74314880371094
70.4570083618164
74.0875244140625
51.303287506103516
74.22640991210938
82.64409637451172
28.54585838317871
57.040218353271484
44.24181365966797
66.28136444091797
44.24007034301758
62.89655303955078
50.50927734375
28.37354850769043
72.84125518798828
51.27815246582031
66.57550048828125
57.03920364379883
50.79328155517578
39.63177490234375
34.587730407714844
62.97584533691406
78.2737045288086
64.6765365600586
44.985050201416016
47.52654266357422
74.78032684326172
71.01444244384766
79.24568176269531
74.22320556640625
60.62664794921875
64.84326171875
61.07581329345703
68.76110076904297
61.333213806152344
66.66898345947266
71.64818572998047
47.175628662109375
42.8587646484375
63.8508186340332
78.06896209716797
92.47189331054688
89.21979522705078
81.25580596923828
46.70996856689453
72.89826965332031
68.70613861083984
44.72620391845703
59.735023498535156
98.69837951660156
69.46298217773438
65.31056213378906
20.68036651611328
88.92878723144531
38.75107192993164
49.06792068481445
75.44671630859375
41.772216796875
74.961181640625
83.96692657470703
44.788475036621094
102.33901977539062
85.39776611328125
73.97579193115234
74.83263397216797
85.56644439697266
55.1130256652832
67.17658233642578
39.43412399291992
95.05708312988281
60.433624267578125
44.47760009765625
58.375885009765625
44.48991012573242
34.03007888793945
40.05685043334961
62.610313415527344
53.35536193847656
80.94165802001953
60.196868896484375
29.05883026123047
68.1316909790039
60.08671569824219
60.41531753540039
65.03299713134766
56.75334930419922
84.85536193847656
63.82999801635742
61.9560661315918
52.34158706665039
45.72876739501953
40.7090950012207
87.59130859375
61.59090042114258
46.5299072265625
61.92264938354492
72.61604309082031
28.475099563598633
93.10440826416016
86.89940643310547
58.78953552246094
33.98431396484375
102.94589233398438
70.73705291748047
65.83648681640625
82.12491607666016
27.281267166137695
91.8540267944336
68.9773941040039
55.51106643676758
75.73693084716797
91.26790618896484
66.74727630615234
72.3382797241211
24.411991119384766
31.787919998168945
58.40426254272461
80.28062438964844
81.79722595214844
48.2454833984375
46.00535583496094
57.9075927734375
46.57276153564453
105.70254516601562
88.40020751953125
98.35285186767578
48.81252670288086
88.3474349975586
51.488746643066406
77.93601989746094
49.365577697753906
43.40822219848633
67.17401123046875
43.4371337890625
66.15892028808594
60.329898834228516
68.6202163696289
65.52445220947266
33.029693603515625
48.604915618896484
34.4349479675293
87.76940155029297
45.61307144165039
69.68023681640625
78.57268524169922
59.74958801269531
96.15867614746094
52.902584075927734
93.99755096435547
42.96472930908203
89.27400207519531
66.669921875
74.0526123046875
31.99738311767578
90.06810760498047
60.671085357666016
61.182716369628906
34.7642822265625
43.73588943481445
60.2327766418457
84.11798095703125
52.65775680541992
29.32649803161621
70.32714080810547
107.91696166992188
49.83000946044922
73.77591705322266
83.744873046875
57.53678512573242
36.76389694213867
89.7165298461914
63.792720794677734
64.06814575195312
56.53645706176758
44.2435302734375
88.8526382446289
47.814945220947266
51.76886749267578
89.580322265625
39.182456970214844
54.6756477355957
25.7205867767334
55.281742095947266
88.2726058959961
83.66373443603516
29.956424713134766
44.498409271240234
68.65365600585938
81.9315185546875
31.783794403076172
41.42228698730469
68.59736633300781
55.875732421875
43.39174270629883
62.68373107910156
78.91840362548828
49.644649505615234
49.95905303955078
74.32695770263672
97.50133514404297
45.22770309448242
31.603927612304688
74.84943389892578
43.51151657104492
100.38651275634766
42.49198532104492
75.23443603515625
68.6720199584961
58.1811637878418
48.32933044433594
83.45307922363281
51.533267974853516
55.111629486083984
57.05414581298828
69.3704605102539
80.29872131347656
60.57505416870117
29.240806579589844
65.72509002685547
69.67805480957031
78.29649353027344
79.31546783447266
39.2342414855957
63.4151611328125
32.90253829956055
50.726158142089844
61.028656005859375
52.87862777709961
79.6529541015625
60.92745590209961
35.56883239746094
55.18147659301758
84.33158111572266
71.2496566772461
53.754920959472656
48.149131774902344
38.33186721801758
59.84732437133789
67.96337890625
73.20757293701172
91.90494537353516
72.99343872070312
70.45357513427734
44.374427795410156
28.841182708740234
80.4237289428711
64.69029998779297
97.07008361816406
86.33030700683594
70.56866455078125
88.14546203613281
90.06969451904297
44.6590690612793
67.7475814819336
90.68002319335938
59.74955749511719
81.14601135253906
77.03925323486328
70.47064971923828
57.620914459228516
45.83013916015625
70.05938720703125
75.50725555419922
62.93476486206055
59.392024993896484
43.81640625
79.32095336914062
58.16891860961914
91.076171875
24.5274715423584
53.00322723388672
76.93885803222656
69.43719482421875
63.969276428222656
76.3106918334961
94.04263305664062
42.121097564697266
39.550865173339844
93.24868774414062
35.95516586303711
54.1357307434082
58.729759216308594
94.88780212402344
72.94940185546875
68.89884948730469
62.07044982910156
65.77349853515625
55.91257858276367
62.365150451660156
96.07581329345703
42.38383483886719
81.94425201416016
63.67877197265625
70.29647064208984
38.172916412353516
119.49837493896484
69.30438232421875
74.48076629638672
60.77781295776367
70.78548431396484
88.98125457763672
60.65533447265625
69.69878387451172
57.096256256103516
64.39671325683594
72.73284912109375
70.55143737792969
87.89241790771484
31.744749069213867
59.25801467895508
39.57140350341797
65.91130828857422
53.084842681884766
51.61024475097656
77.44667053222656
67.60881805419922
62.54949951171875
59.83797073364258
65.37674713134766
16.364910125732422
40.00436019897461
35.40327072143555
54.76131820678711
88.36058807373047
40.510581970214844
53.97254180908203
50.805397033691406
51.28314971923828
63.07929992675781
57.100486755371094
83.83443450927734
17.11466407775879
69.52393341064453
56.85834503173828
55.793670654296875
82.44927978515625
32.857666015625
52.543148040771484
65.54045104980469
49.48683166503906
80.82273864746094
97.82374572753906
52.0120849609375
46.847312927246094
69.43285369873047
52.1752815246582
30.94516372680664
70.41717529296875
55.33144760131836
61.21674346923828
76.97321319580078
66.4209213256836
63.352909088134766
67.06120300292969
58.321109771728516
48.29258346557617
76.57557678222656
78.83981323242188
55.98797607421875
51.467689514160156
80.27716827392578
92.74152374267578
65.79737854003906
45.77534103393555
60.06303024291992
49.47554016113281
42.4182014465332
53.84772491455078
69.61036682128906
41.8505973815918
47.567771911621094
71.92747497558594
82.56275177001953
64.83065032958984
69.7777328491211
59.66809844970703
51.5131950378418
33.91828918457031
67.31912994384766
52.9660530090332
51.632041931152344
70.3144760131836
74.19708251953125
30.503976821899414
63.03022766113281
74.20784759521484
71.81410217285156
61.856544494628906
41.23316192626953
51.09701156616211
69.32498168945312
81.53323364257812
73.51168823242188
78.16724395751953
46.971473693847656
50.331111907958984
58.082763671875
87.58765411376953
62.67000961303711
50.2706413269043
66.4844741821289
65.41780853271484
55.514404296875
73.48137664794922
51.59420394897461
70.1607894897461
80.81204223632812
64.94588470458984
71.43518829345703
56.76216125488281
51.63481521606445
78.95423126220703
60.21302795410156
31.702774047851562
40.61842727661133
69.91459655761719
66.42282104492188
60.90705108642578
52.30038070678711
74.9525146484375
69.9488525390625
41.633216857910156
67.92069244384766
73.92183685302734
73.66699981689453
62.04881286621094
33.923728942871094
86.03579711914062
46.011722564697266
37.83034896850586
45.96415710449219
79.54246520996094
56.542903900146484
83.15410614013672
82.25601959228516
57.91950607299805
70.33847045898438
81.5284652709961
43.98100280761719
65.24491882324219
93.4645004272461
70.76403045654297
60.89286422729492
42.918148040771484
88.6153793334961
43.937496185302734
63.18657302856445
54.69158935546875
62.56294631958008
78.88558197021484
76.30120849609375
58.42601013183594
85.37261962890625
36.95580291748047
53.46820831298828
43.25383377075195
94.2795639038086
48.12499237060547
67.54300689697266
61.51788330078125
70.38607788085938
70.8043212890625
55.08631896972656
40.6940803527832
111.4148178100586
39.54267120361328
41.0472297668457
70.54985046386719
96.99646759033203
29.172775268554688
63.43281173706055
36.72384262084961
72.35250091552734
55.961917877197266
70.58601379394531
86.4756851196289
57.86061096191406
75.3004150390625
58.254493713378906
77.45186614990234
54.40055847167969
64.93265533447266
56.874427795410156
73.24627685546875
52.60886764526367
68.44378662109375
67.7459716796875
31.36804962158203
81.64462280273438
84.13739776611328
64.509033203125
55.59502029418945
69.29680633544922
41.235565185546875
70.58476257324219
71.71202087402344
95.77477264404297
58.53446960449219
53.908390045166016
33.97916793823242
40.17201232910156
87.79331970214844
81.79932403564453
54.13114929199219
54.758270263671875
47.621253967285156
68.92719268798828
36.24041748046875
57.8405647277832
56.816436767578125
68.47407531738281
74.2121353149414
61.015830993652344
69.86389923095703
72.8326416015625
79.48529052734375
69.58856964111328
49.76272964477539
36.3427848815918
48.742794036865234
51.625186920166016
91.97555541992188
52.286956787109375
82.22978973388672
31.86555290222168
34.82917785644531
86.70868682861328
30.88884735107422
45.444313049316406
99.93013000488281
42.673194885253906
46.072689056396484
69.9529800415039
39.239585876464844
64.67041015625
42.23176574707031
54.29026794433594
40.932193756103516
49.86619186401367
53.960914611816406
33.165706634521484
64.0488052368164
51.6086540222168
64.69486236572266
64.19482421875
82.40916442871094
52.8203010559082
30.851932525634766
62.55523681640625
67.91007232666016
72.34048461914062
112.30316162109375
75.8758316040039
38.79916763305664
81.8997573852539
66.03990936279297
40.70967483520508
63.95528030395508
59.211448669433594
61.07704544067383
50.60374450683594
68.70176696777344
67.99995422363281
61.33128356933594
41.9049186706543
36.5374870300293
59.783451080322266
78.50466918945312
45.08199691772461
59.702335357666016
77.1275863647461
67.37076568603516
49.94867706298828
54.79076385498047
51.27947235107422
34.14775085449219
39.0448112487793
72.73802185058594
64.66281127929688
41.729217529296875
73.28917694091797
46.10873794555664
27.653976440429688
45.137943267822266
39.39715576171875
93.15235900878906
83.97806549072266
63.899566650390625
59.130096435546875
52.1187629699707
59.199283599853516
77.80421447753906
75.84654998779297
76.18866729736328
69.95801544189453
66.06376647949219
51.337310791015625
57.188350677490234
53.699642181396484
34.14111328125
60.17978286743164
57.537132263183594
32.80928421020508
80.68819427490234
44.28248977661133
59.092041015625
69.6958236694336
32.19366455078125
43.68292999267578
61.70149230957031
56.74684143066406
41.60947036743164
39.89398193359375
46.716556549072266
54.62412643432617
48.08654022216797
60.3342170715332
89.3550796508789
56.00688934326172
42.4742431640625
43.29059982299805
66.33050537109375
55.288726806640625
47.869178771972656
55.882179260253906
67.30006408691406
48.37753677368164
49.26769256591797
52.54652404785156
52.46028137207031
32.10886764526367
50.97855758666992
34.150936126708984
45.092552185058594
73.61341857910156
77.63026428222656
66.03888702392578
58.91743469238281
56.52654266357422
107.56195831298828
103.36050415039062
42.812782287597656
53.56605911254883
46.086753845214844
87.51770782470703
57.249454498291016
40.789066314697266
22.274742126464844
70.68468475341797
69.11611938476562
105.68697357177734
79.07510375976562
84.96027374267578
70.57939147949219
52.47434997558594
60.79083251953125
53.71752166748047
45.789642333984375
76.50605773925781
65.11873626708984
93.67117309570312
74.11288452148438
66.70956420898438
53.035587310791016
53.656002044677734
28.428272247314453
65.4817123413086
101.59718322753906
55.8050537109375
53.29166793823242
115.97122955322266
29.921348571777344
73.67819213867188
73.58072662353516
62.81418228149414
69.16287231445312
81.78626251220703
24.945148468017578
39.47606658935547
91.21308135986328
68.62073516845703
55.86274337768555
78.23453521728516
85.91124725341797
74.42334747314453
82.60459899902344
51.14912796020508
61.10299301147461
49.23835372924805
76.81653594970703
71.98271179199219
16.274465560913086
34.59695053100586
70.34200286865234
52.93015670776367
53.837642669677734
61.24610137939453
61.30805587768555
76.79492950439453
65.74185943603516
87.52305603027344
67.4073257446289
80.12759399414062
53.754398345947266
36.28593444824219
37.134437561035156
66.93920135498047
46.02218246459961
72.20524597167969
87.63965606689453
81.3979721069336
46.4572868347168
35.225181579589844
94.29403686523438
93.45861053466797
39.36859893798828
62.518699645996094
60.103084564208984
35.253536224365234
40.44606399536133
66.72440338134766
40.71005630493164
34.029380798339844
77.71819305419922
118.65008544921875
71.39063262939453
74.98053741455078
113.20626831054688
73.89507293701172
50.51717758178711
60.077762603759766
78.02459716796875
55.77711868286133
77.60846710205078
62.7565803527832
105.5853271484375
66.70386505126953
42.76790237426758
66.96116638183594
66.77027130126953
55.1004753112793
94.1163558959961
51.996639251708984
48.51789855957031
71.85810089111328
41.721229553222656
76.62818908691406
61.07030487060547
74.52591705322266
104.99885559082031
40.50416564941406
75.52063751220703
49.880615234375
50.335670471191406
79.66827392578125
51.06453323364258
28.75446891784668
44.74374771118164
63.662086486816406
75.79090881347656
58.03278732299805
41.16207504272461
74.93282318115234
64.65371704101562
45.5360221862793
80.31063079833984
41.109439849853516
66.41666412353516
47.27393341064453
73.9549331665039
100.79148864746094
59.682804107666016
62.725162506103516
46.6652717590332
58.60121536254883
48.270442962646484
31.97652816772461
32.09433364868164
78.44800567626953
72.02567291259766
56.549530029296875
47.771732330322266
62.5112190246582
76.08595275878906
66.66754150390625
60.05851364135742
46.040435791015625
55.471920013427734
42.32545852661133
79.49800109863281
41.9587516784668
62.866172790527344
70.09070587158203
47.36956024169922
56.73116683959961
56.099605560302734
104.15776062011719
40.45574951171875
50.63713836669922
84.55049133300781
55.0926399230957
41.173240661621094
52.100372314453125
63.626686096191406
64.46971893310547
67.72439575195312
66.029052734375
74.22028350830078
63.820926666259766
48.738582611083984
74.64476013183594
54.918243408203125
60.30228042602539
45.72003173828125
49.43471908569336
36.14844512939453
67.19700622558594
53.09718322753906
72.37885284423828
20.615161895751953
52.23933029174805
57.25251388549805
46.0634765625
52.90889358520508
59.59019470214844
40.96199035644531
47.50736999511719
66.29867553710938
37.9372444152832
46.78755569458008
77.9565200805664
67.04592895507812
90.57369232177734
41.57899856567383
45.28160095214844
102.53739166259766
69.41851806640625
68.04534149169922
71.82794189453125
32.18821334838867
45.828163146972656
29.945873260498047
70.68077850341797
39.08205795288086
63.8517951965332
64.57646179199219
78.73455810546875
74.30398559570312
60.10305404663086
69.49909210205078
59.27693176269531
68.09896087646484
38.541812896728516
29.574750900268555
43.06401824951172
88.039794921875
59.08783721923828
69.0019302368164
42.213619232177734
52.51909637451172
49.40580749511719
80.8861312866211
28.815025329589844
55.05747985839844
57.25048065185547
93.63134765625
35.302276611328125
67.75812530517578
45.58461380004883
58.42398452758789
66.72976684570312
66.78614044189453
60.516990661621094
82.94864654541016
55.24551010131836
52.914791107177734
68.52422332763672
61.16817855834961
54.51663589477539
43.48006057739258
64.24205017089844
68.19049835205078
47.36643981933594
64.08326721191406
42.88713836669922
74.54674530029297
61.192779541015625
67.72864532470703
64.47659301757812
47.8115119934082
90.93632507324219
90.19966888427734
52.26144027709961
56.362876892089844
39.850738525390625
47.35087585449219
71.52490234375
57.51161193847656
67.69963836669922
84.77237701416016
76.49839782714844
94.46775817871094
50.323055267333984
79.22920989990234
72.39860534667969
65.79473876953125
82.97831726074219
56.28684997558594
24.925100326538086
80.35276794433594
57.72544479370117
69.38031768798828
26.246402740478516
65.52105712890625
42.020545959472656
85.4473876953125
49.90481185913086
59.068138122558594
81.8685531616211
53.33250427246094
73.03524780273438
54.467742919921875
34.607696533203125
56.65211486816406
58.05518341064453
34.598567962646484
39.46149444580078
52.80726623535156
48.84169387817383
55.61404037475586
46.939727783203125
43.69950866699219
46.52748107910156
30.861814498901367
58.91872787475586
31.484046936035156
98.54682159423828
88.64193725585938
58.53705978393555
102.01268768310547
58.37434387207031
28.856143951416016
69.56385040283203
64.56937408447266
66.99140167236328
43.55415725708008
25.417354583740234
83.51394653320312
64.75019073486328
69.30754852294922
61.93339538574219
58.08805465698242
84.49361419677734
88.82000732421875
44.42213821411133
49.27545928955078
80.73275756835938
70.27828216552734
50.36445617675781
58.1135139465332
63.30146789550781
62.4015998840332
31.773990631103516
72.61111450195312
100.87223815917969
65.28377532958984
53.21195602416992
56.19590759277344
88.62874603271484
60.92852783203125
75.86660766601562
57.414764404296875
99.41500854492188
74.19174194335938
54.30338668823242
28.13109588623047
35.93294143676758
51.56229782104492
83.35918426513672
41.455291748046875
53.686859130859375
83.51766204833984
51.00674819946289
76.96460723876953
55.68316650390625
55.39253616333008
70.64111328125
69.63526153564453
52.982513427734375
31.262752532958984
50.49869155883789
91.65258026123047
45.55297088623047
56.9337158203125
41.96438980102539
75.48065185546875
44.566505432128906
76.3992691040039
32.449729919433594
42.80206298828125
38.90640640258789
63.237308502197266
63.810768127441406
67.81710052490234
88.07478332519531
53.98910903930664
31.605880737304688
78.71942138671875
65.7840347290039
24.473920822143555
61.796260833740234
28.850910186767578
63.88241195678711
67.19357299804688
39.37255096435547
33.725494384765625
62.41609191894531
75.91193389892578
47.85897445678711
43.60859680175781
75.52033996582031
44.11970138549805
60.22954559326172
39.84108352661133
46.86759567260742
69.69245147705078
63.41282272338867
55.28715896606445
68.39502716064453
56.4678955078125
58.23625564575195
77.93944549560547
61.62138748168945
66.9208755493164
31.22852897644043
87.87748718261719
55.194061279296875
76.14436340332031
55.291778564453125
96.42916107177734
56.06633758544922
74.181396484375
24.003511428833008
38.457542419433594
68.67259979248047
61.47240447998047
55.2186393737793
44.93178176879883
62.32749557495117
49.67116928100586
52.31555938720703
69.62909698486328
65.66353607177734
54.501312255859375
43.788997650146484
74.11424255371094
63.712799072265625
80.44491577148438
64.47407531738281
86.2316665649414
41.20476531982422
71.2536849975586
65.6393051147461
47.02070236206055
64.78053283691406
62.03837585449219
60.14898681640625
41.44743347167969
82.90757751464844
61.39585876464844
55.27952194213867
51.195579528808594
54.99331283569336
52.67658996582031
50.45510482788086
63.917869567871094
78.5245132446289
59.33696746826172
53.96855545043945
32.50287628173828
47.487674713134766
45.18994140625
69.33102416992188
36.898860931396484
64.24019622802734
85.65181732177734
49.638877868652344
109.54460906982422
60.98503875732422
67.36273193359375
88.62602996826172
40.521549224853516
50.29897689819336
47.670230865478516
67.53998565673828
82.37679290771484
46.87946319580078
48.51347351074219
49.97087097167969
70.64739227294922
51.377586364746094
59.33544921875
38.66700744628906
52.92261505126953
83.92505645751953
79.65204620361328
79.64557647705078
86.59876251220703
36.56679916381836
88.11324310302734
57.41625213623047
63.397926330566406
63.87911605834961
65.24807739257812
63.96426773071289
28.48722267150879
36.35310363769531
63.84079360961914
84.39627838134766
67.24113464355469
80.5883560180664
78.28829193115234
51.267398834228516
39.52416229248047
52.262203216552734
95.16172790527344
29.319416046142578
64.36827087402344
52.826717376708984
81.21561431884766
52.17213821411133
73.54568481445312
63.965293884277344
75.48828125
64.87788391113281
54.25358581542969
83.60211181640625
98.58378601074219
65.81749725341797
66.0466537475586
38.7181282043457
99.76654052734375
46.5384521484375
49.57810592651367
79.84567260742188
81.1207275390625
72.94792938232422
67.64694213867188
71.26200103759766
87.01791381835938
44.70513916015625
58.284263610839844
53.45027542114258
30.51974868774414
64.57598114013672
39.47296142578125
98.38433074951172
45.95018768310547
52.874027252197266
59.81302261352539
81.85539245605469
59.47451400756836
63.429012298583984
54.73052215576172
95.09259033203125
73.50375366210938
77.13973236083984
52.401737213134766
79.20301818847656
54.70404052734375
71.42443084716797
108.1538314819336
83.97459411621094
69.60176086425781
58.722633361816406
67.40507507324219
38.49103927612305
77.58799743652344
42.53269958496094
59.09503173828125
58.81608963012695
82.35008239746094
55.51104736328125
69.90433502197266
47.316566467285156
46.77798080444336
67.53132629394531
56.672523498535156
76.08361053466797
39.283660888671875
92.06251525878906
42.3429069519043
50.272438049316406
31.128164291381836
59.94700241088867
60.08702850341797
51.53569030761719
62.60474395751953
55.62452697753906
63.50821304321289
65.61758422851562
49.063838958740234
73.44902801513672
98.59678649902344
63.923805236816406
59.96223068237305
42.64131164550781
26.553972244262695
64.37130737304688
67.20549774169922
21.991239547729492
67.1276626586914
41.27215576171875
29.657339096069336
115.71356964111328
66.70263671875
43.31262969970703
70.52042388916016
58.54766845703125
84.90560150146484
60.77553176879883
22.85441780090332
41.70174789428711
46.21365737915039
67.64435577392578
22.32150650024414
93.64401245117188
57.56114196777344
63.93777084350586
64.9743423461914
72.62583923339844
46.09392547607422
67.91871643066406
39.26150894165039
80.65264129638672
29.990148544311523
46.218109130859375
36.14333724975586
38.14552307128906
64.53041076660156
51.73418045043945
41.45098876953125
46.41200637817383
66.8796615600586
51.058658599853516
49.305938720703125
74.09938049316406
76.9972152709961
39.350929260253906
35.627784729003906
30.69675636291504
61.46754837036133
42.38125228881836
41.87023162841797
46.9190559387207
37.55515670776367
58.446044921875
45.821224212646484
32.230560302734375
74.69198608398438
52.845821380615234
69.54100799560547
58.317779541015625
57.06311798095703
52.28316879272461
71.7579345703125
89.46258544921875
50.26898956298828
61.171875
69.84831237792969
57.046409606933594
66.55518341064453
56.200042724609375
60.10261154174805
64.31608581542969
48.39598083496094
64.92568969726562
46.701568603515625
54.34510803222656
45.96590042114258
44.5468635559082
68.03085327148438
67.00346374511719
53.83275604248047
56.5949821472168
73.7330093383789
51.49626159667969
57.053138732910156
34.422245025634766
57.13643264770508
120.80516815185547
85.98799896240234
75.72054290771484
87.27001953125
54.22946548461914
41.83193588256836
45.28878402709961
91.60372924804688
26.601341247558594
53.47343063354492
53.44129180908203
44.890480041503906
33.23277282714844
71.70796966552734
62.37868118286133
102.19001007080078
96.17760467529297
71.41799926757812
72.00025177001953
63.43187713623047
56.53908157348633
90.82682800292969
77.98783111572266
54.14802551269531
19.662078857421875
49.386138916015625
62.9123420715332
71.6317367553711
64.86517333984375
68.2381591796875
34.915428161621094
42.603240966796875
78.46234893798828
68.22500610351562
76.40373992919922
85.88243103027344
72.95723724365234
59.56813049316406
79.45362854003906
53.88823318481445
68.92507934570312
63.840118408203125
76.47399139404297
72.33413696289062
66.7861557006836
69.23922729492188
87.46942138671875
82.32460021972656
60.08552932739258
65.88023376464844
54.9491081237793
35.845130920410156
86.76394653320312
79.71756744384766
76.62171173095703
64.41165161132812
50.27849197387695
57.37421417236328
82.97521209716797
88.911376953125
51.86297607421875
57.03187942504883
58.02084732055664
59.23452377319336
59.43545913696289
56.29872131347656
71.9106674194336
44.92691421508789
58.039424896240234
74.725341796875
53.342918395996094
27.102542877197266
79.64519500732422
71.8272933959961
36.17416763305664
38.7321891784668
64.60053253173828
45.27510070800781
45.7011833190918
73.75959777832031
85.85392761230469
59.34224319458008
52.54325485229492
64.7748794555664
74.76750946044922
61.379817962646484
60.93867492675781
67.0484390258789
60.146949768066406
43.42527389526367
68.68099975585938
29.203414916992188
50.272682189941406
97.18533325195312
27.65351676940918
53.78310775756836
83.79605865478516
80.19987487792969
74.28411102294922
91.75566864013672
46.040523529052734
56.498104095458984
111.1025619506836
57.76116943359375
82.16763305664062
109.83807373046875
62.551387786865234
45.98686218261719
58.59358596801758
47.3486213684082
95.7861099243164
50.921199798583984
80.8177490234375
63.901851654052734
86.94171905517578
72.11428833007812
74.49079895019531
49.77438735961914
41.5732421875
60.314640045166016
97.42521667480469
57.98912811279297
61.243831634521484
38.200965881347656
36.58978271484375
59.378719329833984
50.96461868286133
49.32275390625
57.423736572265625
93.17398071289062
55.273536682128906
58.42051315307617
57.108577728271484
54.05784606933594
107.16085052490234
55.304359436035156
70.9481430053711
64.72726440429688
63.8285026550293
100.54834747314453
62.246803283691406
51.492496490478516
36.91572189331055
83.55784606933594
71.04595947265625
28.094343185424805
42.88063049316406
85.15746307373047
38.90437698364258
53.063232421875
42.57304000854492
76.46170806884766
53.846885681152344
57.047908782958984
71.25025939941406
69.37830352783203
45.780113220214844
59.30121994018555
50.42953872680664
39.6307373046875
79.21424865722656
81.20170593261719
60.15871047973633
71.29566955566406
63.951419830322266
38.00551223754883
74.02721405029297
63.75696563720703
76.61064910888672
58.41041564941406
37.64144515991211
49.46113204956055
44.561302185058594
52.87246322631836
67.75267791748047
75.93164825439453
79.3663101196289
42.8388786315918
69.45245361328125
45.19694137573242
46.10125732421875
37.79877853393555
77.31879425048828
73.44625854492188
33.161285400390625
60.676795959472656
90.00735473632812
52.64680862426758
45.5488166809082
54.42961883544922
54.96382141113281
43.27213668823242
59.89302444458008
31.518264770507812
64.81214904785156
56.92464065551758
56.43872833251953
94.9691162109375
52.08396530151367
86.0844497680664
52.603939056396484
47.700767517089844
96.6824722290039
99.7138900756836
82.263916015625
60.98698425292969
71.12480163574219
38.59406280517578
44.57171630859375
81.04220581054688
81.29660034179688
48.490379333496094
48.00393295288086
93.79175567626953
52.20769500732422
48.82294464111328
56.40974044799805
43.10176467895508
58.36741256713867
34.64515686035156
46.20838928222656
66.9756851196289
77.05784606933594
61.40958786010742
46.1580924987793
60.039249420166016
72.21414184570312
60.65207290649414
57.261756896972656
66.49430847167969
48.710472106933594
98.49239349365234
76.7704849243164
33.11648941040039
94.57456970214844
25.867671966552734
66.8719253540039
56.129493713378906
66.61135864257812
43.020774841308594
68.07357025146484
79.57431030273438
59.02789306640625
63.996273040771484
96.36894989013672
61.401084899902344
61.78013610839844
32.27663803100586
72.564697265625
88.9374008178711
56.294132232666016
42.06221389770508
74.3299331665039
38.029964447021484
52.696632385253906
70.25677490234375
76.67323303222656
68.95698547363281
44.956031799316406
60.64077377319336
55.68046188354492
54.92340087890625
41.804317474365234
47.511619567871094
58.298831939697266
53.81069564819336
52.055912017822266
97.32852172851562
35.972015380859375
54.61791229248047
51.09131622314453
66.8098373413086
65.43020629882812
49.50339889526367
44.34727096557617
41.43399429321289
67.467041015625
57.5331916809082
62.25016403198242
47.92696762084961
67.94078063964844
59.92454147338867
84.47149658203125
83.06024169921875
62.848876953125
62.325050354003906
77.03478240966797
77.70558166503906
81.05931854248047
62.65824890136719
83.57206726074219
47.90876770019531
62.28388595581055
63.48351287841797
87.85166931152344
64.12296295166016
37.80509567260742
26.815139770507812
73.29694366455078
61.967559814453125
77.53858947753906
63.49267578125
82.40412139892578
85.9308853149414
105.1668472290039
66.34345245361328
47.22773742675781
57.06290817260742
73.33518981933594
65.70104217529297
33.40888595581055
56.246089935302734
69.15953826904297
58.6462287902832
95.44976043701172
44.92879104614258
83.874755859375
68.15609741210938
83.26455688476562
64.14733123779297
68.03410339355469
67.40251159667969
50.99842071533203
65.7462387084961
47.32807159423828
63.2243766784668
64.98392486572266
83.84459686279297
41.282901763916016
35.41960906982422
58.151878356933594
77.6523666381836
63.61870574951172
107.75364685058594
38.649391174316406
64.47486114501953
94.2509994506836
44.40308380126953
50.061546325683594
47.08967971801758
55.1062126159668
38.886573791503906
51.74317169189453
44.84591293334961
39.568504333496094
73.71517181396484
52.4223518371582
29.278348922729492
57.11141586303711
40.46310043334961
62.769256591796875
43.000553131103516
66.2339859008789
67.9546127319336
70.51004791259766
52.00926971435547
50.332149505615234
47.18601608276367
32.5863151550293
84.08952331542969
74.00892639160156
35.396339416503906
56.47186279296875
91.7795639038086
44.4427375793457
70.50468444824219
69.08183288574219
55.314998626708984
95.79670715332031
45.9610481262207
57.19350814819336
53.361724853515625
22.315935134887695
62.67354965209961
40.21152114868164
79.9251937866211
65.44686126708984
70.20352935791016
69.32220458984375
50.97882080078125
76.69218444824219
83.96817016601562
82.31607818603516
62.57137680053711
56.12987518310547
39.496131896972656
68.62410736083984
69.95147705078125
59.25140380859375
83.40830993652344
55.02739715576172
53.406333923339844
51.964942932128906
39.05064392089844
25.210670471191406
90.3460464477539
75.87263488769531
75.04769897460938
53.93982696533203
61.437164306640625
32.373992919921875
74.4010009765625
52.19949722290039
33.81880569458008
59.95833206176758
52.36068344116211
64.29402160644531
61.32502365112305
63.16306686401367
90.57942199707031
58.793643951416016
82.61176300048828
47.31266784667969
62.16523742675781
32.508262634277344
55.4272346496582
98.63169860839844
69.35887908935547
53.564857482910156
54.2770881652832
51.92496871948242
67.53218078613281
79.43386840820312
74.47779846191406
53.80635452270508
60.05805587768555
74.25930786132812
77.19556427001953
30.70217514038086
72.33888244628906
61.92059326171875
49.706233978271484
77.82637786865234
66.04644012451172
64.02278137207031
48.05821228027344
41.25931930541992
36.65290832519531
32.65581512451172
64.23579406738281
61.31160354614258
36.11130142211914
