16.235193252563477
32.90934371948242
57.56886291503906
24.378215789794922
53.073402404785156
18.687990188598633
25.21672821044922
46.325279235839844
22.744585037231445
21.374486923217773
20.02324867248535
44.99222183227539
27.498401641845703
77.31971740722656
29.36269760131836
27.833860397338867
22.791522979736328
21.49677085876465
31.418842315673828
30.344741821289062
37.8740119934082
30.219364166259766
36.187782287597656
37.62492370605469
33.37458801269531
43.252811431884766
44.45951843261719
44.32243347167969
30.717098236083984
26.4761905670166
24.110702514648438
28.11284065246582
22.373756408691406
43.36632537841797
40.811519622802734
29.42327880859375
30.876422882080078
8.492753982543945
38.397743225097656
18.5449275970459
16.402008056640625
27.96726417541504
32.76239776611328
34.7174072265625
41.06682205200195
21.164470672607422
16.723737716674805
39.8949089050293
31.411577224731445
26.577842712402344
60.43126678466797
46.831764221191406
18.929637908935547
11.528144836425781
27.8228702545166
6.110520839691162
31.343076705932617
19.386159896850586
36.51921844482422
20.517412185668945
55.95661163330078
31.054927825927734
56.16030502319336
38.66934585571289
18.781314849853516
12.291322708129883
23.694089889526367
20.65848731994629
32.63884735107422
37.32212448120117
10.814085006713867
32.968536376953125
49.719696044921875
27.92823028564453
34.689918518066406
39.37391662597656
38.84954833984375
15.94812297821045
32.51470184326172
35.4317626953125
58.08644104003906
18.17327880859375
11.394615173339844
21.306148529052734
22.971330642700195
16.857219696044922
28.580347061157227
24.601524353027344
22.081811904907227
29.482202529907227
52.584716796875
20.757749557495117
26.920888900756836
39.11175537109375
19.18120765686035
43.65394592285156
30.49003028869629
49.163394927978516
44.42192459106445
23.486173629760742
29.667272567749023
34.232852935791016
15.481225967407227
25.933578491210938
44.001953125
12.571797370910645
18.883743286132812
17.43297004699707
36.60889434814453
24.63397216796875
21.206727981567383
52.03680419921875
28.77919578552246
26.21434783935547
33.951839447021484
34.070255279541016
32.508548736572266
48.85350036621094
13.849342346191406
24.437660217285156
26.823898315429688
11.377089500427246
67.6743392944336
33.39887237548828
43.224796295166016
42.46590042114258
17.485942840576172
19.069149017333984
35.420806884765625
17.43644905090332
33.37289810180664
66.58375549316406
41.042964935302734
21.004121780395508
53.73064422607422
33.534000396728516
31.89564323425293
25.600849151611328
34.297298431396484
15.212416648864746
38.75660705566406
23.37187385559082
12.509258270263672
25.4840145111084
27.56355857849121
25.279510498046875
34.64530944824219
57.54212188720703
33.048824310302734
52.29249954223633
17.73961067199707
0.8152929544448853
34.10554122924805
19.433177947998047
48.582855224609375
29.063888549804688
36.95124816894531
14.973930358886719
42.49269104003906
31.26348876953125
35.314247131347656
23.98008918762207
11.791269302368164
67.19204711914062
17.916244506835938
32.72365951538086
27.34630012512207
24.251373291015625
25.740694046020508
28.62002182006836
44.673343658447266
33.43366622924805
38.740325927734375
32.85432052612305
15.214015007019043
30.283845901489258
16.686603546142578
22.975717544555664
37.82670974731445
20.71338653564453
29.38874626159668
25.366548538208008
28.458311080932617
31.484397888183594
36.63401412963867
34.70710372924805
18.415307998657227
26.82065773010254
56.96383285522461
15.186660766601562
23.952022552490234
15.809290885925293
47.08171463012695
31.795114517211914
29.04234504699707
17.763469696044922
31.733427047729492
53.15348815917969
66.59364318847656
23.084007263183594
39.70882034301758
24.219514846801758
29.136062622070312
20.51233673095703
37.8795280456543
52.5292854309082
18.704978942871094
36.77772903442383
16.876140594482422
13.591959953308105
52.27663803100586
45.59870529174805
30.42953872680664
45.43223190307617
26.1142635345459
46.34402084350586
33.854469299316406
15.798264503479004
29.149110794067383
45.56218338012695
19.338090896606445
35.62733459472656
15.215719223022461
38.87124252319336
35.1602783203125
22.662813186645508
35.430721282958984
43.57251739501953
35.26157760620117
26.42315101623535
24.233612060546875
27.14027214050293
31.658811569213867
35.27811813354492
12.333565711975098
32.207435607910156
19.860767364501953
38.08771896362305
20.505693435668945
33.10565948486328
54.084896087646484
21.103782653808594
40.37731170654297
45.668052673339844
35.04191970825195
30.68462371826172
29.945960998535156
10.515352249145508
32.68754196166992
30.081501007080078
26.30101203918457
14.395881652832031
40.28418731689453
25.751964569091797
16.423494338989258
50.13334655761719
32.410133361816406
38.062225341796875
21.50600242614746
30.296993255615234
24.19119644165039
21.658536911010742
20.791086196899414
72.50178527832031
51.57094192504883
32.40607833862305
31.13105010986328
23.957286834716797
38.293766021728516
37.540645599365234
22.45125961303711
54.35460662841797
23.89520835876465
38.455448150634766
27.430055618286133
18.512773513793945
36.037235260009766
63.3419189453125
31.780914306640625
32.0714225769043
36.965328216552734
20.830129623413086
30.979360580444336
30.0858097076416
34.41029357910156
37.75161361694336
14.972360610961914
24.46977996826172
29.274343490600586
26.46207618713379
23.886701583862305
45.670021057128906
29.278030395507812
33.97401428222656
40.88883972167969
19.51895523071289
24.694032669067383
53.63692855834961
34.55364990234375
58.85213851928711
18.98448371887207
47.16013717651367
27.777572631835938
26.3922061920166
41.797855377197266
18.600601196289062
17.700763702392578
19.538476943969727
37.89213943481445
20.19905662536621
45.602291107177734
16.13625717163086
22.596254348754883
29.852970123291016
55.68903732299805
15.312785148620605
38.620121002197266
35.768062591552734
48.13766860961914
22.723920822143555
25.33842658996582
29.222801208496094
27.876708984375
34.43034362792969
36.17387390136719
28.134958267211914
25.43165397644043
29.698734283447266
30.206615447998047
17.921897888183594
24.05384063720703
55.25068664550781
44.133399963378906
23.070714950561523
54.22644805908203
41.40303421020508
18.117746353149414
29.654308319091797
39.076820373535156
47.04877853393555
46.49787902832031
22.56243896484375
60.03829574584961
38.16123962402344
15.475737571716309
42.855106353759766
23.46795082092285
40.66935729980469
33.24929428100586
29.244779586791992
25.222803115844727
32.842803955078125
45.79762268066406
32.42301559448242
55.80854034423828
11.310393333435059
38.13495635986328
45.250030517578125
35.17866897583008
24.0491943359375
52.725101470947266
26.079456329345703
9.566635131835938
42.57672119140625
68.93604278564453
18.58100700378418
28.460111618041992
55.34697341918945
47.38313674926758
29.998554229736328
18.391990661621094
40.67465591430664
41.785430908203125
10.963479995727539
42.99734115600586
43.95161437988281
41.152587890625
31.008487701416016
29.749038696289062
5.510830879211426
20.53582191467285
61.03398132324219
28.41412353515625
22.159435272216797
46.868446350097656
8.098150253295898
29.70246124267578
36.302921295166016
43.67926025390625
43.62356185913086
21.554834365844727
37.243408203125
27.84745979309082
44.36811065673828
18.57245635986328
28.57946014404297
36.27828598022461
34.252723693847656
44.17988204956055
43.99930191040039
5.927505016326904
26.437198638916016
42.78108215332031
20.42884635925293
32.6507453918457
26.83852767944336
18.34331512451172
32.01564407348633
18.30862045288086
36.48065948486328
20.087007522583008
6.268780708312988
28.37574577331543
24.776336669921875
25.724946975708008
33.1196174621582
55.23688888549805
37.38161849975586
29.961454391479492
20.139482498168945
25.094484329223633
49.40743637084961
36.67810821533203
35.04517364501953
26.048255920410156
19.715431213378906
22.92070198059082
43.28368377685547
6.821064472198486
52.92517852783203
27.052471160888672
15.263792991638184
27.774003982543945
39.98076248168945
22.101667404174805
45.392642974853516
36.936832427978516
46.891151428222656
22.954483032226562
25.448041915893555
34.1981315612793
21.21846580505371
33.12100601196289
20.125551223754883
40.7391242980957
37.73780059814453
9.89376163482666
35.77638626098633
41.89113235473633
30.697816848754883
24.700862884521484
22.41868019104004
18.34332847595215
23.093412399291992
22.85175323486328
28.273189544677734
37.04454803466797
27.103351593017578
50.30684280395508
16.875732421875
35.72811508178711
23.088342666625977
41.09364700317383
36.187583923339844
40.67371368408203
14.885968208312988
47.11508560180664
39.94292449951172
55.920894622802734
23.302467346191406
11.059123039245605
27.687387466430664
16.976261138916016
20.75386619567871
39.5406379699707
1.1733415126800537
41.68397521972656
37.57095718383789
28.899749755859375
13.127798080444336
32.515316009521484
65.14311218261719
34.46308898925781
60.36226272583008
30.635568618774414
20.833087921142578
15.899283409118652
37.79806900024414
37.53516387939453
8.023948669433594
15.739946365356445
26.624780654907227
11.71543025970459
41.68730926513672
32.19380569458008
40.72524642944336
44.91880416870117
26.376739501953125
25.828516006469727
31.06465721130371
22.042430877685547
67.62773132324219
15.630682945251465
49.65128707885742
14.828584671020508
16.791425704956055
38.620914459228516
13.337503433227539
25.273807525634766
35.98581314086914
14.505349159240723
9.619011878967285
23.463333129882812
13.814918518066406
33.30881881713867
36.81790542602539
40.043731689453125
17.643476486206055
23.925804138183594
54.60772705078125
24.829790115356445
18.556316375732422
16.025409698486328
20.184179306030273
23.188949584960938
15.656761169433594
9.464421272277832
41.859954833984375
33.93109893798828
21.36247444152832
37.79497146606445
21.366931915283203
48.61421585083008
35.6121940612793
44.210540771484375
26.994468688964844
13.503287315368652
11.620170593261719
33.450340270996094
28.55790138244629
28.301721572875977
40.173858642578125
25.857133865356445
28.5389347076416
23.156734466552734
37.666160583496094
27.303977966308594
39.80564498901367
10.467845916748047
39.7357177734375
35.231048583984375
44.43742370605469
18.12809944152832
15.369101524353027
14.783306121826172
28.700092315673828
35.928619384765625
35.17267990112305
11.196883201599121
42.57246017456055
36.356929779052734
35.26176452636719
17.507854461669922
34.84319305419922
20.959062576293945
24.078838348388672
40.21455001831055
9.219341278076172
29.260610580444336
40.79743576049805
30.294021606445312
38.087032318115234
40.8325309753418
23.532569885253906
21.473419189453125
16.256729125976562
10.785152435302734
22.645572662353516
44.7239990234375
52.02400207519531
41.31090545654297
11.59849739074707
69.04853820800781
35.33559799194336
22.10079002380371
38.05427932739258
28.635221481323242
22.030582427978516
21.65870475769043
51.09996795654297
33.82878875732422
28.86456871032715
26.538843154907227
32.10005187988281
38.19130325317383
19.24962043762207
11.31844711303711
28.879684448242188
20.47209930419922
23.296533584594727
43.30985641479492
25.94539451599121
27.738269805908203
30.428865432739258
27.839677810668945
27.352333068847656
23.580862045288086
18.977964401245117
35.81162643432617
29.363962173461914
21.00420570373535
68.23087310791016
37.45734786987305
31.41868019104004
36.03285217285156
22.0458984375
50.96487045288086
35.551231384277344
24.958589553833008
21.765052795410156
38.78508758544922
19.558391571044922
44.72130584716797
31.567651748657227
18.86174964904785
22.535804748535156
14.585741996765137
28.822946548461914
8.719942092895508
25.00434684753418
36.593570709228516
29.209583282470703
47.48621368408203
42.077293395996094
15.935237884521484
44.717498779296875
40.429290771484375
28.85242462158203
27.80027961730957
42.68046569824219
17.34095573425293
44.473140716552734
39.770042419433594
42.45342254638672
18.415508270263672
27.876436233520508
29.205673217773438
18.16037368774414
41.6088752746582
58.301170349121094
52.60983657836914
56.0161247253418
23.84317970275879
13.203298568725586
11.013834953308105
6.080426216125488
16.77263832092285
39.327999114990234
27.99646759033203
38.5782356262207
37.243408203125
31.094484329223633
21.253929138183594
35.776649475097656
28.533855438232422
50.25347900390625
42.01348876953125
10.38622760772705
34.62178039550781
14.264216423034668
28.93811798095703
46.60797119140625
42.01859664916992
31.281972885131836
44.67582702636719
45.590206146240234
29.889686584472656
35.665950775146484
35.40974807739258
21.715309143066406
16.066524505615234
32.375240325927734
43.772586822509766
25.10637855529785
37.972625732421875
46.1588020324707
34.26517868041992
22.94244956970215
49.829010009765625
39.8859977722168
24.258277893066406
53.67795181274414
35.70697021484375
29.226402282714844
10.514952659606934
37.64604949951172
11.547106742858887
16.883495330810547
53.728214263916016
58.60574722290039
24.52534294128418
37.30116653442383
35.92534255981445
27.70421028137207
34.30436325073242
21.919553756713867
26.505447387695312
5.711630821228027
27.622146606445312
43.818084716796875
18.86390495300293
22.16644859313965
25.822040557861328
30.732284545898438
26.3113956451416
29.524967193603516
47.876155853271484
25.60015869140625
37.11620330810547
17.516498565673828
36.02303695678711
35.217830657958984
29.154630661010742
40.6346435546875
25.53298568725586
21.086532592773438
42.50025939941406
41.03506851196289
22.87346649169922
32.23036575317383
18.512226104736328
31.416730880737305
26.68389892578125
23.656471252441406
51.685157775878906
28.76189422607422
31.16656494140625
48.97410202026367
23.740428924560547
22.504384994506836
20.875539779663086
53.04371643066406
27.240102767944336
31.613534927368164
28.400428771972656
33.97623825073242
46.520545959472656
30.97187614440918
16.295150756835938
26.194700241088867
46.484840393066406
27.92686653137207
31.9604549407959
38.87884521484375
23.268095016479492
15.589300155639648
27.64250373840332
28.054235458374023
36.782936096191406
36.04022216796875
34.513267517089844
30.739038467407227
20.680879592895508
23.31487464904785
22.614437103271484
27.038602828979492
21.18210792541504
23.552444458007812
30.012088775634766
27.291732788085938
38.354156494140625
39.94755554199219
16.259220123291016
28.50139045715332
18.500839233398438
33.775604248046875
39.614471435546875
47.052467346191406
32.57428741455078
31.22650146484375
42.07372283935547
41.31980895996094
11.039104461669922
30.631103515625
25.185508728027344
21.597978591918945
39.172733306884766
11.210193634033203
33.78315734863281
34.37249755859375
16.44266700744629
9.803170204162598
30.500322341918945
31.161287307739258
51.73353958129883
11.838683128356934
57.600189208984375
38.743953704833984
29.154054641723633
7.051070213317871
47.34524154663086
42.63170623779297
42.639286041259766
14.705333709716797
45.668033599853516
37.1858024597168
22.363218307495117
50.12128448486328
45.1962890625
19.477767944335938
27.502334594726562
28.434001922607422
24.47650909423828
35.39463424682617
34.17361068725586
36.871864318847656
30.731199264526367
25.019006729125977
21.439165115356445
38.561317443847656
30.387651443481445
40.782310485839844
34.01568603515625
30.80975914001465
28.53397560119629
27.11419677734375
23.857789993286133
19.69919776916504
33.11878204345703
10.189987182617188
36.73197555541992
31.687469482421875
26.18425941467285
41.55194091796875
16.854413986206055
39.406639099121094
31.592283248901367
33.64375305175781
21.03175163269043
36.45011520385742
39.1408805847168
26.776973724365234
22.165597915649414
23.004520416259766
24.33206558227539
23.414175033569336
65.85910034179688
16.63640785217285
20.322046279907227
20.188817977905273
48.34580993652344
29.219406127929688
46.06084442138672
31.77037239074707
26.274776458740234
8.693037986755371
21.421436309814453
37.237300872802734
54.53557205200195
17.98757553100586
45.41388702392578
45.69552993774414
46.95454406738281
22.269926071166992
24.904069900512695
27.983407974243164
26.893739700317383
28.335033416748047
28.71670150756836
27.499984741210938
39.78459548950195
45.269779205322266
42.44934844970703
23.82379150390625
22.023263931274414
17.189990997314453
41.8486328125
14.338031768798828
11.911703109741211
25.780071258544922
41.66843032836914
27.494518280029297
17.154518127441406
14.473734855651855
23.0994930267334
29.0642147064209
37.55376434326172
22.6118106842041
24.893882751464844
31.302831649780273
38.548641204833984
26.542400360107422
51.4810676574707
22.25697898864746
39.03514862060547
42.551902770996094
23.560928344726562
52.96344757080078
28.972076416015625
54.61457443237305
51.004302978515625
17.910173416137695
38.088043212890625
5.177126407623291
47.13414001464844
12.304986953735352
58.29425048828125
52.696441650390625
36.064720153808594
36.57448959350586
21.401460647583008
36.263545989990234
22.16731834411621
17.550926208496094
5.087100982666016
26.60686683654785
8.42227840423584
26.724552154541016
29.492630004882812
22.42653465270996
38.204444885253906
31.705322265625
19.188888549804688
23.07093048095703
29.24113655090332
17.93684196472168
11.92564868927002
13.715123176574707
38.31061553955078
38.1263427734375
22.048433303833008
21.279882431030273
12.81944465637207
30.343093872070312
51.94709777832031
35.25455856323242
16.03082275390625
44.60725784301758
36.74403762817383
37.711666107177734
14.263998985290527
49.26457214355469
33.7508544921875
15.719761848449707
16.8514347076416
34.95286178588867
32.243316650390625
14.834646224975586
47.993263244628906
21.747665405273438
30.808670043945312
46.681968688964844
25.409404754638672
15.89636516571045
39.21106719970703
70.52899932861328
32.656795501708984
45.871070861816406
28.0808048248291
22.255659103393555
15.43396282196045
22.377033233642578
47.818504333496094
28.464984893798828
32.751407623291016
34.27461242675781
35.3808708190918
22.34133529663086
14.120370864868164
23.282337188720703
34.14625930786133
26.868688583374023
49.414283752441406
34.796932220458984
35.884735107421875
52.880496978759766
37.89903259277344
41.615875244140625
27.07221221923828
21.936260223388672
16.132930755615234
28.3294620513916
41.56170654296875
51.174007415771484
28.387462615966797
8.36884880065918
24.847244262695312
14.641911506652832
38.625762939453125
24.352008819580078
35.4260139465332
29.534149169921875
28.497732162475586
27.721281051635742
22.02138900756836
38.4560661315918
17.529142379760742
36.40194320678711
13.730890274047852
27.126977920532227
21.091304779052734
24.34258270263672
28.34943199157715
29.557119369506836
28.911334991455078
37.47141647338867
41.815494537353516
32.08795166015625
29.566802978515625
48.14692306518555
7.735361576080322
14.647062301635742
51.65340042114258
49.19762420654297
25.13052749633789
18.58241844177246
29.593154907226562
36.08523941040039
21.930776596069336
10.867157936096191
20.970178604125977
32.457462310791016
52.66094970703125
36.571998596191406
29.42713165283203
30.680782318115234
27.63872718811035
16.925962448120117
21.265260696411133
12.819169998168945
16.621177673339844
12.808594703674316
44.900211334228516
27.248859405517578
47.20853805541992
65.9681167602539
22.472972869873047
30.754682540893555
11.776871681213379
24.308883666992188
43.61281967163086
35.534664154052734
40.15324401855469
54.905277252197266
28.70102882385254
38.459625244140625
24.6359920501709
34.62397384643555
50.891117095947266
32.3170280456543
20.740476608276367
42.57542419433594
28.063739776611328
36.564476013183594
30.379589080810547
36.44296646118164
15.079179763793945
36.822139739990234
11.858216285705566
61.423919677734375
36.686580657958984
43.20683288574219
56.62339401245117
26.315040588378906
29.25210189819336
40.234596252441406
49.28041076660156
58.2665901184082
12.831811904907227
14.852546691894531
29.191974639892578
21.0994873046875
37.53035354614258
32.014122009277344
21.684940338134766
31.216524124145508
24.480627059936523
40.825321197509766
36.56147003173828
16.597082138061523
55.61544418334961
36.015647888183594
12.293839454650879
24.262113571166992
14.028802871704102
33.60224914550781
36.25510787963867
26.31715202331543
63.668582916259766
50.24087142944336
25.05678367614746
24.961292266845703
45.765411376953125
23.685705184936523
49.836700439453125
39.36695861816406
35.730926513671875
51.884727478027344
29.390653610229492
6.759877681732178
30.0836181640625
20.006193161010742
23.245525360107422
25.713775634765625
25.790864944458008
28.72354507446289
39.87051010131836
27.240652084350586
53.45466995239258
24.116600036621094
11.108275413513184
28.792377471923828
27.0085391998291
40.95102310180664
49.992984771728516
34.87751388549805
30.931108474731445
12.025532722473145
38.866912841796875
33.0972900390625
17.04388427734375
27.759634017944336
59.784393310546875
19.566953659057617
37.1273307800293
22.396411895751953
26.785470962524414
24.6435489654541
38.189186096191406
35.6917839050293
19.024282455444336
28.707992553710938
23.71238136291504
38.720314025878906
54.16133117675781
20.78744125366211
19.725170135498047
22.09033966064453
61.97005844116211
27.156545639038086
31.88300895690918
40.991493225097656
43.727088928222656
43.49728775024414
27.766836166381836
24.66652488708496
39.0638542175293
32.16849899291992
26.41214370727539
22.47784423828125
48.88689041137695
20.654516220092773
38.09973907470703
23.071102142333984
29.2863826751709
24.96160316467285
33.618289947509766
19.74239730834961
14.733603477478027
21.757850646972656
28.652973175048828
30.591468811035156
28.885339736938477
43.386962890625
23.601469039916992
27.65958023071289
34.48104476928711
18.923355102539062
29.527381896972656
30.41283416748047
36.506622314453125
31.203052520751953
28.2580623626709
25.13918113708496
21.634952545166016
23.698057174682617
20.288532257080078
24.176422119140625
26.696231842041016
38.58281707763672
50.98828125
30.97772979736328
21.624134063720703
33.74395751953125
24.219297409057617
23.89651107788086
20.411388397216797
41.28599548339844
17.952844619750977
10.762317657470703
9.260319709777832
30.362834930419922
10.257024765014648
19.93979835510254
19.094396591186523
56.17159652709961
29.66849708557129
41.34150695800781
41.273704528808594
25.606624603271484
32.410377502441406
8.915519714355469
15.308043479919434
38.79875946044922
26.81686782836914
29.875381469726562
38.34013366699219
26.817302703857422
40.21567153930664
21.59410858154297
27.135204315185547
22.511505126953125
50.76453399658203
28.481420516967773
32.94820785522461
40.55744552612305
18.517127990722656
36.722965240478516
26.254459381103516
14.135629653930664
40.693946838378906
28.763442993164062
40.33056640625
46.08143615722656
26.239795684814453
22.799800872802734
35.41147994995117
19.134929656982422
30.17816734313965
42.97154998779297
40.1202278137207
27.961944580078125
35.35468292236328
34.57854461669922
33.22285842895508
45.61018371582031
24.891016006469727
46.050048828125
27.456724166870117
39.59573745727539
13.650976181030273
13.041168212890625
41.11233139038086
35.40568542480469
32.61292266845703
35.16325378417969
37.7750358581543
26.93057632446289
18.8189754486084
16.459922790527344
31.79421043395996
48.74831771850586
53.690738677978516
35.36054992675781
41.64256286621094
13.765998840332031
27.27524185180664
36.80585861206055
28.594152450561523
20.228565216064453
27.69816780090332
21.99065399169922
11.914215087890625
44.90752029418945
45.370784759521484
41.4503173828125
38.91797637939453
34.63437271118164
27.52810287475586
26.38828468322754
22.02898597717285
57.7471923828125
33.81944274902344
33.17671585083008
17.795310974121094
45.52524185180664
44.15829086303711
46.75584030151367
36.432891845703125
41.48171615600586
17.130449295043945
24.457828521728516
44.88016128540039
27.041248321533203
33.83911895751953
17.36579132080078
53.43239974975586
32.195980072021484
22.473176956176758
42.2463493347168
65.29703521728516
39.89163589477539
33.72660827636719
22.779647827148438
32.359954833984375
22.973896026611328
40.11074447631836
29.420211791992188
28.398639678955078
55.394657135009766
28.309770584106445
4.844972610473633
18.71936798095703
48.596649169921875
8.193614959716797
16.17495346069336
50.786338806152344
34.79676055908203
59.04191970825195
36.054832458496094
34.69159698486328
38.5994987487793
12.581350326538086
34.683319091796875
30.6334285736084
27.735475540161133
22.516000747680664
23.130046844482422
15.013608932495117
41.9272346496582
38.36092758178711
26.657066345214844
27.76982879638672
24.50044822692871
1.7937320470809937
54.146820068359375
24.340112686157227
23.63641357421875
15.89011287689209
42.036808013916016
12.422077178955078
27.169828414916992
26.537057876586914
37.290157318115234
46.4522705078125
37.584083557128906
25.402297973632812
15.303160667419434
32.94941711425781
42.18467330932617
32.955081939697266
33.396812438964844
31.20062255859375
15.993995666503906
40.48206329345703
24.157522201538086
33.2456169128418
24.494884490966797
30.021169662475586
45.96234130859375
31.851831436157227
73.9339828491211
48.29159927368164
18.007261276245117
31.740406036376953
15.358736038208008
39.530155181884766
15.921772003173828
24.007381439208984
39.22335433959961
47.438968658447266
41.911563873291016
29.277034759521484
33.243003845214844
22.863510131835938
20.03849220275879
17.992801666259766
55.243656158447266
27.604909896850586
22.075679779052734
25.89731788635254
37.120121002197266
29.511037826538086
41.90979766845703
38.807342529296875
32.0604362487793
18.62790298461914
40.75899124145508
19.611785888671875
29.10746955871582
28.996341705322266
15.278459548950195
29.118927001953125
21.828266143798828
37.75094985961914
22.137374877929688
54.44308853149414
39.06867599487305
21.55991554260254
27.17355728149414
45.437007904052734
35.15291976928711
5.817677974700928
43.09069061279297
19.281463623046875
31.29560661315918
35.11459732055664
59.77488327026367
23.08698272705078
13.616376876831055
52.81706619262695
32.630619049072266
31.874399185180664
57.848175048828125
40.08934783935547
43.40099334716797
18.31275749206543
30.05231285095215
33.51788330078125
54.72722244262695
34.58876037597656
25.684938430786133
25.31623077392578
46.81145095825195
15.397615432739258
20.626895904541016
20.93452262878418
35.159339904785156
41.89909362792969
20.441688537597656
16.997718811035156
23.758277893066406
12.900301933288574
4.329658508300781
48.675167083740234
27.479999542236328
19.538312911987305
42.4545783996582
25.510509490966797
40.83049774169922
19.345458984375
33.22920608520508
38.21043014526367
46.145755767822266
36.23707580566406
51.36964416503906
39.991817474365234
25.69182777404785
28.5499267578125
31.565975189208984
29.694049835205078
37.365074157714844
24.850767135620117
25.238325119018555
53.0929069519043
31.99506187438965
48.35176467895508
52.01070785522461
25.717151641845703
35.11748123168945
39.571556091308594
26.55826187133789
25.71940040588379
21.54229164123535
25.484914779663086
30.80318832397461
41.328617095947266
24.36571502685547
41.99165725708008
23.267345428466797
33.96718215942383
41.827186584472656
24.28839683532715
22.572946548461914
40.96302795410156
41.852439880371094
28.34889793395996
11.718185424804688
35.48634338378906
29.852048873901367
26.663593292236328
29.70128059387207
49.859649658203125
25.767099380493164
37.105709075927734
37.02126693725586
42.15188980102539
49.68315887451172
34.6257438659668
23.229902267456055
31.69670867919922
55.697425842285156
14.072647094726562
36.34218978881836
29.177865982055664
30.944623947143555
31.683055877685547
13.313800811767578
15.974186897277832
25.506793975830078
10.390413284301758
34.354496002197266
24.34233283996582
42.054561614990234
40.22102737426758
19.313058853149414
41.9197883605957
20.27031898498535
26.228328704833984
10.41629695892334
36.51516342163086
24.993221282958984
46.88254928588867
15.02983283996582
29.226604461669922
36.743263244628906
26.897924423217773
14.205561637878418
40.51337814331055
36.072269439697266
21.194683074951172
37.288421630859375
18.58213233947754
25.951372146606445
33.95281219482422
24.44991683959961
39.39470291137695
51.091278076171875
53.99531936645508
32.15674591064453
28.609954833984375
56.58855438232422
19.814708709716797
39.39889907836914
51.1268424987793
30.648670196533203
49.004310607910156
38.67311096191406
33.13090515136719
35.56776809692383
27.545040130615234
22.978303909301758
35.589500427246094
36.10635757446289
17.367595672607422
22.704879760742188
27.618356704711914
33.853939056396484
12.258782386779785
27.467267990112305
20.489459991455078
17.66044044494629
10.24445915222168
42.32904815673828
36.449012756347656
35.26041030883789
37.13599395751953
32.45241928100586
17.886947631835938
21.225149154663086
18.446020126342773
19.34738540649414
42.615020751953125
16.254844665527344
22.463491439819336
22.14257049560547
71.50696563720703
24.083681106567383
20.836044311523438
14.026183128356934
29.264875411987305
25.677024841308594
26.232444763183594
26.39241600036621
39.72639846801758
21.433528900146484
7.682150363922119
27.805437088012695
28.271509170532227
40.264400482177734
52.50285720825195
31.76483154296875
36.59794235229492
37.32480239868164
35.329219818115234
39.632301330566406
27.68531036376953
24.454320907592773
21.913972854614258
16.639202117919922
22.779766082763672
39.345176696777344
40.82128143310547
29.812633514404297
19.238239288330078
26.026254653930664
38.85575485229492
43.4399299621582
30.97097396850586
37.7281608581543
38.60908889770508
29.852645874023438
39.0244255065918
65.1883773803711
40.66203308105469
24.09816551208496
23.800182342529297
6.98764181137085
29.129117965698242
68.91910552978516
41.92929458618164
17.856403350830078
49.63789367675781
26.40059471130371
20.353065490722656
22.03252410888672
30.88072967529297
33.032623291015625
42.17011260986328
43.46306610107422
13.262864112854004
14.953230857849121
45.09770965576172
26.421524047851562
19.801969528198242
28.854942321777344
36.375370025634766
26.62175941467285
28.722896575927734
38.071937561035156
15.44367504119873
27.42924690246582
22.675798416137695
31.792869567871094
34.04981231689453
15.556477546691895
30.035886764526367
23.580551147460938
34.675498962402344
40.30332946777344
20.692977905273438
35.86166000366211
34.990257263183594
20.155345916748047
43.513572692871094
44.670875549316406
29.188278198242188
24.259695053100586
37.872520446777344
26.72127914428711
18.735815048217773
53.14591979980469
38.76825714111328
20.863727569580078
12.79808235168457
32.16435623168945
23.601577758789062
41.75835037231445
24.371286392211914
15.816116333007812
17.609764099121094
28.728368759155273
29.292743682861328
36.697296142578125
39.16081237792969
22.218284606933594
24.809284210205078
47.29102325439453
20.66822052001953
32.40781784057617
55.0989990234375
38.37745666503906
44.0972900390625
44.170631408691406
31.75484275817871
33.04792785644531
24.296083450317383
25.242965698242188
40.40782928466797
40.2717399597168
41.53384017944336
27.046138763427734
42.0352897644043
22.46355438232422
22.264162063598633
25.209850311279297
18.20368766784668
35.05442810058594
26.786827087402344
19.802732467651367
37.079105377197266
23.54285430908203
65.97168731689453
13.788732528686523
30.173681259155273
16.240528106689453
51.20977783203125
20.97576904296875
36.692893981933594
32.93133544921875
31.82353401184082
23.899221420288086
38.93135070800781
20.08742332458496
20.062767028808594
40.364646911621094
33.48909378051758
59.709510803222656
34.63521194458008
40.23418045043945
60.061134338378906
27.10637855529785
42.20558547973633
9.182211875915527
37.47781753540039
23.324241638183594
28.569622039794922
23.931564331054688
21.11738395690918
20.236549377441406
15.857297897338867
32.908451080322266
37.99313735961914
12.320380210876465
38.7717170715332
26.27941131591797
52.368873596191406
25.681217193603516
27.059782028198242
33.767337799072266
27.84636688232422
20.239580154418945
17.461881637573242
43.87672805786133
26.98033905029297
23.11642837524414
24.43507957458496
50.625732421875
66.68821716308594
37.775474548339844
37.95496368408203
29.51025390625
47.56351089477539
19.032093048095703
26.47530174255371
31.099689483642578
17.633493423461914
26.904891967773438
35.086978912353516
50.83602523803711
30.644838333129883
26.16488265991211
33.895347595214844
40.64836120605469
34.78689956665039
49.02192687988281
20.769420623779297
46.24513626098633
31.057872772216797
33.16183853149414
34.262901306152344
25.027992248535156
27.390438079833984
59.96905517578125
38.83381271362305
6.27498722076416
25.483943939208984
35.09605026245117
22.42382049560547
21.92406463623047
42.5825080871582
2.9566714763641357
22.526805877685547
43.41425323486328
43.553192138671875
64.65644836425781
39.31770706176758
26.20163917541504
40.957332611083984
38.323875427246094
51.49077606201172
18.865833282470703
35.67824935913086
31.905941009521484
35.96243667602539
13.464311599731445
33.497825622558594
26.401634216308594
46.89836883544922
22.97971534729004
35.443603515625
28.415672302246094
39.86541748046875
33.29190444946289
28.668485641479492
28.31100082397461
28.58087158203125
52.111446380615234
28.239356994628906
25.239179611206055
20.347888946533203
28.97823143005371
26.626527786254883
19.282238006591797
33.38184356689453
42.417362213134766
21.438365936279297
39.834983825683594
29.42964744567871
24.190492630004883
42.5978889465332
12.653602600097656
30.05266571044922
24.750234603881836
26.52678680419922
23.710954666137695
44.649749755859375
33.51265335083008
22.635147094726562
23.780771255493164
64.90177154541016
22.794239044189453
27.35489273071289
20.779829025268555
36.63172149658203
18.71839141845703
38.173667907714844
32.922462463378906
14.666726112365723
40.576595306396484
28.72154426574707
31.85588264465332
42.40706253051758
38.746421813964844
16.239038467407227
18.42098045349121
50.17300796508789
46.741947174072266
47.09632873535156
41.183597564697266
44.4402961730957
28.271909713745117
43.17034149169922
38.66878890991211
49.92464828491211
23.771602630615234
25.517942428588867
42.099998474121094
28.630752563476562
36.13483428955078
39.914710998535156
43.552303314208984
26.247211456298828
32.49679183959961
31.988100051879883
58.24874496459961
47.72880554199219
24.227855682373047
30.910221099853516
52.39684295654297
27.630558013916016
23.965011596679688
29.675569534301758
21.881776809692383
24.97166633605957
26.235353469848633
23.2655086517334
34.311763763427734
17.77737045288086
33.029048919677734
7.31313943862915
41.3216667175293
22.36467742919922
27.677797317504883
21.858095169067383
19.040895462036133
12.258849143981934
33.626487731933594
38.99850082397461
34.50792694091797
14.615779876708984
38.6973991394043
33.11919021606445
51.285430908203125
16.10285186767578
35.05708694458008
30.652700424194336
45.460933685302734
17.665973663330078
38.16496276855469
34.809051513671875
29.511701583862305
36.306884765625
27.67222785949707
49.642364501953125
24.045297622680664
45.47590637207031
33.66678237915039
46.151485443115234
49.28084945678711
35.462059020996094
43.19820785522461
32.28549575805664
62.868953704833984
44.251033782958984
26.398225784301758
54.5267333984375
42.465206146240234
33.03137969970703
30.838951110839844
25.46373176574707
57.8089714050293
53.88688278198242
8.116666793823242
37.55058670043945
47.43807601928711
22.376102447509766
27.88022804260254
34.3013916015625
11.520682334899902
42.03379821777344
15.877548217773438
32.1035041809082
41.95946502685547
32.044677734375
11.726422309875488
51.981807708740234
29.01025390625
37.177085876464844
14.366734504699707
7.081524848937988
30.20437240600586
35.45608901977539
36.937435150146484
32.9871826171875
25.8715877532959
21.677114486694336
33.571571350097656
20.14324378967285
40.55078125
19.436569213867188
45.004249572753906
38.45138931274414
27.763717651367188
38.46382522583008
23.427181243896484
37.11614227294922
17.80436134338379
22.89910316467285
16.15700912475586
47.710906982421875
30.910078048706055
35.77784729003906
19.427825927734375
38.2286491394043
41.54813766479492
20.838760375976562
31.132495880126953
44.7247200012207
63.64832305908203
13.834775924682617
17.00440788269043
49.885765075683594
22.833707809448242
39.24312973022461
26.90183448791504
26.96147918701172
51.13011932373047
34.73649978637695
15.164448738098145
35.420467376708984
39.71113967895508
27.29803466796875
30.063966751098633
34.24247741699219
35.860382080078125
33.60889434814453
30.24876594543457
42.46089172363281
35.99272918701172
19.166582107543945
22.11042594909668
37.74024200439453
20.525020599365234
40.481773376464844
42.763999938964844
56.09621047973633
40.224334716796875
33.30854797363281
12.865249633789062
29.136980056762695
73.1636962890625
31.634628295898438
45.67946243286133
20.4283447265625
22.304710388183594
25.566823959350586
58.11530685424805
19.94461441040039
36.207427978515625
23.03789520263672
31.54201316833496
21.606645584106445
51.91005325317383
28.874637603759766
18.499780654907227
33.55398941040039
20.686767578125
19.436983108520508
32.814735412597656
12.30757999420166
40.37276077270508
18.15584373474121
30.9428768157959
45.77515411376953
22.458513259887695
45.36265182495117
48.6257209777832
12.78981876373291
27.15778350830078
31.507587432861328
24.976131439208984
26.641727447509766
26.37041664123535
36.925689697265625
41.34342575073242
18.946636199951172
58.04926681518555
40.51637268066406
27.73834800720215
23.20051383972168
44.660221099853516
24.54745101928711
39.30068588256836
27.949888229370117
21.480987548828125
43.79953384399414
26.0418758392334
22.85173988342285
24.19482421875
44.044578552246094
46.02386474609375
37.745079040527344
30.900388717651367
45.80117416381836
24.787202835083008
7.492353439331055
34.933101654052734
27.0164794921875
29.861351013183594
25.59984016418457
12.259773254394531
37.09169387817383
59.59565734863281
51.04280090332031
32.13307189941406
13.454585075378418
34.41636657714844
29.842409133911133
26.164621353149414
32.67659378051758
36.309696197509766
28.9489688873291
18.95415687561035
47.190773010253906
32.68859100341797
17.846458435058594
17.70945930480957
28.468441009521484
32.75175476074219
9.918161392211914
27.834829330444336
38.576271057128906
33.48998260498047
33.93675231933594
33.2324104309082
42.33197021484375
27.022165298461914
29.85658836364746
34.04524612426758
25.06550407409668
18.400211334228516
38.99583053588867
26.109663009643555
15.35301685333252
16.151874542236328
42.152870178222656
30.14235496520996
41.88084030151367
29.6175594329834
25.62832260131836
51.2945442199707
24.898021697998047
32.784912109375
27.616722106933594
73.50492095947266
50.41587448120117
28.754056930541992
30.062665939331055
31.858322143554688
7.022502422332764
31.40322494506836
20.800308227539062
29.476404190063477
35.79409408569336
15.18635082244873
47.44368362426758
38.794185638427734
33.435142517089844
37.56590270996094
15.360984802246094
45.695377349853516
32.12903594970703
16.219280242919922
23.238492965698242
24.41290283203125
53.698081970214844
47.15610122680664
14.990218162536621
15.489808082580566
46.4377326965332
25.160661697387695
62.544395446777344
75.26197814941406
39.61589431762695
40.46343231201172
28.134593963623047
21.714073181152344
34.693511962890625
48.31007766723633
30.717317581176758
49.989131927490234
41.65641403198242
19.202838897705078
34.625205993652344
19.68707847595215
50.83950424194336
36.90323257446289
15.63996696472168
44.346221923828125
41.34608459472656
26.93850326538086
28.759536743164062
26.190834045410156
36.1788330078125
36.14213943481445
20.321582794189453
36.3288688659668
12.603781700134277
33.18169403076172
27.630889892578125
21.681997299194336
30.215435028076172
41.33916473388672
17.36432647705078
36.42878723144531
17.380142211914062
60.35451126098633
30.261938095092773
39.758785247802734
46.761070251464844
30.32522964477539
22.91427993774414
32.30790328979492
36.3984489440918
20.19218635559082
27.165889739990234
33.350433349609375
21.890867233276367
14.573351860046387
31.78158950805664
20.540969848632812
13.531783103942871
35.6901969909668
58.218544006347656
37.92443084716797
38.669219970703125
23.930095672607422
17.3677978515625
20.245010375976562
22.804798126220703
32.30933380126953
29.283998489379883
21.006269454956055
38.20984649658203
32.99223709106445
31.818302154541016
8.180929183959961
31.82281494140625
32.391544342041016
55.29592514038086
29.600719451904297
14.834501266479492
36.854854583740234
3.6117749214172363
25.009695053100586
12.549978256225586
19.39236831665039
11.437763214111328
52.16412353515625
21.65279769897461
31.692392349243164
50.51231384277344
15.315438270568848
43.50998306274414
28.247407913208008
25.578125
23.067138671875
17.242319107055664
43.04780578613281
34.40858840942383
43.71269226074219
54.73646545410156
60.133819580078125
11.411324501037598
12.1035737991333
39.10386657714844
28.35194206237793
25.534770965576172
37.39015579223633
21.883323669433594
52.51219177246094
18.589658737182617
28.80666732788086
29.48479461669922
45.982418060302734
6.325206279754639
16.020463943481445
18.747161865234375
37.75224685668945
15.44131851196289
37.793373107910156
24.81312370300293
32.87095260620117
16.318086624145508
45.743003845214844
14.224350929260254
36.48968505859375
24.991167068481445
36.96531295776367
26.918954849243164
52.580528259277344
40.347164154052734
42.930809020996094
39.638824462890625
28.79407501220703
36.28017807006836
26.823322296142578
28.57322883605957
37.05642318725586
23.70653533935547
45.534793853759766
37.30320739746094
29.88316535949707
16.516000747680664
11.967477798461914
65.45124816894531
38.50093460083008
15.894599914550781
35.210174560546875
40.520652770996094
47.83342742919922
32.67098617553711
3.6994125843048096
57.03557205200195
36.817527770996094
26.074602127075195
37.563411712646484
32.44422149658203
33.08518600463867
21.747657775878906
25.795637130737305
44.43220138549805
35.90353775024414
31.5963134765625
32.32782745361328
21.067373275756836
29.755661010742188
39.18576431274414
26.136293411254883
52.558223724365234
40.95347213745117
31.453346252441406
63.88719177246094
32.88727951049805
33.073394775390625
27.46773910522461
29.78011703491211
25.07809829711914
67.86935424804688
52.18458557128906
32.026493072509766
14.616433143615723
36.25541305541992
30.269094467163086
31.257482528686523
22.46661376953125
40.49738311767578
43.20452880859375
22.64113998413086
38.46390151977539
32.5065803527832
36.50617599487305
36.47918701171875
34.64750289916992
18.208534240722656
30.084264755249023
42.975914001464844
21.52597999572754
28.57613182067871
24.879474639892578
45.43549346923828
6.128992080688477
39.63589859008789
49.04658889770508
63.4466438293457
19.957626342773438
32.47834396362305
12.778098106384277
47.26407241821289
29.97791290283203
28.37261390686035
27.808378219604492
26.947505950927734
26.61981964111328
35.16544723510742
21.832111358642578
32.87117004394531
29.030845642089844
42.44291305541992
33.32850646972656
53.930450439453125
33.902347564697266
42.44121170043945
46.21358871459961
13.298371315002441
57.36271667480469
40.543704986572266
61.621219635009766
40.82447052001953
18.1532039642334
63.18739318847656
26.39788246154785
33.73225402832031
28.050334930419922
22.996253967285156
57.324485778808594
23.521892547607422
35.42058563232422
33.63920211791992
48.828857421875
20.323261260986328
25.074125289916992
32.82881164550781
8.310394287109375
39.55327224731445
52.66558074951172
55.36600875854492
38.379451751708984
39.627254486083984
19.41891098022461
36.122032165527344
38.291282653808594
60.716758728027344
27.22753143310547
0.7500889301300049
13.582087516784668
62.05253601074219
17.949831008911133
50.283695220947266
29.377967834472656
27.149147033691406
24.316251754760742
37.54678726196289
21.759511947631836
30.261714935302734
34.999664306640625
35.5766487121582
44.44070816040039
17.768709182739258
13.001266479492188
31.814897537231445
20.926687240600586
35.214134216308594
22.487815856933594
28.588960647583008
36.819950103759766
25.80209732055664
28.665950775146484
19.653718948364258
42.724098205566406
21.349977493286133
29.820158004760742
41.93998336791992
23.674205780029297
31.908496856689453
42.726966857910156
23.53692626953125
43.8709831237793
17.961923599243164
21.86234474182129
28.59062385559082
55.99873352050781
37.554168701171875
40.92221450805664
31.098344802856445
19.017053604125977
28.52962303161621
38.280792236328125
35.25324249267578
22.821348190307617
14.824009895324707
44.33307647705078
44.021484375
56.68292999267578
11.672744750976562
35.02043533325195
52.62775802612305
16.2221736907959
48.35078430175781
41.41958999633789
30.043193817138672
51.689388275146484
40.60496139526367
26.545595169067383
31.250770568847656
47.11726760864258
21.353309631347656
10.648301124572754
49.5554313659668
16.308134078979492
38.159976959228516
20.727340698242188
43.90952682495117
60.79644012451172
37.07777404785156
27.277048110961914
38.74677276611328
30.349483489990234
30.911218643188477
26.69254493713379
42.37114334106445
27.978633880615234
26.139598846435547
45.29818344116211
57.214393615722656
46.1693000793457
35.28791427612305
17.391733169555664
30.03667640686035
63.1147346496582
52.83283996582031
25.150314331054688
22.501232147216797
22.321243286132812
23.6728572845459
15.620646476745605
27.640562057495117
42.40570831298828
34.04595184326172
43.56106948852539
45.52812576293945
49.164241790771484
36.480525970458984
37.888580322265625
20.188304901123047
13.722064971923828
44.12123489379883
17.751867294311523
20.39847183227539
41.88827896118164
35.368629455566406
45.21842575073242
11.328856468200684
34.69264602661133
38.72370147705078
28.267099380493164
24.704355239868164
38.025203704833984
49.020904541015625
31.469642639160156
35.31848907470703
42.87775802612305
30.20795249938965
43.69629669189453
30.814855575561523
37.2979850769043
21.0704345703125
62.19929885864258
36.15969467163086
46.76027297973633
20.700302124023438
26.655014038085938
23.696754455566406
45.58498764038086
17.520517349243164
34.65040969848633
56.209678649902344
32.69062805175781
18.173004150390625
27.48432159423828
45.46611022949219
16.431598663330078
28.86180305480957
22.11089324951172
11.263525009155273
46.97320556640625
52.242286682128906
17.86370086669922
39.891056060791016
27.01718521118164
35.08277893066406
40.04856491088867
67.07199096679688
38.902427673339844
65.02384948730469
31.311113357543945
27.42796516418457
46.852203369140625
28.047239303588867
42.14925003051758
20.358142852783203
18.51826286315918
39.86228942871094
43.13584518432617
31.296356201171875
19.67321014404297
7.737288951873779
21.843395233154297
48.91265106201172
33.3376579284668
30.909055709838867
34.49831008911133
25.605249404907227
27.00630760192871
32.96907043457031
45.672325134277344
28.975793838500977
24.170724868774414
52.578487396240234
26.988452911376953
53.405086517333984
47.17447280883789
51.540435791015625
55.35760498046875
41.707481384277344
38.26276397705078
25.13165283203125
8.71214771270752
22.82907485961914
21.489885330200195
23.44540023803711
35.27695846557617
60.843353271484375
27.942602157592773
52.778018951416016
42.33726501464844
17.802387237548828
29.05453109741211
26.79520606994629
52.443721771240234
57.328346252441406
35.4506721496582
16.50019073486328
32.9029426574707
29.754047393798828
42.46699523925781
28.915098190307617
57.2466926574707
21.754608154296875
29.405221939086914
54.84931945800781
27.264440536499023
45.849647521972656
22.092296600341797
15.355628967285156
47.34888458251953
42.30939865112305
13.86760139465332
12.164321899414062
31.115413665771484
36.341026306152344
30.886743545532227
49.63814163208008
36.9774055480957
20.98436164855957
20.093006134033203
47.14228820800781
21.456127166748047
49.5184211730957
36.82170867919922
19.895687103271484
42.01499557495117
24.876523971557617
53.44291687011719
38.852516174316406
39.478477478027344
27.877347946166992
38.72062683105469
32.5755729675293
18.10303497314453
47.388084411621094
29.13934326171875
41.33612060546875
64.66561889648438
29.939434051513672
43.200111389160156
49.94682312011719
19.217056274414062
40.2765007019043
48.13905715942383
28.825393676757812
29.725337982177734
29.274389266967773
27.265920639038086
43.781272888183594
10.927453994750977
27.640926361083984
44.815555572509766
4.244949817657471
46.39054489135742
63.444522857666016
21.653215408325195
22.471879959106445
28.883190155029297
23.696338653564453
32.746971130371094
46.44580078125
28.90213394165039
14.372544288635254
16.983577728271484
31.026947021484375
30.33396339416504
41.87771224975586
32.798648834228516
33.89952850341797
37.67359924316406
18.371980667114258
20.76630401611328
41.124061584472656
45.933013916015625
32.928890228271484
23.543352127075195
15.8095121383667
26.268529891967773
35.60508346557617
29.17131996154785
21.812515258789062
26.119253158569336
37.041263580322266
29.403013229370117
35.0790901184082
24.900089263916016
29.04613494873047
38.38724136352539
27.81085968017578
54.15363311767578
29.927345275878906
36.59250259399414
30.81316566467285
10.77429485321045
41.93369674682617
37.357139587402344
23.298595428466797
55.96452713012695
36.687774658203125
35.968597412109375
31.14830207824707
21.351802825927734
31.868396759033203
14.820761680603027
15.611294746398926
44.95396423339844
25.35259437561035
10.570584297180176
33.693721771240234
51.731422424316406
49.74382019042969
12.067221641540527
32.42755889892578
62.73100662231445
36.40736389160156
28.95724105834961
39.18109130859375
29.895116806030273
35.6315803527832
67.33865356445312
43.15304183959961
52.27590560913086
27.718759536743164
55.13724899291992
19.034515380859375
15.716337203979492
30.850933074951172
31.59122085571289
22.336519241333008
44.90086364746094
25.84686851501465
28.151817321777344
30.810226440429688
8.37033748626709
13.96786117553711
29.5189208984375
48.3773193359375
38.894657135009766
23.832979202270508
54.38484573364258
33.49123001098633
27.889606475830078
19.43902587890625
42.074249267578125
38.136756896972656
38.79751968383789
19.406259536743164
18.430612564086914
23.283119201660156
24.770278930664062
5.436988830566406
32.494232177734375
47.951656341552734
28.25448226928711
44.70466995239258
40.46575164794922
18.293262481689453
30.548261642456055
52.139915466308594
41.288551330566406
20.63345718383789
63.22813034057617
30.15536117553711
27.458528518676758
53.01152801513672
26.25111198425293
40.44517135620117
33.278072357177734
68.5279541015625
26.281526565551758
41.4229736328125
12.942301750183105
26.88907814025879
42.9463005065918
43.077083587646484
36.446529388427734
30.762056350708008
51.667510986328125
37.023921966552734
23.299924850463867
26.102933883666992
40.946834564208984
31.378793716430664
50.74754333496094
24.601585388183594
28.871646881103516
19.674694061279297
58.07770919799805
31.59540367126465
41.595298767089844
28.330005645751953
18.73651885986328
46.00320053100586
39.42750930786133
44.75870132446289
31.848501205444336
32.145999908447266
42.925498962402344
14.706147193908691
25.508934020996094
25.41391944885254
27.6690616607666
13.433667182922363
30.16150665283203
36.87525177001953
30.977752685546875
62.1124153137207
40.83518981933594
27.75902557373047
31.36757469177246
38.27707290649414
41.65408706665039
48.25653076171875
47.602046966552734
33.467281341552734
24.596927642822266
14.22977352142334
45.08940124511719
33.043556213378906
37.303855895996094
31.5738582611084
19.19771957397461
36.26936721801758
35.05974197387695
50.598514556884766
37.24562072753906
21.898061752319336
34.37900161743164
54.42943572998047
48.77376937866211
38.997737884521484
36.14357376098633
51.66961669921875
35.26923751831055
35.76277542114258
32.83699035644531
26.789615631103516
30.833627700805664
57.86446762084961
57.46641540527344
14.17672061920166
25.861412048339844
31.075057983398438
47.14419937133789
40.22060775756836
30.11402702331543
19.09235382080078
36.367820739746094
27.069393157958984
44.36726760864258
45.984832763671875
29.769926071166992
20.37710952758789
35.38896560668945
28.02338218688965
44.2645378112793
16.079439163208008
25.752464294433594
20.456287384033203
28.660551071166992
24.936901092529297
50.25172805786133
22.05542755126953
31.515926361083984
44.024471282958984
23.247798919677734
34.17842102050781
22.008678436279297
40.908504486083984
25.994186401367188
19.880783081054688
38.66252899169922
32.90305709838867
13.326412200927734
21.273649215698242
36.92081069946289
40.03241729736328
47.494937896728516
22.695350646972656
27.673643112182617
36.44785690307617
18.827220916748047
19.93352699279785
35.4774284362793
32.744327545166016
15.17177963256836
23.584192276000977
28.82891082763672
33.53244400024414
54.7567253112793
35.313377380371094
20.941442489624023
24.549585342407227
40.566680908203125
20.76166343688965
28.951412200927734
46.13444519042969
38.049068450927734
9.482499122619629
46.307655334472656
46.79047393798828
18.90746307373047
26.536802291870117
14.616828918457031
26.034034729003906
20.488054275512695
17.53239631652832
31.646398544311523
41.743072509765625
41.95221710205078
31.873804092407227
22.128150939941406
55.95039749145508
51.77567672729492
29.109376907348633
17.386892318725586
34.76397705078125
18.15399169921875
28.326574325561523
31.177936553955078
41.217552185058594
40.83780288696289
38.526756286621094
24.98085594177246
24.82478141784668
30.011568069458008
31.056249618530273
54.52827453613281
40.65314483642578
19.699308395385742
17.618749618530273
49.687435150146484
21.645503997802734
45.81732177734375
41.75223159790039
16.874940872192383
33.07185745239258
23.882919311523438
37.36899185180664
27.700180053710938
34.642635345458984
13.824838638305664
