29.085830688476562
42.99263381958008
28.367982864379883
46.0206298828125
20.9184627532959
22.137231826782227
30.931596755981445
18.572696685791016
26.122495651245117
50.49383544921875
34.39411544799805
19.791706085205078
19.785165786743164
48.970211029052734
70.73397064208984
24.803808212280273
21.347902297973633
39.80588912963867
26.880390167236328
40.77524185180664
34.828575134277344
34.261016845703125
31.465343475341797
33.209835052490234
43.82892990112305
34.60907745361328
44.45842742919922
56.80320358276367
29.01442527770996
19.28976821899414
33.4172248840332
23.14836883544922
33.560035705566406
28.944793701171875
28.30364990234375
37.148521423339844
27.19138526916504
26.4407958984375
40.53499221801758
38.303321838378906
67.39169311523438
26.03273582458496
39.64317321777344
57.86787796020508
60.62330627441406
49.94892883300781
28.407407760620117
37.297306060791016
26.11730194091797
22.54703712463379
40.12232971191406
20.012779235839844
28.009485244750977
24.212570190429688
44.9121208190918
41.020591735839844
35.71200942993164
67.00420379638672
33.05255126953125
38.58208084106445
27.798961639404297
38.62541198730469
22.328174591064453
40.448036193847656
57.99021530151367
40.718570709228516
50.640594482421875
42.156761169433594
24.342235565185547
42.04122543334961
55.20128631591797
35.050048828125
88.91971588134766
27.956314086914062
31.559326171875
21.734272003173828
31.0893611907959
36.524959564208984
43.373138427734375
62.35686492919922
30.84454345703125
21.00739097595215
32.571441650390625
46.02231979370117
28.497474670410156
34.3031005859375
49.36740493774414
24.732242584228516
40.30663299560547
21.797348022460938
28.45619773864746
25.053741455078125
29.323965072631836
73.5970458984375
33.716033935546875
61.41500473022461
48.67680740356445
25.602996826171875
30.44367027282715
20.578113555908203
56.17100143432617
36.358577728271484
27.545820236206055
23.23858070373535
64.84904479980469
23.010709762573242
15.769282341003418
44.245914459228516
29.226411819458008
46.957881927490234
15.041871070861816
36.82087707519531
42.813663482666016
26.383718490600586
40.00508499145508
31.142105102539062
22.406492233276367
41.220802307128906
16.100770950317383
55.78693771362305
35.55321502685547
26.294660568237305
37.280460357666016
38.655799865722656
36.11194610595703
29.852415084838867
23.515544891357422
9.808314323425293
38.1453742980957
38.77756881713867
59.223602294921875
45.220558166503906
18.198030471801758
27.42068862915039
42.287662506103516
27.495691299438477
71.3462142944336
32.17289733886719
28.35628318786621
21.197912216186523
18.940011978149414
27.926042556762695
36.94963455200195
30.03754997253418
34.859500885009766
47.17347717285156
54.835899353027344
32.77474594116211
33.97835922241211
30.774002075195312
55.754974365234375
29.267446517944336
51.60480880737305
37.51552200317383
35.19118118286133
51.62255096435547
41.24176025390625
20.158605575561523
36.687652587890625
29.683109283447266
35.779239654541016
40.479888916015625
54.07623291015625
86.09660339355469
38.82206726074219
29.936201095581055
27.527450561523438
63.182106018066406
30.8585147857666
31.041702270507812
37.028663635253906
34.22946548461914
31.217500686645508
56.56008529663086
32.67168045043945
31.612930297851562
45.46223068237305
30.615856170654297
65.38063049316406
35.07325744628906
22.37945556640625
64.49842834472656
23.92678451538086
10.589111328125
27.78586769104004
48.767337799072266
28.34699821472168
24.060714721679688
31.663801193237305
46.78125
27.184553146362305
62.35921096801758
28.009124755859375
30.47239875793457
62.21401596069336
38.85361099243164
30.558399200439453
30.95319938659668
22.918489456176758
43.206298828125
27.449094772338867
30.01325225830078
42.49559020996094
8.47749137878418
38.7220458984375
37.96818542480469
48.09089279174805
37.3931884765625
50.60068130493164
39.81792068481445
61.365421295166016
24.905426025390625
57.06089401245117
46.43328857421875
29.746320724487305
58.99858093261719
13.943943977355957
31.862281799316406
21.26460075378418
48.077171325683594
44.14578628540039
37.72993469238281
53.930870056152344
36.32273864746094
44.89793014526367
51.670143127441406
34.29560852050781
26.646568298339844
54.08686065673828
56.068172454833984
51.15148162841797
34.63681411743164
33.52783203125
34.6407470703125
43.52345275878906
48.630615234375
32.74845886230469
21.97321891784668
43.62921905517578
30.100811004638672
27.787235260009766
50.924705505371094
39.51909255981445
39.941871643066406
26.018766403198242
26.45041847229004
20.398775100708008
26.98501205444336
44.21825408935547
37.736385345458984
26.088600158691406
27.37582015991211
27.27374267578125
12.778244018554688
24.255611419677734
45.50277328491211
36.43161392211914
49.42931365966797
23.033323287963867
40.253517150878906
39.09912109375
12.748208999633789
20.30204963684082
59.7703742980957
49.43952178955078
33.54404830932617
32.14599609375
48.568729400634766
38.161800384521484
22.52889060974121
38.234336853027344
39.09894943237305
64.6063232421875
30.673904418945312
32.267723083496094
50.65807342529297
44.19609069824219
29.251020431518555
28.910547256469727
29.91250228881836
37.142547607421875
38.523590087890625
26.692935943603516
33.06167221069336
43.386146545410156
29.59364128112793
28.55998992919922
31.713790893554688
40.78096389770508
47.248130798339844
21.066152572631836
48.34144973754883
63.79270935058594
41.831111907958984
36.627357482910156
38.19224548339844
62.50611877441406
50.20905303955078
27.069137573242188
19.774845123291016
32.941490173339844
52.20023727416992
38.712730407714844
32.347286224365234
58.62205505371094
32.260311126708984
57.31855773925781
28.944704055786133
21.057809829711914
35.304283142089844
42.731605529785156
37.72457504272461
45.830055236816406
30.75220489501953
67.1240005493164
12.378558158874512
38.32649230957031
39.67473602294922
55.557472229003906
24.563539505004883
50.13165283203125
47.294822692871094
20.040929794311523
33.56050491333008
42.46800231933594
54.60906219482422
35.39073181152344
49.97919464111328
23.98892593383789
36.38917922973633
44.96293640136719
53.78565979003906
23.35919761657715
31.33837127685547
52.906436920166016
38.29618835449219
50.700130462646484
36.32769012451172
24.75689697265625
42.29348373413086
21.782974243164062
45.05226516723633
39.066497802734375
37.287288665771484
37.1694221496582
42.903709411621094
37.84960174560547
34.252899169921875
68.21859741210938
40.5773811340332
56.24022674560547
31.26029396057129
35.99140548706055
36.13029861450195
41.03432846069336
52.41670608520508
47.96563720703125
41.225284576416016
69.90313720703125
76.30915069580078
25.68609046936035
34.668724060058594
30.290138244628906
37.104515075683594
32.590118408203125
36.74563980102539
63.294918060302734
51.22202682495117
35.802833557128906
17.363018035888672
29.289932250976562
45.49695587158203
25.37334632873535
48.80880355834961
41.94956588745117
17.301740646362305
64.42096710205078
17.151994705200195
35.00391387939453
73.33089447021484
43.95180892944336
67.83264923095703
23.129573822021484
49.127723693847656
36.45581817626953
39.11948776245117
40.373435974121094
68.06438446044922
33.22578811645508
9.560643196105957
41.07337951660156
32.056705474853516
26.506629943847656
5.1581549644470215
23.397010803222656
31.57244300842285
44.81611633300781
41.788230895996094
64.32698822021484
41.016754150390625
35.916255950927734
37.38998794555664
23.68961524963379
35.75937271118164
22.793075561523438
46.52242660522461
20.516767501831055
25.745641708374023
36.423423767089844
19.58527374267578
46.0371208190918
27.56365203857422
55.56025314331055
26.681995391845703
29.107515335083008
41.77390670776367
27.162185668945312
23.295326232910156
23.660070419311523
28.417999267578125
46.319610595703125
26.221084594726562
15.382953643798828
48.83854675292969
50.68926239013672
38.7410774230957
42.213802337646484
23.058168411254883
36.43953323364258
39.751102447509766
29.146465301513672
44.23065185546875
53.954925537109375
32.32062911987305
49.184837341308594
5.350360870361328
32.774166107177734
37.32899475097656
27.17009162902832
28.260229110717773
33.63629913330078
51.948665618896484
48.987388610839844
62.620243072509766
59.046478271484375
47.281551361083984
14.92669677734375
30.878799438476562
38.45931625366211
25.0520076751709
17.505338668823242
38.03614807128906
42.40718460083008
42.42432403564453
14.000718116760254
65.1292953491211
36.45685577392578
44.3892936706543
45.37752914428711
48.4994010925293
30.674880981445312
19.684059143066406
14.004281997680664
49.271018981933594
14.99901294708252
43.6091423034668
52.75191116333008
35.182403564453125
47.25247573852539
16.325035095214844
39.331668853759766
42.72982406616211
45.20195770263672
29.46576499938965
52.310394287109375
16.71806526184082
67.13813018798828
49.48942565917969
37.926204681396484
47.583927154541016
49.00520706176758
59.8349723815918
73.9185562133789
35.659393310546875
33.07233810424805
40.95877456665039
33.055240631103516
31.39754295349121
28.442848205566406
22.472620010375977
31.535110473632812
52.36680603027344
19.927974700927734
47.77120590209961
34.09119415283203
37.16697692871094
17.534639358520508
30.919601440429688
35.336788177490234
25.959087371826172
24.153043746948242
53.222267150878906
45.632137298583984
20.74702262878418
49.967491149902344
36.748435974121094
49.29899597167969
43.485313415527344
44.42549133300781
33.6507568359375
22.305749893188477
43.546695709228516
40.77705001831055
26.13278579711914
45.14192199707031
36.27037811279297
53.055763244628906
30.263702392578125
31.624019622802734
42.52596664428711
46.044227600097656
63.51566696166992
11.166671752929688
44.29906463623047
57.50551986694336
20.7209529876709
39.160404205322266
55.86783981323242
26.891874313354492
47.981422424316406
48.06238555908203
32.13630676269531
50.04277420043945
33.58790588378906
53.9555778503418
29.28428840637207
46.50775146484375
47.759765625
18.519981384277344
41.40903091430664
9.063619613647461
39.12086486816406
43.362510681152344
26.814958572387695
39.4903564453125
47.885231018066406
45.7381477355957
36.189754486083984
47.40607452392578
57.75751876831055
28.77271270751953
64.94802856445312
41.064971923828125
25.09601402282715
42.0103759765625
37.84138488769531
26.646221160888672
45.2207145690918
37.22997283935547
46.68171691894531
42.72089767456055
45.69950866699219
41.81119155883789
33.475887298583984
49.92208480834961
30.992307662963867
34.27413558959961
54.07957458496094
45.10661315917969
24.418245315551758
22.23672103881836
50.11220932006836
67.37332153320312
25.675399780273438
40.90778350830078
4.980828762054443
9.401352882385254
28.46923065185547
30.938108444213867
48.784400939941406
65.38650512695312
34.59950256347656
48.050636291503906
45.824806213378906
30.230003356933594
27.98082160949707
69.02311706542969
33.1505012512207
17.29018211364746
34.13238525390625
32.17006301879883
58.668479919433594
27.61588478088379
29.445764541625977
24.208049774169922
52.410640716552734
42.51776123046875
49.58641052246094
42.87126922607422
16.537248611450195
39.60472106933594
41.2673454284668
52.006710052490234
37.870243072509766
51.368377685546875
36.34349060058594
21.261693954467773
29.31256866455078
27.9927921295166
46.081947326660156
15.59102725982666
46.73455810546875
64.43936157226562
32.239078521728516
15.165168762207031
37.408504486083984
50.045074462890625
29.120101928710938
38.465633392333984
24.72262191772461
25.075504302978516
25.27789878845215
15.764290809631348
31.144548416137695
30.19382667541504
34.980831146240234
24.489530563354492
34.69467544555664
53.53717041015625
17.987489700317383
24.466888427734375
39.07264709472656
36.34074020385742
27.17025375366211
38.973365783691406
43.527549743652344
28.410125732421875
29.530263900756836
59.606666564941406
31.459257125854492
25.62364387512207
25.96791648864746
53.05714416503906
28.612995147705078
68.13865661621094
25.78907585144043
26.108665466308594
49.933677673339844
35.82529067993164
48.00829315185547
45.66633224487305
27.568342208862305
29.21739387512207
32.29395294189453
19.46474266052246
20.338422775268555
42.73949432373047
43.775909423828125
35.07939910888672
23.93897819519043
33.90058135986328
55.482601165771484
31.601057052612305
63.01164627075195
40.753543853759766
30.10060691833496
62.47090530395508
42.203739166259766
30.70655059814453
41.90850830078125
26.472610473632812
36.984989166259766
57.24816131591797
73.59296417236328
33.746429443359375
17.043912887573242
47.23347854614258
17.33392906188965
43.18409729003906
32.237579345703125
12.183584213256836
34.90253448486328
39.41001892089844
28.328155517578125
65.49334716796875
18.19416618347168
18.927616119384766
39.54874801635742
49.311370849609375
39.85416793823242
23.881685256958008
50.01673126220703
22.450321197509766
34.83271026611328
32.30390548706055
40.09688186645508
67.43245697021484
32.29949188232422
54.94615936279297
32.70600891113281
41.30122375488281
36.43355178833008
25.568117141723633
58.20436477661133
38.360965728759766
36.04243469238281
41.6907844543457
53.98224639892578
40.94749450683594
36.26136016845703
50.66203308105469
32.30620193481445
45.648372650146484
45.229774475097656
24.845388412475586
30.818267822265625
29.38941192626953
29.82755470275879
42.85772705078125
39.870548248291016
38.816795349121094
50.02787780761719
38.858829498291016
42.12224578857422
33.69190216064453
32.04292297363281
56.263790130615234
31.465383529663086
42.55262756347656
26.35871124267578
50.11729049682617
43.69986343383789
25.97635269165039
57.10646057128906
64.24608612060547
57.28376770019531
17.787513732910156
33.2457275390625
49.78365707397461
55.62559509277344
34.165985107421875
38.353599548339844
28.72325897216797
48.771522521972656
34.36597442626953
29.920883178710938
44.01140594482422
36.210350036621094
40.4161376953125
41.959617614746094
46.31837844848633
45.05088806152344
41.07864761352539
39.09449005126953
13.81529426574707
55.96675491333008
44.988128662109375
34.87797927856445
28.29060173034668
42.264251708984375
13.329717636108398
28.32118797302246
16.848390579223633
50.79669189453125
45.5982780456543
41.02733612060547
43.39301681518555
37.39545822143555
27.0462703704834
32.1636962890625
29.04045295715332
27.820215225219727
55.39850616455078
14.321535110473633
41.126895904541016
36.59036636352539
28.12107276916504
22.670377731323242
43.814353942871094
19.66497802734375
24.20526885986328
42.32526779174805
39.55314636230469
46.03830337524414
21.902257919311523
49.45411682128906
54.36027145385742
41.33546447753906
49.29400634765625
16.934688568115234
39.15128707885742
48.31111145019531
31.450971603393555
28.276575088500977
27.006715774536133
23.74958038330078
55.43467712402344
32.16913986206055
35.70223617553711
62.0423469543457
45.060333251953125
55.27167510986328
4.420046806335449
27.6790771484375
40.08846664428711
45.02995300292969
33.80012512207031
22.360647201538086
44.66979217529297
54.846282958984375
26.983476638793945
38.809539794921875
47.024314880371094
3.8913450241088867
35.957576751708984
51.3018684387207
38.57093048095703
47.62007522583008
57.17130661010742
45.189693450927734
59.5868034362793
46.25925064086914
46.167842864990234
43.30777359008789
52.758209228515625
53.03870391845703
27.224159240722656
58.31283187866211
50.81222915649414
15.802757263183594
46.684043884277344
54.70348358154297
42.67018127441406
40.14240646362305
38.073692321777344
13.843667030334473
38.011474609375
23.933917999267578
64.58195495605469
65.0828628540039
19.09470558166504
37.35795974731445
47.58497619628906
37.370399475097656
33.723941802978516
19.23724365234375
51.866180419921875
35.55445861816406
47.99418258666992
63.5396728515625
32.08464813232422
67.84439849853516
42.468841552734375
19.721410751342773
29.606420516967773
80.37406921386719
63.28176498413086
68.96417999267578
28.956092834472656
38.328250885009766
45.74726867675781
64.71112060546875
31.748552322387695
15.779618263244629
26.669479370117188
6.845661163330078
39.167335510253906
55.76344680786133
38.28498458862305
5.918786525726318
42.94155502319336
69.13368225097656
26.81734275817871
39.48566436767578
63.6327018737793
42.29482650756836
49.57340621948242
31.170331954956055
35.88602828979492
40.83610534667969
42.47841262817383
50.47581481933594
18.53845977783203
19.551576614379883
44.941322326660156
57.05003356933594
21.27800941467285
55.45254898071289
22.70218276977539
37.139373779296875
46.928619384765625
38.042423248291016
40.57051086425781
3.623565673828125
42.28563690185547
37.17405700683594
47.021907806396484
60.59059143066406
36.01152038574219
35.73306655883789
61.9689826965332
36.78268051147461
59.797115325927734
52.666778564453125
70.43341827392578
48.7524528503418
45.46928024291992
38.25471115112305
44.30157470703125
52.81794357299805
30.64456558227539
31.797456741333008
40.992774963378906
39.25600051879883
75.22760772705078
30.978172302246094
15.22245979309082
55.27287673950195
31.361173629760742
31.779836654663086
56.74072265625
29.544374465942383
50.19760513305664
28.107633590698242
28.377655029296875
39.214786529541016
35.43646240234375
45.78855895996094
67.83392333984375
29.95197105407715
39.58510208129883
65.81159210205078
25.041748046875
33.5462646484375
48.33963394165039
50.23249435424805
19.06904411315918
29.561439514160156
47.966064453125
25.244169235229492
65.63680267333984
18.585908889770508
39.46303176879883
47.5414924621582
52.698448181152344
42.08470916748047
30.095317840576172
24.652568817138672
50.305423736572266
45.37403106689453
40.570274353027344
34.57271957397461
38.37918472290039
43.18903732299805
24.776565551757812
23.520751953125
45.932613372802734
39.43644714355469
40.963645935058594
35.00316619873047
39.35624694824219
36.3595085144043
18.06778335571289
34.56201934814453
41.174720764160156
48.17294692993164
42.90053176879883
34.86011505126953
52.578189849853516
21.307422637939453
38.63066864013672
38.08429718017578
23.88787841796875
44.20248031616211
36.49327087402344
27.469688415527344
31.558372497558594
30.560428619384766
21.767810821533203
45.994606018066406
48.36130142211914
42.612545013427734
40.262664794921875
37.075931549072266
37.16320037841797
35.356895446777344
48.685203552246094
18.76015281677246
40.958953857421875
71.97578430175781
26.051822662353516
37.883792877197266
28.002037048339844
32.21947479248047
60.081695556640625
51.01430130004883
20.664030075073242
16.291370391845703
40.009613037109375
13.928690910339355
27.814577102661133
41.41942596435547
34.27710723876953
18.07308006286621
22.064964294433594
56.686073303222656
31.730344772338867
43.83489227294922
32.01838684082031
61.3096923828125
47.54094314575195
41.33083724975586
24.488037109375
61.27798843383789
18.401403427124023
9.29539966583252
51.096466064453125
57.32088851928711
24.94309425354004
60.359256744384766
21.75257110595703
11.6923189163208
46.964332580566406
50.630401611328125
57.14321517944336
37.861175537109375
37.81662368774414
37.37843704223633
50.791629791259766
58.797203063964844
54.034305572509766
34.701683044433594
33.44310760498047
43.00565719604492
50.940895080566406
31.693180084228516
28.531261444091797
55.60023498535156
28.637008666992188
21.273937225341797
67.56770324707031
23.257234573364258
31.673736572265625
25.09955596923828
40.477394104003906
41.17230987548828
21.11060905456543
35.04121398925781
27.999244689941406
45.20762634277344
63.01023864746094
30.547338485717773
54.28739547729492
43.21352767944336
32.57834243774414
41.48357391357422
25.776851654052734
59.95480728149414
26.60968589782715
27.84844398498535
49.40119171142578
35.88034439086914
57.013004302978516
32.2570915222168
48.55553436279297
51.25102615356445
39.30632400512695
34.889163970947266
33.997161865234375
29.729660034179688
45.35096740722656
17.67481231689453
22.583744049072266
46.78391647338867
63.68390655517578
22.963708877563477
35.78413772583008
58.299591064453125
31.897275924682617
21.10420036315918
16.29694366455078
30.298377990722656
40.72944259643555
31.410526275634766
28.417156219482422
44.74165725708008
33.459712982177734
49.995609283447266
17.788467407226562
28.795761108398438
36.306373596191406
45.10214614868164
27.436342239379883
64.5263900756836
20.235830307006836
68.59832763671875
20.219850540161133
17.339075088500977
44.84794998168945
30.929466247558594
38.769466400146484
43.8387451171875
44.093406677246094
36.21781539916992
49.118343353271484
52.59664535522461
14.936080932617188
26.91290283203125
11.696433067321777
30.002517700195312
59.60868453979492
15.847366333007812
46.194698333740234
31.493741989135742
30.833404541015625
26.82817268371582
43.07457733154297
22.060386657714844
27.659849166870117
39.42314910888672
44.777915954589844
43.6026496887207
49.054351806640625
38.79257583618164
57.290706634521484
29.764564514160156
48.98810958862305
47.80931091308594
17.676193237304688
56.541290283203125
32.533485412597656
18.923080444335938
53.66041564941406
28.451414108276367
32.377159118652344
31.836627960205078
35.467140197753906
41.94411849975586
60.80992889404297
48.6542854309082
22.625457763671875
43.59123229980469
20.971147537231445
20.345462799072266
35.26527404785156
50.34576416015625
45.92573928833008
42.529788970947266
41.063758850097656
17.405109405517578
58.57971954345703
45.934120178222656
49.74518966674805
47.73289489746094
22.815427780151367
35.44919204711914
75.23540496826172
36.56077575683594
38.98658752441406
43.99147415161133
45.31501007080078
39.64500427246094
27.50901222229004
41.716609954833984
44.6621208190918
34.623992919921875
38.30902862548828
38.257999420166016
51.90144729614258
28.53303337097168
36.13837814331055
61.013179779052734
40.41896438598633
27.384517669677734
29.263368606567383
62.10710525512695
22.286283493041992
35.950984954833984
32.08143615722656
29.28284454345703
11.615889549255371
71.22364807128906
64.9030532836914
20.424779891967773
53.974483489990234
44.400753021240234
46.70463180541992
42.235721588134766
20.096153259277344
20.322811126708984
34.73374557495117
49.63584899902344
47.11863327026367
58.180633544921875
44.97019958496094
47.59441375732422
53.9744758605957
41.90483474731445
52.22136688232422
34.31227493286133
58.65267562866211
43.563812255859375
59.69572448730469
23.276447296142578
33.680362701416016
31.649616241455078
53.900146484375
39.15961837768555
32.578407287597656
22.366779327392578
57.20309829711914
38.74024963378906
24.826383590698242
33.831809997558594
44.014625549316406
30.943130493164062
43.10221481323242
42.1795654296875
31.54880714416504
24.577699661254883
44.00639343261719
23.638139724731445
38.74599075317383
21.34804344177246
53.9289665222168
40.79938888549805
28.678062438964844
46.43494415283203
58.13492202758789
47.93311309814453
43.5406494140625
25.014707565307617
52.083866119384766
29.35218620300293
25.5378475189209
42.164031982421875
60.255428314208984
49.72187805175781
25.51017951965332
42.992164611816406
73.09927368164062
52.14995193481445
55.577781677246094
34.58042907714844
56.688228607177734
25.98589515686035
17.91453742980957
18.01630210876465
25.62725830078125
59.853336334228516
28.412647247314453
63.14107894897461
25.817296981811523
53.59281539916992
43.432029724121094
30.81058120727539
30.444570541381836
46.34516143798828
64.15267181396484
42.212196350097656
24.77311134338379
28.853731155395508
21.403596878051758
61.504669189453125
33.850120544433594
38.010780334472656
38.334835052490234
24.262643814086914
27.06287956237793
46.17738342285156
26.775707244873047
53.023563385009766
34.39604187011719
57.48855209350586
34.253623962402344
44.879310607910156
32.57244110107422
58.40407180786133
43.38253402709961
33.25259017944336
52.81977462768555
41.4749755859375
17.351268768310547
28.14063262939453
47.977542877197266
57.518218994140625
36.18550109863281
36.46182632446289
42.33220672607422
41.16969680786133
33.75337219238281
38.39115524291992
37.19043731689453
39.74659729003906
12.06434154510498
19.328685760498047
49.15742492675781
47.37605667114258
39.88189697265625
35.113494873046875
54.81610870361328
27.795804977416992
35.06951141357422
45.320335388183594
39.28678894042969
26.218650817871094
40.414398193359375
35.26069641113281
42.22238540649414
46.70759963989258
26.441707611083984
43.04059600830078
44.96475601196289
33.04239273071289
62.17213439941406
32.85140609741211
58.87135314941406
49.95047378540039
36.147457122802734
22.631229400634766
30.606943130493164
57.382869720458984
29.063955307006836
39.275882720947266
41.91942596435547
44.96662139892578
49.37017059326172
31.640893936157227
37.25810241699219
48.44147872924805
56.67490768432617
36.9824333190918
20.569442749023438
12.520123481750488
58.05916976928711
43.29082107543945
44.76715850830078
42.83506774902344
29.400440216064453
43.02700424194336
30.23392105102539
25.01104736328125
50.32096862792969
46.665061950683594
38.094356536865234
38.619083404541016
34.669979095458984
46.7880859375
50.9984016418457
35.83648681640625
51.36479568481445
14.430940628051758
20.6784725189209
54.813636779785156
57.20185089111328
45.504615783691406
59.083656311035156
23.26905632019043
40.98833084106445
51.21818542480469
25.536849975585938
29.96955680847168
18.403079986572266
40.6065788269043
35.445735931396484
72.69941711425781
26.80675506591797
24.44741439819336
44.749977111816406
31.622262954711914
59.21896743774414
27.405866622924805
51.6070671081543
23.41029930114746
47.112449645996094
41.613563537597656
32.85263442993164
31.6394100189209
40.84443664550781
49.592811584472656
30.963878631591797
31.407791137695312
37.99527359008789
40.416648864746094
30.926132202148438
22.040565490722656
35.262847900390625
66.42803955078125
49.84416198730469
21.716747283935547
26.46769905090332
28.698585510253906
49.10930633544922
60.35169219970703
54.18880081176758
21.273391723632812
29.07982635498047
10.319690704345703
36.90180587768555
31.439838409423828
31.152446746826172
51.14889907836914
45.39210510253906
23.884206771850586
11.938117980957031
39.64237976074219
44.313419342041016
23.072961807250977
53.79743576049805
43.99979782104492
42.17109298706055
41.210052490234375
50.33875274658203
34.469398498535156
37.76921081542969
26.278581619262695
34.71195983886719
52.16117858886719
54.593135833740234
30.091562271118164
48.76496124267578
32.30300521850586
72.72611236572266
24.792375564575195
47.804622650146484
42.855499267578125
30.475101470947266
34.72013473510742
28.395967483520508
45.003875732421875
33.36855697631836
36.81661605834961
36.37699890136719
40.011104583740234
29.260700225830078
42.68699645996094
32.761573791503906
39.10454559326172
48.25395965576172
26.20410919189453
26.05181884765625
43.226463317871094
26.882713317871094
41.00986862182617
47.616783142089844
48.875328063964844
46.417293548583984
59.16219711303711
29.72090721130371
32.25738525390625
34.43178939819336
19.41522216796875
72.89189147949219
46.4409065246582
34.57100296020508
26.63526725769043
35.92533493041992
36.734622955322266
66.55908966064453
46.429264068603516
31.33706283569336
25.512508392333984
42.07203674316406
24.503278732299805
31.12948226928711
38.26700973510742
56.33292007446289
23.73610496520996
29.91278648376465
31.640684127807617
20.221332550048828
54.26348114013672
37.118865966796875
31.69243049621582
20.830812454223633
26.684595108032227
46.74617385864258
45.27288818359375
44.94175338745117
24.894773483276367
48.12810134887695
20.319387435913086
38.85410690307617
42.06714630126953
31.070863723754883
49.47956848144531
54.4503288269043
44.27292251586914
48.268795013427734
30.986726760864258
30.012462615966797
43.72871780395508
55.89755630493164
40.88650894165039
45.504940032958984
40.20180892944336
19.75644874572754
74.91155242919922
30.158512115478516
45.671138763427734
16.888198852539062
28.287433624267578
29.15114402770996
44.47931671142578
40.27094650268555
46.40453338623047
36.8245849609375
46.755977630615234
73.45003509521484
26.863330841064453
45.67765426635742
43.79405212402344
47.9543571472168
46.386165618896484
52.475460052490234
39.746150970458984
34.9100227355957
25.221500396728516
56.691410064697266
37.66690444946289
20.864727020263672
30.951671600341797
47.648223876953125
47.525177001953125
53.03425979614258
54.84905242919922
37.405574798583984
35.74046325683594
40.83340072631836
38.35770797729492
30.03940773010254
66.12891387939453
35.78032302856445
60.54799270629883
35.737308502197266
62.11248779296875
18.91005516052246
39.16032409667969
17.105993270874023
63.44220733642578
24.05923843383789
52.43124008178711
33.93894577026367
51.10593032836914
55.24521255493164
39.5964241027832
63.548912048339844
33.88565444946289
41.59370803833008
39.53995132446289
34.61872100830078
24.166881561279297
43.74724578857422
37.78699493408203
37.14207458496094
45.93155288696289
12.149469375610352
8.590949058532715
21.135601043701172
47.22535705566406
24.864316940307617
30.284669876098633
25.416301727294922
25.799726486206055
34.69710159301758
27.09912872314453
34.330108642578125
46.34321594238281
26.460119247436523
29.54637908935547
37.725276947021484
37.75898742675781
70.0382308959961
67.25801086425781
41.775020599365234
32.447811126708984
18.263904571533203
49.157901763916016
38.49034881591797
53.289466857910156
28.115047454833984
27.58721923828125
35.177921295166016
43.75783157348633
51.9166259765625
62.593605041503906
43.789676666259766
28.882646560668945
41.764617919921875
38.03624725341797
48.9044075012207
36.43342971801758
32.5765380859375
15.535648345947266
27.26425552368164
20.884986877441406
17.54102897644043
73.33464050292969
36.23209762573242
35.72079086303711
44.18239212036133
53.38927459716797
31.904136657714844
31.201770782470703
33.141502380371094
76.12615203857422
28.26946449279785
69.88761138916016
46.486392974853516
24.813508987426758
34.456382751464844
35.535552978515625
22.559940338134766
42.796119689941406
44.2535514831543
44.214599609375
34.900413513183594
52.823326110839844
65.32208251953125
30.456478118896484
42.25282669067383
39.83012390136719
29.65185546875
20.8109188079834
35.25246047973633
51.00625991821289
33.083900451660156
44.670475006103516
54.424808502197266
31.714069366455078
26.694040298461914
30.57394790649414
54.905296325683594
33.56698989868164
16.286144256591797
30.281003952026367
30.21625518798828
25.249422073364258
58.77824783325195
29.872482299804688
29.534032821655273
23.14156723022461
33.777915954589844
40.75228500366211
51.919898986816406
18.322084426879883
29.2840576171875
21.086637496948242
48.047027587890625
27.88269805908203
58.727203369140625
65.79715728759766
35.50283432006836
31.084871292114258
30.75343132019043
46.369285583496094
31.661739349365234
61.42959976196289
47.006351470947266
69.57754516601562
42.96631622314453
22.72924041748047
36.353389739990234
41.77923583984375
34.88157653808594
26.442556381225586
31.723535537719727
41.349571228027344
44.404869079589844
31.05311393737793
49.15855026245117
51.55857467651367
29.46727180480957
29.917810440063477
45.65104675292969
32.78944778442383
37.349464416503906
28.40748405456543
55.52516174316406
46.46121597290039
25.618268966674805
24.394426345825195
34.01628875732422
51.927093505859375
27.74071502685547
52.91843032836914
49.03701400756836
57.718170166015625
24.70308494567871
40.09856033325195
53.2806396484375
54.77745819091797
22.78745460510254
55.801387786865234
23.790922164916992
8.160490989685059
56.01770782470703
39.09247589111328
63.81550979614258
48.15739059448242
48.67266845703125
42.36664962768555
48.53164291381836
65.47528076171875
69.42501068115234
39.82262420654297
29.74102783203125
28.449140548706055
47.17410659790039
50.679466247558594
24.01803970336914
22.14004898071289
22.628114700317383
35.24903869628906
61.510658264160156
48.780426025390625
47.7010383605957
16.745386123657227
47.156272888183594
56.686885833740234
25.788244247436523
49.7216911315918
61.62615966796875
39.73780822753906
38.70480728149414
18.67819595336914
17.918888092041016
50.377498626708984
50.241493225097656
64.64501953125
42.15775680541992
42.0915412902832
34.99907684326172
42.84081268310547
29.32175636291504
39.328102111816406
28.309240341186523
30.745882034301758
27.530353546142578
38.1784782409668
50.69231414794922
36.270076751708984
45.230186462402344
24.86341094970703
63.81211853027344
67.71915435791016
21.529022216796875
26.80519676208496
21.03510093688965
48.138267517089844
42.35042190551758
46.111366271972656
38.2030029296875
34.28459930419922
37.524627685546875
27.02602767944336
51.07820129394531
66.05146026611328
31.99526596069336
50.389976501464844
27.294849395751953
55.671302795410156
35.17054748535156
52.10111618041992
61.002960205078125
37.28303527832031
21.656558990478516
43.71175003051758
64.58028411865234
52.16159439086914
91.8184585571289
47.416099548339844
55.70790100097656
53.41850280761719
38.57808303833008
56.929561614990234
69.40442657470703
49.08169174194336
33.635433197021484
49.620140075683594
19.50359535217285
31.649517059326172
49.34791946411133
40.350975036621094
64.36653900146484
41.33816146850586
37.7456169128418
13.6908597946167
68.33661651611328
33.46647262573242
55.427127838134766
48.630985260009766
23.18692970275879
49.794620513916016
34.302486419677734
34.51984405517578
51.605716705322266
34.658634185791016
44.64571762084961
28.87151336669922
61.16450500488281
25.707473754882812
38.01206970214844
27.539714813232422
76.56500244140625
47.630096435546875
37.181732177734375
68.44366455078125
24.494312286376953
63.3809700012207
33.208866119384766
24.870813369750977
32.456092834472656
39.32427215576172
31.883974075317383
37.619041442871094
47.286529541015625
34.30018997192383
40.20439529418945
64.35047912597656
51.636356353759766
56.74976348876953
13.209599494934082
53.544795989990234
36.49012756347656
31.767528533935547
34.33897018432617
28.6750545501709
34.27873611450195
53.53404235839844
35.04930114746094
42.70669937133789
27.434043884277344
60.52706527709961
49.482540130615234
31.07929801940918
26.44146728515625
36.89036560058594
37.4265022277832
24.855379104614258
41.23247146606445
65.37127685546875
49.03807830810547
38.057762145996094
27.843107223510742
12.702569961547852
42.37955093383789
42.91310119628906
39.356712341308594
14.784930229187012
41.430110931396484
44.560787200927734
44.777706146240234
49.70476150512695
21.535863876342773
51.32805252075195
36.418121337890625
11.339634895324707
28.9342041015625
31.67533302307129
67.10089874267578
37.21485137939453
73.8687515258789
32.32149124145508
23.077003479003906
34.49774932861328
29.4445858001709
36.423702239990234
30.223142623901367
21.767301559448242
57.18687438964844
29.042137145996094
35.19035339355469
31.531414031982422
18.75711441040039
24.496807098388672
31.657922744750977
27.70181655883789
37.00743103027344
56.340049743652344
39.05924606323242
33.79076385498047
41.533668518066406
39.455177307128906
63.134403228759766
24.138113021850586
36.850276947021484
39.513370513916016
48.1637077331543
51.528175354003906
41.43758773803711
63.0611572265625
37.852481842041016
26.14488983154297
31.561315536499023
20.354412078857422
35.98462677001953
18.36164093017578
40.458770751953125
27.21949005126953
59.296207427978516
51.85720443725586
21.8529109954834
24.690082550048828
41.39081954956055
29.692564010620117
44.28634262084961
45.27473831176758
20.408546447753906
62.64852523803711
27.20520782470703
55.92281723022461
6.650827407836914
38.122291564941406
26.080047607421875
46.72420883178711
40.54497146606445
33.18347930908203
41.172393798828125
64.00422668457031
32.55292892456055
36.00985336303711
24.71837043762207
35.18509292602539
38.71350860595703
31.19719696044922
35.46821212768555
59.86623764038086
19.657339096069336
47.31367111206055
37.938350677490234
44.557411193847656
32.96117401123047
50.50910568237305
38.460205078125
28.56840705871582
53.05853271484375
43.5042724609375
37.157928466796875
16.392379760742188
81.42280578613281
29.0744686126709
49.1873779296875
36.60224533081055
48.04163360595703
53.779762268066406
33.01948547363281
45.24040222167969
35.630882263183594
36.209205627441406
52.653995513916016
19.973154067993164
36.787628173828125
36.86613082885742
48.108036041259766
27.42243003845215
37.34855270385742
55.37984085083008
47.18370819091797
31.38909149169922
23.968852996826172
43.52678680419922
56.36854934692383
28.970937728881836
43.287742614746094
50.30607604980469
39.986427307128906
18.295249938964844
41.823883056640625
57.983360290527344
38.798091888427734
15.803059577941895
50.718055725097656
38.31372833251953
38.45771408081055
28.665559768676758
25.246618270874023
31.899946212768555
62.72589874267578
43.78990173339844
36.894779205322266
57.73309326171875
59.05070495605469
62.55156326293945
43.54896926879883
38.32151794433594
51.62207794189453
45.400489807128906
37.17942428588867
56.22088623046875
35.80558776855469
66.8028564453125
47.776981353759766
45.69615936279297
27.5585880279541
60.906105041503906
53.94675827026367
38.32071304321289
32.823787689208984
35.06990432739258
55.67927551269531
46.005252838134766
60.22246170043945
31.653444290161133
29.84839630126953
37.42261505126953
49.911460876464844
42.6297721862793
45.59434509277344
36.09359359741211
52.863487243652344
13.394010543823242
50.0139274597168
41.23344802856445
47.98577880859375
36.6389274597168
66.49369812011719
45.70549392700195
31.175823211669922
68.6554183959961
44.677433013916016
51.18965530395508
57.41937255859375
28.644500732421875
29.473840713500977
28.895233154296875
50.46786880493164
35.306854248046875
35.235836029052734
42.95846176147461
57.42980194091797
19.806888580322266
39.04508590698242
32.60396957397461
75.33360290527344
42.1010627746582
41.972312927246094
60.88734436035156
21.274585723876953
43.722007751464844
54.385066986083984
52.98306655883789
34.77085494995117
31.379276275634766
59.794273376464844
42.279396057128906
30.98906898498535
47.967559814453125
33.58781051635742
42.501155853271484
22.737123489379883
42.73772430419922
52.95098114013672
35.75831985473633
64.0775146484375
33.65555953979492
54.267215728759766
32.98524856567383
19.106260299682617
29.916284561157227
25.883914947509766
63.65348815917969
46.443756103515625
50.35469055175781
38.946144104003906
16.43242073059082
53.633853912353516
44.514495849609375
34.353233337402344
15.952301979064941
24.976581573486328
38.608516693115234
30.430757522583008
28.724952697753906
39.54070281982422
34.78289031982422
20.55583953857422
52.53266906738281
27.471393585205078
65.50269317626953
4.969842433929443
24.00498390197754
22.464262008666992
49.78194046020508
55.973365783691406
41.44502639770508
19.713096618652344
44.072628021240234
40.76714324951172
56.19806671142578
37.61517333984375
46.467308044433594
52.02115249633789
65.16818237304688
39.18072509765625
20.661251068115234
10.439474105834961
52.44200897216797
29.266380310058594
11.16944694519043
53.820579528808594
49.9416618347168
51.976383209228516
43.67049026489258
41.98890686035156
50.23735427856445
47.78498840332031
24.10896110534668
8.499509811401367
32.57481002807617
31.5322322845459
72.19184875488281
36.98023223876953
60.24898910522461
50.540042877197266
28.1943359375
33.427860260009766
35.095703125
46.988529205322266
53.05149841308594
36.80952453613281
33.36363983154297
36.378631591796875
57.13136291503906
59.951698303222656
23.208412170410156
22.960254669189453
54.29388427734375
15.653874397277832
43.40705108642578
39.1927490234375
37.16581726074219
40.22247314453125
41.413082122802734
51.896484375
21.171714782714844
34.80027770996094
37.04777145385742
36.287689208984375
34.04166793823242
38.618797302246094
25.88405990600586
39.44786834716797
36.981895446777344
16.304658889770508
25.86457633972168
47.103206634521484
39.52487564086914
20.828777313232422
38.26374435424805
37.43254852294922
52.16394805908203
16.69443130493164
53.44159698486328
18.338098526000977
57.16999053955078
51.33622741699219
60.22753143310547
33.77865982055664
27.391984939575195
34.467979431152344
62.71638870239258
31.65174674987793
53.193626403808594
20.92737579345703
42.680667877197266
35.263912200927734
15.361278533935547
41.76777648925781
39.93033981323242
49.94190979003906
50.90707015991211
28.44904899597168
38.37974548339844
24.211050033569336
37.445526123046875
38.5301628112793
74.15775299072266
27.932096481323242
43.07421112060547
42.22114181518555
43.831451416015625
73.59955596923828
26.97823715209961
25.3460636138916
61.8997917175293
27.318157196044922
14.992462158203125
38.92393112182617
15.774150848388672
19.031150817871094
23.227083206176758
44.75246047973633
33.87718200683594
23.323528289794922
37.485748291015625
53.45501708984375
44.32140350341797
21.199296951293945
36.82582092285156
38.90000915527344
38.90884017944336
52.541900634765625
38.966339111328125
19.931425094604492
64.69705963134766
34.24591827392578
39.33552551269531
16.995946884155273
42.780982971191406
31.174575805664062
45.95722579956055
36.87055969238281
36.490787506103516
26.07520866394043
37.80059051513672
61.277610778808594
26.529481887817383
31.94589614868164
21.105297088623047
42.79349136352539
38.394508361816406
56.79118347167969
31.064626693725586
39.926509857177734
33.73774337768555
40.736114501953125
43.08437728881836
64.79182434082031
30.402006149291992
32.3741569519043
47.6016960144043
33.28876876831055
30.700551986694336
41.572166442871094
22.04075050354004
28.50259780883789
45.18093490600586
76.09856414794922
51.17998123168945
41.35886001586914
37.97053527832031
43.59319305419922
32.59311294555664
49.25953674316406
44.224063873291016
34.26546859741211
48.90369415283203
44.66196060180664
38.222206115722656
33.05781173706055
26.44283676147461
48.268775939941406
27.352651596069336
52.968177795410156
45.144412994384766
41.48337936401367
33.723594665527344
46.226470947265625
42.55476760864258
42.93736267089844
17.764636993408203
48.12009811401367
78.06455993652344
62.905860900878906
53.37751007080078
36.788490295410156
40.684104919433594
28.954883575439453
28.07270050048828
24.6102294921875
34.52421188354492
35.43926239013672
26.477510452270508
32.717288970947266
77.63777923583984
25.552534103393555
35.91453552246094
36.88629913330078
31.336212158203125
23.69318199157715
48.84061813354492
62.18368911743164
34.871673583984375
55.573081970214844
66.44512939453125
64.90363311767578
21.737550735473633
18.65924072265625
46.47784423828125
51.320068359375
37.67582321166992
41.226070404052734
54.983909606933594
32.55988693237305
47.65899658203125
59.972171783447266
40.848365783691406
16.22532844543457
38.289764404296875
8.335521697998047
58.026634216308594
59.67223358154297
53.198143005371094
42.757110595703125
47.2895393371582
40.899383544921875
13.371835708618164
29.884004592895508
33.16457748413086
31.935779571533203
37.305179595947266
44.355472564697266
52.2037467956543
58.75791549682617
22.877565383911133
19.445438385009766
18.54932403564453
28.304847717285156
19.833871841430664
32.9602165222168
43.66230392456055
26.055665969848633
34.23350143432617
36.11796188354492
37.594139099121094
12.598925590515137
48.3076171875
33.797035217285156
43.28157043457031
37.984256744384766
44.98785400390625
28.916528701782227
39.31624984741211
22.66639518737793
33.31807327270508
28.11440658569336
43.13612365722656
18.490665435791016
17.910598754882812
52.299190521240234
20.39990234375
55.36870574951172
40.34669494628906
52.70259475708008
6.51417350769043
15.502816200256348
38.650169372558594
41.77147674560547
20.056339263916016
38.599388122558594
31.33739471435547
28.570192337036133
72.41464233398438
40.46184539794922
32.94347381591797
37.603885650634766
47.09825134277344
58.63570785522461
38.874332427978516
22.94447135925293
14.575157165527344
40.85575866699219
25.764366149902344
19.6533145904541
40.5064811706543
54.259544372558594
36.253456115722656
43.41978073120117
17.468669891357422
29.303747177124023
58.06924057006836
47.25466537475586
14.811500549316406
59.667686462402344
47.93220901489258
34.08455276489258
44.868316650390625
30.869613647460938
24.653240203857422
32.69546890258789
38.51811218261719
34.224578857421875
54.84516906738281
56.99378204345703
46.63377380371094
33.33470153808594
35.09126663208008
30.64101219177246
23.677099227905273
69.50177764892578
71.79334259033203
37.78923416137695
44.65203857421875
30.270633697509766
47.93532943725586
38.05488204956055
35.03713607788086
49.63471603393555
46.71087646484375
30.950559616088867
31.602725982666016
25.29249382019043
43.24051284790039
17.331892013549805
38.70125961303711
24.802841186523438
41.66486358642578
47.484622955322266
44.606666564941406
10.448156356811523
21.572052001953125
53.315650939941406
26.678550720214844
41.309783935546875
43.26570510864258
50.15922927856445
56.81011962890625
39.17197036743164
52.51192855834961
27.457962036132812
46.87061309814453
41.164371490478516
66.64988708496094
35.39601135253906
46.37637710571289
16.956703186035156
44.47138595581055
44.260860443115234
52.599571228027344
51.604217529296875
42.956546783447266
43.36176300048828
42.6777229309082
49.06037521362305
15.201932907104492
58.51108932495117
53.135536193847656
47.04167938232422
29.501731872558594
63.94389724731445
48.42118453979492
23.815500259399414
23.058542251586914
36.22842025756836
67.96241760253906
19.118921279907227
39.314178466796875
36.212974548339844
27.08901023864746
39.08235549926758
37.179012298583984
19.15386962890625
40.2327880859375
56.79678726196289
22.545848846435547
39.970157623291016
44.93742752075195
30.68425750732422
31.870410919189453
31.263593673706055
23.3582820892334
30.235857009887695
25.654869079589844
35.590030670166016
39.97616958618164
40.12409210205078
32.719051361083984
43.00625991821289
29.87883949279785
61.25093078613281
50.66449737548828
39.535640716552734
38.14176559448242
29.78277015686035
42.071083068847656
47.74873352050781
39.83774948120117
25.92473602294922
37.71198654174805
37.75947952270508
28.30561637878418
24.10874366760254
43.231258392333984
39.797298431396484
46.01165008544922
23.655336380004883
39.84235763549805
51.24756622314453
25.88106346130371
55.43113708496094
31.635150909423828
39.03090286254883
35.76714324951172
36.79264450073242
36.75461196899414
39.44525146484375
57.06657791137695
39.62757110595703
55.365631103515625
28.42153549194336
27.695281982421875
49.273704528808594
19.63167953491211
56.78642272949219
36.76772689819336
43.924102783203125
32.027061462402344
39.333255767822266
29.447010040283203
41.7795295715332
39.89958572387695
21.05171012878418
18.657302856445312
43.828861236572266
42.67903137207031
45.727012634277344
44.117652893066406
18.226905822753906
64.91339111328125
27.04815101623535
41.83475112915039
48.9025764465332
34.62144470214844
36.17109680175781
36.21376037597656
52.10580062866211
30.13698959350586
35.39425277709961
36.95014572143555
12.877528190612793
23.249406814575195
33.11247634887695
38.967552185058594
19.40970230102539
64.98738861083984
38.6400146484375
39.13600158691406
47.57304382324219
18.824474334716797
59.88467025756836
30.459699630737305
48.78584289550781
44.574710845947266
16.53830337524414
27.01375389099121
20.294137954711914
44.55501174926758
40.98566818237305
42.6002197265625
42.08359909057617
57.49445724487305
51.05551528930664
51.90591812133789
24.127748489379883
50.959903717041016
19.446168899536133
26.469202041625977
53.503631591796875
55.48871612548828
36.644615173339844
36.30638885498047
36.88621139526367
28.7330379486084
39.01178741455078
34.491451263427734
67.73604583740234
36.324378967285156
39.993568420410156
37.00175476074219
54.9202880859375
32.39642333984375
28.287498474121094
42.338951110839844
31.656036376953125
50.19403839111328
50.54524612426758
66.73135375976562
30.969463348388672
39.85440444946289
67.85098266601562
71.21206665039062
33.035179138183594
35.63632583618164
31.045549392700195
28.105453491210938
28.711288452148438
34.74821853637695
69.9034652709961
24.06708526611328
55.513671875
16.58964729309082
52.162681579589844
64.68634033203125
12.28371810913086
51.1767578125
61.58452224731445
52.51084899902344
41.324851989746094
32.24333190917969
18.445737838745117
54.485294342041016
35.189598083496094
36.865455627441406
35.0452880859375
40.31309509277344
34.10647201538086
33.04204559326172
43.07237243652344
40.25250244140625
52.56443405151367
22.41799545288086
38.989566802978516
37.687705993652344
38.66179656982422
13.611390113830566
40.515724182128906
36.032135009765625
26.542282104492188
21.52880096435547
41.968971252441406
15.32956600189209
42.28813552856445
41.385459899902344
51.38594436645508
23.7811222076416
48.755226135253906
36.0946159362793
56.62845230102539
36.26057052612305
41.35797882080078
52.19194793701172
24.910999298095703
30.14700698852539
33.98886489868164
50.54351806640625
49.96437072753906
37.72093200683594
31.484582901000977
45.23966979980469
20.18104362487793
43.59034729003906
22.194063186645508
35.87979507446289
43.80189514160156
55.20191955566406
44.87433624267578
57.123252868652344
48.56205749511719
32.06549835205078
40.982513427734375
48.686119079589844
37.67119216918945
41.79725646972656
28.11484146118164
51.45955276489258
30.452167510986328
40.13004684448242
36.80403518676758
40.19655990600586
22.99422264099121
19.804384231567383
27.34418487548828
25.210725784301758
51.549407958984375
43.739810943603516
25.44756507873535
58.1423225402832
33.11246871948242
59.32404708862305
45.92074966430664
30.94354248046875
50.6752815246582
38.6193733215332
34.881534576416016
33.910491943359375
36.97957992553711
38.67295837402344
24.86996841430664
38.826499938964844
28.1407413482666
25.932357788085938
57.55809783935547
27.92742156982422
24.871612548828125
38.419246673583984
64.57807159423828
55.42270278930664
38.90396499633789
34.16482162475586
20.363338470458984
37.9228630065918
49.939292907714844
50.156105041503906
43.89396286010742
36.47029113769531
52.151573181152344
38.857688903808594
43.59305191040039
18.682851791381836
50.342735290527344
49.76359176635742
35.01078796386719
60.68097686767578
32.53963088989258
33.46162796020508
22.799135208129883
68.37163543701172
58.49428176879883
33.16139221191406
66.3360824584961
18.223474502563477
27.684673309326172
46.99872970581055
51.47919464111328
40.586727142333984
22.461868286132812
43.25121307373047
65.05966186523438
51.07038879394531
47.047271728515625
31.521652221679688
37.27542495727539
37.76381301879883
67.6978530883789
29.20557403564453
42.74533462524414
66.08527374267578
10.96994400024414
77.29756927490234
53.85594940185547
37.10999298095703
30.732402801513672
14.204413414001465
48.47333526611328
12.383950233459473
3.8428049087524414
59.07086944580078
38.89559555053711
35.9635124206543
42.43590545654297
34.50236892700195
43.812923431396484
47.112483978271484
73.37584686279297
49.99131774902344
23.17993927001953
45.01451873779297
36.62273406982422
48.54439926147461
49.11335754394531
53.170310974121094
23.252025604248047
30.038053512573242
54.76362991333008
71.48368835449219
48.654788970947266
18.705284118652344
52.25907516479492
30.937271118164062
35.31131362915039
42.27035140991211
36.32439422607422
16.570127487182617
40.85294723510742
56.816925048828125
57.43599319458008
45.594215393066406
33.093994140625
33.22487258911133
38.21087646484375
23.90449333190918
26.655868530273438
37.208980560302734
56.21133041381836
56.708412170410156
54.17250442504883
30.29627799987793
44.221107482910156
78.2883529663086
51.981414794921875
31.487855911254883
20.05655860900879
51.95846939086914
59.08296203613281
53.90180969238281
50.5820426940918
46.80992126464844
40.595062255859375
43.659507751464844
72.5230712890625
25.491010665893555
36.69927215576172
39.41518020629883
40.10953140258789
60.920936584472656
27.489646911621094
61.6870002746582
67.946533203125
20.532886505126953
35.903568267822266
41.22861099243164
46.641937255859375
39.386024475097656
34.016544342041016
52.321197509765625
36.61140441894531
14.884259223937988
46.93772506713867
18.356855392456055
12.710529327392578
20.780929565429688
16.23628807067871
51.47256851196289
62.25540542602539
51.54925537109375
27.495441436767578
44.68417739868164
26.6162109375
36.1409797668457
46.18219757080078
24.909685134887695
11.504799842834473
45.43930435180664
43.880950927734375
50.739105224609375
34.35630416870117
64.73210906982422
46.482765197753906
44.93753433227539
41.13404846191406
51.1416015625
57.29096603393555
30.295625686645508
36.22418212890625
74.28783416748047
44.08589553833008
26.093372344970703
14.359074592590332
22.753217697143555
35.738224029541016
32.16277313232422
15.94996452331543
25.438945770263672
67.50603485107422
55.01689910888672
52.517127990722656
28.932538986206055
28.67475128173828
21.30301856994629
49.45710372924805
35.727718353271484
23.28318214416504
35.02642059326172
39.54548645019531
20.058151245117188
50.98845291137695
28.557905197143555
25.54483985900879
24.270673751831055
42.552005767822266
38.71298599243164
50.21588897705078
34.11467361450195
40.040252685546875
56.78976058959961
53.03791427612305
20.538618087768555
49.450157165527344
31.3046932220459
47.99798583984375
26.758769989013672
55.99807357788086
55.01359176635742
76.91549682617188
59.87784194946289
44.018978118896484
52.17820739746094
38.880680084228516
68.25751495361328
46.09144973754883
33.69089889526367
25.7748966217041
37.423458099365234
31.722681045532227
42.619117736816406
52.37269592285156
45.54380416870117
16.196775436401367
39.54453659057617
32.13265609741211
33.952911376953125
49.41044235229492
55.037784576416016
49.7401237487793
49.73845672607422
58.50741195678711
47.226749420166016
36.133087158203125
