12.433222770690918
18.336889266967773
41.55242156982422
22.534698486328125
16.479318618774414
25.998001098632812
14.800435066223145
24.826810836791992
5.926700115203857
11.03933334350586
4.216273784637451
9.572429656982422
11.696541786193848
19.610271453857422
18.735403060913086
23.35039520263672
29.42478370666504
22.614540100097656
16.656949996948242
18.831605911254883
5.376413345336914
23.32377815246582
13.3847074508667
27.743797302246094
21.307416915893555
20.958141326904297
16.453691482543945
5.245364665985107
19.106584548950195
29.718978881835938
23.40876579284668
18.505786895751953
19.97942352294922
4.023702621459961
20.213876724243164
8.167990684509277
24.85957145690918
21.40523910522461
31.10072135925293
20.68164825439453
27.08956527709961
35.75284957885742
14.698307991027832
16.971939086914062
15.323049545288086
19.22724723815918
28.53508758544922
14.3101806640625
11.43474006652832
10.44122314453125
17.081741333007812
18.502628326416016
19.11730194091797
15.368754386901855
21.17441177368164
36.58824157714844
11.63852310180664
23.017244338989258
29.647605895996094
32.152645111083984
7.779550075531006
14.667027473449707
25.530866622924805
19.153493881225586
35.14337921142578
20.346328735351562
11.437438011169434
37.59014129638672
21.762723922729492
32.26356506347656
17.31803321838379
19.811952590942383
19.414793014526367
20.396686553955078
6.482403755187988
18.72148895263672
16.658510208129883
23.20339584350586
29.813405990600586
14.846614837646484
31.175926208496094
5.642648696899414
23.863449096679688
10.488795280456543
13.034361839294434
24.411785125732422
17.677186965942383
5.074193954467773
20.062131881713867
12.688043594360352
15.336115837097168
13.991297721862793
32.70283508300781
19.523109436035156
27.9237117767334
16.207839965820312
8.951814651489258
17.216537475585938
13.51531982421875
25.064533233642578
11.487350463867188
9.815815925598145
8.529644012451172
16.9606876373291
10.581168174743652
19.934158325195312
14.870268821716309
25.97690773010254
28.083717346191406
10.925498962402344
24.98296546936035
11.01811695098877
6.36829948425293
28.997886657714844
2.6110739707946777
12.144925117492676
31.33171844482422
22.814401626586914
20.33291244506836
13.906731605529785
18.906984329223633
15.52171516418457
27.57876968383789
13.326032638549805
29.479732513427734
9.074925422668457
13.15088939666748
26.5799560546875
25.0396671295166
19.062522888183594
22.07573699951172
5.656294345855713
27.04429054260254
12.958248138427734
17.112476348876953
19.364362716674805
27.796144485473633
13.697994232177734
34.605655670166016
18.028671264648438
18.35860824584961
11.617171287536621
12.553632736206055
14.93445873260498
18.26228904724121
38.549678802490234
12.155311584472656
20.952478408813477
17.622642517089844
22.03307342529297
11.721847534179688
6.586820125579834
23.48863983154297
17.199337005615234
22.311370849609375
23.083879470825195
44.16954040527344
28.80232810974121
21.954256057739258
21.624616622924805
19.10147476196289
13.522342681884766
10.283251762390137
17.575984954833984
9.474577903747559
15.439757347106934
18.218002319335938
25.021568298339844
8.69456958770752
31.625442504882812
15.61938190460205
23.44440269470215
27.24901008605957
9.09947681427002
24.687559127807617
33.993492126464844
15.58903694152832
21.249170303344727
25.23682975769043
17.887218475341797
16.949722290039062
18.881296157836914
26.808002471923828
37.90586853027344
21.47624397277832
22.671184539794922
22.257099151611328
28.2940731048584
11.252978324890137
21.904476165771484
22.882244110107422
29.421815872192383
14.677911758422852
9.405773162841797
18.00728988647461
28.65618133544922
12.620562553405762
15.035396575927734
31.223377227783203
23.11219024658203
14.266891479492188
34.78375244140625
11.874149322509766
12.166857719421387
28.268051147460938
18.127500534057617
25.403976440429688
10.640830993652344
16.54976463317871
29.465402603149414
19.602705001831055
17.185941696166992
15.886994361877441
12.186772346496582
48.38763427734375
12.82004165649414
10.175589561462402
23.057022094726562
29.618999481201172
35.34596633911133
15.859066009521484
13.3770170211792
9.45674991607666
12.614004135131836
13.365838050842285
31.962556838989258
34.3759651184082
16.262916564941406
23.086149215698242
11.979151725769043
18.63238525390625
20.855703353881836
38.60491943359375
29.663223266601562
21.093761444091797
13.242913246154785
18.159427642822266
6.4533257484436035
13.136404037475586
17.438552856445312
19.056489944458008
8.579358100891113
21.903972625732422
13.874934196472168
16.632877349853516
14.097503662109375
22.008407592773438
27.682842254638672
18.580930709838867
4.577119827270508
12.72685718536377
23.424463272094727
20.131074905395508
19.0662899017334
15.00282096862793
9.100116729736328
12.71937084197998
14.893889427185059
25.360767364501953
27.864938735961914
20.381031036376953
16.408884048461914
27.32646942138672
11.43052864074707
19.84050941467285
30.918411254882812
8.179471969604492
11.84440803527832
48.59282684326172
26.612810134887695
23.29787254333496
31.218061447143555
22.54157257080078
19.109285354614258
8.259411811828613
20.310686111450195
2.702354669570923
19.888206481933594
6.2391357421875
32.05883026123047
6.05797004699707
37.59119415283203
37.547420501708984
21.55804443359375
8.464746475219727
32.67354965209961
8.087082862854004
14.95397663116455
32.3677978515625
11.24359130859375
24.707368850708008
14.268216133117676
15.253774642944336
50.95958709716797
19.06865119934082
28.6245174407959
26.12564468383789
14.780129432678223
18.59762954711914
23.151248931884766
25.98607635498047
17.39191436767578
10.996557235717773
24.999773025512695
27.733842849731445
20.615089416503906
13.361430168151855
13.897607803344727
10.547582626342773
12.967052459716797
19.406076431274414
15.823927879333496
15.354262351989746
18.349348068237305
10.621918678283691
18.342872619628906
22.218788146972656
18.853609085083008
15.006821632385254
16.824684143066406
15.701055526733398
20.38362693786621
16.96986961364746
25.213207244873047
10.394102096557617
14.904801368713379
10.98928165435791
18.54648780822754
4.044879913330078
15.485671997070312
27.810731887817383
28.638887405395508
18.13025665283203
8.085328102111816
45.05271911621094
29.047889709472656
12.928333282470703
23.22222137451172
12.202065467834473
15.793214797973633
7.431169033050537
15.495962142944336
10.967008590698242
20.534334182739258
12.64235782623291
10.49233341217041
15.885787010192871
15.121088027954102
5.7420735359191895
17.946609497070312
23.334863662719727
12.175024032592773
11.366506576538086
25.255266189575195
33.59455871582031
5.978232383728027
19.287616729736328
16.172182083129883
12.294916152954102
15.534072875976562
21.6467342376709
8.160852432250977
9.187973976135254
26.576553344726562
19.309663772583008
28.960676193237305
18.523082733154297
22.466096878051758
18.338533401489258
13.181977272033691
15.45958137512207
22.819242477416992
34.676658630371094
22.054576873779297
9.248839378356934
5.76398229598999
39.59321212768555
10.425172805786133
20.0145206451416
15.839652061462402
21.57390594482422
15.564383506774902
11.70741081237793
9.350765228271484
6.574485778808594
27.62055206298828
4.84485387802124
23.763460159301758
16.760089874267578
23.055580139160156
26.831544876098633
9.299103736877441
21.395681381225586
14.748124122619629
18.623119354248047
5.86517858505249
16.36496353149414
15.121543884277344
35.66755294799805
19.60281753540039
34.07539749145508
5.557923316955566
14.222076416015625
32.485198974609375
21.94581413269043
14.494558334350586
17.11874771118164
12.0186185836792
14.139004707336426
19.31692886352539
2.380971670150757
23.49273109436035
30.020217895507812
2.387932777404785
13.846855163574219
48.28924560546875
25.016361236572266
9.358973503112793
15.28563117980957
16.564208984375
14.548662185668945
30.16008758544922
16.25450897216797
23.492576599121094
10.15201473236084
4.250429153442383
7.889316558837891
14.753501892089844
30.257164001464844
3.5682015419006348
31.981687545776367
54.808040618896484
33.393348693847656
15.717914581298828
23.738262176513672
15.76913833618164
11.053060531616211
19.93798065185547
21.018489837646484
27.921504974365234
25.04097557067871
10.681950569152832
15.664291381835938
13.806107521057129
5.978116512298584
22.4433650970459
35.523075103759766
20.57977294921875
10.486900329589844
18.00323486328125
18.3564510345459
18.323869705200195
30.076181411743164
19.59955406188965
12.936349868774414
19.846065521240234
40.64200973510742
22.100969314575195
16.048206329345703
14.48823070526123
10.51750659942627
9.118188858032227
25.631633758544922
23.50313949584961
33.28378677368164
40.42566680908203
16.237825393676758
9.356425285339355
21.44472885131836
12.741323471069336
28.169095993041992
14.656442642211914
15.541593551635742
10.657023429870605
14.427249908447266
16.170509338378906
21.322755813598633
15.133840560913086
41.81757736206055
34.30196762084961
17.53891944885254
30.902353286743164
15.109771728515625
8.549381256103516
18.62156105041504
16.279287338256836
23.07389259338379
27.166339874267578
22.564748764038086
22.341279983520508
10.971166610717773
11.642492294311523
23.49226951599121
21.871353149414062
26.34035873413086
20.685726165771484
31.392822265625
15.060486793518066
20.0048828125
14.084249496459961
26.39113998413086
9.404842376708984
19.853065490722656
22.99703025817871
24.930925369262695
13.130491256713867
23.391359329223633
10.326397895812988
10.284167289733887
8.085243225097656
21.13095474243164
12.702566146850586
20.60478401184082
17.543933868408203
26.564863204956055
31.481632232666016
9.988738059997559
6.849717617034912
33.874454498291016
20.571260452270508
20.42170524597168
31.056535720825195
22.705440521240234
25.82720947265625
7.401289939880371
22.526906967163086
12.795989036560059
10.331888198852539
24.607391357421875
21.522127151489258
12.940752983093262
15.689562797546387
7.827950954437256
12.661628723144531
11.216896057128906
27.890316009521484
29.638874053955078
20.738264083862305
23.134918212890625
6.722321033477783
14.858824729919434
19.09906768798828
16.043054580688477
9.117746353149414
20.69680404663086
29.96554946899414
14.10146427154541
13.310535430908203
21.819175720214844
21.80489158630371
23.25534439086914
8.582650184631348
12.685762405395508
14.883990287780762
11.913778305053711
16.869234085083008
20.25526237487793
22.621362686157227
24.898801803588867
14.355379104614258
18.525842666625977
31.350963592529297
13.338590621948242
13.379720687866211
7.453279495239258
21.791234970092773
5.3862409591674805
11.029693603515625
18.388233184814453
23.735260009765625
26.280715942382812
19.04230499267578
19.832786560058594
16.653675079345703
4.007996559143066
19.97107696533203
10.353275299072266
21.287796020507812
27.606006622314453
24.952342987060547
9.788023948669434
20.977434158325195
18.666912078857422
21.38263702392578
18.41326904296875
12.5383939743042
23.326923370361328
14.210782051086426
20.710834503173828
15.73276138305664
13.468201637268066
1.4553650617599487
17.17139434814453
26.928958892822266
16.177574157714844
17.926965713500977
25.570343017578125
9.525784492492676
16.679710388183594
12.92836856842041
12.222411155700684
8.930173873901367
20.6461181640625
22.72298812866211
16.559694290161133
12.274985313415527
22.718534469604492
24.83181381225586
25.25086784362793
8.57695198059082
39.958675384521484
10.676533699035645
35.5095329284668
37.281002044677734
8.870933532714844
24.42943572998047
26.303272247314453
16.212976455688477
3.6990978717803955
11.203990936279297
16.607322692871094
16.241247177124023
21.82442855834961
25.242530822753906
8.504608154296875
14.335552215576172
12.111896514892578
14.325648307800293
20.813507080078125
26.649072647094727
11.399572372436523
15.634384155273438
15.4904146194458
28.300216674804688
24.13993263244629
23.11080551147461
17.89592933654785
22.139142990112305
25.53597068786621
9.090901374816895
23.689382553100586
20.53780746459961
27.205833435058594
5.349008560180664
15.509336471557617
20.722332000732422
15.612932205200195
15.89638614654541
8.65945816040039
29.056386947631836
8.698601722717285
32.801822662353516
8.777688980102539
16.27194595336914
19.15721321105957
17.934429168701172
12.593062400817871
31.01087188720703
18.859817504882812
18.97808074951172
26.513957977294922
24.294700622558594
14.217192649841309
18.60576629638672
23.76329231262207
37.81327819824219
17.93780517578125
27.142803192138672
29.154491424560547
30.56132698059082
21.568693161010742
12.206391334533691
27.92182159423828
32.4337272644043
24.30517578125
20.90767478942871
16.71729850769043
24.74281120300293
15.363363265991211
5.772974014282227
20.12252426147461
27.664575576782227
15.083046913146973
23.238096237182617
20.336332321166992
15.985389709472656
14.686171531677246
8.578340530395508
24.145051956176758
11.886482238769531
4.68343448638916
19.580480575561523
23.359590530395508
24.040456771850586
27.487627029418945
13.715875625610352
33.6041374206543
17.97644805908203
11.571121215820312
25.92313003540039
9.518509864807129
18.84049415588379
17.767988204956055
30.570573806762695
13.739984512329102
17.1840877532959
1.8243024349212646
20.940494537353516
10.234642028808594
21.791744232177734
20.26630973815918
12.078551292419434
23.857505798339844
16.051708221435547
9.959648132324219
32.326873779296875
21.16443634033203
22.593708038330078
17.337278366088867
24.639448165893555
43.118896484375
10.78614616394043
15.116418838500977
11.821703910827637
8.302154541015625
19.139739990234375
17.38597869873047
9.903942108154297
21.557947158813477
15.817666053771973
18.407745361328125
23.287456512451172
20.573427200317383
10.203391075134277
16.199337005615234
16.90166664123535
42.2325325012207
1.2000212669372559
28.31444549560547
15.19553279876709
23.821212768554688
3.5751006603240967
17.761966705322266
6.741544246673584
22.995386123657227
12.181644439697266
8.045744895935059
23.5408878326416
10.74467658996582
11.417515754699707
21.721487045288086
38.13783645629883
29.54938507080078
14.433706283569336
13.263458251953125
20.25785255432129
19.774141311645508
14.283032417297363
11.734565734863281
28.54646873474121
13.00634479522705
21.60047721862793
13.003488540649414
18.881113052368164
27.892549514770508
20.735551834106445
22.289636611938477
5.837240219116211
10.316524505615234
17.786273956298828
11.210329055786133
14.372811317443848
19.896968841552734
26.33985137939453
32.00114059448242
27.582321166992188
10.456214904785156
30.47486686706543
11.073014259338379
16.14322853088379
35.70085525512695
27.43136215209961
19.577281951904297
28.727182388305664
16.942285537719727
9.50686264038086
11.492242813110352
25.948627471923828
11.153122901916504
23.097129821777344
31.20986557006836
13.996805191040039
7.3870086669921875
42.24637985229492
54.026546478271484
9.181164741516113
30.203256607055664
15.628681182861328
27.124479293823242
21.586421966552734
7.660637855529785
30.7620792388916
11.59654712677002
19.990711212158203
13.31235122680664
13.203314781188965
9.667036056518555
22.387592315673828
13.557873725891113
16.036561965942383
18.023025512695312
35.39533996582031
34.54574203491211
22.404016494750977
27.82406234741211
24.83510971069336
34.44258499145508
16.94447898864746
24.647905349731445
35.19626235961914
26.007062911987305
15.613835334777832
37.2639045715332
27.305253982543945
40.44805908203125
21.370670318603516
18.863998413085938
7.268235683441162
16.558534622192383
16.962026596069336
19.02505874633789
21.69204330444336
17.26572036743164
10.674285888671875
15.535211563110352
17.458049774169922
15.623072624206543
19.387792587280273
12.991159439086914
22.24260139465332
24.95062255859375
21.6398983001709
28.169292449951172
21.3089542388916
18.80980110168457
13.884858131408691
6.33356237411499
10.344018936157227
13.256385803222656
12.846220970153809
13.375463485717773
5.453896999359131
19.861724853515625
28.59247589111328
22.144344329833984
34.89767074584961
21.555452346801758
12.551628112792969
16.1534366607666
21.801546096801758
28.2657470703125
21.44884490966797
16.978254318237305
24.241456985473633
11.89961051940918
22.486661911010742
22.765796661376953
20.07044219970703
19.331451416015625
22.92444610595703
13.147364616394043
22.228796005249023
15.521641731262207
28.306058883666992
35.9286994934082
20.870264053344727
15.433818817138672
26.398441314697266
34.82661437988281
9.839143753051758
25.237125396728516
16.69556427001953
21.216007232666016
12.458842277526855
18.751567840576172
19.6932430267334
27.2047061920166
10.467671394348145
28.08233642578125
13.387882232666016
22.445035934448242
23.09669303894043
2.410304069519043
9.795029640197754
13.89599895477295
20.232622146606445
34.08778381347656
23.411640167236328
23.830698013305664
49.342918395996094
28.7194881439209
23.151409149169922
11.427069664001465
21.034311294555664
24.885026931762695
17.46047592163086
15.73641586303711
11.996426582336426
26.070837020874023
16.51054573059082
18.045745849609375
8.72229290008545
16.821456909179688
7.592922210693359
12.15578842163086
21.058473587036133
42.762569427490234
22.510597229003906
11.493316650390625
25.63691520690918
30.038713455200195
19.263216018676758
18.174009323120117
14.121376037597656
13.50684642791748
25.42348861694336
19.008724212646484
15.867316246032715
21.85722541809082
48.65821075439453
4.752372741699219
26.89280128479004
11.135306358337402
17.483652114868164
31.986703872680664
12.97668743133545
14.825078010559082
24.372364044189453
19.550695419311523
17.38343620300293
12.018074989318848
27.078975677490234
30.30104637145996
11.390302658081055
8.846794128417969
24.03466796875
21.63155174255371
14.262030601501465
28.22341537475586
31.738821029663086
28.95765495300293
22.830461502075195
16.940059661865234
18.077314376831055
16.749799728393555
14.126361846923828
18.64965057373047
18.31913948059082
7.404910087585449
12.667279243469238
48.1075439453125
27.37577247619629
21.481630325317383
22.91937828063965
18.398679733276367
30.439252853393555
20.37832260131836
19.988807678222656
15.282032012939453
35.2979621887207
33.67340087890625
24.52879524230957
14.197033882141113
19.55192756652832
21.170259475708008
31.390914916992188
4.690263748168945
21.814367294311523
18.64217185974121
27.6636962890625
11.743491172790527
4.97219705581665
43.04383850097656
15.894012451171875
19.88324546813965
15.721570014953613
16.376005172729492
15.848027229309082
10.16561508178711
9.36988353729248
17.29237937927246
14.178836822509766
28.840024948120117
21.288320541381836
15.09501838684082
26.30757713317871
14.356818199157715
29.572917938232422
29.857280731201172
16.734128952026367
34.84303283691406
30.025691986083984
26.0252742767334
30.439741134643555
24.233983993530273
10.624165534973145
32.48484420776367
29.19490623474121
19.570772171020508
17.667882919311523
26.66130256652832
11.525404930114746
8.217146873474121
22.227739334106445
23.88292694091797
22.47102928161621
22.583402633666992
12.125005722045898
23.490768432617188
9.294230461120605
9.684747695922852
17.741641998291016
18.740415573120117
9.790334701538086
12.549328804016113
27.465635299682617
4.770869731903076
20.98093605041504
26.879499435424805
6.6288042068481445
1.6263659000396729
20.23963737487793
16.76422119140625
14.401020050048828
13.05437183380127
16.41514778137207
16.94923973083496
16.209476470947266
15.044255256652832
10.616270065307617
21.735841751098633
14.761702537536621
19.803802490234375
26.16265296936035
27.020437240600586
17.57384490966797
16.858837127685547
20.730684280395508
22.42223358154297
8.99703598022461
32.61430358886719
20.30269432067871
35.775108337402344
16.879783630371094
18.749675750732422
34.29098892211914
31.050113677978516
19.53526496887207
18.189481735229492
16.4558048248291
19.208276748657227
13.117603302001953
12.562766075134277
16.763580322265625
15.539891242980957
17.621259689331055
12.671470642089844
19.528244018554688
33.74103546142578
20.560413360595703
13.84721565246582
23.511226654052734
11.41640567779541
19.94325828552246
35.45921325683594
17.65721321105957
11.289291381835938
29.414871215820312
20.21118927001953
37.50645065307617
23.81013298034668
6.070337295532227
15.001272201538086
23.162206649780273
8.618796348571777
26.462486267089844
26.30492401123047
20.011484146118164
23.72037124633789
10.850767135620117
11.716812133789062
30.78514289855957
21.410213470458984
20.13555145263672
19.9687557220459
13.347179412841797
13.416718482971191
12.263114929199219
14.026693344116211
26.595561981201172
20.186382293701172
26.85192108154297
23.60107421875
19.312049865722656
14.887219429016113
17.08153533935547
25.685367584228516
9.465238571166992
24.314424514770508
27.691242218017578
8.352529525756836
9.97335433959961
16.685617446899414
11.91031551361084
16.840681076049805
36.19859313964844
24.95081901550293
15.669775009155273
17.246124267578125
13.835469245910645
19.889263153076172
30.78078842163086
26.627065658569336
18.26715660095215
29.20499038696289
28.101909637451172
13.571269989013672
24.558517456054688
27.131572723388672
21.47415542602539
43.643096923828125
20.319866180419922
11.773784637451172
29.3441104888916
7.23651123046875
20.097618103027344
9.331221580505371
6.271416664123535
25.43857765197754
13.198742866516113
21.187036514282227
8.266305923461914
24.32032012939453
11.307305335998535
24.927648544311523
22.74022102355957
11.942177772521973
32.55964279174805
26.3956241607666
12.751577377319336
16.98198890686035
12.320781707763672
12.27140998840332
13.50830364227295
16.078737258911133
18.37994956970215
12.739459991455078
6.839696884155273
17.622360229492188
17.466951370239258
16.391191482543945
25.156105041503906
21.61117935180664
14.586280822753906
17.59214210510254
14.890600204467773
10.822881698608398
4.223690986633301
23.148168563842773
29.94643211364746
28.532955169677734
20.346580505371094
20.716524124145508
12.760221481323242
17.899564743041992
39.19390869140625
7.617911338806152
14.425758361816406
19.238510131835938
29.096555709838867
14.6850004196167
12.792157173156738
25.948524475097656
24.82274055480957
20.7641658782959
28.54743194580078
18.501935958862305
19.673019409179688
19.929929733276367
20.963747024536133
11.165348052978516
8.604015350341797
30.134517669677734
18.999000549316406
20.887168884277344
14.246194839477539
30.231037139892578
30.81991958618164
16.704010009765625
24.17159652709961
17.84253692626953
36.52555465698242
13.881321907043457
30.09428596496582
15.19616985321045
27.692792892456055
7.181639671325684
12.269952774047852
16.803564071655273
14.893238067626953
15.998449325561523
17.822696685791016
23.289405822753906
12.599308013916016
21.204315185546875
17.77579116821289
29.832738876342773
11.031968116760254
16.224306106567383
14.067938804626465
20.243881225585938
32.027793884277344
14.829414367675781
11.34088134765625
5.747546195983887
12.864229202270508
22.99474334716797
18.78160858154297
27.82003402709961
39.98170852661133
10.917366981506348
19.818334579467773
18.004417419433594
9.42098617553711
29.104938507080078
23.21991539001465
13.554794311523438
25.560047149658203
17.244966506958008
29.157644271850586
35.550514221191406
14.20738697052002
19.63892364501953
24.35767936706543
28.561176300048828
25.323585510253906
18.332530975341797
21.13605308532715
7.037674427032471
19.79521942138672
8.66648006439209
15.007343292236328
26.521390914916992
23.286195755004883
21.049942016601562
23.888141632080078
11.763757705688477
23.833280563354492
12.562812805175781
30.930957794189453
23.920185089111328
24.26173210144043
11.25562858581543
17.79375457763672
10.444513320922852
19.14562225341797
12.623785972595215
25.25363540649414
17.856292724609375
12.664183616638184
5.541996002197266
25.25115394592285
10.152742385864258
22.68967056274414
31.514183044433594
29.30555534362793
14.429585456848145
34.004974365234375
41.24824523925781
6.810157775878906
34.624671936035156
20.7996883392334
8.394771575927734
22.82146453857422
6.491342544555664
6.333243370056152
11.13491439819336
7.509064674377441
18.683101654052734
21.948486328125
4.873359203338623
28.998577117919922
17.554851531982422
8.756892204284668
18.961204528808594
7.34899377822876
28.45781898498535
12.237298965454102
25.31838035583496
28.452411651611328
16.739944458007812
31.20127296447754
18.13553810119629
20.10264015197754
21.612163543701172
20.535320281982422
36.24189758300781
31.56904411315918
17.841585159301758
14.841064453125
4.938928604125977
9.604827880859375
14.77713680267334
8.315593719482422
29.9693546295166
21.008581161499023
28.348276138305664
27.828994750976562
31.408159255981445
17.95241928100586
31.540456771850586
35.10289001464844
7.853691101074219
23.09854507446289
42.59083938598633
24.729000091552734
28.130544662475586
20.042430877685547
16.46349334716797
11.286112785339355
19.228017807006836
29.3193416595459
21.580284118652344
23.702213287353516
28.147321701049805
20.50801658630371
22.767539978027344
18.17900848388672
15.240314483642578
19.33696174621582
32.0189208984375
18.227392196655273
5.930562496185303
14.336647033691406
26.995346069335938
28.322620391845703
18.081279754638672
32.0263557434082
14.623394966125488
20.25640106201172
17.02411651611328
14.636354446411133
19.211883544921875
16.151248931884766
21.587270736694336
3.6503047943115234
13.157368659973145
27.327564239501953
11.74516487121582
23.173532485961914
31.84476661682129
9.165029525756836
26.142475128173828
13.518409729003906
28.580427169799805
27.051559448242188
20.379924774169922
20.598880767822266
18.603654861450195
5.09173059463501
23.85566520690918
14.57059097290039
7.726144313812256
9.674132347106934
26.00217056274414
6.946253776550293
18.3520450592041
18.01458168029785
20.417835235595703
25.145977020263672
16.824432373046875
12.007986068725586
17.81949806213379
19.003490447998047
17.125417709350586
23.716659545898438
17.385318756103516
6.217609882354736
12.098773956298828
24.081323623657227
35.84627914428711
10.809849739074707
20.793670654296875
19.65536117553711
27.863893508911133
15.868389129638672
22.24744415283203
18.107166290283203
19.80051612854004
18.667133331298828
21.39995002746582
19.500118255615234
12.101507186889648
23.192087173461914
21.387550354003906
16.749330520629883
11.446381568908691
18.657793045043945
26.40812873840332
9.251029968261719
32.55402755737305
13.838335037231445
19.048891067504883
21.451467514038086
15.348203659057617
14.710665702819824
27.151458740234375
22.814870834350586
29.97380828857422
16.559598922729492
29.454347610473633
20.484079360961914
21.04709815979004
32.51202392578125
17.768526077270508
22.484725952148438
22.922313690185547
18.880908966064453
49.013763427734375
19.567909240722656
13.598912239074707
19.962263107299805
7.578351974487305
5.796525001525879
10.096930503845215
10.339167594909668
11.052993774414062
20.804515838623047
27.58393669128418
10.657033920288086
39.639183044433594
15.867133140563965
19.07147789001465
18.702545166015625
13.531607627868652
4.0099382400512695
25.679100036621094
18.085874557495117
11.904953956604004
24.088956832885742
19.98540687561035
19.656286239624023
23.55674171447754
14.315423965454102
21.372156143188477
14.044426918029785
15.61207103729248
19.864017486572266
12.653964042663574
12.092438697814941
42.387840270996094
39.72362518310547
24.503089904785156
16.48041534423828
21.228473663330078
25.239961624145508
7.127007961273193
22.169946670532227
18.20633888244629
28.421247482299805
10.615053176879883
18.242807388305664
9.242755889892578
16.82137680053711
35.906558990478516
14.982550621032715
29.511737823486328
27.435169219970703
22.452381134033203
11.966744422912598
11.11192798614502
17.976505279541016
9.228442192077637
24.098039627075195
17.711580276489258
13.963152885437012
17.862903594970703
29.018569946289062
10.55184268951416
20.221195220947266
18.238994598388672
25.52281951904297
5.328998565673828
28.320026397705078
9.806801795959473
27.103965759277344
12.706642150878906
20.567859649658203
29.93026351928711
26.159732818603516
24.38775634765625
7.9310455322265625
19.017637252807617
29.313663482666016
23.86260986328125
14.729155540466309
16.805564880371094
19.808448791503906
14.41772747039795
16.103116989135742
8.767926216125488
20.46822166442871
20.905550003051758
18.084442138671875
19.72885513305664
17.467870712280273
20.559642791748047
15.975215911865234
18.402603149414062
11.504264831542969
13.84744930267334
20.141687393188477
22.43947410583496
7.942018508911133
10.494540214538574
18.54337501525879
23.377748489379883
19.471817016601562
12.418028831481934
27.537687301635742
9.352559089660645
4.090520858764648
12.670238494873047
30.376243591308594
38.33877182006836
8.734939575195312
17.251571655273438
28.051301956176758
30.176795959472656
12.066119194030762
14.53481388092041
31.928510665893555
11.107303619384766
34.97659683227539
30.3831787109375
32.64183807373047
36.079471588134766
19.972267150878906
31.63471794128418
16.911603927612305
6.022402286529541
21.877788543701172
13.596163749694824
24.733135223388672
29.440778732299805
33.77505874633789
7.950658798217773
43.0755500793457
6.452182769775391
18.336870193481445
24.035860061645508
3.495690107345581
18.476789474487305
22.160167694091797
9.227447509765625
12.030116081237793
12.017045021057129
8.665122985839844
15.865596771240234
16.474470138549805
16.62076187133789
22.96223258972168
18.161802291870117
18.51997184753418
23.056068420410156
18.480323791503906
11.081416130065918
15.75109577178955
39.34319305419922
19.8677978515625
6.496687889099121
25.106287002563477
19.28994369506836
13.957101821899414
27.31069564819336
20.27667999267578
14.94316577911377
11.13525104522705
9.1824951171875
7.013668060302734
14.52005672454834
29.225032806396484
29.170862197875977
25.022369384765625
10.275958061218262
41.01272964477539
29.343809127807617
21.640296936035156
19.512441635131836
11.485372543334961
15.410604476928711
11.998281478881836
19.50284194946289
38.46101760864258
13.85579776763916
9.970080375671387
21.877613067626953
21.83284568786621
21.6213321685791
15.10598373413086
13.87578010559082
16.87032127380371
11.280980110168457
7.637921333312988
19.564945220947266
21.975852966308594
15.77902603149414
20.682327270507812
8.623249053955078
14.49421215057373
15.315093994140625
24.952157974243164
10.74709415435791
11.072120666503906
3.5779948234558105
14.418787956237793
26.463193893432617
15.87614631652832
12.175760269165039
25.686996459960938
26.46799087524414
13.690753936767578
11.505377769470215
16.406848907470703
12.427050590515137
22.912803649902344
7.940253257751465
10.300496101379395
21.318254470825195
16.70178985595703
12.094816207885742
18.454076766967773
37.29032516479492
17.57428741455078
21.346555709838867
6.428838729858398
9.596278190612793
19.65554428100586
36.00645446777344
29.16888999938965
19.182538986206055
40.82062911987305
23.92011833190918
40.75356674194336
14.444782257080078
7.423851013183594
22.600767135620117
23.45857048034668
37.83476638793945
16.60239601135254
20.04043197631836
13.416139602661133
7.334324359893799
30.4752197265625
15.28736686706543
29.924772262573242
20.793386459350586
14.725887298583984
16.519622802734375
16.805320739746094
18.31437873840332
10.762444496154785
19.89396858215332
9.254548072814941
29.683795928955078
26.589563369750977
20.744413375854492
7.676798343658447
17.316587448120117
14.472622871398926
8.42268180847168
11.776470184326172
14.894901275634766
12.95654010772705
5.245490074157715
17.93521499633789
27.916337966918945
10.112493515014648
9.009923934936523
26.01995277404785
6.344563961029053
29.660444259643555
30.539308547973633
24.210763931274414
13.571303367614746
14.716504096984863
21.183629989624023
7.157423973083496
17.438695907592773
21.450851440429688
18.553936004638672
25.11905288696289
41.851234436035156
19.5079402923584
25.884889602661133
12.39470100402832
16.593429565429688
7.960953712463379
25.428817749023438
15.219813346862793
23.839365005493164
21.876272201538086
13.97419261932373
24.063011169433594
18.683732986450195
26.058029174804688
22.091615676879883
14.306022644042969
18.048110961914062
27.010560989379883
14.673474311828613
2.52266263961792
30.07752799987793
36.92640686035156
37.0786018371582
12.423163414001465
15.816154479980469
15.80517578125
16.438310623168945
2.862295389175415
24.83680534362793
14.314728736877441
18.579730987548828
10.870232582092285
25.575387954711914
11.41806411743164
28.036367416381836
21.8363037109375
17.572128295898438
35.726226806640625
21.001882553100586
18.962562561035156
24.907798767089844
25.344024658203125
41.09095001220703
11.4334135055542
15.978242874145508
7.630837440490723
24.142961502075195
19.341163635253906
6.657973289489746
4.106650352478027
30.72793197631836
17.075307846069336
18.580718994140625
17.07024574279785
19.989986419677734
14.511472702026367
21.754140853881836
9.801177978515625
9.389290809631348
25.580856323242188
56.30842971801758
22.174938201904297
16.55551528930664
25.51996421813965
35.55820083618164
20.518009185791016
12.984663009643555
17.04851531982422
22.849851608276367
35.407283782958984
13.108983039855957
10.651703834533691
18.53189468383789
15.606654167175293
17.748394012451172
10.902214050292969
23.497461318969727
20.039011001586914
16.45665168762207
4.043243885040283
22.390628814697266
26.927806854248047
17.89862632751465
10.989917755126953
5.460842609405518
29.125417709350586
5.779457092285156
8.336165428161621
12.348413467407227
42.4208984375
23.30836296081543
22.91780662536621
6.07110595703125
18.284563064575195
20.86687469482422
10.590024948120117
5.537552833557129
12.041146278381348
7.827482223510742
27.707551956176758
11.957271575927734
21.55167579650879
11.318593978881836
13.004348754882812
23.331748962402344
22.624834060668945
19.507041931152344
11.882097244262695
19.819530487060547
34.80339050292969
22.061630249023438
21.389436721801758
3.5768752098083496
36.88274383544922
30.912687301635742
19.974227905273438
22.234054565429688
28.73122215270996
4.925374507904053
35.039283752441406
30.525741577148438
16.208656311035156
34.01234817504883
27.655296325683594
11.525431632995605
2.4189603328704834
13.232187271118164
8.509368896484375
12.104776382446289
18.453248977661133
5.3689656257629395
17.035629272460938
43.64610290527344
17.9397029876709
5.32858419418335
25.581714630126953
8.407122611999512
4.459625720977783
12.433147430419922
10.181076049804688
13.403316497802734
18.95187759399414
17.910566329956055
16.032066345214844
22.48766326904297
14.749133110046387
20.446165084838867
15.813379287719727
38.47504425048828
17.485321044921875
3.281019926071167
28.009117126464844
21.034452438354492
8.88916301727295
34.02742385864258
18.23284149169922
29.179250717163086
24.345733642578125
27.005958557128906
28.11160659790039
23.498332977294922
14.814030647277832
7.030762195587158
20.073148727416992
26.750473022460938
32.62395477294922
14.97960090637207
22.75904655456543
4.626983642578125
16.78730583190918
25.435588836669922
27.87449836730957
16.93309211730957
40.61250305175781
12.977492332458496
20.66640853881836
13.161090850830078
28.975831985473633
6.887506484985352
26.280214309692383
20.07480239868164
28.39213752746582
14.784259796142578
23.901309967041016
15.877946853637695
21.695720672607422
14.227266311645508
19.100727081298828
15.333625793457031
18.441625595092773
8.705045700073242
38.65725326538086
23.585460662841797
22.260099411010742
10.880282402038574
25.533443450927734
20.347797393798828
31.14607048034668
12.682092666625977
26.791139602661133
13.242707252502441
5.514155387878418
14.236202239990234
11.796920776367188
25.52893829345703
18.529138565063477
16.955873489379883
18.556488037109375
13.765560150146484
14.058720588684082
9.149998664855957
23.602313995361328
34.91774368286133
35.77632522583008
9.707157135009766
20.65324592590332
13.540167808532715
9.514931678771973
23.993635177612305
31.166568756103516
11.414608001708984
19.52312660217285
24.885164260864258
23.72355079650879
9.171951293945312
18.98158836364746
17.147058486938477
15.165678024291992
28.75827980041504
25.794933319091797
24.32305145263672
26.68635368347168
22.046228408813477
28.93887710571289
12.894464492797852
23.361663818359375
23.808650970458984
10.502664566040039
33.771331787109375
11.951934814453125
8.328858375549316
6.159151077270508
20.56397247314453
13.342914581298828
13.427762985229492
30.270832061767578
23.523937225341797
15.45743465423584
26.749773025512695
11.369729042053223
38.844078063964844
7.012251853942871
19.45174217224121
13.754562377929688
26.385244369506836
18.519868850708008
25.596574783325195
39.23072814941406
10.093372344970703
19.535476684570312
14.5599365234375
30.861957550048828
26.649045944213867
10.301072120666504
18.754070281982422
20.45829200744629
9.993571281433105
16.630979537963867
26.792348861694336
32.248931884765625
12.237284660339355
14.19416332244873
10.248133659362793
18.053205490112305
22.4223575592041
11.531983375549316
8.247472763061523
16.848459243774414
26.325275421142578
39.755287170410156
17.763347625732422
18.635021209716797
25.889066696166992
17.835363388061523
21.830474853515625
8.185662269592285
11.707223892211914
13.599554061889648
14.609766006469727
31.100679397583008
32.66896057128906
22.002534866333008
13.292567253112793
11.794703483581543
27.01314926147461
18.98750877380371
29.1378116607666
23.44097137451172
6.6819915771484375
31.4197998046875
8.944470405578613
16.504356384277344
14.827583312988281
34.239566802978516
21.367870330810547
26.707826614379883
26.62271499633789
26.745223999023438
23.682432174682617
12.618768692016602
13.80440616607666
12.564167022705078
17.53948974609375
21.12169647216797
6.934380054473877
18.789356231689453
30.598121643066406
22.956790924072266
10.100343704223633
10.761893272399902
17.903825759887695
6.0757670402526855
26.91414451599121
11.412489891052246
14.377670288085938
10.998909950256348
23.66078758239746
23.76206398010254
12.56355094909668
23.58979034423828
9.607367515563965
21.861133575439453
18.353822708129883
9.066959381103516
23.774974822998047
17.119342803955078
9.267997741699219
25.476350784301758
16.493925094604492
26.871883392333984
9.849404335021973
27.632171630859375
23.35634994506836
16.3359375
12.884737968444824
11.090484619140625
21.005016326904297
7.937408924102783
10.877284049987793
2.771273136138916
24.611221313476562
27.10215187072754
20.76076889038086
11.352952003479004
26.115970611572266
25.821701049804688
8.455376625061035
32.163814544677734
17.023521423339844
31.763282775878906
32.65606689453125
33.160831451416016
37.57170104980469
42.543827056884766
21.972076416015625
36.120384216308594
11.608638763427734
14.022622108459473
4.501837730407715
14.428144454956055
22.07166290283203
16.996049880981445
36.55412292480469
34.973106384277344
31.535829544067383
34.26593017578125
25.164073944091797
37.014095306396484
25.334781646728516
10.045024871826172
27.715288162231445
36.200592041015625
23.7446231842041
17.819482803344727
34.183162689208984
11.516173362731934
20.03255271911621
17.745712280273438
22.310304641723633
22.753572463989258
14.766633987426758
9.46428108215332
6.413993835449219
18.37203025817871
23.097179412841797
22.687488555908203
32.79042053222656
14.701979637145996
23.704862594604492
27.220787048339844
8.531021118164062
16.09256362915039
7.45334005355835
18.745988845825195
21.78681182861328
24.664352416992188
22.23037338256836
22.36366844177246
35.73666000366211
20.385393142700195
9.55042552947998
22.609296798706055
40.610694885253906
24.83334732055664
13.027630805969238
20.31721305847168
8.667596817016602
13.524862289428711
11.658663749694824
18.37483787536621
25.318553924560547
22.428852081298828
18.86273193359375
10.752131462097168
13.26701831817627
24.041528701782227
16.24469757080078
18.769487380981445
21.3331241607666
8.93317985534668
11.24599552154541
26.60047721862793
10.958633422851562
14.467832565307617
42.358055114746094
29.723237991333008
19.439804077148438
19.926982879638672
17.65639305114746
20.001270294189453
23.676769256591797
32.36048126220703
19.716075897216797
27.56987762451172
11.242975234985352
5.411325454711914
20.331501007080078
11.043764114379883
24.031707763671875
23.17816925048828
18.78036117553711
31.196971893310547
15.864782333374023
13.08722972869873
22.41743278503418
16.728538513183594
20.544775009155273
24.59927749633789
14.787976264953613
20.796140670776367
22.2631893157959
13.930834770202637
18.482465744018555
24.025184631347656
22.438138961791992
18.75086212158203
13.557867050170898
20.31614875793457
16.79701805114746
13.183788299560547
29.036596298217773
21.861034393310547
29.417219161987305
18.841934204101562
8.290993690490723
22.074726104736328
20.47822380065918
17.396869659423828
17.43963050842285
20.515695571899414
25.35093116760254
10.281994819641113
10.989668846130371
25.011159896850586
16.62089729309082
20.33490562438965
6.879082202911377
6.1256608963012695
22.260662078857422
30.612194061279297
10.215559005737305
17.154582977294922
13.93118953704834
23.73211097717285
17.215600967407227
33.2495231628418
21.581073760986328
19.00038719177246
12.713504791259766
4.699770927429199
15.680770874023438
15.062500953674316
15.587485313415527
9.92653751373291
15.122815132141113
13.712445259094238
7.677525043487549
29.18400764465332
16.29303741455078
12.958564758300781
21.221277236938477
14.538433074951172
14.260738372802734
18.031280517578125
20.843875885009766
11.199518203735352
25.30461883544922
19.672258377075195
19.839031219482422
14.558448791503906
13.135787963867188
21.956411361694336
19.027708053588867
21.578519821166992
26.72003746032715
26.777915954589844
13.866012573242188
19.79728889465332
28.452402114868164
19.717632293701172
14.022359848022461
15.997143745422363
13.440507888793945
14.206918716430664
6.531561851501465
32.77568435668945
14.570972442626953
22.84296989440918
16.06303596496582
30.201393127441406
15.524345397949219
18.244882583618164
16.263633728027344
15.296213150024414
15.217556953430176
17.89944076538086
21.187902450561523
26.313579559326172
21.364906311035156
7.198021411895752
16.8990421295166
9.436333656311035
6.628764629364014
22.96536636352539
25.105531692504883
13.732544898986816
13.66846752166748
14.518787384033203
21.13265037536621
43.46134948730469
15.326786994934082
25.83622169494629
8.365215301513672
18.593515396118164
13.363950729370117
18.06846809387207
5.437615871429443
53.41218185424805
16.160022735595703
18.83138084411621
20.09052085876465
3.646307945251465
29.372142791748047
8.838889122009277
21.304298400878906
12.756559371948242
12.098523139953613
36.75809097290039
19.44963264465332
42.80889892578125
24.31801986694336
28.048376083374023
33.50387954711914
9.228050231933594
8.582626342773438
20.036760330200195
29.293888092041016
12.835914611816406
31.55693244934082
25.614294052124023
11.079854965209961
20.043302536010742
28.098112106323242
28.998762130737305
35.97934341430664
36.022254943847656
18.792146682739258
10.593518257141113
13.333786010742188
12.269087791442871
34.70503234863281
26.17812156677246
33.738800048828125
16.047893524169922
27.855836868286133
32.36152648925781
34.52662658691406
45.174163818359375
39.23790740966797
29.656553268432617
16.631868362426758
12.128522872924805
18.702709197998047
6.20853328704834
8.52153205871582
22.112930297851562
24.8521785736084
17.47998046875
22.004661560058594
32.65499496459961
15.09864616394043
15.778839111328125
19.182653427124023
15.03127384185791
18.727252960205078
30.296382904052734
5.244178295135498
8.179213523864746
27.340972900390625
37.357337951660156
15.830581665039062
10.684541702270508
22.33637046813965
28.853368759155273
11.488134384155273
23.57027244567871
14.052327156066895
16.893224716186523
21.01116180419922
17.826419830322266
20.898073196411133
20.197858810424805
15.157425880432129
18.849342346191406
19.501855850219727
11.88961124420166
25.540956497192383
8.860905647277832
36.75596618652344
3.045907735824585
25.509422302246094
28.594112396240234
30.335918426513672
32.083763122558594
28.705184936523438
31.730680465698242
10.156240463256836
29.29542350769043
24.80491828918457
29.0642147064209
14.636575698852539
23.39478874206543
14.49620532989502
29.883983612060547
37.238555908203125
8.1650972366333
16.234296798706055
13.667990684509277
13.287115097045898
10.793665885925293
18.2734432220459
19.465927124023438
8.784144401550293
35.33439254760742
42.047508239746094
16.913137435913086
25.369916915893555
31.451223373413086
41.28096008300781
34.22280502319336
12.290543556213379
22.482664108276367
18.023616790771484
22.863079071044922
14.953384399414062
15.749755859375
20.667177200317383
13.659722328186035
13.726944923400879
10.256868362426758
7.611888408660889
26.899080276489258
16.500389099121094
14.711080551147461
25.577037811279297
15.285333633422852
36.91849136352539
22.569591522216797
36.76789855957031
6.066250324249268
21.936397552490234
10.732447624206543
13.697004318237305
15.293667793273926
14.013538360595703
21.512121200561523
18.330881118774414
22.627700805664062
25.382823944091797
32.103309631347656
25.43898582458496
11.298463821411133
20.10991096496582
13.100980758666992
25.317859649658203
17.16655158996582
13.889056205749512
14.369772911071777
27.34577751159668
39.056331634521484
27.07196807861328
27.76278305053711
18.673994064331055
18.306180953979492
27.033388137817383
28.23975372314453
34.66133499145508
2.976336717605591
23.808115005493164
3.408374547958374
9.028654098510742
27.136573791503906
16.64076042175293
4.79403829574585
15.57491683959961
4.735692024230957
8.13111400604248
21.234390258789062
2.719231367111206
13.23704719543457
19.27523422241211
17.869108200073242
5.688952445983887
26.513917922973633
35.37374496459961
29.772855758666992
15.806710243225098
10.249100685119629
5.577578544616699
2.1373610496520996
15.598709106445312
9.965226173400879
34.810489654541016
16.92950439453125
45.4399299621582
22.623525619506836
36.21133041381836
16.677000045776367
28.784902572631836
22.213409423828125
23.65053939819336
33.74552536010742
7.173521995544434
22.15586280822754
13.166555404663086
18.468015670776367
25.140731811523438
19.13252830505371
18.932884216308594
11.464143753051758
12.323144912719727
11.601856231689453
3.4218556880950928
30.568866729736328
10.483644485473633
29.642635345458984
36.222145080566406
17.490497589111328
2.6182594299316406
19.274280548095703
15.077956199645996
14.407962799072266
24.405744552612305
22.08665657043457
20.105758666992188
19.805072784423828
5.814994812011719
8.28370475769043
25.01403045654297
21.142742156982422
19.691762924194336
13.71004867553711
25.025381088256836
28.310291290283203
11.206801414489746
28.2182674407959
39.58049011230469
22.422277450561523
19.47936248779297
20.979665756225586
19.655393600463867
25.473018646240234
8.682955741882324
31.909996032714844
9.691779136657715
16.0273494720459
7.71199893951416
30.113290786743164
29.303382873535156
8.870158195495605
26.88723373413086
25.301021575927734
16.560081481933594
12.039270401000977
12.169500350952148
12.928595542907715
13.824357032775879
29.46147918701172
29.483949661254883
19.543960571289062
42.14248275756836
12.32707691192627
26.375940322875977
13.014512062072754
21.618114471435547
30.025671005249023
21.81295394897461
19.0310115814209
12.854387283325195
14.797347068786621
28.420257568359375
27.283720016479492
12.024824142456055
34.346832275390625
18.260587692260742
17.834333419799805
20.837125778198242
29.886064529418945
12.974607467651367
21.315061569213867
14.765897750854492
17.326953887939453
23.324678421020508
27.010543823242188
13.625874519348145
17.724565505981445
30.993755340576172
24.886232376098633
36.90576171875
34.18958282470703
28.236629486083984
15.882035255432129
9.53750991821289
38.27530288696289
20.07624053955078
16.202892303466797
22.649803161621094
24.744565963745117
21.953378677368164
13.303024291992188
14.577682495117188
9.347124099731445
22.248424530029297
7.718376159667969
21.867252349853516
18.815671920776367
18.49993133544922
12.572922706604004
9.314830780029297
23.103837966918945
9.168401718139648
27.84713363647461
16.91791534423828
10.47341537475586
8.465862274169922
12.444457054138184
9.340614318847656
24.715335845947266
10.400533676147461
18.150203704833984
26.0776309967041
19.884307861328125
9.862744331359863
5.749507904052734
8.472764015197754
5.636935234069824
26.890907287597656
2.4957876205444336
5.7200727462768555
20.757888793945312
20.44483757019043
33.18880844116211
15.543426513671875
12.941973686218262
12.530577659606934
13.404632568359375
20.349042892456055
21.43865394592285
25.903331756591797
13.493648529052734
18.696592330932617
14.447236061096191
26.446165084838867
9.041389465332031
16.63236427307129
8.384635925292969
29.882164001464844
24.95088768005371
25.557592391967773
26.583236694335938
30.921138763427734
16.78430938720703
14.74194049835205
23.89761734008789
30.71324920654297
5.761873245239258
3.2316901683807373
12.2702054977417
18.01035499572754
18.480730056762695
23.782217025756836
32.73003005981445
25.048349380493164
23.09389877319336
11.942166328430176
26.392812728881836
7.600265979766846
12.77501392364502
7.039650917053223
9.988080978393555
18.458168029785156
33.95638656616211
8.031414031982422
30.047809600830078
32.13264083862305
23.365400314331055
34.285255432128906
24.987539291381836
17.228967666625977
13.406044006347656
25.93522071838379
17.044654846191406
20.787071228027344
31.417695999145508
19.854602813720703
27.9345645904541
28.119077682495117
32.218299865722656
19.51931381225586
20.8342342376709
18.762493133544922
12.538240432739258
15.005501747131348
25.693029403686523
16.650588989257812
10.840271949768066
10.753199577331543
16.8214111328125
28.30157470703125
17.7177677154541
4.4473724365234375
28.00122833251953
8.708949089050293
11.109903335571289
28.540462493896484
48.099727630615234
40.77470779418945
9.651326179504395
22.67109489440918
16.469161987304688
8.43935489654541
19.033580780029297
28.944944381713867
26.28824806213379
16.92933464050293
28.20014190673828
26.22510528564453
11.734586715698242
7.721251010894775
23.588098526000977
20.371749877929688
8.557376861572266
21.46967124938965
31.378921508789062
27.64682388305664
44.96448516845703
10.060598373413086
16.767398834228516
33.43394470214844
21.318330764770508
12.075150489807129
24.186376571655273
22.29193115234375
27.240381240844727
14.542671203613281
7.946653842926025
14.592046737670898
19.117210388183594
25.11323356628418
20.6828556060791
20.710338592529297
19.0148868560791
11.364314079284668
18.733997344970703
16.209068298339844
14.714142799377441
17.76918601989746
19.163122177124023
38.988224029541016
11.792754173278809
12.256699562072754
19.214221954345703
16.792213439941406
12.405776023864746
10.56089973449707
6.4060869216918945
13.75926399230957
34.23833084106445
21.233322143554688
16.893795013427734
21.498628616333008
11.859325408935547
14.557388305664062
7.005314826965332
16.689594268798828
13.873086929321289
22.42087173461914
21.47748565673828
39.30173873901367
19.08957290649414
22.27817726135254
29.72908592224121
11.689162254333496
32.82288360595703
16.122989654541016
9.165306091308594
28.30773162841797
12.239574432373047
32.64228057861328
36.33222961425781
21.316877365112305
13.028424263000488
24.747581481933594
20.450191497802734
23.89484977722168
38.0078239440918
28.021533966064453
19.0031795501709
15.255685806274414
22.34637451171875
31.15288543701172
13.715235710144043
21.07027816772461
13.94617748260498
37.46062469482422
44.44203186035156
5.261377811431885
24.362133026123047
20.868839263916016
21.801876068115234
14.344355583190918
25.45452308654785
16.966646194458008
10.357901573181152
17.283767700195312
18.837461471557617
31.299745559692383
20.856210708618164
29.534452438354492
38.71260070800781
26.89666175842285
18.523975372314453
23.97979164123535
20.89687728881836
8.273035049438477
10.367010116577148
12.863871574401855
31.3165225982666
30.754587173461914
36.308380126953125
21.006715774536133
27.615787506103516
35.68621063232422
24.993404388427734
10.129805564880371
23.827775955200195
15.861466407775879
19.291065216064453
46.88544845581055
15.820113182067871
13.09724235534668
9.504807472229004
22.30754852294922
17.698575973510742
8.239540100097656
11.907556533813477
20.20047950744629
10.295514106750488
18.75733184814453
40.299095153808594
24.99712562561035
15.52370834350586
32.949806213378906
11.825492858886719
33.55368423461914
11.242969512939453
23.514020919799805
12.070170402526855
32.718624114990234
8.149856567382812
24.6942195892334
12.388737678527832
9.037590980529785
20.270313262939453
12.910140037536621
31.32122230529785
3.4159116744995117
24.942800521850586
15.092806816101074
42.621028900146484
24.87515640258789
16.642927169799805
21.841197967529297
27.26552963256836
22.91039276123047
13.46630573272705
25.451171875
23.18855094909668
21.028226852416992
27.593446731567383
17.172420501708984
41.8697395324707
26.354543685913086
9.92834186553955
12.352937698364258
27.886154174804688
41.00925827026367
16.25627899169922
21.515607833862305
17.585159301757812
29.310808181762695
42.516807556152344
31.626754760742188
24.218074798583984
22.01680564880371
7.901653289794922
31.856821060180664
5.993470191955566
11.398409843444824
12.564203262329102
26.364212036132812
10.810622215270996
20.33429527282715
18.04655647277832
18.21360206604004
19.702524185180664
30.96149444580078
25.74443244934082
7.834031105041504
30.82411003112793
18.4335880279541
17.512157440185547
33.69784927368164
19.161785125732422
17.70793342590332
12.433113098144531
37.76565170288086
16.43460464477539
31.67586326599121
14.635150909423828
31.689491271972656
5.378487586975098
11.156951904296875
22.408016204833984
34.69389343261719
16.199535369873047
27.1202392578125
13.96300983428955
22.463756561279297
15.32157039642334
23.750890731811523
5.793168067932129
11.507068634033203
21.16972541809082
43.17185592651367
4.260522842407227
25.899656295776367
12.961517333984375
11.335638046264648
28.19123649597168
36.98329544067383
26.08025550842285
17.649028778076172
6.418891429901123
25.21938133239746
29.7654972076416
8.451260566711426
