26.54922103881836
23.676469802856445
38.42388916015625
37.12087631225586
47.33646011352539
34.88118362426758
35.095157623291016
37.505706787109375
18.30902862548828
22.780536651611328
39.497947692871094
40.05168151855469
35.16522216796875
24.790250778198242
20.06275749206543
12.602779388427734
10.907864570617676
40.22117614746094
10.664210319519043
15.485210418701172
29.09604263305664
29.122865676879883
26.0482177734375
25.37512969970703
32.824012756347656
17.811107635498047
40.266883850097656
31.513864517211914
55.110084533691406
16.28492546081543
34.60142517089844
18.03168487548828
31.938247680664062
30.832149505615234
43.753387451171875
25.491891860961914
14.911951065063477
32.451236724853516
64.11244201660156
26.706836700439453
45.364891052246094
63.2342529296875
17.978254318237305
41.538204193115234
26.384235382080078
46.63730239868164
22.550926208496094
24.475082397460938
21.122594833374023
15.90408706665039
11.714825630187988
13.462767601013184
21.605281829833984
37.231117248535156
30.946475982666016
52.759239196777344
24.99814796447754
27.75899314880371
22.710664749145508
40.00130081176758
26.085561752319336
37.898311614990234
33.411949157714844
24.970964431762695
17.588010787963867
38.32019805908203
38.632530212402344
35.6549186706543
21.666778564453125
37.77178192138672
49.38206481933594
44.0020866394043
37.89772415161133
31.882654190063477
22.703718185424805
30.364974975585938
24.0130672454834
43.884586334228516
54.27083969116211
27.362455368041992
42.71235275268555
30.663484573364258
29.799457550048828
29.527334213256836
17.598100662231445
10.026274681091309
34.85731506347656
31.93796730041504
42.67593002319336
20.695667266845703
22.80118179321289
18.11875343322754
11.8090238571167
29.605209350585938
51.915348052978516
15.5575532913208
2.1777231693267822
14.039641380310059
6.213247776031494
25.55006980895996
22.6456356048584
22.454954147338867
27.515270233154297
31.77613639831543
29.133901596069336
21.441591262817383
43.088191986083984
31.913415908813477
23.757822036743164
24.964628219604492
20.377988815307617
10.944507598876953
20.36515998840332
35.074214935302734
2.3680074214935303
37.99335479736328
25.999116897583008
25.53495979309082
21.312679290771484
32.312923431396484
34.20223617553711
20.618234634399414
20.610403060913086
31.296661376953125
35.94383239746094
22.933414459228516
35.78382110595703
29.14040184020996
35.886993408203125
36.263919830322266
27.341554641723633
24.79738426208496
23.897119522094727
19.85761070251465
32.811737060546875
47.55595779418945
44.423458099365234
13.911822319030762
26.526729583740234
24.472814559936523
26.050655364990234
33.907630920410156
27.996713638305664
29.351646423339844
41.33480453491211
23.657939910888672
39.91627502441406
57.29930114746094
26.22018051147461
12.558496475219727
19.563810348510742
19.924121856689453
36.75566101074219
35.554161071777344
25.558462142944336
47.171730041503906
11.582842826843262
49.40645980834961
14.371962547302246
30.8309268951416
41.35446548461914
31.34221649169922
46.160518646240234
13.53042984008789
17.80194664001465
42.45286560058594
34.908782958984375
29.48284149169922
20.242202758789062
25.110271453857422
28.64103889465332
15.039389610290527
22.289737701416016
34.290706634521484
31.782562255859375
30.267169952392578
17.817773818969727
26.892807006835938
23.915618896484375
20.553058624267578
21.32036590576172
35.884971618652344
52.66020965576172
36.95475387573242
16.110898971557617
30.225828170776367
26.735994338989258
34.166568756103516
21.0582332611084
31.346778869628906
24.965545654296875
15.17726993560791
19.201732635498047
38.48213577270508
20.573144912719727
32.65472412109375
17.560564041137695
46.858253479003906
38.44257736206055
48.40827178955078
32.997047424316406
35.31359100341797
12.234899520874023
28.70263671875
38.30438995361328
27.57471466064453
35.87155532836914
16.628652572631836
22.582782745361328
16.659526824951172
59.75714111328125
15.217287063598633
35.07502746582031
27.704782485961914
28.181575775146484
32.258453369140625
14.127992630004883
25.560014724731445
22.94968032836914
34.2537956237793
27.58602523803711
16.09062957763672
22.655902862548828
17.43766212463379
19.07813262939453
24.08408546447754
33.69215774536133
15.67653751373291
32.44137954711914
47.04454040527344
22.978899002075195
26.756433486938477
26.70829963684082
33.3105583190918
34.011619567871094
29.394386291503906
40.407596588134766
17.080875396728516
23.232666015625
11.620848655700684
43.753265380859375
17.373878479003906
23.05314826965332
11.956680297851562
34.17800521850586
38.01136016845703
27.3701171875
26.94147491455078
54.01333999633789
24.993980407714844
39.1740837097168
4.135795593261719
26.54515266418457
18.179786682128906
29.832250595092773
46.603271484375
18.879135131835938
15.505873680114746
23.17008399963379
31.23186492919922
31.117156982421875
26.41765785217285
26.07077407836914
33.741546630859375
37.39558029174805
36.95293426513672
8.702906608581543
28.385215759277344
32.660037994384766
14.066056251525879
16.002887725830078
53.56557846069336
20.834375381469727
24.383527755737305
28.84549331665039
41.659767150878906
23.261241912841797
16.18478012084961
29.352386474609375
28.344884872436523
52.40480041503906
15.37569522857666
23.67796516418457
21.888839721679688
33.591182708740234
26.344890594482422
31.896533966064453
44.703460693359375
16.788738250732422
55.875640869140625
22.38413429260254
22.907167434692383
51.9945068359375
20.792097091674805
25.44553565979004
23.290956497192383
48.651092529296875
26.044408798217773
22.26950454711914
12.162369728088379
32.18780517578125
26.30059242248535
27.49393081665039
36.756736755371094
48.42113494873047
35.2486686706543
43.166080474853516
17.81172752380371
56.23490905761719
26.494672775268555
33.935279846191406
21.765695571899414
23.273578643798828
26.564083099365234
20.005115509033203
23.109983444213867
22.360889434814453
32.50397491455078
33.71732711791992
28.10466766357422
30.05405044555664
21.400434494018555
21.6129150390625
45.55878829956055
24.53938102722168
12.146263122558594
27.780990600585938
19.645652770996094
42.28026580810547
35.336204528808594
23.189542770385742
30.762266159057617
41.93812561035156
27.706588745117188
31.688194274902344
38.89686965942383
15.38302993774414
48.661842346191406
10.17284107208252
19.239234924316406
15.687828063964844
22.576486587524414
36.64338302612305
14.44411849975586
19.20711326599121
55.288421630859375
22.769134521484375
28.517122268676758
40.03504943847656
44.112327575683594
42.50093078613281
42.48545455932617
13.686408042907715
42.90024948120117
26.89143943786621
23.675628662109375
22.822200775146484
22.689016342163086
42.243812561035156
30.431110382080078
39.89812469482422
33.20637130737305
21.961977005004883
13.185620307922363
25.15595245361328
2.338177442550659
17.98875617980957
23.033422470092773
36.786155700683594
29.336313247680664
46.027915954589844
18.51823616027832
20.857894897460938
34.67542266845703
23.11459732055664
44.17804718017578
26.24643898010254
28.505512237548828
15.118721008300781
52.26679992675781
33.42618179321289
20.452428817749023
16.956623077392578
18.74407196044922
19.340009689331055
37.370418548583984
35.105857849121094
52.85234451293945
22.259422302246094
38.91594314575195
28.5897216796875
21.85915756225586
26.371265411376953
13.117142677307129
48.149169921875
9.59873104095459
35.26382827758789
51.886260986328125
34.57205581665039
15.023136138916016
40.57639694213867
28.929954528808594
32.1965446472168
14.059446334838867
30.463802337646484
22.07443618774414
19.04734230041504
49.06367492675781
39.52313232421875
36.672340393066406
19.98651885986328
22.650867462158203
33.89614486694336
31.94695281982422
25.817811965942383
22.242433547973633
28.33779525756836
47.37530517578125
19.489328384399414
8.147870063781738
48.57484817504883
22.11835479736328
13.708785057067871
13.391347885131836
21.808656692504883
42.66435241699219
23.625762939453125
14.301796913146973
29.294294357299805
38.63732147216797
11.518590927124023
32.24799728393555
33.01375961303711
20.656923294067383
33.37493133544922
15.906933784484863
12.828047752380371
26.53042221069336
19.465290069580078
13.352813720703125
22.421154022216797
41.103031158447266
45.087745666503906
26.909934997558594
20.32076644897461
23.506263732910156
20.664337158203125
32.977264404296875
30.19230842590332
17.931926727294922
26.489343643188477
21.41878890991211
61.26276779174805
19.4113826751709
23.59796905517578
29.96861457824707
31.11360740661621
21.542463302612305
10.167698860168457
46.26387405395508
32.56757736206055
24.316505432128906
20.325916290283203
16.34195327758789
34.59878158569336
19.79359245300293
27.372142791748047
34.68909454345703
40.22807312011719
35.44609069824219
26.18610191345215
22.47005844116211
16.005857467651367
24.906658172607422
31.57168960571289
19.52975082397461
20.477802276611328
14.183422088623047
33.337188720703125
24.05318832397461
30.318105697631836
41.11485290527344
17.375011444091797
14.207711219787598
16.921138763427734
25.250289916992188
22.534595489501953
25.13799476623535
24.13803482055664
30.08634376525879
42.096378326416016
33.4107551574707
20.10697364807129
26.530548095703125
33.45333480834961
45.467254638671875
22.6351261138916
27.36861228942871
27.602924346923828
32.60600280761719
22.129369735717773
28.17458152770996
11.982866287231445
19.97872543334961
13.926909446716309
22.521221160888672
20.65201187133789
30.23532485961914
47.837223052978516
45.93672180175781
24.60740852355957
39.18093490600586
21.668642044067383
38.42169952392578
36.41128921508789
46.89585876464844
38.93658447265625
25.042409896850586
41.58736801147461
35.637176513671875
22.230247497558594
20.806333541870117
38.88679885864258
34.95726013183594
36.38027572631836
22.2541561126709
15.057674407958984
18.088529586791992
10.435394287109375
19.33920669555664
20.613727569580078
46.09330749511719
33.153663635253906
42.586971282958984
34.12067413330078
25.59994125366211
45.754180908203125
18.529417037963867
30.282379150390625
31.489856719970703
7.7790422439575195
51.76748275756836
30.224687576293945
21.105121612548828
34.34498596191406
21.433576583862305
28.515535354614258
31.832775115966797
51.628448486328125
37.78547668457031
20.416357040405273
26.678951263427734
21.8620548248291
32.84982681274414
31.076187133789062
21.695756912231445
19.608428955078125
41.60517501831055
38.52712631225586
24.135940551757812
39.763954162597656
36.67607116699219
10.509145736694336
32.16872787475586
26.74419593811035
19.296350479125977
18.01186180114746
35.78777313232422
46.70498275756836
24.23630714416504
6.651039123535156
28.67378807067871
29.084238052368164
19.337295532226562
25.157556533813477
22.236391067504883
21.591236114501953
23.980966567993164
33.763797760009766
26.15981674194336
34.92201614379883
29.263137817382812
21.83747673034668
22.369165420532227
36.440521240234375
21.19181251525879
33.5777702331543
21.369144439697266
10.443620681762695
36.642723083496094
9.949302673339844
19.547517776489258
48.41118240356445
17.831439971923828
17.9501895904541
27.4161434173584
48.2103271484375
23.82834815979004
22.399757385253906
36.33100891113281
20.76803970336914
38.3355712890625
26.695201873779297
55.214927673339844
27.51490592956543
28.657699584960938
49.519126892089844
18.723485946655273
23.316980361938477
20.39274024963379
35.87523651123047
22.350387573242188
31.809337615966797
38.89411926269531
23.41033172607422
21.074462890625
39.733768463134766
19.465974807739258
13.692082405090332
6.222330093383789
27.980300903320312
41.427616119384766
33.76513671875
12.328535079956055
44.20566940307617
48.29216384887695
11.088225364685059
40.50138854980469
43.57905197143555
33.70050811767578
24.45096778869629
25.269739151000977
27.818737030029297
20.554786682128906
25.467723846435547
22.32190704345703
33.582672119140625
25.042570114135742
28.476560592651367
32.182090759277344
21.293373107910156
32.39994430541992
30.20267677307129
10.861336708068848
13.83470344543457
24.554187774658203
40.972999572753906
12.005638122558594
43.41180419921875
36.955867767333984
52.612796783447266
47.62152099609375
36.730186462402344
31.838130950927734
17.502002716064453
25.815946578979492
21.262304306030273
46.03608703613281
24.943227767944336
33.056522369384766
46.15119934082031
33.011268615722656
27.266033172607422
24.989910125732422
48.596920013427734
23.954444885253906
43.78750228881836
42.906654357910156
45.36624526977539
21.10521125793457
30.58198356628418
18.354761123657227
22.13892364501953
19.101137161254883
33.417442321777344
13.096123695373535
30.39356231689453
28.495746612548828
10.77530574798584
44.06955337524414
21.590803146362305
22.71489715576172
17.370655059814453
23.42621421813965
35.943115234375
31.56271743774414
46.89046096801758
42.94762420654297
9.360062599182129
30.971172332763672
35.41372299194336
15.304539680480957
26.279815673828125
32.71708679199219
29.10319709777832
20.404273986816406
39.68537521362305
45.51141357421875
12.124226570129395
62.729835510253906
43.85509490966797
26.574548721313477
35.047359466552734
21.23542022705078
25.1954288482666
32.049537658691406
34.44040298461914
38.745731353759766
19.56629753112793
32.00164031982422
25.944215774536133
42.018463134765625
7.768215179443359
35.8397102355957
28.8953857421875
24.150232315063477
30.443622589111328
52.25741195678711
33.756805419921875
20.597118377685547
30.02498435974121
9.670942306518555
31.923091888427734
27.677228927612305
39.412322998046875
30.363845825195312
35.06667709350586
34.181793212890625
12.60509204864502
20.295209884643555
14.517278671264648
46.80009078979492
33.84505081176758
46.932098388671875
30.761184692382812
29.309579849243164
33.900184631347656
31.394683837890625
26.556901931762695
40.3593864440918
11.599099159240723
30.983610153198242
28.09971809387207
38.67045211791992
39.03868103027344
13.603482246398926
26.019472122192383
8.526412010192871
24.952919006347656
44.702186584472656
18.32073402404785
23.393564224243164
28.784950256347656
10.615732192993164
15.47010612487793
18.658540725708008
14.137252807617188
33.126277923583984
23.819860458374023
14.746058464050293
20.818607330322266
24.05065155029297
24.675935745239258
35.41638946533203
33.80122756958008
16.787689208984375
17.665857315063477
58.8500862121582
24.458078384399414
31.432771682739258
36.775535583496094
19.581727981567383
18.601743698120117
34.129981994628906
7.516146659851074
46.599369049072266
37.83042526245117
26.43183135986328
43.63869094848633
49.104862213134766
15.335269927978516
31.32742691040039
6.843875885009766
21.04456329345703
28.880767822265625
34.51716995239258
34.79196548461914
17.222551345825195
32.044315338134766
30.63331413269043
31.403093338012695
26.73847770690918
14.016533851623535
20.85232162475586
36.99586868286133
21.781639099121094
42.19874954223633
48.30195999145508
37.71609878540039
60.70709991455078
27.673288345336914
14.254504203796387
30.461441040039062
29.82769012451172
20.23966407775879
22.280445098876953
38.691585540771484
20.390213012695312
15.41984748840332
40.55231857299805
52.63278579711914
37.794944763183594
48.99650192260742
24.909137725830078
59.23748016357422
20.512147903442383
19.810470581054688
28.420888900756836
33.38797378540039
16.83116912841797
22.429006576538086
31.61166000366211
24.77644157409668
23.214473724365234
22.9228515625
30.107364654541016
24.964406967163086
19.201904296875
31.605972290039062
34.08108901977539
36.15183639526367
30.16653060913086
35.87310028076172
36.210384368896484
17.472118377685547
29.946231842041016
28.920597076416016
11.218921661376953
14.235493659973145
20.678714752197266
27.244190216064453
21.99361801147461
20.597944259643555
11.452132225036621
19.62324333190918
15.051252365112305
24.814016342163086
36.971405029296875
25.115236282348633
24.240421295166016
13.205854415893555
38.48690414428711
22.536911010742188
28.91694450378418
28.63667869567871
31.7833251953125
20.5018310546875
32.502079010009766
19.689668655395508
26.881330490112305
42.70260238647461
43.54087829589844
29.204551696777344
35.83460235595703
20.932409286499023
24.230552673339844
22.50446128845215
15.202417373657227
32.292938232421875
25.127893447875977
23.03488540649414
40.53840255737305
29.83077049255371
30.60228729248047
28.936019897460938
36.61801528930664
35.2864990234375
29.202116012573242
25.240215301513672
43.69359588623047
43.72471237182617
22.46113395690918
18.510759353637695
32.84143829345703
36.37913131713867
48.20368957519531
17.68877601623535
27.027301788330078
36.16606140136719
27.698387145996094
29.36525535583496
57.68263244628906
32.04414749145508
42.25639724731445
32.09659194946289
31.58107566833496
25.88138198852539
25.96817398071289
27.78709602355957
15.935108184814453
24.744905471801758
34.45241928100586
15.931065559387207
39.44346618652344
34.52381896972656
42.47593688964844
34.843135833740234
44.49074172973633
26.191421508789062
15.828312873840332
12.99319839477539
32.95091247558594
28.755735397338867
24.514015197753906
23.170835494995117
8.475229263305664
20.426401138305664
29.613414764404297
14.600930213928223
20.867828369140625
19.035554885864258
17.164438247680664
26.97345542907715
14.22799301147461
38.914833068847656
32.08989334106445
54.36105728149414
56.10623550415039
28.000394821166992
58.183189392089844
24.269906997680664
54.86931610107422
37.184322357177734
22.53498649597168
23.16641616821289
29.88936424255371
16.73299789428711
37.31671905517578
8.831449508666992
19.638898849487305
23.090015411376953
27.977928161621094
19.407201766967773
46.07049560546875
46.321502685546875
36.19257354736328
39.91171646118164
61.392478942871094
21.07178497314453
14.649898529052734
52.66590118408203
24.77619743347168
41.48808288574219
20.067462921142578
23.06983184814453
35.697166442871094
40.2669677734375
25.49072265625
31.17262077331543
29.275545120239258
25.960954666137695
21.76935386657715
11.876636505126953
12.685115814208984
26.638900756835938
22.311201095581055
37.034297943115234
30.93001937866211
25.707345962524414
25.21665382385254
9.03140926361084
21.45390510559082
17.919240951538086
27.5471248626709
37.614559173583984
21.719213485717773
29.492521286010742
35.98408889770508
24.467098236083984
37.22026443481445
45.17506408691406
25.824832916259766
19.797975540161133
11.116732597351074
28.316104888916016
38.269500732421875
19.30774688720703
12.37932300567627
25.972028732299805
44.70597457885742
43.2191162109375
15.480622291564941
36.33756637573242
42.696922302246094
37.2312126159668
15.197502136230469
31.98109245300293
45.960147857666016
37.67557907104492
13.528711318969727
17.543292999267578
21.927282333374023
21.16890525817871
37.38543701171875
52.12235641479492
28.311359405517578
13.069830894470215
45.789005279541016
50.46222686767578
35.934593200683594
27.20233917236328
28.95724868774414
19.27996253967285
14.310189247131348
17.435138702392578
21.816864013671875
12.19339370727539
23.464195251464844
10.697883605957031
33.10090255737305
34.01495361328125
17.321563720703125
15.158923149108887
26.302818298339844
21.03646469116211
19.43136215209961
30.607772827148438
39.11084747314453
30.360403060913086
24.861120223999023
32.03970718383789
32.67863845825195
39.31114959716797
22.47926902770996
39.65799331665039
34.95269775390625
31.695552825927734
17.736106872558594
32.161048889160156
25.298858642578125
30.812898635864258
30.838825225830078
29.199705123901367
39.87060546875
19.57164764404297
24.70631217956543
36.628761291503906
19.021530151367188
24.491331100463867
26.50447654724121
19.945581436157227
18.577709197998047
39.65968322753906
21.322999954223633
33.028564453125
31.182979583740234
36.522003173828125
51.909976959228516
43.64125061035156
33.369380950927734
24.491024017333984
19.331417083740234
38.232032775878906
25.863554000854492
50.758018493652344
10.107014656066895
43.57708740234375
40.35602569580078
36.84425735473633
30.20968246459961
13.406636238098145
25.120290756225586
21.018857955932617
19.943592071533203
22.99623680114746
38.547821044921875
18.428043365478516
25.02874183654785
30.413864135742188
33.13835144042969
46.489990234375
29.042583465576172
38.47521209716797
46.133426666259766
14.181575775146484
31.70036506652832
34.15479278564453
49.63368225097656
25.00539207458496
45.446956634521484
39.49858856201172
14.0352144241333
18.14615249633789
37.609893798828125
17.800846099853516
27.95214080810547
28.23809242248535
31.27448844909668
32.92132568359375
32.23055648803711
1.7644600868225098
47.71472930908203
14.354362487792969
18.330509185791016
42.795989990234375
21.421205520629883
26.549482345581055
45.87832260131836
57.25532150268555
31.70993995666504
7.636463642120361
26.88728904724121
38.64344787597656
37.672245025634766
43.240291595458984
42.78076934814453
17.93107032775879
28.358980178833008
21.40812873840332
25.015941619873047
58.2596549987793
26.725547790527344
33.87140655517578
12.025773048400879
36.22201919555664
14.549932479858398
46.904727935791016
24.063919067382812
35.06146240234375
30.185077667236328
56.90684509277344
24.272838592529297
8.264958381652832
15.652246475219727
22.01615333557129
29.986717224121094
14.611776351928711
23.296682357788086
50.881813049316406
25.714542388916016
25.288110733032227
31.851430892944336
33.297027587890625
20.829254150390625
47.83979034423828
17.522611618041992
13.95446491241455
30.211294174194336
21.3392333984375
29.417259216308594
41.68456268310547
45.9575080871582
28.349422454833984
22.801610946655273
28.44326400756836
22.99665069580078
35.907470703125
32.29121398925781
31.175058364868164
18.34773826599121
55.23954391479492
37.40618133544922
31.832889556884766
23.503774642944336
28.758224487304688
29.542673110961914
25.07094383239746
23.9277286529541
9.51901912689209
27.435710906982422
22.15463638305664
25.91670799255371
35.343135833740234
32.8014030456543
14.28141975402832
33.3262939453125
18.94271469116211
38.47289276123047
14.930248260498047
25.78394317626953
28.0649356842041
33.47661209106445
45.24559020996094
32.16582489013672
39.57064437866211
38.6645393371582
48.72268295288086
11.844183921813965
35.746437072753906
39.846370697021484
43.6082763671875
37.020965576171875
35.394840240478516
23.852989196777344
35.004005432128906
51.7033576965332
37.931941986083984
27.72258186340332
20.714513778686523
25.58793830871582
45.063289642333984
25.244586944580078
29.84419059753418
11.484121322631836
18.98881721496582
31.959598541259766
54.8630485534668
49.35086441040039
28.971128463745117
55.62855911254883
25.625036239624023
55.06840133666992
6.699493885040283
17.416807174682617
48.35248947143555
30.627559661865234
46.156620025634766
35.20649719238281
31.47296142578125
29.16680335998535
40.34503936767578
42.78860855102539
42.46458053588867
6.311375617980957
47.30768966674805
40.09391403198242
27.197359085083008
11.038496017456055
23.775854110717773
21.205081939697266
35.66827392578125
20.950014114379883
20.355504989624023
24.330408096313477
11.85053539276123
14.92888069152832
35.46513366699219
15.097474098205566
30.986074447631836
47.53476333618164
20.437644958496094
49.706295013427734
16.07229232788086
48.32617950439453
16.28538703918457
4.920776844024658
15.945329666137695
14.217391967773438
34.619384765625
25.122026443481445
47.551292419433594
43.94417953491211
19.99832534790039
45.713741302490234
32.59523010253906
70.7061996459961
52.587310791015625
29.19155502319336
30.956830978393555
27.88478660583496
38.775421142578125
20.667781829833984
13.256948471069336
60.93310546875
24.470386505126953
40.19392395019531
18.665647506713867
24.49530601501465
23.051475524902344
32.1449089050293
31.704975128173828
41.06538009643555
48.8381462097168
25.272432327270508
39.438236236572266
40.395263671875
34.903900146484375
32.76504898071289
34.576934814453125
17.62591552734375
28.84449577331543
19.633703231811523
5.980195045471191
27.666810989379883
23.718650817871094
25.181045532226562
23.368932723999023
24.522249221801758
65.48307800292969
30.96661949157715
47.01858901977539
13.270337104797363
32.80862045288086
33.424339294433594
39.48798751831055
22.043970108032227
22.049272537231445
23.254955291748047
23.677330017089844
19.70696449279785
51.170440673828125
23.902448654174805
23.328035354614258
36.916141510009766
36.77247619628906
33.368595123291016
23.759790420532227
22.555301666259766
37.461692810058594
41.14039993286133
34.046268463134766
30.38825225830078
43.23720169067383
9.518651962280273
21.89141273498535
26.834117889404297
30.489276885986328
26.343765258789062
33.5161247253418
30.13050651550293
28.045530319213867
20.315324783325195
34.37544631958008
31.887775421142578
39.880653381347656
19.689598083496094
21.32790184020996
26.383581161499023
5.482484340667725
37.935943603515625
10.996416091918945
5.66711950302124
12.841339111328125
14.296984672546387
31.583179473876953
33.545169830322266
44.141136169433594
30.661941528320312
23.044401168823242
41.09421920776367
4.488586902618408
18.852766036987305
49.37752151489258
5.126452922821045
25.53963851928711
23.482511520385742
44.1229248046875
46.5855712890625
16.10088348388672
8.049598693847656
26.01275062561035
30.27360725402832
28.13449478149414
31.832412719726562
38.71635437011719
25.509254455566406
28.867307662963867
26.664321899414062
30.480937957763672
39.7000846862793
31.700681686401367
23.75160789489746
54.775169372558594
53.04097366333008
42.18406295776367
27.880754470825195
40.94491958618164
34.547515869140625
20.19333839416504
19.834766387939453
39.57426452636719
48.955650329589844
26.203603744506836
30.348041534423828
15.146356582641602
23.891399383544922
26.491596221923828
10.9783296585083
27.340221405029297
55.87013626098633
24.57451057434082
46.84193420410156
24.020095825195312
35.66655731201172
33.34968566894531
31.643400192260742
39.589332580566406
31.772035598754883
29.594335556030273
41.56013488769531
22.41226577758789
15.987411499023438
22.297283172607422
30.072351455688477
17.3872013092041
28.916784286499023
27.61725425720215
44.63408660888672
15.090853691101074
13.540486335754395
16.61933708190918
36.886688232421875
20.442962646484375
40.314422607421875
15.591224670410156
41.457035064697266
31.53382682800293
30.202272415161133
14.387089729309082
49.22842025756836
26.94732666015625
31.332904815673828
20.2886905670166
21.612197875976562
42.77610397338867
24.750778198242188
56.309967041015625
34.77882766723633
18.011520385742188
17.752649307250977
26.72809410095215
33.67317581176758
23.596643447875977
31.327360153198242
36.77263259887695
22.751081466674805
35.379783630371094
22.81996726989746
36.42747497558594
29.161174774169922
24.94508934020996
35.46438217163086
29.568323135375977
14.062906265258789
53.89936065673828
4.649186611175537
55.71690368652344
29.241357803344727
30.24228286743164
53.85357666015625
13.136765480041504
33.70631408691406
68.69695281982422
16.115442276000977
31.339555740356445
17.278656005859375
36.9471549987793
38.564456939697266
39.7254638671875
18.92180061340332
55.12729263305664
25.520109176635742
16.318687438964844
41.37749099731445
27.47511863708496
29.7149658203125
29.779569625854492
24.96026039123535
24.86960220336914
42.716854095458984
24.258939743041992
37.3851318359375
18.765268325805664
32.61239242553711
27.30425262451172
31.626361846923828
22.153400421142578
11.285079002380371
21.311843872070312
27.396564483642578
27.169286727905273
23.773324966430664
43.25579071044922
53.41063690185547
20.284095764160156
29.893962860107422
33.003021240234375
13.215785026550293
53.53703689575195
10.639731407165527
15.304418563842773
26.57949447631836
13.039634704589844
3.8182783126831055
51.50508117675781
19.762958526611328
35.39335632324219
32.43677520751953
11.681304931640625
27.112648010253906
11.061227798461914
20.15983009338379
23.172082901000977
29.563758850097656
27.04608154296875
34.42594909667969
38.29631042480469
17.82819938659668
23.88093376159668
27.37026023864746
27.738035202026367
31.540943145751953
25.241056442260742
30.076976776123047
13.761484146118164
12.144479751586914
26.51628875732422
27.64607048034668
18.524381637573242
26.434551239013672
45.744773864746094
37.65353012084961
36.63875961303711
44.4890251159668
45.351905822753906
5.7658915519714355
33.58872604370117
27.78778648376465
11.808581352233887
33.24807357788086
14.2818603515625
16.49034309387207
39.83108139038086
41.92152786254883
32.9648323059082
44.45397186279297
53.62326431274414
21.04836654663086
28.76949119567871
36.39419937133789
27.460525512695312
18.302236557006836
14.762617111206055
25.61098289489746
29.476177215576172
35.95565414428711
23.94468116760254
18.43283462524414
46.53669738769531
23.11039924621582
35.97903823852539
35.18804931640625
30.665287017822266
29.50954818725586
36.7100715637207
27.452714920043945
11.968457221984863
17.585895538330078
38.19248580932617
21.80183219909668
21.849679946899414
25.115081787109375
23.820873260498047
16.945085525512695
28.569385528564453
46.291969299316406
27.454618453979492
28.86273193359375
6.552295207977295
34.659339904785156
28.964479446411133
39.11760711669922
21.20962905883789
17.634681701660156
16.8347110748291
27.408727645874023
6.483095169067383
35.5998649597168
49.51243209838867
18.720355987548828
32.296241760253906
19.308509826660156
23.633390426635742
28.28251075744629
31.546796798706055
19.232980728149414
26.986440658569336
9.926671028137207
18.39108657836914
12.704174995422363
18.812406539916992
36.54069519042969
23.771484375
26.555978775024414
26.912683486938477
23.90272331237793
33.76528549194336
36.134033203125
23.778345108032227
40.71923828125
22.291927337646484
31.53409767150879
15.251404762268066
15.678372383117676
40.77198028564453
34.60234832763672
41.19253158569336
25.575273513793945
32.52659606933594
32.900638580322266
43.355228424072266
48.36603546142578
20.76938819885254
29.299861907958984
24.03392219543457
35.13683319091797
11.6914644241333
25.44267463684082
32.6217041015625
20.915973663330078
34.16545867919922
26.177001953125
33.97065353393555
24.856225967407227
28.649723052978516
28.196474075317383
26.780324935913086
40.56670379638672
37.2788200378418
18.805015563964844
28.06707191467285
19.745969772338867
24.85728645324707
19.366512298583984
32.27989959716797
27.133010864257812
36.02294158935547
15.575568199157715
46.0619010925293
20.373414993286133
21.184284210205078
31.16266441345215
16.788116455078125
38.113277435302734
24.680097579956055
39.00933837890625
39.03493118286133
27.896133422851562
49.16464614868164
19.054161071777344
15.838081359863281
24.65241813659668
28.282245635986328
8.815179824829102
46.677608489990234
34.35707473754883
10.190390586853027
26.306764602661133
31.59579086303711
37.24859619140625
56.654014587402344
21.15890121459961
25.82184410095215
23.782419204711914
28.800045013427734
38.59073257446289
15.243042945861816
26.967639923095703
34.07053756713867
10.5059175491333
18.05539321899414
30.550607681274414
30.457170486450195
22.51704216003418
27.298519134521484
38.82780456542969
23.7451229095459
6.216509819030762
35.679039001464844
27.373737335205078
15.097606658935547
21.04689598083496
26.182844161987305
19.30750274658203
42.941612243652344
18.776004791259766
41.46721267700195
21.729021072387695
38.773170471191406
32.98862838745117
40.851051330566406
41.187320709228516
36.7056770324707
36.17200469970703
41.8342170715332
23.02083396911621
13.146768569946289
27.792741775512695
30.00075912475586
56.404510498046875
36.405208587646484
38.431243896484375
19.55718231201172
34.25044250488281
47.965755462646484
22.627735137939453
8.447206497192383
29.594959259033203
13.847036361694336
18.453224182128906
18.85126495361328
9.855494499206543
35.44038009643555
30.9727725982666
24.96169090270996
28.098459243774414
16.62278938293457
46.11492919921875
36.59246063232422
22.030418395996094
16.097227096557617
37.585811614990234
13.004236221313477
36.500370025634766
56.18439483642578
18.73550796508789
25.309263229370117
31.675424575805664
39.02666473388672
32.889976501464844
58.31160354614258
16.61902618408203
32.61656188964844
24.984214782714844
33.330116271972656
17.61054801940918
22.66014289855957
24.055105209350586
45.183860778808594
24.736610412597656
40.100494384765625
40.97511291503906
16.850448608398438
29.993427276611328
23.108896255493164
20.500686645507812
20.478654861450195
26.444244384765625
37.2322998046875
10.160012245178223
24.584951400756836
24.9123477935791
27.51390838623047
26.129066467285156
23.276968002319336
48.202552795410156
35.66893005371094
32.15644454956055
30.759178161621094
24.314895629882812
35.00169372558594
32.514915466308594
15.269586563110352
22.206531524658203
26.30970001220703
23.251346588134766
17.986421585083008
40.22342300415039
24.129711151123047
21.605560302734375
30.303943634033203
34.56893539428711
34.72777557373047
28.523452758789062
48.42284393310547
44.120269775390625
23.916067123413086
31.21156120300293
30.70166778564453
34.92097473144531
16.717836380004883
14.651239395141602
21.055349349975586
21.20269203186035
41.07347869873047
20.798307418823242
40.96580505371094
32.865787506103516
18.268949508666992
30.189077377319336
42.41133117675781
23.36219024658203
38.019630432128906
25.738422393798828
19.049877166748047
14.056685447692871
30.691301345825195
41.75788497924805
24.10099220275879
33.88616943359375
8.500327110290527
41.668235778808594
57.42979431152344
31.296154022216797
23.881860733032227
36.70823669433594
28.162832260131836
14.608832359313965
19.15316390991211
17.421512603759766
52.23028564453125
23.675464630126953
41.87308120727539
29.476943969726562
13.408625602722168
39.77365493774414
33.50285339355469
33.441001892089844
13.899789810180664
23.313318252563477
32.31280517578125
41.126102447509766
41.376365661621094
19.862537384033203
40.22420120239258
50.28910827636719
27.00872039794922
29.936851501464844
54.22684097290039
29.2556209564209
33.451683044433594
33.712833404541016
46.91762161254883
41.126590728759766
23.15325927734375
11.043534278869629
31.445011138916016
43.70703125
36.659889221191406
38.802268981933594
10.4208345413208
44.0597038269043
30.36179542541504
47.473915100097656
8.553682327270508
41.620582580566406
37.026981353759766
22.973052978515625
31.78779411315918
39.00921630859375
41.451019287109375
17.418132781982422
43.70448684692383
38.778934478759766
28.899669647216797
34.10861587524414
31.380802154541016
13.23569107055664
36.880096435546875
32.26604080200195
39.087669372558594
34.94086456298828
23.58989906311035
32.9172477722168
28.2573184967041
16.584665298461914
27.220304489135742
41.31239318847656
53.68339538574219
36.148929595947266
43.83577346801758
23.159828186035156
34.796607971191406
28.762779235839844
25.589771270751953
21.649520874023438
17.894792556762695
53.008331298828125
23.71795654296875
7.787700176239014
28.394378662109375
17.559473037719727
20.14548110961914
11.320365905761719
38.890743255615234
32.69288635253906
29.205738067626953
19.899484634399414
31.173921585083008
12.49349308013916
32.2650032043457
25.519508361816406
24.54048728942871
14.495828628540039
44.34532928466797
5.40093469619751
39.96881866455078
32.97652816772461
11.712228775024414
22.10542869567871
34.39320373535156
48.76388168334961
14.578269958496094
19.070476531982422
37.9639778137207
55.46931076049805
17.21888542175293
19.19514274597168
47.2687873840332
37.91605758666992
33.68931579589844
42.7998046875
18.09618377685547
33.9012451171875
24.719463348388672
26.763328552246094
27.488983154296875
21.787399291992188
45.825965881347656
24.192262649536133
35.59321212768555
38.036869049072266
32.86576843261719
28.499370574951172
16.895240783691406
23.964460372924805
18.482494354248047
15.263141632080078
25.158601760864258
24.128406524658203
31.691579818725586
38.53974914550781
27.802282333374023
25.808313369750977
20.166654586791992
23.649250030517578
15.735651016235352
35.25313949584961
25.58318328857422
23.800199508666992
18.80974006652832
40.39524841308594
28.950693130493164
33.50179672241211
20.833160400390625
15.767698287963867
30.023218154907227
46.43991470336914
26.24203109741211
26.72644805908203
23.854232788085938
30.21603775024414
28.9910888671875
39.839752197265625
39.13571548461914
34.4570198059082
37.77201843261719
25.467626571655273
11.410602569580078
34.53815460205078
35.80248260498047
27.09957504272461
27.36331558227539
26.124670028686523
21.764476776123047
35.02292251586914
25.546892166137695
50.395835876464844
38.558292388916016
55.747772216796875
29.864540100097656
34.8033332824707
33.95395278930664
24.09796142578125
21.249460220336914
30.849445343017578
22.86572265625
18.892173767089844
29.15195655822754
31.398189544677734
32.08332061767578
26.009841918945312
42.93620300292969
18.297510147094727
4.429279327392578
47.427162170410156
42.76298904418945
35.72559356689453
13.797136306762695
41.02078628540039
11.193106651306152
45.250667572021484
10.097023010253906
33.49641036987305
32.4050407409668
15.335272789001465
19.300695419311523
59.302947998046875
20.211219787597656
40.31547546386719
52.76984786987305
24.61467933654785
41.355567932128906
14.643199920654297
14.50732707977295
25.14057159423828
25.54676055908203
19.13089942932129
31.42687225341797
33.57720947265625
32.52499008178711
41.81806945800781
23.79993438720703
50.818729400634766
22.952659606933594
49.914642333984375
48.04108810424805
43.6873779296875
27.43715476989746
19.349464416503906
15.324687004089355
39.06575012207031
32.55343246459961
33.8256950378418
32.70236587524414
46.64886474609375
28.852375030517578
28.039913177490234
38.549766540527344
35.261322021484375
37.20320510864258
41.214107513427734
43.3624267578125
3.250506639480591
16.740596771240234
16.504972457885742
45.61549377441406
17.757221221923828
21.522764205932617
21.87183380126953
19.284709930419922
12.957648277282715
37.28346633911133
55.645790100097656
37.799442291259766
19.929502487182617
48.659202575683594
6.508859157562256
33.238670349121094
25.768857955932617
29.45989418029785
35.66443634033203
39.44573211669922
23.800600051879883
24.193218231201172
55.51933670043945
33.6114501953125
30.68680191040039
11.493084907531738
25.535865783691406
15.378220558166504
28.181602478027344
46.946529388427734
7.974343776702881
24.91888427734375
22.59037971496582
23.11456298828125
37.13192367553711
20.939302444458008
40.07335662841797
20.805301666259766
28.479684829711914
38.83220672607422
7.359140872955322
28.347360610961914
33.27168273925781
35.25890350341797
43.98249435424805
38.94312286376953
30.10013771057129
38.46501922607422
38.17447280883789
21.373046875
17.1886043548584
23.33057975769043
27.19887351989746
31.96731185913086
25.70961570739746
39.962379455566406
32.16176986694336
15.475422859191895
43.43416213989258
16.27050018310547
1.8490512371063232
27.63483238220215
18.723644256591797
29.16318702697754
29.73872184753418
25.706558227539062
9.575066566467285
43.22420883178711
43.9606819152832
43.37396240234375
41.908267974853516
12.352592468261719
43.453155517578125
15.970413208007812
28.11711883544922
41.06803512573242
18.383094787597656
28.914953231811523
59.44269561767578
23.189678192138672
33.30026626586914
28.538850784301758
45.14885330200195
20.3264102935791
35.796722412109375
36.5396728515625
27.57745933532715
40.57243728637695
15.154762268066406
23.024545669555664
50.24754333496094
19.63027000427246
46.37980651855469
28.32440185546875
15.16177749633789
35.40858840942383
32.050533294677734
52.8171272277832
19.290008544921875
24.626197814941406
27.828899383544922
21.348228454589844
11.618843078613281
43.14046096801758
34.05307388305664
48.019351959228516
29.996423721313477
25.32706069946289
30.503721237182617
19.74372100830078
36.27451705932617
42.11302185058594
27.231544494628906
28.068649291992188
27.844249725341797
28.970218658447266
66.37006378173828
46.08473205566406
25.54146957397461
35.047386169433594
22.194679260253906
6.817083835601807
50.94465637207031
11.572489738464355
20.14767837524414
17.49887466430664
38.74177932739258
48.02609634399414
34.334903717041016
13.231026649475098
39.9352912902832
34.68220520019531
17.774005889892578
37.01670837402344
25.17509651184082
38.7028923034668
34.86460876464844
17.716880798339844
32.07876968383789
43.59341812133789
8.854259490966797
11.762789726257324
40.42283248901367
51.456722259521484
52.50554275512695
32.519256591796875
31.23600959777832
32.1494026184082
41.177547454833984
41.64093780517578
7.152012825012207
29.620325088500977
37.723751068115234
19.348169326782227
42.882564544677734
24.928485870361328
23.888784408569336
29.692018508911133
54.82674789428711
31.684978485107422
43.80329513549805
17.158849716186523
44.67915725708008
25.59682846069336
39.31595993041992
25.635080337524414
41.884700775146484
42.058345794677734
27.53620147705078
37.61531066894531
25.783823013305664
41.51167678833008
25.71651840209961
21.57884407043457
44.87754821777344
31.570632934570312
40.97972106933594
33.18741226196289
27.609403610229492
26.57452392578125
32.798667907714844
36.866981506347656
48.89094161987305
25.94993782043457
18.294448852539062
34.42268753051758
48.10859298706055
16.385393142700195
41.59750747680664
20.6501522064209
21.70656967163086
31.44125747680664
30.82486343383789
16.136354446411133
19.1038875579834
34.0273551940918
42.42947769165039
28.7214412689209
29.79850196838379
24.4034423828125
48.70875549316406
32.43295669555664
25.32911491394043
41.124855041503906
46.470462799072266
32.06052780151367
28.253023147583008
24.79189682006836
21.016284942626953
23.558462142944336
20.96513557434082
22.437984466552734
25.972000122070312
55.84384536743164
31.952430725097656
35.31843948364258
23.849342346191406
29.82891273498535
36.334774017333984
27.41411590576172
25.066158294677734
23.94812774658203
34.68742752075195
30.992177963256836
33.27139663696289
34.920352935791016
49.841121673583984
20.97895050048828
33.91318130493164
19.012540817260742
42.08827590942383
24.705135345458984
30.36064338684082
48.534175872802734
33.342899322509766
38.372379302978516
25.63533592224121
36.70796585083008
35.95970916748047
38.90117645263672
28.7348575592041
23.74480628967285
17.890718460083008
39.524864196777344
45.69725036621094
35.73582458496094
32.58704376220703
27.890819549560547
25.58702850341797
19.237045288085938
38.72181701660156
23.01502799987793
37.37253952026367
42.65294647216797
34.90223693847656
8.390953063964844
61.47370529174805
24.334882736206055
15.277914047241211
31.737228393554688
32.419612884521484
43.410911560058594
22.861841201782227
45.09247589111328
29.295028686523438
29.68159294128418
28.23661231994629
27.138277053833008
9.684821128845215
21.582353591918945
40.41911697387695
6.94411039352417
51.49541091918945
29.32468605041504
28.090450286865234
24.928823471069336
29.683555603027344
29.638587951660156
14.907367706298828
20.189897537231445
29.993616104125977
43.70977020263672
24.168806076049805
14.089631080627441
38.70917892456055
24.588024139404297
50.12368392944336
25.287078857421875
16.85834503173828
22.980253219604492
6.059945106506348
29.811044692993164
23.515207290649414
26.627464294433594
25.10384750366211
29.46234893798828
18.30474281311035
37.93199157714844
17.93597984313965
16.63520050048828
17.468976974487305
11.973348617553711
46.062110900878906
25.60587501525879
35.32550811767578
4.142735958099365
23.832670211791992
39.25876235961914
24.646169662475586
18.994646072387695
24.789350509643555
31.641807556152344
70.93002319335938
17.98263931274414
36.794891357421875
30.16471290588379
22.190032958984375
34.485206604003906
41.32825469970703
28.36966896057129
28.100589752197266
29.632169723510742
20.95917320251465
15.467535972595215
47.738162994384766
23.481382369995117
23.169706344604492
36.189353942871094
17.354671478271484
23.199724197387695
44.03964614868164
37.11152267456055
29.586172103881836
42.938720703125
22.630163192749023
54.23605728149414
9.023005485534668
28.394332885742188
18.690589904785156
23.904075622558594
33.62384796142578
30.17584800720215
35.81201934814453
48.850990295410156
14.102076530456543
26.450590133666992
25.168107986450195
33.94831466674805
48.944766998291016
33.52274703979492
16.517757415771484
45.50672912597656
22.67702293395996
32.1439208984375
30.533071517944336
37.03343963623047
36.67000198364258
24.900474548339844
18.763273239135742
42.026695251464844
31.54928970336914
23.343843460083008
31.63241958618164
17.175661087036133
26.219131469726562
40.292816162109375
42.10725402832031
15.194806098937988
14.34736442565918
47.47500991821289
34.80738067626953
40.825748443603516
23.303783416748047
11.682302474975586
31.19297218322754
43.70096969604492
29.948955535888672
49.36369323730469
28.537948608398438
24.131187438964844
39.44710922241211
21.696182250976562
8.987417221069336
37.73588943481445
24.71042823791504
40.64794158935547
29.608539581298828
23.831512451171875
17.963966369628906
31.604108810424805
22.960826873779297
29.40280532836914
17.36813735961914
24.863880157470703
27.925537109375
19.801986694335938
21.754154205322266
20.033166885375977
21.027734756469727
26.748001098632812
17.733549118041992
18.242923736572266
20.8144474029541
41.240501403808594
26.81305503845215
20.323673248291016
63.906883239746094
15.946131706237793
9.666793823242188
40.071815490722656
18.268943786621094
33.24791717529297
9.940572738647461
26.896610260009766
14.574962615966797
27.750825881958008
54.469356536865234
54.333900451660156
29.16632080078125
26.818706512451172
51.7372932434082
53.2087516784668
38.921165466308594
37.352821350097656
46.95458221435547
14.458127975463867
30.390552520751953
30.011531829833984
44.95510482788086
24.959192276000977
10.322595596313477
29.63442611694336
31.76483726501465
39.21091842651367
18.872371673583984
33.51886749267578
31.87549591064453
39.72196578979492
25.69464683532715
22.06363296508789
36.87157440185547
25.461721420288086
59.15139389038086
37.88010787963867
16.87300682067871
41.93806076049805
25.340070724487305
22.066104888916016
20.73383331298828
12.424327850341797
32.58857345581055
28.694379806518555
25.08407211303711
20.162609100341797
42.323829650878906
13.055054664611816
33.93708801269531
12.877630233764648
48.88246536254883
24.9288330078125
38.90550994873047
22.689361572265625
21.347248077392578
41.77645492553711
36.90578842163086
47.06840515136719
40.302188873291016
22.18660545349121
28.060152053833008
34.49001693725586
22.19391441345215
26.112703323364258
34.891971588134766
32.10274124145508
36.94131088256836
40.015830993652344
23.03142547607422
28.895845413208008
17.926450729370117
31.08902931213379
19.156152725219727
46.75069808959961
37.39252471923828
49.184818267822266
38.33985137939453
26.99852752685547
42.578346252441406
14.226286888122559
15.879541397094727
18.458938598632812
33.54423904418945
21.79035758972168
54.563289642333984
19.333133697509766
32.4400520324707
17.93505859375
63.866554260253906
62.1875114440918
28.475645065307617
43.885101318359375
28.85538673400879
13.377293586730957
39.19826126098633
16.336336135864258
29.016111373901367
21.16270637512207
48.47893524169922
9.772154808044434
19.04830551147461
50.761051177978516
35.55847930908203
32.080047607421875
26.400537490844727
43.25799560546875
41.287986755371094
19.704816818237305
20.357553482055664
24.701833724975586
19.59442710876465
47.06546401977539
25.793729782104492
32.20975875854492
34.05882263183594
21.259593963623047
50.71364974975586
56.6402702331543
30.75953483581543
32.56018829345703
15.507448196411133
15.277280807495117
33.88470458984375
21.768503189086914
15.367304801940918
15.936971664428711
32.410400390625
5.300573825836182
43.371368408203125
45.354469299316406
43.385398864746094
30.06246566772461
20.09980010986328
38.939517974853516
35.67993927001953
20.89249610900879
38.59233856201172
37.332279205322266
22.71228790283203
28.940731048583984
18.332963943481445
16.12574005126953
29.4016056060791
31.954809188842773
27.333208084106445
9.239641189575195
6.900135517120361
49.1366081237793
41.39138412475586
16.708635330200195
14.972329139709473
9.873228073120117
24.834373474121094
20.238666534423828
25.27410888671875
31.017383575439453
14.274964332580566
24.155210494995117
27.71440315246582
26.720264434814453
37.8643798828125
33.198997497558594
29.43292999267578
35.87017059326172
35.01223373413086
23.441181182861328
22.839834213256836
29.36392593383789
46.94373321533203
28.144500732421875
36.02186965942383
13.698390007019043
9.191681861877441
33.004478454589844
33.17916488647461
13.108794212341309
23.751245498657227
39.06549072265625
15.033222198486328
34.40378952026367
31.530494689941406
19.60870933532715
22.023025512695312
8.249648094177246
37.50079345703125
44.64502716064453
18.91206169128418
61.473567962646484
35.97891616821289
33.9951057434082
33.29582595825195
17.47422981262207
18.220094680786133
26.792831420898438
53.18968200683594
37.90683364868164
30.145404815673828
40.14022445678711
29.226572036743164
64.07292175292969
19.212814331054688
25.049800872802734
18.44060516357422
39.755123138427734
26.211978912353516
46.1142578125
23.05243492126465
36.11037063598633
24.149656295776367
31.034677505493164
31.504859924316406
18.28363037109375
18.05890655517578
34.7579460144043
22.079458236694336
29.15264129638672
26.86280632019043
42.166263580322266
26.341522216796875
36.509300231933594
37.736576080322266
22.629384994506836
30.786828994750977
26.572628021240234
40.98994827270508
53.159461975097656
16.925283432006836
40.05612564086914
38.692169189453125
18.998437881469727
19.88471794128418
26.284761428833008
25.56446075439453
11.235146522521973
33.91783905029297
13.827704429626465
19.928417205810547
20.588869094848633
24.649742126464844
34.02735137939453
14.162113189697266
38.67045593261719
14.11157512664795
41.163902282714844
30.352359771728516
32.577186584472656
31.368099212646484
47.273860931396484
24.588153839111328
31.482826232910156
22.828638076782227
40.52731704711914
25.585952758789062
29.590417861938477
48.14734649658203
54.77101135253906
27.197681427001953
48.03775405883789
9.122386932373047
46.92232894897461
25.58331298828125
40.08425521850586
34.23664093017578
22.830774307250977
54.28847122192383
38.92264938354492
31.590126037597656
36.484214782714844
55.319515228271484
38.28268814086914
30.16452980041504
47.87960433959961
40.46036148071289
39.460086822509766
49.62873458862305
27.695083618164062
16.338207244873047
24.048507690429688
20.077190399169922
36.13103485107422
35.318809509277344
23.13028335571289
20.51150894165039
6.281771183013916
23.31305503845215
27.421897888183594
34.948036193847656
20.850648880004883
19.373132705688477
20.2154483795166
27.05455207824707
20.388500213623047
19.093433380126953
14.335419654846191
45.58143615722656
36.32041931152344
18.37983512878418
20.743377685546875
24.666501998901367
39.86214065551758
38.16548156738281
24.735919952392578
31.957178115844727
42.06690979003906
22.94219398498535
25.13559341430664
17.89347267150879
55.806243896484375
30.29592514038086
29.982757568359375
31.660398483276367
26.382545471191406
40.43607711791992
19.453205108642578
39.78957748413086
35.80392837524414
31.828081130981445
57.55031204223633
21.007312774658203
42.70840835571289
18.009248733520508
40.89169692993164
35.61642837524414
5.641689300537109
41.602630615234375
30.29317283630371
39.57786178588867
28.766637802124023
30.42685890197754
33.22966003417969
24.328258514404297
23.179346084594727
34.721099853515625
40.160186767578125
25.202482223510742
30.174409866333008
24.122148513793945
55.66654586791992
27.933536529541016
29.71255874633789
25.174327850341797
52.145050048828125
39.45022964477539
12.92969799041748
19.96690559387207
41.182830810546875
23.772363662719727
22.770376205444336
16.320615768432617
25.88697052001953
22.363948822021484
27.346038818359375
25.669281005859375
13.099237442016602
32.597103118896484
19.418197631835938
44.620872497558594
11.957889556884766
24.63058090209961
21.77978515625
30.303611755371094
54.1329460144043
31.917478561401367
28.307090759277344
26.182022094726562
15.944684028625488
40.047454833984375
27.976707458496094
32.10275650024414
18.082462310791016
23.29409408569336
35.59986877441406
31.267566680908203
18.24797248840332
29.892330169677734
40.90536117553711
43.4572868347168
22.063730239868164
27.747426986694336
34.68674087524414
30.723285675048828
40.28610610961914
27.969356536865234
42.8632926940918
16.89486312866211
46.53430938720703
46.12733459472656
28.64085578918457
33.5753173828125
41.798095703125
15.208536148071289
26.178882598876953
46.165496826171875
14.790489196777344
19.690149307250977
17.182241439819336
23.284482955932617
43.602142333984375
7.073338985443115
27.040185928344727
28.35712432861328
30.511608123779297
44.28892517089844
53.37449264526367
28.612712860107422
25.310823440551758
10.635272026062012
31.847640991210938
27.21148109436035
34.571510314941406
25.182016372680664
15.33554458618164
17.912471771240234
51.95115661621094
22.54509735107422
40.039920806884766
16.72406005859375
22.404773712158203
19.72032928466797
35.21114730834961
28.589336395263672
30.273971557617188
25.19391441345215
38.848934173583984
24.10666847229004
22.127845764160156
41.26195526123047
18.714908599853516
30.871692657470703
27.705429077148438
35.301063537597656
46.29711151123047
32.0767707824707
16.48362922668457
26.397117614746094
28.38578224182129
32.66184997558594
32.69688034057617
32.08269119262695
28.75632667541504
44.448974609375
37.170841217041016
59.3115119934082
40.961509704589844
39.168670654296875
53.13850402832031
48.67218780517578
14.804390907287598
31.49907112121582
24.549903869628906
39.70639419555664
36.14377212524414
46.035423278808594
29.96828842163086
21.93022918701172
22.32720947265625
35.55964660644531
19.28173065185547
28.925857543945312
15.109102249145508
35.53165817260742
39.799774169921875
19.344263076782227
43.78099822998047
27.338634490966797
26.85149383544922
17.347251892089844
15.320258140563965
