107.95234680175781
71.92305755615234
36.668087005615234
81.05966186523438
48.24588394165039
56.260826110839844
53.59247970581055
52.34934616088867
69.3563232421875
57.619140625
85.01052856445312
60.73112869262695
46.70266342163086
58.51567459106445
65.26199340820312
73.14510345458984
44.37755584716797
48.28311538696289
93.79397583007812
62.29130935668945
71.24612426757812
76.72723388671875
63.67400360107422
74.78882598876953
50.41501998901367
68.4330062866211
85.43574523925781
52.36470031738281
63.942955017089844
83.68090057373047
58.68791961669922
74.77816772460938
77.79594421386719
67.65149688720703
72.98787689208984
58.992183685302734
76.30186462402344
84.72081756591797
79.05834197998047
47.89535140991211
86.38133239746094
31.139068603515625
70.08409118652344
22.20136070251465
82.1978759765625
67.76869201660156
46.26166534423828
57.1937370300293
55.40752410888672
105.07418823242188
79.11115264892578
29.831085205078125
59.92251968383789
59.91131591796875
65.29586029052734
89.36178588867188
71.72233581542969
43.97996139526367
40.95067596435547
77.80545806884766
81.05136108398438
62.35183334350586
109.33029174804688
30.99127960205078
69.91295623779297
68.36381530761719
60.46585464477539
85.64622497558594
49.135066986083984
64.68247985839844
69.45939636230469
82.88277435302734
35.151145935058594
87.1846694946289
44.223243713378906
60.21385955810547
69.39451599121094
81.24231719970703
63.030696868896484
68.47520446777344
57.82411575317383
68.2949447631836
83.09514617919922
56.41921615600586
48.598628997802734
64.68354797363281
77.24685668945312
84.96339416503906
54.83502960205078
49.96348571777344
57.17133331298828
89.86054992675781
66.0915298461914
79.91588592529297
78.53279876708984
75.4822998046875
58.71217346191406
73.5885238647461
81.2972640991211
38.88706970214844
70.76905822753906
63.62198257446289
75.03227233886719
85.9113998413086
72.98406982421875
53.75012969970703
80.47139739990234
59.855979919433594
53.5158576965332
42.91139221191406
65.90037536621094
42.580810546875
47.690208435058594
43.81357955932617
84.02151489257812
66.09062194824219
74.19347381591797
81.47655487060547
84.05851745605469
103.8952865600586
62.31640625
80.24333190917969
42.825721740722656
104.85833740234375
60.91290283203125
78.9942855834961
56.342010498046875
78.25555419921875
53.939273834228516
54.76112365722656
57.803104400634766
76.82550811767578
65.313720703125
56.80384826660156
62.15880584716797
105.14561462402344
90.82283020019531
48.70305633544922
38.90602111816406
22.43485450744629
82.61940002441406
52.04994583129883
71.29936981201172
69.24122619628906
74.71391296386719
58.518890380859375
53.99710464477539
29.289701461791992
60.4868278503418
91.65899658203125
81.32788848876953
62.58564376831055
60.861106872558594
76.08822631835938
86.87547302246094
58.78415298461914
51.55402755737305
53.653709411621094
54.358978271484375
65.50206756591797
91.30014038085938
69.0815200805664
80.08908081054688
73.43307495117188
38.22430419921875
50.75690460205078
34.71196365356445
67.08771514892578
55.79527282714844
37.265785217285156
61.79703140258789
78.22906494140625
37.028995513916016
83.32994842529297
57.03471374511719
77.4222183227539
82.26757049560547
68.44720458984375
80.8115463256836
58.39346694946289
105.77481079101562
65.16996765136719
78.73921203613281
55.91240310668945
83.59406280517578
37.78379821777344
69.325439453125
38.9596061706543
48.55101013183594
84.29869842529297
55.457313537597656
43.02657699584961
82.70758056640625
96.1783447265625
58.19827651977539
27.27105712890625
73.77963256835938
67.44065856933594
27.658201217651367
67.55042266845703
57.94004440307617
59.76533889770508
76.06622314453125
66.73690795898438
101.13994598388672
35.009910583496094
83.62043762207031
98.78606414794922
93.02649688720703
66.39921569824219
75.29014587402344
70.78218841552734
77.9380874633789
38.827354431152344
69.92778015136719
49.38463592529297
63.75557327270508
77.50003814697266
59.71486282348633
72.95035552978516
37.0498046875
41.952781677246094
75.99283599853516
66.89747619628906
55.75993347167969
100.05482482910156
64.45394134521484
69.04439544677734
98.62726593017578
49.41156005859375
43.62058639526367
72.7826919555664
92.6882553100586
50.07186508178711
87.63314819335938
37.51038360595703
78.60997772216797
69.81700897216797
63.63605499267578
52.405635833740234
41.75300979614258
53.88996505737305
66.88040161132812
41.658470153808594
54.316837310791016
46.617767333984375
87.08597564697266
61.31892013549805
74.39859008789062
62.38824462890625
87.86002349853516
49.09716033935547
63.71709442138672
75.69789123535156
80.41397857666016
59.99211120605469
66.12932586669922
41.28569793701172
72.09415435791016
16.608409881591797
91.93183135986328
61.21077346801758
61.04164505004883
45.135704040527344
75.47686004638672
59.531005859375
88.37258911132812
57.189918518066406
55.60533905029297
75.2840576171875
60.139225006103516
36.7838249206543
64.27672576904297
40.9797477722168
58.03647232055664
117.22553253173828
59.191192626953125
32.75736618041992
71.79965209960938
60.891475677490234
68.55227661132812
62.860313415527344
93.0415267944336
69.73371887207031
72.508544921875
83.0003662109375
67.94478607177734
102.36707305908203
76.24769592285156
75.79953002929688
41.85239791870117
56.97391128540039
96.35327911376953
44.449790954589844
75.6092529296875
81.66381072998047
56.22983169555664
56.831851959228516
45.29717254638672
57.53605270385742
66.15701293945312
63.822303771972656
76.72929382324219
64.9815673828125
53.591121673583984
77.59602355957031
53.28599548339844
75.12639617919922
58.999725341796875
43.02782440185547
43.192840576171875
30.909955978393555
57.73306655883789
93.52676391601562
112.22600555419922
63.74571990966797
52.75447463989258
39.219696044921875
54.4206657409668
63.93905258178711
95.62783813476562
88.678955078125
72.1823959350586
54.18153762817383
46.932861328125
50.26144027709961
65.86735534667969
67.05485534667969
60.71952438354492
66.78751373291016
52.6455192565918
57.69029235839844
52.61840057373047
59.08258056640625
59.015472412109375
71.6619873046875
84.67338562011719
69.00698852539062
64.7537612915039
79.1631088256836
116.50032043457031
82.3335189819336
27.662450790405273
62.60270309448242
55.021915435791016
99.65467834472656
77.14572143554688
73.39884185791016
50.645530700683594
82.61150360107422
100.01805877685547
85.02368927001953
87.56392669677734
61.85254669189453
74.18834686279297
54.749366760253906
70.59394836425781
68.67394256591797
54.6513786315918
46.44709014892578
107.26168823242188
79.35279846191406
78.8504638671875
57.678123474121094
57.26272964477539
66.66809844970703
64.89189147949219
72.07357025146484
81.5840072631836
45.84049606323242
82.13134765625
72.73090362548828
51.789764404296875
52.11662292480469
81.12504577636719
60.64981460571289
73.70838928222656
27.914241790771484
74.30040740966797
78.31783294677734
68.36762237548828
61.65557861328125
30.3286075592041
83.48949432373047
74.49993896484375
65.24609375
83.71098327636719
64.8586654663086
78.21755981445312
59.21024703979492
49.19066619873047
41.48429489135742
88.68836975097656
84.29949188232422
34.33463668823242
51.7665901184082
68.48817443847656
73.4549789428711
39.54853057861328
55.96641159057617
49.50243377685547
43.61732864379883
40.40121841430664
46.13023376464844
75.30054473876953
68.75074768066406
83.5223159790039
75.08629608154297
45.259063720703125
42.50448989868164
106.9722900390625
71.39823150634766
64.29313659667969
62.94890594482422
44.538482666015625
71.3346176147461
76.66570281982422
41.779850006103516
69.6296615600586
55.031375885009766
60.6190071105957
65.97693634033203
102.62716674804688
92.1730728149414
82.60591888427734
41.413211822509766
74.66104125976562
53.528343200683594
41.93632888793945
68.53475189208984
45.89808654785156
70.14490509033203
90.13520812988281
62.24214172363281
52.95690155029297
57.65113067626953
79.5309066772461
44.37550735473633
64.42996215820312
50.3786735534668
49.579376220703125
101.64131164550781
106.21112060546875
66.0667724609375
50.53992462158203
40.444427490234375
58.0160026550293
71.48664093017578
59.9109001159668
36.08814239501953
51.66743469238281
51.58376693725586
65.70773315429688
29.068391799926758
51.01979446411133
78.53528594970703
60.9836540222168
51.613128662109375
67.14971923828125
70.36334228515625
57.78299331665039
54.024452209472656
65.31786346435547
77.43270874023438
103.7496566772461
83.12860870361328
34.04674530029297
35.9260368347168
79.74907684326172
60.38558578491211
72.1917495727539
63.48031234741211
45.6270751953125
107.16034698486328
88.28045654296875
45.46207809448242
54.78611755371094
88.40574645996094
71.19404602050781
40.6474609375
49.818416595458984
66.13670349121094
38.19670486450195
79.16917419433594
53.28889846801758
88.44727325439453
42.03006362915039
68.47906494140625
80.1447525024414
74.732177734375
66.72238159179688
115.90515899658203
79.36959075927734
45.98321533203125
80.23612213134766
31.54979705810547
98.57442474365234
71.4012680053711
71.23758697509766
55.99557113647461
99.06832885742188
49.61585235595703
67.55107879638672
37.805782318115234
44.48003005981445
69.00357055664062
66.60426330566406
67.95459747314453
65.89573669433594
66.59402465820312
70.63347625732422
62.917755126953125
30.487468719482422
44.256195068359375
69.57199096679688
56.544254302978516
75.28398132324219
60.7346076965332
67.6069107055664
58.73054504394531
61.69963836669922
82.25704193115234
43.63964080810547
58.823265075683594
57.695308685302734
54.20969009399414
55.333274841308594
67.97898864746094
62.73801803588867
82.72981262207031
36.87314224243164
86.40888214111328
59.55561828613281
70.84245300292969
27.61890411376953
60.021244049072266
43.22343444824219
77.60921478271484
50.50910186767578
76.23432159423828
94.63373565673828
30.289230346679688
78.18712615966797
54.576438903808594
75.03912353515625
86.92008209228516
68.5613784790039
36.68602752685547
41.09458541870117
59.35012435913086
51.52913284301758
69.94927978515625
73.15818786621094
49.922691345214844
64.7836685180664
34.392696380615234
71.15938568115234
59.64077377319336
63.87359619140625
29.110536575317383
59.35380935668945
88.61800384521484
70.05166625976562
47.23816680908203
62.51699447631836
55.384273529052734
115.79434204101562
49.063594818115234
81.83580017089844
76.81641387939453
47.799251556396484
65.08822631835938
76.27659606933594
46.72291946411133
63.381534576416016
74.13117980957031
70.69235229492188
56.40378952026367
62.901058197021484
43.972103118896484
31.416372299194336
70.7098159790039
40.91722869873047
75.857666015625
78.77728271484375
74.35210418701172
84.33665466308594
61.32281494140625
74.89518737792969
63.02832794189453
58.29512405395508
71.23110961914062
97.04358673095703
45.22706985473633
45.530242919921875
59.79166793823242
60.46012496948242
66.63545989990234
63.13694381713867
38.985652923583984
60.251224517822266
62.46101760864258
68.97412872314453
78.70955657958984
90.88780975341797
66.7763442993164
41.34575271606445
44.019004821777344
96.35306549072266
60.69526290893555
63.15342330932617
41.50117492675781
23.639142990112305
32.298465728759766
88.49359893798828
41.15232467651367
62.71781539916992
32.308509826660156
73.49832916259766
66.5525894165039
55.46040725708008
20.032039642333984
57.087013244628906
85.61685943603516
72.64636993408203
42.958946228027344
56.560211181640625
54.852115631103516
39.721588134765625
45.63666534423828
59.34086227416992
53.15910720825195
49.859493255615234
65.69367980957031
87.46904754638672
73.57548522949219
73.16313934326172
44.82079315185547
48.40800476074219
70.65064239501953
74.34447479248047
57.434898376464844
48.54030990600586
64.90119934082031
63.98664093017578
68.5875015258789
89.01480865478516
39.8801155090332
41.30341339111328
53.72129440307617
65.76693725585938
59.607444763183594
54.66287612915039
69.64464569091797
86.45564270019531
48.512229919433594
55.919166564941406
84.90928649902344
50.23382568359375
36.44327163696289
58.70524215698242
100.40118408203125
67.09135437011719
101.7561264038086
79.45929718017578
57.57371520996094
46.03041076660156
55.7536506652832
93.85828399658203
75.49620819091797
73.45697784423828
62.304622650146484
42.18101119995117
88.49462127685547
62.39546203613281
91.05684661865234
80.86104583740234
49.20193099975586
67.55292510986328
69.0799560546875
74.62567901611328
112.17815399169922
97.0916976928711
69.87979888916016
54.97450256347656
54.24869155883789
80.43579864501953
52.230979919433594
21.33906364440918
90.29054260253906
41.71092224121094
56.679229736328125
62.400230407714844
51.66569137573242
88.5062026977539
70.71540069580078
72.9705810546875
65.92948150634766
65.59294891357422
60.789737701416016
38.554298400878906
51.06435775756836
41.79288864135742
82.2490463256836
64.02381134033203
61.15801239013672
33.53974533081055
74.50608825683594
86.50389099121094
55.08979415893555
71.72789764404297
60.06614303588867
72.21456909179688
40.01286697387695
68.6164321899414
47.44406509399414
53.19365310668945
77.55664825439453
66.82219696044922
60.37445831298828
40.614341735839844
55.370018005371094
63.514129638671875
91.02130889892578
45.91188430786133
56.359649658203125
60.37543487548828
41.03082275390625
51.10153579711914
85.7905502319336
53.47936248779297
58.15428924560547
66.88304138183594
99.61736297607422
50.28361511230469
41.41114044189453
53.34876251220703
89.26182556152344
40.28428268432617
78.42648315429688
51.55979919433594
62.71836471557617
42.39382553100586
55.04584503173828
73.65113067626953
95.88165283203125
67.95350646972656
46.40839767456055
95.55809020996094
63.784584045410156
99.6457748413086
45.46358108520508
63.186561584472656
71.868896484375
98.54005432128906
55.311195373535156
53.85411071777344
81.82023620605469
49.481849670410156
66.90785217285156
42.713829040527344
72.82965850830078
43.65241241455078
72.34367370605469
67.97933197021484
60.01902770996094
86.78173065185547
63.89498519897461
66.66627502441406
75.63185119628906
58.70541763305664
75.91522979736328
54.03561782836914
39.017486572265625
81.0992660522461
43.918846130371094
38.314491271972656
63.3473014831543
63.6319465637207
49.534202575683594
26.508087158203125
81.97676849365234
79.32964324951172
65.70162963867188
64.32308959960938
23.951364517211914
77.91509246826172
77.9869384765625
64.52992248535156
71.01187896728516
88.75179290771484
38.278533935546875
30.604612350463867
86.29470825195312
87.7428970336914
70.4197769165039
71.78489685058594
78.93553161621094
64.3749771118164
50.756954193115234
46.28660202026367
50.39767074584961
73.1423568725586
27.10438346862793
76.91195678710938
67.73406982421875
62.4083251953125
54.59632110595703
86.7455825805664
108.82465362548828
44.103416442871094
62.06655502319336
27.99762535095215
60.312931060791016
59.52622604370117
63.93107223510742
61.15404510498047
75.54867553710938
39.594688415527344
48.96118927001953
47.61959457397461
59.649627685546875
61.775169372558594
89.10037994384766
67.52257537841797
42.22742462158203
54.61558532714844
72.32276916503906
23.545642852783203
62.043861389160156
33.06306457519531
43.16904067993164
94.57303619384766
28.946409225463867
38.689571380615234
87.46100616455078
96.86959838867188
65.63738250732422
66.79940795898438
82.29086303710938
78.98045349121094
27.43824577331543
67.10517883300781
62.534912109375
90.6450424194336
100.4916763305664
42.45179748535156
69.49240112304688
41.425411224365234
83.28166198730469
86.40902709960938
79.21429443359375
79.96708679199219
57.62725830078125
66.09085083007812
40.531707763671875
90.2721176147461
37.5853385925293
63.3123664855957
70.18289184570312
65.73360443115234
86.17169952392578
63.87325668334961
64.74738311767578
61.07557678222656
73.16948699951172
46.581695556640625
78.41806030273438
55.793758392333984
34.40419387817383
42.31411361694336
69.12015533447266
52.26031494140625
42.97891616821289
45.36869430541992
35.22663497924805
60.3397102355957
82.30496215820312
36.799293518066406
60.38462829589844
46.24051284790039
73.22440338134766
75.03821563720703
59.99803924560547
53.841888427734375
62.90848159790039
55.119651794433594
61.41769790649414
71.55276489257812
44.6861686706543
84.8019790649414
32.908058166503906
66.28626251220703
42.773475646972656
91.61521911621094
56.38005065917969
66.79440307617188
75.44091033935547
33.530879974365234
105.3241195678711
60.61146926879883
62.514244079589844
73.6281509399414
41.033756256103516
69.92867279052734
89.22207641601562
77.38318634033203
47.77130889892578
77.95337677001953
69.20333099365234
55.80487823486328
74.04904174804688
86.98697662353516
71.47655487060547
84.75692749023438
65.56729125976562
78.80479431152344
68.27283477783203
76.07989501953125
36.13821792602539
74.64813995361328
55.26432800292969
60.879432678222656
49.140445709228516
65.10718536376953
85.44905090332031
88.79124450683594
91.0547866821289
80.89259338378906
47.786888122558594
55.357887268066406
62.63858413696289
22.539770126342773
87.4349365234375
42.327308654785156
104.18565368652344
51.27229309082031
63.1636962890625
97.95018768310547
63.8809814453125
26.604618072509766
73.5440673828125
98.50556182861328
73.92384338378906
48.19138717651367
65.75837707519531
55.305450439453125
56.10070037841797
63.71094512939453
66.74134826660156
29.356794357299805
58.1662483215332
39.86516189575195
33.2371940612793
79.85658264160156
59.59756088256836
67.24197387695312
68.64225006103516
68.63208770751953
61.484466552734375
69.65214538574219
38.128597259521484
77.48452758789062
64.65274810791016
63.93982696533203
50.67176818847656
63.978511810302734
41.17804718017578
35.82041549682617
72.80188751220703
65.54749298095703
92.69280242919922
62.701419830322266
46.618072509765625
62.55320358276367
41.917789459228516
59.157127380371094
70.03026580810547
67.27714538574219
52.388427734375
45.60517883300781
86.33336639404297
110.81942749023438
72.71269226074219
41.80539321899414
55.95623779296875
87.75950622558594
60.86021423339844
64.17388153076172
83.10806274414062
39.62342071533203
84.0958251953125
54.505393981933594
42.9063606262207
65.11153411865234
74.80316925048828
100.83051300048828
77.81731414794922
66.1658935546875
58.18544387817383
90.86954498291016
67.42778015136719
53.310054779052734
33.20855712890625
53.813411712646484
69.51709747314453
83.13298797607422
36.29117965698242
86.27947235107422
84.88619232177734
74.26642608642578
76.83111572265625
88.009521484375
85.7799072265625
75.20721435546875
57.623592376708984
78.0903091430664
57.487823486328125
82.67373657226562
77.94806671142578
54.9937744140625
73.93243408203125
60.75257110595703
47.968910217285156
113.3145980834961
65.1534652709961
40.13607406616211
62.271942138671875
40.73311233520508
70.21070861816406
69.96398162841797
51.703365325927734
82.5073471069336
58.52922439575195
80.8575210571289
37.11759948730469
43.11402893066406
55.12212371826172
57.01176834106445
56.568756103515625
70.96257019042969
77.44647216796875
27.286893844604492
54.81486129760742
98.81036376953125
88.70101165771484
84.04605102539062
82.89361572265625
52.60801696777344
44.502540588378906
82.60198974609375
47.33699417114258
100.48429870605469
56.07427215576172
35.68851852416992
72.83883666992188
71.87718963623047
75.7022933959961
26.492557525634766
67.11893463134766
77.36829376220703
111.40558624267578
56.90330123901367
64.16381072998047
90.01734924316406
54.506561279296875
66.4693832397461
65.57283782958984
82.8864974975586
68.31560516357422
46.060977935791016
104.33570861816406
60.66291046142578
56.02704620361328
90.37918853759766
90.0513916015625
96.1116943359375
51.3398323059082
87.27625274658203
68.226806640625
85.80607604980469
39.51624298095703
67.77200317382812
38.1699333190918
60.75247573852539
80.29180908203125
43.47004318237305
52.0642204284668
79.84999084472656
31.062299728393555
72.75361633300781
64.23539733886719
62.95499038696289
47.456626892089844
26.261608123779297
68.2251968383789
56.318336486816406
36.36790084838867
64.7330322265625
80.514892578125
41.45548629760742
52.75240707397461
93.18417358398438
72.74842834472656
59.44245910644531
92.8280029296875
94.82970428466797
72.85723114013672
57.00581741333008
83.49418640136719
47.33153533935547
35.21385955810547
57.35550308227539
67.19903564453125
40.257301330566406
54.43396759033203
52.11227798461914
84.9850845336914
89.6620864868164
58.554630279541016
45.57678985595703
84.54946899414062
71.41183471679688
88.19478607177734
70.74060821533203
67.40721893310547
80.08639526367188
61.064231872558594
90.86935424804688
49.38105773925781
54.35387420654297
64.01773834228516
53.139766693115234
85.47864532470703
33.841068267822266
104.30953979492188
67.12640380859375
89.0528793334961
96.80824279785156
73.47477722167969
57.71429443359375
57.643943786621094
109.99546813964844
75.46257019042969
37.749351501464844
45.922603607177734
115.12128448486328
45.88440704345703
80.69738006591797
81.97696685791016
79.82368469238281
68.57209777832031
89.55870056152344
76.52278137207031
38.2176628112793
28.615615844726562
65.8067855834961
74.86516571044922
34.84217834472656
60.01069641113281
49.07154846191406
75.68197631835938
97.82677459716797
73.79734802246094
39.708763122558594
78.22413635253906
68.58084869384766
77.64087677001953
55.56509780883789
71.862548828125
47.86612319946289
48.5944938659668
59.811710357666016
39.71708679199219
76.26731872558594
64.08303833007812
51.214298248291016
94.71478271484375
63.41050338745117
71.69715881347656
37.02568817138672
63.22435760498047
70.96318817138672
84.43616485595703
83.91134643554688
41.712398529052734
60.53038787841797
60.06073760986328
49.99675750732422
57.55440139770508
70.20242309570312
41.54964065551758
68.21885681152344
57.43998336791992
54.385066986083984
82.12085723876953
54.75440216064453
57.57843780517578
59.49613571166992
20.106781005859375
55.02840042114258
47.06970977783203
77.86949157714844
95.66844177246094
70.67459869384766
84.75334930419922
72.29827880859375
90.07186889648438
61.95210647583008
51.385704040527344
54.972869873046875
75.21167755126953
59.05699920654297
55.00294494628906
68.36927032470703
71.40010833740234
59.20816421508789
81.830322265625
41.201969146728516
78.59384155273438
70.30594635009766
98.90010833740234
40.73820114135742
62.28776550292969
107.03578186035156
67.27241516113281
53.50636291503906
45.02278137207031
55.85527801513672
61.72332000732422
84.3368911743164
65.00628662109375
43.82769775390625
71.78523254394531
75.64402770996094
21.455244064331055
63.996097564697266
64.71424102783203
65.10099029541016
53.95442199707031
60.15629196166992
50.9858283996582
36.05683135986328
61.70840835571289
71.61254119873047
49.082637786865234
63.54241180419922
65.92776489257812
78.26286315917969
83.89823150634766
90.18045043945312
83.10812377929688
63.32109069824219
80.20571899414062
54.67321014404297
86.4843978881836
42.38217544555664
41.74149703979492
45.23181915283203
45.966251373291016
85.18636322021484
59.94407653808594
82.3869400024414
59.28337097167969
66.71752166748047
75.7525634765625
84.53102111816406
60.266117095947266
70.41134643554688
83.23219299316406
59.63990020751953
29.163576126098633
87.27350616455078
29.055213928222656
62.97138214111328
91.13194274902344
46.2777214050293
47.831539154052734
115.75248718261719
58.982704162597656
38.87355041503906
36.77764129638672
46.55099105834961
57.81264114379883
47.85551452636719
51.87539291381836
59.46712875366211
51.66960906982422
57.91280746459961
63.413631439208984
74.35075378417969
84.57068634033203
67.74107360839844
54.305023193359375
62.03578186035156
72.98646545410156
52.41616439819336
74.84693908691406
43.3906135559082
72.8131103515625
80.34970092773438
40.14324951171875
35.48070526123047
54.43174743652344
107.5374755859375
108.28308868408203
99.59410858154297
73.78199768066406
82.1941146850586
71.09192657470703
39.862709045410156
56.34778594970703
70.13949584960938
66.4507064819336
67.24942779541016
58.31324005126953
66.2196044921875
74.94772338867188
50.815284729003906
38.55022430419922
85.47600555419922
71.61373138427734
26.3277530670166
60.5925407409668
75.00687408447266
90.96629333496094
83.17237854003906
82.96406555175781
46.52581024169922
63.61232376098633
65.6602554321289
62.33986282348633
75.70623779296875
61.6609001159668
46.65738296508789
52.48374938964844
78.67683410644531
47.97428894042969
60.07963180541992
61.07645034790039
81.35772705078125
40.54013442993164
88.81517791748047
44.307865142822266
75.06926727294922
74.12836456298828
44.50220489501953
98.14600372314453
27.623851776123047
43.70021438598633
28.659854888916016
49.41115188598633
97.419921875
49.45366287231445
63.967010498046875
58.768436431884766
96.5086898803711
34.40020751953125
54.08893966674805
111.31494140625
53.635711669921875
49.29482650756836
86.58739471435547
81.12183380126953
58.667667388916016
47.88633346557617
77.06591033935547
57.72113037109375
93.90423583984375
73.30221557617188
86.22990417480469
67.5654296875
32.33896255493164
70.89749145507812
99.85592651367188
53.91561508178711
40.77668380737305
48.51329803466797
71.35260772705078
85.81898498535156
52.76612091064453
61.68846893310547
62.951717376708984
61.4753532409668
59.201385498046875
77.62871551513672
70.00750732421875
61.29568862915039
38.231781005859375
52.20441818237305
54.41156768798828
29.20534896850586
44.051300048828125
63.93638610839844
61.42859649658203
51.111839294433594
83.59871673583984
50.30524826049805
80.2718734741211
63.99123764038086
48.10575866699219
83.83194732666016
65.94029235839844
47.38917922973633
83.00800323486328
86.77640533447266
114.85066986083984
51.49836730957031
62.7973747253418
65.7401351928711
88.22330474853516
82.72620391845703
81.41020202636719
93.37824249267578
85.84565734863281
71.70696258544922
44.798583984375
33.782798767089844
47.606178283691406
45.05204772949219
68.734619140625
72.7791748046875
103.14801788330078
49.51811981201172
67.46084594726562
69.09236907958984
75.43620300292969
56.530975341796875
53.393131256103516
53.511131286621094
44.87526321411133
66.06997680664062
66.33171844482422
73.48788452148438
84.13040924072266
48.530399322509766
44.667869567871094
53.30963134765625
45.587120056152344
87.70343017578125
62.272789001464844
71.07608032226562
39.11265182495117
78.7770767211914
61.770103454589844
30.958511352539062
69.30078887939453
48.52442169189453
95.21353912353516
67.28455352783203
106.19351959228516
70.38966369628906
63.839996337890625
104.11031341552734
58.54286193847656
39.68728256225586
88.56690979003906
62.062644958496094
64.78424835205078
88.23865509033203
24.816822052001953
69.69416809082031
68.84097290039062
66.6429672241211
58.15348434448242
87.63787078857422
35.18297576904297
50.17993927001953
37.13113021850586
96.07247161865234
63.616146087646484
76.76513671875
21.875778198242188
74.23114776611328
69.86571502685547
92.57786560058594
84.01544952392578
35.51055908203125
45.7120361328125
15.979084014892578
64.40154266357422
51.95906066894531
89.09454345703125
83.39154815673828
71.84276580810547
58.838356018066406
49.26659393310547
80.21247863769531
48.59701156616211
65.22052001953125
51.12565612792969
31.233888626098633
51.21455383300781
89.96846008300781
65.19845581054688
51.611488342285156
24.349620819091797
86.0488052368164
49.403541564941406
58.963890075683594
56.71873092651367
73.62832641601562
80.80791473388672
84.65937805175781
65.41722106933594
43.53427505493164
65.67015075683594
56.3066291809082
58.684852600097656
73.86334228515625
55.24184036254883
65.46623229980469
60.738975524902344
61.37683868408203
63.120540618896484
80.49752044677734
51.65468978881836
49.549232482910156
63.15522003173828
13.633641242980957
45.309417724609375
70.59008026123047
51.73370361328125
68.82298278808594
91.25498962402344
47.582603454589844
83.87026977539062
52.01314163208008
61.162132263183594
66.74276733398438
74.61717987060547
74.91226196289062
84.97103881835938
51.06236267089844
67.18473815917969
45.484130859375
58.55122756958008
46.41506576538086
82.68814849853516
44.32758331298828
39.13435745239258
84.6099853515625
84.43355560302734
97.44297790527344
42.61781311035156
96.72539520263672
75.79635620117188
77.94405364990234
67.50634765625
35.25615692138672
85.952880859375
53.62118148803711
48.278709411621094
72.22655487060547
46.503726959228516
54.069801330566406
58.422279357910156
72.42701721191406
71.73725891113281
50.77538299560547
82.5832290649414
62.04071807861328
64.7859878540039
98.9065933227539
57.04803466796875
65.5907211303711
46.67354202270508
59.6535530090332
76.03436279296875
62.942115783691406
54.893333435058594
62.78617858886719
83.29156494140625
70.2314224243164
48.64411163330078
102.54598236083984
38.79449462890625
92.8823471069336
42.95732879638672
69.63668823242188
99.03584289550781
55.45634460449219
72.32703399658203
49.067684173583984
75.9083023071289
24.401241302490234
65.23841094970703
58.442771911621094
65.58151245117188
53.86826705932617
67.00131225585938
50.78567886352539
73.13720703125
71.87993621826172
77.91334533691406
58.40604019165039
68.7917709350586
69.6391372680664
43.1154670715332
107.42174530029297
84.28038787841797
44.680660247802734
64.65694427490234
47.271148681640625
54.72895050048828
70.9224624633789
72.35206604003906
62.859275817871094
41.563140869140625
55.38758850097656
52.2149543762207
50.33344268798828
80.21575164794922
57.08888626098633
56.161163330078125
49.1668701171875
64.18033599853516
29.740436553955078
69.6656265258789
86.14036560058594
75.6871566772461
50.396846771240234
70.11927032470703
60.48011779785156
56.137264251708984
51.54035568237305
30.891277313232422
69.76933288574219
73.07562255859375
52.61509323120117
92.2818832397461
74.84014892578125
56.70840072631836
42.604026794433594
78.84132385253906
49.23801040649414
28.568105697631836
119.81952667236328
31.76507568359375
71.50545501708984
101.40577697753906
71.82196807861328
20.16736602783203
92.7706069946289
61.71818542480469
43.91680908203125
89.70834350585938
66.62873077392578
95.47057342529297
91.63912963867188
59.8753547668457
36.995792388916016
63.78975296020508
49.613189697265625
80.4356689453125
57.031368255615234
64.593017578125
35.1876106262207
59.12686538696289
52.275028228759766
43.657554626464844
58.86479187011719
72.9040756225586
68.07781982421875
67.90416717529297
75.49699401855469
65.34125518798828
75.40736389160156
59.66511154174805
38.55617904663086
47.76318359375
57.7016716003418
86.63554382324219
96.8062515258789
82.62251281738281
59.48215103149414
68.64558410644531
82.3421630859375
67.32520294189453
91.73751068115234
87.3780517578125
49.72817611694336
51.2985725402832
63.130348205566406
33.73236083984375
60.9922981262207
60.43117141723633
62.035057067871094
44.17350387573242
34.8701286315918
50.719783782958984
60.68693542480469
87.19859313964844
43.699214935302734
80.96659851074219
82.42261505126953
100.75660705566406
80.01307678222656
69.815185546875
34.965736389160156
70.26162719726562
60.88835144042969
45.86851119995117
66.27229309082031
91.53053283691406
68.21418762207031
75.31177520751953
105.9794921875
96.47787475585938
57.32988739013672
34.635475158691406
76.10720825195312
44.80133056640625
73.37458801269531
61.70758056640625
54.95865249633789
53.23250198364258
64.75027465820312
79.45069122314453
42.07603073120117
84.48750305175781
54.102516174316406
42.415565490722656
21.067626953125
53.440284729003906
62.85847473144531
54.63153076171875
57.196720123291016
82.93154907226562
58.21872329711914
61.26048278808594
52.461421966552734
66.32304382324219
61.66846466064453
63.58277130126953
80.02735137939453
57.87596893310547
49.623470306396484
69.48106384277344
74.96318817138672
71.37841796875
56.34186935424805
53.478546142578125
51.59450149536133
81.47181701660156
84.79456329345703
35.864566802978516
63.76123046875
64.70584869384766
51.956180572509766
79.90748596191406
72.3599853515625
48.749610900878906
40.4896125793457
52.53007888793945
54.700904846191406
89.77884674072266
93.50714111328125
86.31295776367188
50.40548324584961
52.26167297363281
62.90717697143555
62.26081848144531
43.260929107666016
84.52734375
24.845645904541016
59.120880126953125
59.55581283569336
79.22252655029297
47.022403717041016
44.14896011352539
46.74808883666992
73.45972442626953
46.87441635131836
71.43262481689453
43.389122009277344
96.1862564086914
55.239906311035156
83.31275177001953
31.106090545654297
95.39473724365234
94.69886779785156
36.93289566040039
72.73147583007812
83.82075500488281
49.275390625
88.22898864746094
77.64154052734375
84.4336166381836
77.06334686279297
29.54554557800293
67.79552459716797
62.40080261230469
61.390602111816406
50.86278533935547
42.34718704223633
90.64314270019531
82.89439392089844
58.69297409057617
56.485313415527344
42.911537170410156
55.70702362060547
47.52378463745117
51.38094711303711
51.763633728027344
79.64925384521484
62.4044075012207
74.47920989990234
82.3709716796875
43.114620208740234
112.49375915527344
74.42784118652344
60.83346939086914
83.62506103515625
46.14280319213867
102.144775390625
75.53260040283203
64.70872497558594
72.3519515991211
55.46812057495117
57.90873718261719
38.37501907348633
41.5374755859375
33.305763244628906
64.64041137695312
76.53163146972656
61.452232360839844
51.28005599975586
59.64120101928711
59.93459701538086
41.26592254638672
51.88557052612305
108.91566467285156
44.03935623168945
111.18202209472656
92.14586639404297
98.85565948486328
81.08402252197266
72.33788299560547
85.27374267578125
75.4357681274414
88.65193176269531
54.98849868774414
50.45255661010742
54.51953887939453
86.43538665771484
66.92294311523438
63.379669189453125
75.9307632446289
45.78816604614258
51.27067947387695
80.74429321289062
79.92117309570312
48.52196502685547
71.70602416992188
82.0303955078125
67.2593765258789
78.34788513183594
70.53889465332031
87.76237487792969
79.84558868408203
78.35153198242188
80.12386322021484
42.37651443481445
82.81033325195312
47.94826126098633
54.016361236572266
54.562255859375
83.37556457519531
102.65706634521484
64.80316925048828
69.03773498535156
54.75804901123047
76.6755599975586
86.7628173828125
109.02523803710938
90.16326904296875
60.750911712646484
60.66643142700195
67.5423583984375
84.16912078857422
68.3460693359375
76.45137023925781
34.404991149902344
56.781490325927734
77.80480194091797
51.01200866699219
41.55643844604492
97.49352264404297
57.521244049072266
72.57604217529297
92.29976654052734
51.38759231567383
66.20624542236328
84.86050415039062
38.849491119384766
77.19062805175781
55.40751647949219
85.41459655761719
68.42025756835938
97.68514251708984
38.1697883605957
66.01844024658203
51.778221130371094
57.70357894897461
54.240501403808594
72.85865783691406
87.01891326904297
56.38715744018555
49.021854400634766
96.12291717529297
41.491050720214844
78.64838409423828
55.56703186035156
102.25971984863281
39.387569427490234
54.52791213989258
66.90382385253906
43.41474151611328
85.00588989257812
55.45329666137695
69.73053741455078
84.01671600341797
77.71893310546875
56.08421325683594
101.9190902709961
71.71247863769531
75.27840423583984
67.4129409790039
77.87647247314453
74.64464569091797
50.80008316040039
61.1833381652832
45.561073303222656
47.81036376953125
76.27664184570312
59.85389709472656
61.351417541503906
100.98043823242188
56.9466667175293
84.80683135986328
93.09696960449219
44.5997428894043
37.56016159057617
36.26847839355469
53.7849006652832
65.73526000976562
39.50199508666992
67.60578918457031
71.9212646484375
103.30020904541016
62.8616828918457
39.31114959716797
83.7301025390625
71.75520324707031
49.75732421875
77.86092376708984
77.11134338378906
73.97441864013672
38.08864974975586
42.029788970947266
64.07980346679688
53.04106903076172
94.09548950195312
49.20429611206055
85.1785888671875
85.89861297607422
80.42623901367188
69.05595397949219
91.59532165527344
71.73442077636719
11.50175952911377
68.85973358154297
63.912315368652344
61.1348876953125
102.80915069580078
65.99637603759766
75.4918212890625
68.64996337890625
51.20998001098633
65.06476593017578
44.11456298828125
88.57743835449219
65.08076477050781
77.23925018310547
72.85366821289062
73.80276489257812
50.53089904785156
39.051395416259766
55.30581283569336
105.98960876464844
54.58662414550781
90.50867462158203
58.30165100097656
70.65415954589844
71.4041519165039
55.04501724243164
45.05709457397461
55.611385345458984
43.85672378540039
83.12818908691406
97.77849578857422
59.471290588378906
75.58008575439453
44.76881790161133
64.5578842163086
58.149112701416016
85.83253479003906
83.94536590576172
72.64411926269531
49.803836822509766
57.489036560058594
56.00151062011719
44.37398910522461
89.27071380615234
98.57613372802734
46.43034744262695
79.62271881103516
67.60523223876953
62.537147521972656
31.977325439453125
28.35193634033203
68.4660873413086
74.1500473022461
51.85192108154297
57.985713958740234
74.09048461914062
91.28524780273438
61.166011810302734
41.774051666259766
56.415306091308594
78.23052215576172
31.104759216308594
87.5299301147461
94.65096282958984
40.94353485107422
70.1970443725586
42.60773849487305
76.22754669189453
33.77708053588867
71.24739837646484
94.434814453125
26.02764129638672
43.85649871826172
71.37784576416016
104.90718841552734
64.4725570678711
47.47701644897461
72.95813751220703
61.28764724731445
99.71492767333984
48.126121520996094
80.31272888183594
68.30734252929688
64.1405258178711
105.70752716064453
57.20003128051758
85.57393646240234
43.6997184753418
75.9431381225586
89.35748291015625
81.13513946533203
37.2247200012207
51.97371292114258
92.62702178955078
67.4104995727539
99.79248809814453
66.3541030883789
65.27709197998047
73.08016967773438
81.31163787841797
51.92350769042969
104.3078842163086
88.84290313720703
68.02652740478516
43.89018630981445
60.12125778198242
92.15409088134766
63.70470428466797
77.36529541015625
78.47899627685547
42.720787048339844
52.47312545776367
63.93199157714844
50.031558990478516
41.540504455566406
72.94762420654297
64.68620300292969
41.709774017333984
16.81045913696289
42.165164947509766
65.91189575195312
71.26538848876953
49.38222885131836
64.07238006591797
76.74356079101562
58.153079986572266
80.98440551757812
57.709747314453125
53.441078186035156
29.062742233276367
28.27014923095703
55.667781829833984
54.541568756103516
48.227760314941406
86.91108703613281
69.52404022216797
57.81037139892578
62.77280807495117
70.88581848144531
82.14112854003906
33.92921829223633
61.228660583496094
63.006629943847656
39.73821258544922
56.34157943725586
60.47311782836914
51.393402099609375
61.99609375
60.75762939453125
75.2434310913086
64.52824401855469
58.839263916015625
37.494529724121094
69.86756896972656
60.737422943115234
79.7577133178711
61.504905700683594
43.036502838134766
46.920223236083984
62.40851593017578
74.6476058959961
65.36872863769531
83.85726165771484
62.33275604248047
62.887664794921875
61.854007720947266
50.32918930053711
79.60420227050781
55.57182693481445
115.7583236694336
62.01256561279297
29.640684127807617
54.570533752441406
34.14767074584961
68.45616912841797
45.66458511352539
63.8991813659668
46.85905456542969
60.83211135864258
89.28380584716797
84.68556213378906
85.88313293457031
47.90138244628906
100.73736572265625
101.63809204101562
64.07234191894531
72.55075073242188
88.315185546875
47.88785171508789
90.72256469726562
71.13642120361328
85.13082885742188
91.0598373413086
80.13347625732422
65.7716064453125
97.9021987915039
75.84024810791016
65.7277603149414
75.00534057617188
87.79312133789062
61.336761474609375
70.3856430053711
54.516170501708984
45.72496032714844
61.688262939453125
69.69322204589844
63.88002395629883
79.04763793945312
75.7417984008789
82.26566314697266
50.897762298583984
81.96614074707031
51.36572265625
85.23552703857422
84.11373138427734
94.66687774658203
62.51827621459961
79.2505874633789
68.39321899414062
61.638370513916016
38.49882507324219
49.74985122680664
74.6026840209961
46.523921966552734
53.87992858886719
72.05561065673828
69.90994262695312
67.69276428222656
90.61206817626953
72.02410888671875
71.68447875976562
106.60160064697266
62.72893142700195
75.25957489013672
48.564632415771484
46.084964752197266
96.479248046875
79.80596160888672
63.73230743408203
78.4781265258789
56.17137908935547
49.03306198120117
98.93473815917969
51.81393051147461
61.92926025390625
40.168540954589844
39.065311431884766
36.33232116699219
106.61148834228516
51.71616744995117
67.0687026977539
58.60847854614258
64.9126968383789
51.588409423828125
30.596763610839844
60.15861129760742
70.34519958496094
75.80217742919922
72.69184112548828
49.05924987792969
55.061256408691406
35.26987838745117
55.22274398803711
52.00171661376953
55.97465515136719
50.263145446777344
56.04960250854492
66.04679870605469
60.49853515625
51.7167854309082
57.89809036254883
67.49744415283203
81.49308013916016
82.87959289550781
98.7108154296875
43.36125183105469
49.83538055419922
52.44051742553711
69.58706665039062
42.20962142944336
73.4113540649414
82.61805725097656
40.10436248779297
66.40462493896484
76.2008056640625
23.94369125366211
91.8914566040039
67.05577850341797
54.47124481201172
45.93083190917969
57.56514358520508
60.11802673339844
92.8583755493164
91.00464630126953
43.493045806884766
64.91639709472656
61.98198699951172
72.06183624267578
39.435821533203125
95.3712387084961
81.86354064941406
35.77523422241211
60.57907485961914
59.305702209472656
83.10191345214844
59.86640930175781
52.88932418823242
85.54510498046875
61.46177291870117
66.41751098632812
56.57986068725586
72.34150695800781
66.6509780883789
71.53377532958984
63.11699295043945
98.69351959228516
62.151954650878906
43.49646759033203
74.8935546875
71.15239715576172
74.39134216308594
30.541622161865234
59.10072708129883
63.500858306884766
49.914554595947266
113.66246795654297
66.0833740234375
84.44881439208984
68.66460418701172
53.470436096191406
86.03498077392578
76.7101821899414
87.91348266601562
69.20233917236328
74.8895492553711
22.082170486450195
55.482276916503906
71.67842102050781
74.92282104492188
47.44153594970703
30.315210342407227
55.56903839111328
85.48228454589844
55.6496696472168
96.67098236083984
80.42326354980469
70.41661071777344
75.29876708984375
60.88197708129883
52.238433837890625
69.16957092285156
37.91899871826172
51.018795013427734
50.77614974975586
60.697998046875
76.4394302368164
79.38355255126953
80.30610656738281
36.29434585571289
41.00014114379883
46.9078483581543
47.708038330078125
40.2718505859375
98.79527282714844
40.11293029785156
41.08842849731445
73.25520324707031
80.4574203491211
57.95749282836914
58.14015579223633
60.525489807128906
68.8589859008789
62.09185028076172
76.77342987060547
71.95765686035156
96.07911682128906
90.65188598632812
91.25958251953125
79.42546844482422
44.0593147277832
35.92817306518555
100.3092269897461
70.35396575927734
64.86634826660156
42.012027740478516
51.99265670776367
86.69322204589844
43.41864013671875
76.31600952148438
66.5564193725586
74.40089416503906
73.59469604492188
48.504058837890625
57.209102630615234
57.97539138793945
59.832763671875
81.5184555053711
70.04669189453125
66.35551452636719
56.602760314941406
29.044574737548828
60.09165954589844
43.26591110229492
130.10614013671875
44.71686935424805
87.6548843383789
46.92417526245117
29.080650329589844
81.36824798583984
64.06974792480469
69.8037338256836
58.825172424316406
52.27659225463867
61.41975021362305
43.90046691894531
87.81575012207031
81.08807373046875
85.61488342285156
72.11212158203125
73.72018432617188
102.64134216308594
48.85988235473633
41.77268981933594
54.799415588378906
52.92368698120117
76.4880142211914
86.12603759765625
39.030879974365234
69.46188354492188
47.650367736816406
48.183048248291016
94.46240234375
91.39617156982422
57.13142013549805
91.46613311767578
73.351806640625
73.07521057128906
71.75652313232422
67.2436294555664
75.3695068359375
52.13426208496094
83.67977905273438
47.791908264160156
78.25517272949219
97.20653533935547
60.37785720825195
85.87879180908203
62.654056549072266
58.5793342590332
60.77735900878906
79.50286865234375
72.3109130859375
85.7237548828125
79.152099609375
62.06768798828125
60.916255950927734
73.22159576416016
81.61687469482422
94.44708251953125
58.73638153076172
71.8503646850586
43.38627243041992
46.62821578979492
34.99177169799805
63.7147216796875
58.39607620239258
83.6100082397461
30.143373489379883
66.72293853759766
79.32361602783203
94.55023193359375
50.125343322753906
37.532875061035156
90.66163635253906
59.18614959716797
47.26202392578125
60.02751922607422
89.43217468261719
76.99651336669922
30.63450813293457
61.148406982421875
92.81681823730469
76.01929473876953
71.15003967285156
102.22605895996094
73.204833984375
62.65546798706055
92.51730346679688
47.48872756958008
87.18169403076172
76.73361206054688
61.11638259887695
73.19894409179688
51.77838897705078
44.489994049072266
62.44705581665039
68.85728454589844
43.77552032470703
54.66147232055664
74.9473876953125
78.06536865234375
67.59944915771484
75.58306121826172
91.97420501708984
59.03996276855469
67.31170654296875
48.39141845703125
119.31697082519531
55.6924934387207
76.71097564697266
62.92724609375
40.31849670410156
91.75277709960938
76.29000854492188
59.37484359741211
57.63092041015625
57.72617721557617
53.13644790649414
34.27191925048828
59.99222183227539
46.63271713256836
60.6131706237793
59.976173400878906
37.34691619873047
61.30075454711914
53.75546646118164
49.95003128051758
45.7918586730957
81.84307861328125
49.616790771484375
67.35884094238281
63.41917419433594
66.0536880493164
80.75033569335938
87.32018280029297
69.45771026611328
91.40531921386719
68.2445068359375
77.76669311523438
67.02435302734375
74.54275512695312
53.2199821472168
71.18328857421875
87.08535766601562
46.556549072265625
39.160064697265625
63.586856842041016
52.678611755371094
59.133758544921875
56.80470657348633
62.550106048583984
31.621286392211914
66.12361907958984
43.37352752685547
50.653079986572266
44.68169403076172
70.07176971435547
67.51254272460938
60.13191223144531
59.692909240722656
69.53485107421875
83.82260131835938
51.9921989440918
69.40446472167969
58.61267852783203
62.25646209716797
67.49520874023438
77.36154174804688
68.4942855834961
35.86094665527344
75.84648895263672
85.86740112304688
69.89827728271484
82.96379852294922
71.24041748046875
55.67169189453125
74.38770294189453
75.6274642944336
60.55422592163086
29.490154266357422
41.59751892089844
38.501014709472656
79.91292572021484
73.50489807128906
49.43649673461914
92.62335968017578
31.99490737915039
53.89360046386719
65.0757064819336
71.67061614990234
44.987030029296875
59.47512435913086
67.48519134521484
41.08613204956055
71.17341613769531
81.26959991455078
99.54846954345703
59.57063674926758
84.83349609375
54.25726318359375
51.23040008544922
64.49447631835938
48.88905715942383
69.90740203857422
46.81929397583008
45.48894119262695
94.39006042480469
56.517852783203125
73.4468994140625
89.08648681640625
102.77982330322266
47.87144470214844
82.56822204589844
66.79106140136719
47.24130630493164
79.7562484741211
59.3384895324707
65.88787841796875
79.0626449584961
80.77252960205078
82.7275161743164
52.090023040771484
46.09465408325195
40.21749496459961
51.22185134887695
74.46885681152344
103.76960754394531
45.00981140136719
56.59561538696289
55.42135238647461
2.369234085083008
80.12509155273438
63.03822708129883
61.05436706542969
41.16411209106445
58.81793975830078
46.21417236328125
61.501712799072266
57.13111877441406
60.101844787597656
78.90674591064453
55.59665298461914
78.31381225585938
54.497215270996094
57.27729415893555
51.377777099609375
71.62499237060547
41.86509323120117
70.01066589355469
62.44879150390625
48.85040283203125
78.90913391113281
76.46931457519531
76.30316925048828
45.2695426940918
83.26325225830078
49.34648513793945
82.2122573852539
80.08001708984375
45.24435806274414
50.56580352783203
71.23478698730469
83.0880355834961
68.70792388916016
57.45914077758789
79.27525329589844
105.88935089111328
77.37223815917969
85.3780746459961
29.73497200012207
38.84852981567383
45.66531753540039
70.68913269042969
84.72632598876953
57.75364685058594
37.49059295654297
58.28855514526367
73.79578399658203
60.45856475830078
25.17120361328125
103.1451416015625
90.32374572753906
114.54833221435547
26.206117630004883
62.89874267578125
84.56982421875
58.83345031738281
61.28600311279297
87.4482192993164
79.43611145019531
43.11030578613281
45.4587516784668
52.01181411743164
50.53812026977539
42.072296142578125
54.49100112915039
39.09013366699219
63.15643310546875
100.34603118896484
52.20682907104492
89.01097869873047
59.1123046875
62.82255554199219
71.3475341796875
72.91284942626953
47.24283981323242
58.64384078979492
86.02822875976562
58.506141662597656
54.107994079589844
104.19804382324219
89.35303497314453
66.58409881591797
60.16975021362305
36.6368293762207
75.6949691772461
95.8874282836914
83.99746704101562
33.753456115722656
39.845298767089844
36.44083023071289
67.39566040039062
64.51244354248047
78.19205474853516
60.3209342956543
73.2415542602539
65.96774291992188
50.98126220703125
114.3065414428711
89.65151977539062
65.79296875
52.3386116027832
43.10909652709961
82.59528350830078
15.070685386657715
93.36122131347656
91.78817749023438
63.12205505371094
77.68649291992188
43.28633117675781
48.9783821105957
39.34431457519531
107.36534881591797
63.178829193115234
84.4501724243164
45.200374603271484
79.03636932373047
68.63050079345703
53.66495132446289
47.28607940673828
60.355716705322266
86.59624481201172
73.40058898925781
41.10881042480469
58.28164291381836
89.07133483886719
61.03968811035156
78.23030853271484
70.89859771728516
104.44497680664062
72.40936279296875
93.65105438232422
46.23161697387695
42.34738540649414
59.45394515991211
68.45145416259766
70.79826354980469
78.00495147705078
68.74662780761719
85.96922302246094
79.39703369140625
77.23340606689453
79.6099853515625
58.52557373046875
64.41998291015625
47.90855407714844
46.47550582885742
70.52082061767578
52.090782165527344
52.55073547363281
84.54377746582031
55.65753936767578
48.825313568115234
48.572628021240234
110.96756744384766
89.08157348632812
40.446067810058594
70.51156616210938
76.24562072753906
73.46444702148438
71.90115356445312
73.82381439208984
79.58561706542969
83.28508758544922
56.34632873535156
51.151702880859375
26.50625228881836
61.85160827636719
45.43739318847656
46.47262191772461
99.22433471679688
73.60491943359375
63.48646926879883
91.34493255615234
84.84423065185547
83.88648986816406
104.32008361816406
69.12046813964844
101.46854400634766
90.22814178466797
22.546175003051758
50.586448669433594
50.88597869873047
64.1974868774414
65.85369110107422
56.727577209472656
60.43444061279297
85.20834350585938
52.61686706542969
60.438201904296875
46.27348709106445
94.50421905517578
65.1958999633789
80.20457458496094
55.56060791015625
55.093505859375
72.72640228271484
25.653491973876953
67.67483520507812
33.17721939086914
47.14096450805664
58.41254425048828
37.97112274169922
81.71043395996094
103.56273651123047
42.28892517089844
70.00908660888672
60.0468635559082
100.01325225830078
101.21803283691406
78.46858215332031
90.31425476074219
53.422386169433594
73.92803955078125
112.87744140625
61.523799896240234
55.62645721435547
45.419124603271484
75.31947326660156
67.98970794677734
65.85560607910156
58.08845901489258
58.38673400878906
57.47952651977539
87.66226959228516
47.600704193115234
57.98527526855469
76.99862670898438
43.6520881652832
87.00624084472656
50.41470718383789
95.57271575927734
41.08006286621094
71.5068359375
50.70010757446289
61.30099868774414
39.18865203857422
62.0348014831543
59.65439987182617
92.38314819335938
69.3537368774414
89.10286712646484
54.28319549560547
48.81829833984375
67.1827392578125
47.48204040527344
75.0425033569336
47.48394775390625
54.465938568115234
95.6362533569336
25.627901077270508
47.30946350097656
85.0553970336914
102.83332061767578
48.18650817871094
67.9018325805664
85.6363754272461
22.830961227416992
81.79470825195312
40.68446350097656
54.23240280151367
53.8548698425293
50.9863395690918
108.48739624023438
73.6241683959961
78.59502410888672
46.65519714355469
61.1593132019043
39.502376556396484
65.90200805664062
44.7222785949707
95.02442932128906
48.09565353393555
59.115901947021484
78.35005950927734
92.97982788085938
76.0107192993164
66.82376861572266
62.23384094238281
70.19551086425781
81.13716888427734
73.608154296875
40.50309753417969
66.42225646972656
52.5223388671875
50.008541107177734
39.82745361328125
83.9371566772461
76.36957550048828
63.688350677490234
101.24385833740234
68.8154525756836
67.96331787109375
78.80489349365234
59.02294921875
78.75730895996094
66.4703369140625
40.743980407714844
