40.540504455566406
26.868122100830078
35.81319046020508
58.39894485473633
40.216129302978516
31.621665954589844
30.562734603881836
41.576942443847656
44.602943420410156
44.97663879394531
25.946041107177734
32.363834381103516
64.93049621582031
27.351472854614258
31.176746368408203
39.823429107666016
55.00100326538086
47.35490417480469
58.344581604003906
47.537879943847656
26.29212760925293
13.394515037536621
47.74992370605469
17.64012336730957
46.79303741455078
38.3844108581543
30.08088493347168
20.690914154052734
21.454483032226562
36.38037872314453
41.707218170166016
12.998005867004395
33.393531799316406
25.266338348388672
37.01308822631836
34.17569351196289
34.44566345214844
26.69346809387207
61.183860778808594
35.643531799316406
38.6103401184082
39.41965103149414
37.345638275146484
23.632722854614258
41.4493522644043
21.06896209716797
56.23015213012695
55.80401611328125
28.459957122802734
33.86851501464844
20.98968505859375
36.525840759277344
18.53539276123047
32.908470153808594
45.920379638671875
21.188926696777344
35.669334411621094
39.387550354003906
39.045654296875
33.155765533447266
42.012229919433594
24.651451110839844
33.235015869140625
43.47105407714844
50.142494201660156
47.31828308105469
32.15290451049805
23.6783447265625
43.27431106567383
31.54362678527832
57.01369857788086
40.02729034423828
44.7901725769043
51.80617904663086
32.251834869384766
41.7713508605957
31.34733772277832
27.546789169311523
30.14166831970215
29.88787841796875
48.74980545043945
30.065044403076172
40.0794792175293
32.14257049560547
27.794248580932617
35.48101043701172
34.263214111328125
35.6986198425293
33.537052154541016
42.009376525878906
18.060443878173828
22.082555770874023
62.30590057373047
21.47176170349121
32.32402038574219
10.643529891967773
55.97642135620117
23.274654388427734
43.952171325683594
9.440067291259766
32.03971862792969
62.66683578491211
38.49762725830078
41.34178924560547
33.204986572265625
57.89094543457031
34.05733108520508
37.465877532958984
18.0273494720459
57.62834167480469
75.81605529785156
47.0579719543457
29.099958419799805
31.849185943603516
29.3546142578125
22.900127410888672
44.594669342041016
25.325838088989258
32.715545654296875
20.673852920532227
32.265140533447266
35.68929672241211
32.284420013427734
33.677833557128906
51.1836051940918
22.05205535888672
37.2611083984375
42.861228942871094
28.121002197265625
27.349201202392578
35.10717010498047
39.7088623046875
39.298240661621094
26.224809646606445
22.557315826416016
46.385040283203125
36.6555290222168
35.3635368347168
20.162425994873047
51.98744201660156
42.10680389404297
44.02347183227539
13.254605293273926
23.606521606445312
61.04875564575195
27.914974212646484
52.35343933105469
52.98220443725586
43.347389221191406
43.24359893798828
27.34137725830078
46.699581146240234
45.132930755615234
42.53174591064453
19.435897827148438
44.1573486328125
36.51856994628906
14.324958801269531
56.74190902709961
40.4533576965332
41.380680084228516
55.35390090942383
54.446388244628906
27.154003143310547
39.00956344604492
43.17287063598633
39.24991989135742
43.84239959716797
30.183021545410156
30.427705764770508
63.88855743408203
22.606121063232422
46.589149475097656
56.66172409057617
22.650135040283203
23.276676177978516
42.88603591918945
39.87691879272461
44.83814239501953
17.758499145507812
21.67210578918457
57.85514831542969
25.020919799804688
33.08055114746094
16.960269927978516
39.31909942626953
51.095149993896484
33.15248489379883
51.38920593261719
25.302942276000977
33.93060302734375
43.44321823120117
14.823287010192871
59.353233337402344
37.21015930175781
26.149789810180664
27.39663314819336
28.883148193359375
38.93452072143555
60.73876190185547
25.592750549316406
24.093505859375
38.59816360473633
37.005367279052734
33.182579040527344
28.501338958740234
18.86357307434082
51.914276123046875
35.91707992553711
52.066856384277344
27.263038635253906
47.822418212890625
41.62567138671875
37.62770080566406
32.177955627441406
41.331268310546875
26.644704818725586
44.988956451416016
54.37307357788086
29.676620483398438
18.48948860168457
33.698787689208984
53.69637680053711
78.72977447509766
25.319154739379883
35.5180549621582
24.93269157409668
37.799739837646484
32.357383728027344
23.389951705932617
23.253490447998047
66.7421875
49.611026763916016
46.280113220214844
39.72320556640625
62.490943908691406
26.01750946044922
17.461759567260742
11.762730598449707
38.02359390258789
62.30143737792969
30.193660736083984
43.15166091918945
37.82939147949219
37.199851989746094
48.77725601196289
23.85216522216797
33.525394439697266
26.809839248657227
24.26206398010254
18.33000946044922
36.51261901855469
56.37283706665039
48.95249557495117
31.579532623291016
46.999473571777344
44.342350006103516
44.39067459106445
53.33496856689453
34.572532653808594
42.69116973876953
53.06507873535156
33.81336212158203
45.5395622253418
38.96555709838867
26.81137466430664
49.34748840332031
35.911537170410156
34.69002151489258
39.00264358520508
48.26787185668945
24.98923683166504
30.152523040771484
33.053802490234375
32.85490036010742
34.968929290771484
84.84618377685547
57.498741149902344
24.86577606201172
37.158267974853516
27.35193634033203
35.578956604003906
48.461326599121094
30.60904884338379
38.290042877197266
43.77521896362305
50.57991409301758
50.77190017700195
44.5771369934082
33.93568801879883
42.22418975830078
51.818058013916016
43.01112365722656
27.50754165649414
36.428367614746094
15.426224708557129
46.60738754272461
36.582252502441406
37.804203033447266
39.96229934692383
31.695354461669922
34.466041564941406
30.543169021606445
20.399805068969727
44.97354507446289
31.008193969726562
59.94123458862305
51.072471618652344
50.5677604675293
39.2851676940918
55.16233444213867
27.161170959472656
48.91020965576172
49.56281661987305
48.30996322631836
40.68385696411133
48.64119338989258
28.084335327148438
31.981420516967773
33.50408935546875
51.501075744628906
7.828629016876221
15.923967361450195
52.953853607177734
39.0307502746582
38.03568649291992
31.996591567993164
53.768924713134766
33.14780044555664
41.72606658935547
18.127368927001953
61.114810943603516
42.53273010253906
28.850656509399414
23.00786781311035
27.600128173828125
43.264766693115234
62.58311080932617
53.75410461425781
63.01115417480469
18.413509368896484
67.82422637939453
26.179868698120117
26.288616180419922
38.058448791503906
61.40580749511719
52.23887634277344
39.674747467041016
62.98904037475586
36.76400375366211
46.56861114501953
53.10353469848633
33.07229995727539
39.344539642333984
46.672950744628906
37.11106491088867
32.71704864501953
54.32373809814453
55.69222640991211
51.13819885253906
42.39059066772461
43.38543701171875
23.441978454589844
45.456459045410156
29.718280792236328
32.118141174316406
40.86228942871094
31.01626968383789
69.47045135498047
35.07985305786133
55.83294677734375
24.64400863647461
24.681072235107422
32.4232177734375
26.605998992919922
47.48106384277344
64.42737579345703
30.362489700317383
42.747474670410156
29.112504959106445
14.582701683044434
63.5495491027832
47.661041259765625
51.36909103393555
43.718082427978516
17.19569206237793
30.244565963745117
30.931203842163086
39.75060272216797
21.52296257019043
30.7007999420166
41.922691345214844
29.854291915893555
31.09865379333496
29.215293884277344
22.409870147705078
33.845584869384766
56.81927490234375
58.02410125732422
25.030948638916016
47.43545150756836
40.56593704223633
37.13035202026367
18.119091033935547
25.748733520507812
23.773584365844727
43.9113883972168
41.774330139160156
34.219398498535156
47.73041915893555
8.506561279296875
52.894996643066406
40.494407653808594
31.813270568847656
51.12124252319336
41.01982879638672
34.390010833740234
27.031246185302734
38.371639251708984
13.835817337036133
27.109893798828125
32.511714935302734
26.044300079345703
41.23414611816406
33.88946533203125
15.862861633300781
16.277027130126953
38.65056610107422
21.204299926757812
21.297937393188477
39.61247253417969
51.17409133911133
16.46213722229004
27.199655532836914
40.81748580932617
45.39307403564453
35.123409271240234
35.25200653076172
85.05039978027344
21.858278274536133
40.07493209838867
36.67613983154297
34.754859924316406
53.32857131958008
66.06427764892578
49.816741943359375
17.96100616455078
41.0237922668457
15.916922569274902
47.73692321777344
52.767948150634766
35.91841125488281
41.08131790161133
47.31858825683594
36.60801315307617
32.58325958251953
31.694305419921875
55.06008529663086
38.63237762451172
21.511804580688477
36.39657974243164
35.5610237121582
42.92470932006836
40.813812255859375
29.341384887695312
20.961627960205078
46.34291076660156
35.58363342285156
49.88701248168945
26.755252838134766
36.721981048583984
16.50817108154297
20.589366912841797
42.349979400634766
22.096256256103516
41.066810607910156
20.485210418701172
43.631065368652344
28.556133270263672
45.98554229736328
53.25822830200195
69.67816162109375
50.06955337524414
35.45083236694336
33.25873947143555
31.323028564453125
51.79347610473633
27.19904327392578
43.667236328125
25.882780075073242
35.098140716552734
27.38224220275879
48.33406066894531
26.273649215698242
44.803489685058594
47.74443054199219
56.602420806884766
40.96110916137695
22.164505004882812
33.194034576416016
50.16190719604492
33.11111831665039
31.974946975708008
44.70249557495117
51.71696090698242
17.793468475341797
36.80702590942383
44.98960494995117
55.334877014160156
28.019302368164062
16.817569732666016
33.061981201171875
24.631528854370117
50.54157257080078
27.4183349609375
65.08409118652344
34.896812438964844
30.828231811523438
32.69934844970703
44.07212829589844
35.14533615112305
45.36145782470703
46.635215759277344
51.70219039916992
58.05802917480469
50.835506439208984
28.20974349975586
30.12601661682129
46.173828125
29.23192024230957
33.078731536865234
50.11082458496094
58.222808837890625
44.30691909790039
33.52694320678711
28.040973663330078
19.406883239746094
24.019989013671875
38.13605880737305
16.034006118774414
38.1219482421875
30.31818199157715
41.9384651184082
46.54510498046875
18.591339111328125
31.722564697265625
24.077863693237305
20.31224250793457
40.31113052368164
41.69664764404297
32.547000885009766
43.95174026489258
60.99147415161133
33.878631591796875
50.4861946105957
50.63991928100586
39.969017028808594
30.62575912475586
39.93648147583008
44.1529655456543
30.36002540588379
52.11899185180664
24.168031692504883
28.08368682861328
40.14192581176758
50.112281799316406
23.044347763061523
53.458045959472656
38.13096237182617
41.338802337646484
44.00208282470703
81.63346099853516
38.05018997192383
10.836057662963867
55.3948860168457
44.054866790771484
55.187355041503906
63.13666915893555
45.82499313354492
32.82785415649414
41.074615478515625
33.97416687011719
26.75467300415039
18.085111618041992
33.757110595703125
47.35593795776367
17.124919891357422
24.657983779907227
19.758695602416992
33.87000274658203
36.844356536865234
46.004390716552734
23.321319580078125
36.102264404296875
52.83473587036133
50.25027847290039
21.1663761138916
45.14950180053711
26.458402633666992
37.705650329589844
30.68678855895996
37.69325637817383
50.32851791381836
40.808998107910156
58.80499267578125
47.144412994384766
55.56490707397461
28.146989822387695
26.29684829711914
38.33440399169922
28.489988327026367
41.110565185546875
47.59102249145508
29.345806121826172
24.337154388427734
25.28676414489746
38.721946716308594
60.26688003540039
26.683284759521484
35.60927963256836
36.8245964050293
35.58941650390625
56.25130081176758
57.11296844482422
32.9641227722168
50.81311798095703
37.60831832885742
35.074241638183594
34.26393127441406
42.31976318359375
56.75069808959961
16.964536666870117
10.989128112792969
23.079261779785156
27.308753967285156
47.17311096191406
20.875364303588867
65.96113586425781
29.048128128051758
22.021360397338867
52.54237747192383
32.563720703125
42.731544494628906
29.940366744995117
35.408531188964844
33.480812072753906
21.166452407836914
30.858978271484375
35.7711067199707
22.85397720336914
25.38104820251465
25.51701545715332
35.82228469848633
15.511603355407715
30.834941864013672
36.03873825073242
39.47688674926758
33.87776184082031
37.168357849121094
31.956329345703125
44.763755798339844
38.49930191040039
15.555752754211426
30.536149978637695
22.94797134399414
48.425106048583984
20.746376037597656
34.317779541015625
35.14316177368164
32.139530181884766
21.478830337524414
53.16263961791992
33.9053955078125
31.539875030517578
52.0974006652832
59.77974319458008
50.647911071777344
24.546558380126953
48.53512954711914
23.566265106201172
35.806671142578125
50.60871505737305
46.01163864135742
29.551284790039062
48.510921478271484
27.0909423828125
67.04846954345703
37.33492660522461
33.459163665771484
52.49320602416992
24.5842342376709
23.031076431274414
49.989295959472656
43.52532196044922
36.765769958496094
44.40533447265625
22.194766998291016
20.869857788085938
43.4683952331543
15.639781951904297
34.95615005493164
60.558746337890625
47.62540054321289
50.17035675048828
51.20396041870117
42.221710205078125
64.69801330566406
54.74370574951172
51.4586067199707
31.263988494873047
26.14164924621582
36.779296875
30.132421493530273
39.869850158691406
25.72089195251465
39.50269317626953
28.489667892456055
44.259742736816406
39.22164535522461
58.04360580444336
28.8698673248291
46.776641845703125
38.11307907104492
50.14011764526367
43.09410858154297
30.39927864074707
57.801673889160156
42.38267517089844
32.450801849365234
52.12378692626953
39.3846435546875
37.51704406738281
28.800874710083008
50.420806884765625
52.90354537963867
18.700523376464844
41.14383316040039
24.40094566345215
46.77876663208008
49.19206619262695
42.378257751464844
32.193851470947266
28.2454776763916
38.97651672363281
30.540363311767578
43.4088249206543
27.907512664794922
48.78050994873047
18.324129104614258
43.14491271972656
40.868011474609375
44.260738372802734
26.092262268066406
39.02741622924805
48.43632507324219
51.720420837402344
22.140727996826172
28.19076919555664
38.0499267578125
46.67911148071289
8.648468971252441
35.98099899291992
31.34476661682129
42.5313720703125
38.110374450683594
48.48344039916992
39.565467834472656
35.05262756347656
39.625282287597656
49.80786895751953
30.565093994140625
35.50428009033203
44.09148025512695
44.87179183959961
29.225879669189453
38.15282440185547
37.741302490234375
25.123403549194336
29.39623260498047
25.800838470458984
34.28032684326172
41.60355758666992
43.76883316040039
32.17172622680664
69.91641998291016
54.10774612426758
18.76236343383789
19.783859252929688
34.17539978027344
37.46976089477539
68.28669738769531
49.84171676635742
45.8226318359375
58.249183654785156
43.43938446044922
41.634559631347656
30.807193756103516
39.77722930908203
45.492340087890625
65.04779815673828
22.741487503051758
22.290998458862305
49.47429275512695
19.370481491088867
47.840423583984375
52.85673141479492
54.5859489440918
12.548550605773926
44.338623046875
24.985700607299805
36.720863342285156
71.4288330078125
59.15226364135742
36.36553955078125
12.885026931762695
20.950620651245117
25.277193069458008
42.947330474853516
52.10991287231445
19.07257652282715
37.606361389160156
41.023983001708984
42.30744171142578
30.953611373901367
48.21773910522461
49.3647575378418
17.01205825805664
62.19459533691406
44.34782791137695
13.667448997497559
41.03498458862305
44.0667724609375
17.955482482910156
13.408686637878418
41.766258239746094
48.248870849609375
22.071115493774414
29.398080825805664
30.46047592163086
31.68568992614746
37.411529541015625
41.44723129272461
19.670957565307617
37.35536193847656
13.108007431030273
51.216739654541016
38.46442794799805
59.532833099365234
29.870500564575195
46.18685531616211
17.474287033081055
45.4958610534668
35.091346740722656
49.65998458862305
42.776161193847656
37.256900787353516
45.255882263183594
69.9759521484375
51.8687629699707
36.29063034057617
56.687110900878906
42.8565788269043
21.821443557739258
49.38825225830078
28.24295997619629
24.955223083496094
26.67323875427246
28.132831573486328
48.3733024597168
59.663639068603516
38.75746154785156
16.35466766357422
40.027828216552734
55.709903717041016
34.210628509521484
39.380210876464844
70.23186492919922
23.022483825683594
45.11597442626953
36.918495178222656
40.505958557128906
51.185455322265625
37.36526870727539
31.757577896118164
37.576805114746094
48.319644927978516
47.17831039428711
32.5830192565918
35.27582931518555
41.405555725097656
27.192794799804688
14.463604927062988
21.580888748168945
32.675994873046875
76.44380950927734
57.55242156982422
29.223896026611328
45.51641845703125
45.50345993041992
77.73252868652344
32.16952133178711
20.044017791748047
67.515380859375
43.34568405151367
34.9582633972168
40.71624755859375
30.964319229125977
60.02180099487305
41.28041458129883
15.085326194763184
49.42353439331055
53.56391143798828
22.302810668945312
49.78583908081055
52.94591522216797
19.21041488647461
67.54238891601562
29.301895141601562
45.48503494262695
47.63418960571289
55.863006591796875
41.050201416015625
20.420608520507812
86.93948364257812
41.235111236572266
37.9043083190918
26.422916412353516
31.1049861907959
48.98479461669922
43.47534942626953
33.6123161315918
34.629947662353516
47.5271110534668
24.1469669342041
26.799041748046875
51.20718765258789
22.992277145385742
25.37350082397461
43.61289596557617
37.50880432128906
42.71074295043945
52.26395797729492
64.06417083740234
36.163719177246094
66.01444244384766
56.75619888305664
43.17111587524414
36.1359977722168
8.458263397216797
56.38039779663086
42.4262809753418
27.45043182373047
30.437435150146484
43.8919563293457
37.40904235839844
30.92833709716797
57.70298767089844
37.51042938232422
16.72393035888672
27.92397689819336
29.32019805908203
50.33578109741211
44.42559051513672
48.34907913208008
47.023563385009766
60.30793762207031
48.0931510925293
53.983280181884766
29.363162994384766
59.48136520385742
13.02888298034668
55.0930290222168
62.289424896240234
44.50823211669922
54.008140563964844
44.7157096862793
40.794105529785156
23.047788619995117
38.15232849121094
13.58572769165039
12.954313278198242
45.198814392089844
52.58945083618164
45.72092819213867
64.62574005126953
43.7110710144043
51.03815460205078
33.24235916137695
15.869878768920898
55.12010192871094
57.341819763183594
17.464513778686523
66.66120147705078
33.01362228393555
56.152137756347656
39.4069938659668
27.787763595581055
17.15003204345703
51.42399215698242
44.946617126464844
8.015854835510254
61.838714599609375
30.964160919189453
25.435657501220703
42.48812484741211
38.61383819580078
23.013418197631836
34.61786651611328
32.70899200439453
53.60087203979492
70.32333374023438
37.26958084106445
23.91429901123047
35.208717346191406
53.826412200927734
48.49562072753906
23.68559455871582
63.21544647216797
26.785850524902344
45.685218811035156
16.437801361083984
61.274505615234375
43.855125427246094
36.67959976196289
49.480079650878906
43.466148376464844
32.71223831176758
48.30167770385742
12.803604125976562
87.43052673339844
40.5467529296875
43.920433044433594
25.30545997619629
42.7503547668457
31.65049171447754
32.16044235229492
25.09609603881836
24.699928283691406
36.35363006591797
44.706382751464844
21.873743057250977
42.24931335449219
22.134740829467773
43.48464584350586
46.16451644897461
47.03838348388672
39.04667663574219
59.496070861816406
50.87446212768555
43.6602783203125
39.25227737426758
15.92794132232666
33.42594528198242
43.27997589111328
29.5140438079834
66.53279113769531
40.129695892333984
31.183595657348633
33.29296112060547
41.263004302978516
45.28226089477539
30.581645965576172
32.60822296142578
41.40989685058594
45.632625579833984
29.29081916809082
14.76179027557373
39.97890853881836
26.660436630249023
41.356998443603516
37.13526916503906
28.23577117919922
40.38251495361328
20.21710205078125
45.407596588134766
38.01966857910156
46.2573127746582
25.507156372070312
55.34651565551758
44.55070114135742
57.7784423828125
19.55528450012207
54.36880874633789
31.09132957458496
25.76133155822754
30.674518585205078
28.063121795654297
40.522743225097656
22.94904327392578
43.55766677856445
18.732975006103516
36.789794921875
21.15631675720215
25.33725357055664
42.87633514404297
26.56060028076172
51.17448425292969
36.35099411010742
52.054386138916016
11.38700008392334
47.57285690307617
56.25879669189453
69.87664031982422
44.07245635986328
50.53939437866211
25.857961654663086
30.129589080810547
20.596603393554688
9.374181747436523
43.89833450317383
35.737266540527344
13.190025329589844
39.645301818847656
28.724538803100586
25.51129913330078
54.701900482177734
40.21045684814453
28.83164405822754
39.63657760620117
33.241573333740234
24.771259307861328
70.64315032958984
22.38888931274414
13.88110065460205
15.206807136535645
35.18511962890625
18.00990104675293
24.855003356933594
24.99169158935547
20.537263870239258
47.46864318847656
36.55307388305664
37.41518783569336
10.468531608581543
15.371012687683105
43.40240478515625
41.06705093383789
38.63732147216797
66.43358612060547
59.35962677001953
35.69349670410156
40.667503356933594
36.681644439697266
38.73686218261719
33.71577072143555
44.82123947143555
53.22613525390625
24.69641876220703
24.152524948120117
32.98497009277344
25.826904296875
36.708492279052734
31.092382431030273
43.981201171875
28.94970703125
39.14811325073242
33.75339889526367
35.908531188964844
47.51594543457031
34.931846618652344
39.4820671081543
46.7161979675293
29.71640968322754
35.00297927856445
21.71343421936035
30.345977783203125
33.395362854003906
18.289098739624023
40.7940788269043
20.528596878051758
33.1136474609375
36.65928268432617
36.56938934326172
35.50458908081055
16.952043533325195
40.156410217285156
50.306365966796875
50.310794830322266
51.102073669433594
47.39509582519531
43.38650131225586
37.4244384765625
64.30557250976562
40.20050811767578
40.55711364746094
23.38100814819336
40.14484786987305
35.22068405151367
40.06755065917969
46.53635025024414
51.96089172363281
42.98892593383789
37.006690979003906
27.82999038696289
19.015727996826172
39.623661041259766
30.390241622924805
46.494991302490234
16.516496658325195
30.385133743286133
47.471439361572266
31.832149505615234
30.136198043823242
41.797325134277344
58.428321838378906
16.779891967773438
40.732887268066406
34.55253601074219
52.42715835571289
24.335145950317383
70.01829528808594
37.9633903503418
33.63958740234375
81.59341430664062
50.447242736816406
21.1202449798584
60.58243942260742
52.41427993774414
29.276321411132812
58.69127655029297
24.04861068725586
25.92707633972168
25.729413986206055
45.71117401123047
28.07915496826172
42.664127349853516
35.733062744140625
30.689708709716797
33.91324996948242
44.27756881713867
43.330928802490234
77.58323669433594
62.3940544128418
17.835721969604492
30.779922485351562
26.73879623413086
51.530914306640625
37.00387191772461
33.32468795776367
26.504968643188477
46.97883605957031
43.58654022216797
50.54871368408203
22.25664710998535
34.08049011230469
57.484371185302734
29.326313018798828
38.521400451660156
22.1563720703125
65.28524780273438
35.22724151611328
55.657901763916016
23.203046798706055
65.7715835571289
66.71796417236328
28.656522750854492
36.489376068115234
29.305164337158203
16.80396842956543
9.654454231262207
33.9056396484375
42.573143005371094
28.238433837890625
23.131229400634766
48.99458694458008
33.629425048828125
49.714141845703125
30.914766311645508
33.00676727294922
41.17317199707031
22.261377334594727
50.01531219482422
42.96886444091797
60.159095764160156
63.45956802368164
24.05018424987793
31.29606819152832
45.05958557128906
24.23211669921875
32.070159912109375
39.888755798339844
34.80799102783203
37.523860931396484
59.34148025512695
13.928858757019043
34.75516891479492
19.921655654907227
38.6285400390625
50.0489616394043
36.79582214355469
57.940391540527344
43.77505874633789
42.18535232543945
50.97542190551758
36.105926513671875
42.39714431762695
28.17422866821289
16.930110931396484
47.498294830322266
53.159324645996094
64.75113677978516
39.599754333496094
28.516925811767578
39.87363815307617
24.648801803588867
60.92450714111328
21.878780364990234
48.57406997680664
42.728843688964844
44.6050910949707
33.21063995361328
22.547565460205078
29.314939498901367
32.01760482788086
39.34387969970703
23.56147575378418
30.44784927368164
34.32334899902344
55.82579040527344
26.539278030395508
30.141592025756836
14.450016021728516
31.6125431060791
32.751922607421875
34.33090591430664
39.3959846496582
51.04803466796875
57.422828674316406
43.32307434082031
60.692466735839844
16.027053833007812
47.01234436035156
39.54787063598633
41.211002349853516
26.484460830688477
33.49457550048828
45.19221878051758
63.44886016845703
61.20954132080078
29.274343490600586
26.285261154174805
39.64610290527344
40.992923736572266
35.665809631347656
36.030914306640625
19.86673927307129
46.67329025268555
34.365379333496094
22.172237396240234
31.64044952392578
73.34473419189453
32.92586898803711
54.7904167175293
35.516761779785156
51.11867141723633
49.04823684692383
21.675254821777344
60.554237365722656
34.01426315307617
43.6130485534668
56.942230224609375
30.63632583618164
29.426721572875977
67.92131805419922
35.26917266845703
37.72615432739258
31.777233123779297
21.932220458984375
31.28849983215332
28.757526397705078
23.40766716003418
34.27906036376953
48.459659576416016
35.47472381591797
43.28695297241211
52.78736114501953
45.22930145263672
48.34493637084961
43.17511749267578
28.743423461914062
32.976287841796875
51.39714050292969
39.6138916015625
16.20297622680664
34.026954650878906
40.51930236816406
29.17269515991211
57.85289764404297
21.08779525756836
21.163185119628906
24.409656524658203
55.62966537475586
13.063142776489258
42.41843032836914
37.485382080078125
23.480915069580078
38.96342086791992
34.51527786254883
32.34212875366211
33.045143127441406
24.307844161987305
23.964393615722656
26.01832389831543
32.739376068115234
51.00897979736328
49.70515823364258
28.572837829589844
13.942845344543457
27.33650016784668
28.82623863220215
37.840572357177734
35.83194351196289
61.176490783691406
19.574562072753906
27.946073532104492
44.751129150390625
24.116456985473633
26.588966369628906
44.26757049560547
22.060089111328125
54.17812728881836
24.955196380615234
40.44405746459961
58.50691604614258
27.6143856048584
60.755558013916016
41.750244140625
30.7348690032959
36.75143814086914
41.69707489013672
51.77586364746094
22.965185165405273
44.96990966796875
31.1099853515625
35.941734313964844
46.03137969970703
34.000484466552734
38.914306640625
23.555831909179688
19.733600616455078
20.673521041870117
24.577983856201172
35.67115783691406
33.114566802978516
62.1685905456543
66.11941528320312
31.35909080505371
37.869598388671875
9.978050231933594
33.613746643066406
52.8303337097168
63.29584884643555
46.28557586669922
37.6959228515625
59.869876861572266
34.06705856323242
29.222843170166016
24.196651458740234
70.46044921875
35.63750457763672
14.836026191711426
27.293668746948242
31.756362915039062
41.856483459472656
37.650936126708984
45.66908264160156
41.79135513305664
34.39643859863281
26.56161880493164
15.629969596862793
30.192899703979492
41.6699333190918
24.445756912231445
41.99251937866211
39.920623779296875
41.282020568847656
13.449034690856934
16.570680618286133
33.189823150634766
38.15033721923828
39.406532287597656
38.23567581176758
61.2763786315918
31.892417907714844
46.438140869140625
43.34744644165039
34.80805206298828
31.707040786743164
38.96143341064453
29.707569122314453
48.07758331298828
19.371585845947266
30.663442611694336
57.253662109375
45.1558952331543
46.744049072265625
62.35212326049805
42.14313507080078
66.78846740722656
22.869367599487305
55.93950653076172
23.746295928955078
44.32291793823242
39.562923431396484
32.570377349853516
27.76123046875
33.48493957519531
31.624343872070312
50.09693908691406
41.7766227722168
29.990137100219727
25.067319869995117
32.02589797973633
31.74205780029297
23.071205139160156
37.48674392700195
38.3753662109375
24.927576065063477
44.458011627197266
28.394771575927734
22.6894588470459
41.454254150390625
33.856475830078125
37.482933044433594
9.966987609863281
23.15229034423828
58.15542221069336
41.486507415771484
54.580726623535156
39.765865325927734
22.55799674987793
33.134098052978516
40.436378479003906
44.88539123535156
24.3703670501709
32.93087387084961
14.785545349121094
54.025230407714844
50.24141311645508
34.699562072753906
33.14807891845703
46.6087532043457
32.720542907714844
49.9765625
31.86684799194336
10.606258392333984
39.30543899536133
37.827171325683594
30.43472671508789
17.7242374420166
33.41532516479492
25.686561584472656
42.703773498535156
54.95310592651367
23.85287857055664
73.6583251953125
23.459274291992188
37.14504623413086
20.744070053100586
45.631473541259766
31.657058715820312
29.989717483520508
55.29001235961914
53.16032791137695
43.706016540527344
41.296138763427734
59.61811828613281
26.745729446411133
36.08658218383789
33.346771240234375
40.75056838989258
42.21381378173828
52.03605651855469
31.988380432128906
49.17958068847656
13.713147163391113
24.789142608642578
26.344541549682617
30.2078800201416
47.08224105834961
37.715450286865234
46.10039138793945
23.50121307373047
60.731937408447266
68.48736572265625
40.966976165771484
24.302431106567383
32.931400299072266
43.3258056640625
80.93217468261719
40.96773910522461
52.71586227416992
18.44373893737793
59.18581771850586
42.695369720458984
23.73189926147461
40.6954231262207
13.46298599243164
51.675167083740234
34.544822692871094
42.74515914916992
29.61634063720703
42.70811080932617
34.90243911743164
42.770145416259766
55.4576530456543
25.941875457763672
27.452686309814453
21.42520523071289
53.845062255859375
26.542926788330078
37.839561462402344
12.64387035369873
15.585742950439453
18.479467391967773
50.42900848388672
21.452861785888672
39.43840026855469
47.358238220214844
45.60479736328125
41.93281555175781
46.799964904785156
29.34067153930664
38.87738037109375
61.23261642456055
45.533592224121094
12.021431922912598
40.2210578918457
55.56696319580078
29.908992767333984
22.057292938232422
28.967727661132812
26.600242614746094
46.44396209716797
37.78012466430664
33.302207946777344
43.924530029296875
37.489166259765625
39.46525192260742
42.01765441894531
39.43318176269531
12.868703842163086
35.04475402832031
59.79360580444336
28.583457946777344
40.69078063964844
21.75851821899414
33.33445739746094
37.90867614746094
36.19500732421875
40.32872772216797
32.225154876708984
32.40645217895508
35.37974548339844
23.22861099243164
41.758052825927734
14.238241195678711
54.209869384765625
35.81071853637695
35.76004409790039
18.106273651123047
37.47903060913086
44.57642364501953
17.43684959411621
22.513626098632812
58.1346549987793
17.429702758789062
8.058823585510254
68.44279479980469
39.396907806396484
26.456884384155273
41.92921829223633
41.763648986816406
53.230262756347656
18.008129119873047
68.75849151611328
14.534866333007812
37.369449615478516
48.90842056274414
44.59433364868164
32.702728271484375
16.971534729003906
49.43116760253906
58.14237594604492
81.3664321899414
31.516490936279297
27.049232482910156
29.96918487548828
48.83427810668945
37.30783462524414
36.501258850097656
13.303943634033203
46.04820251464844
59.583343505859375
30.232513427734375
30.285181045532227
44.68526077270508
37.9732780456543
47.813072204589844
46.638572692871094
36.20399475097656
46.8494758605957
33.755157470703125
43.48473358154297
25.874042510986328
50.898292541503906
13.313801765441895
26.88370704650879
28.349912643432617
24.94597816467285
52.578895568847656
24.1367244720459
55.404388427734375
38.54641342163086
42.92900848388672
39.466407775878906
33.257850646972656
23.753089904785156
42.61037826538086
48.98004913330078
59.9295539855957
46.81378173828125
32.41496276855469
37.27910614013672
28.800861358642578
55.69659423828125
55.2430305480957
35.96937561035156
51.72157287597656
12.713333129882812
44.71832275390625
35.31333923339844
53.25681686401367
37.369972229003906
41.7762451171875
57.46942901611328
37.64842987060547
23.328954696655273
15.062371253967285
24.147600173950195
35.72213363647461
76.98434448242188
56.688720703125
38.19739532470703
55.50579071044922
21.886749267578125
65.0121078491211
35.56809616088867
13.566819190979004
45.111228942871094
24.214706420898438
42.41471481323242
27.95713996887207
43.41801834106445
40.5047607421875
25.987276077270508
14.176589012145996
39.53264617919922
59.35154342651367
33.7809944152832
31.01407814025879
27.177738189697266
21.230833053588867
61.511474609375
33.447975158691406
32.793235778808594
37.01356887817383
41.28677749633789
66.72064971923828
32.90625
28.216676712036133
32.31304931640625
55.02371597290039
30.923776626586914
38.38724899291992
60.20930099487305
54.89666748046875
45.911685943603516
52.982608795166016
57.350799560546875
57.01960754394531
37.11783218383789
34.60789489746094
23.324243545532227
34.281070709228516
41.811527252197266
33.483436584472656
28.162120819091797
22.06342887878418
53.584442138671875
27.504718780517578
53.25461196899414
57.579280853271484
34.43562698364258
29.19007110595703
57.96176528930664
44.26906204223633
29.37977409362793
18.68960952758789
61.1383056640625
58.45027542114258
39.48484802246094
53.2452278137207
28.586278915405273
23.670305252075195
26.4180965423584
33.572914123535156
39.08098220825195
36.896018981933594
46.042964935302734
40.350746154785156
63.83671951293945
30.097097396850586
36.45226287841797
26.85923194885254
29.257360458374023
61.79884719848633
28.124914169311523
43.34739303588867
31.221208572387695
49.100128173828125
28.406801223754883
47.05250930786133
33.85966491699219
45.01850509643555
22.796422958374023
32.058109283447266
28.057079315185547
46.878658294677734
32.294254302978516
26.911334991455078
58.442413330078125
43.96310806274414
30.78893280029297
35.34925842285156
37.29954147338867
41.153358459472656
37.40401077270508
37.723915100097656
45.76191329956055
47.273746490478516
55.948097229003906
43.23203659057617
41.67338562011719
48.117347717285156
38.548709869384766
34.760398864746094
34.24310302734375
25.014820098876953
37.052894592285156
20.881006240844727
42.93976593017578
43.53447723388672
35.5123291015625
41.025997161865234
37.873619079589844
59.81135177612305
26.684335708618164
80.6750717163086
28.615520477294922
44.35114669799805
28.338735580444336
22.302078247070312
53.57436752319336
25.965513229370117
11.022634506225586
39.76424789428711
26.07832145690918
39.78254699707031
48.89582061767578
36.37961959838867
18.030921936035156
12.661015510559082
17.426881790161133
22.974271774291992
36.801212310791016
31.931486129760742
52.46223068237305
25.723161697387695
47.22288513183594
39.106040954589844
28.860816955566406
26.94305992126465
56.71807098388672
34.97468948364258
22.10017204284668
44.81223678588867
44.738990783691406
46.83193588256836
35.81040573120117
42.047157287597656
32.3482780456543
17.112171173095703
43.03327178955078
32.88722229003906
50.97365951538086
29.38791275024414
22.037399291992188
27.65737533569336
55.50496292114258
10.74725341796875
59.892398834228516
24.289234161376953
43.75511932373047
25.34956932067871
67.78712463378906
48.799827575683594
38.50522994995117
29.367502212524414
30.989519119262695
33.16362762451172
47.60765075683594
14.022299766540527
48.02111053466797
45.6016845703125
48.25876235961914
42.878170013427734
30.42801284790039
23.260822296142578
26.123979568481445
32.161376953125
37.093135833740234
46.436134338378906
60.440528869628906
34.18916320800781
28.269657135009766
29.78834342956543
17.515636444091797
50.28752899169922
48.58174133300781
32.6949348449707
56.06013870239258
72.82784271240234
34.743709564208984
31.67243003845215
34.08479309082031
41.20176696777344
48.88438415527344
38.993370056152344
67.38446807861328
14.786750793457031
62.351585388183594
47.41874313354492
35.01062774658203
43.405704498291016
47.10093688964844
26.259628295898438
59.20928192138672
60.240718841552734
37.712894439697266
35.24973678588867
61.27128219604492
25.363609313964844
25.778118133544922
24.65337562561035
38.597415924072266
58.81272506713867
20.01358413696289
40.79802322387695
19.678443908691406
35.47963333129883
32.602882385253906
35.894779205322266
46.18897247314453
70.63687133789062
44.343231201171875
24.385622024536133
40.750953674316406
23.019813537597656
48.63848114013672
24.309001922607422
39.816162109375
41.7864875793457
25.71849822998047
24.892337799072266
38.02882385253906
33.76640319824219
31.15133285522461
25.719985961914062
27.340288162231445
56.40170669555664
40.13882827758789
33.289363861083984
77.33954620361328
79.20457458496094
36.051353454589844
58.2277946472168
40.94972610473633
35.25404357910156
18.98885726928711
66.17626190185547
45.13564682006836
17.857419967651367
29.786361694335938
32.952049255371094
31.584379196166992
48.068241119384766
41.700435638427734
38.874290466308594
42.23814392089844
89.013916015625
64.85394287109375
61.125770568847656
47.692352294921875
64.06300354003906
20.32769775390625
50.38381576538086
47.784446716308594
25.895145416259766
27.783771514892578
35.8176155090332
56.091732025146484
12.533390045166016
36.18328094482422
43.66543197631836
41.194541931152344
30.086267471313477
24.174236297607422
44.70960998535156
56.396175384521484
40.800384521484375
48.11660385131836
35.140926361083984
44.04594039916992
17.904991149902344
34.75540542602539
21.90303611755371
55.64339828491211
26.660579681396484
59.84883499145508
35.12137222290039
23.91472625732422
27.748737335205078
37.461082458496094
27.34088706970215
43.609378814697266
61.28837966918945
39.970760345458984
38.74033737182617
17.184825897216797
35.85295104980469
29.166234970092773
51.70038604736328
30.32881736755371
61.47710037231445
47.23664474487305
14.25707721710205
27.510190963745117
53.6899299621582
66.71842193603516
30.331729888916016
22.360633850097656
50.85356521606445
34.810035705566406
29.16855812072754
55.877593994140625
12.070405960083008
46.77349090576172
61.87774658203125
58.406890869140625
28.762836456298828
32.16799545288086
31.276958465576172
45.50555419921875
61.09681701660156
14.937612533569336
23.5493221282959
54.12499237060547
41.51768112182617
27.681407928466797
38.265071868896484
39.34831237792969
25.321226119995117
51.8236198425293
31.16983985900879
61.64059829711914
30.160354614257812
70.90104675292969
13.326061248779297
34.082027435302734
37.244537353515625
51.081661224365234
28.513118743896484
67.49022674560547
47.429527282714844
26.651105880737305
34.24412536621094
31.722015380859375
40.31010818481445
20.044288635253906
39.59248352050781
65.4703140258789
28.287845611572266
11.642144203186035
61.99341583251953
15.091741561889648
68.9346923828125
33.475948333740234
50.263023376464844
42.41933059692383
18.1665096282959
50.40380859375
37.005943298339844
53.45875549316406
45.12797164916992
27.814973831176758
40.12075424194336
8.514832496643066
24.147550582885742
40.22819137573242
42.76715850830078
53.91469955444336
48.138309478759766
23.836631774902344
49.69327926635742
56.936927795410156
37.05176544189453
31.989971160888672
44.670799255371094
39.41039276123047
44.18476104736328
33.90201187133789
50.19000244140625
43.82254409790039
26.283361434936523
45.61608123779297
28.355667114257812
26.20020866394043
55.620025634765625
15.470284461975098
28.046794891357422
23.177278518676758
48.4400634765625
12.303227424621582
31.89240264892578
33.31711959838867
37.270591735839844
32.99749755859375
33.625709533691406
63.38300704956055
22.194198608398438
31.295761108398438
19.85674476623535
43.590267181396484
40.7701530456543
23.173078536987305
38.2578239440918
17.53528594970703
57.89990997314453
51.591209411621094
44.373809814453125
35.076541900634766
45.15597915649414
22.308860778808594
49.984169006347656
42.602237701416016
28.818628311157227
41.05419921875
28.648500442504883
50.396522521972656
29.2562313079834
34.790470123291016
58.111534118652344
56.69345474243164
31.965805053710938
51.938045501708984
43.14633560180664
34.879234313964844
59.761348724365234
36.19303894042969
31.93708038330078
30.599863052368164
55.40701675415039
40.11902618408203
19.523088455200195
41.03434753417969
11.518572807312012
32.676536560058594
30.529766082763672
17.103578567504883
42.7663459777832
20.980907440185547
30.64577293395996
27.2397518157959
58.53992462158203
47.13752746582031
13.391124725341797
37.191097259521484
54.38291931152344
49.69328308105469
26.366146087646484
35.00433349609375
22.10219955444336
29.44795036315918
39.86662673950195
30.917072296142578
32.588600158691406
65.48103332519531
50.111270904541016
65.16395568847656
30.48579216003418
53.29616928100586
22.667564392089844
46.519229888916016
41.503883361816406
42.04458236694336
53.39727020263672
24.647998809814453
26.06917953491211
52.55131912231445
59.96922302246094
34.7646484375
6.570420265197754
38.621639251708984
21.739931106567383
57.2080192565918
45.346805572509766
28.926300048828125
41.117431640625
47.098262786865234
38.98146057128906
48.03562927246094
26.285112380981445
61.93711853027344
51.89519500732422
18.102069854736328
21.28040313720703
39.35702896118164
53.64982986450195
36.79666519165039
32.298519134521484
37.831336975097656
45.70661926269531
45.96316146850586
22.111019134521484
43.64527130126953
41.19636917114258
50.510093688964844
9.321333885192871
23.260452270507812
37.714927673339844
50.685020446777344
31.103973388671875
40.209259033203125
37.96285629272461
21.096460342407227
26.94719696044922
40.415069580078125
50.19227600097656
30.758907318115234
38.553592681884766
33.063865661621094
12.221619606018066
48.892452239990234
49.53120040893555
61.11235046386719
54.343284606933594
36.662967681884766
40.061588287353516
55.02183151245117
19.229990005493164
52.925994873046875
35.16816329956055
38.78593826293945
22.833538055419922
25.920215606689453
55.73971176147461
57.87471389770508
46.46638488769531
39.80805587768555
46.18613052368164
53.26850128173828
68.41051483154297
52.96309280395508
11.366351127624512
38.06993103027344
39.2912483215332
61.89132308959961
39.717323303222656
56.42146301269531
36.1237678527832
9.108959197998047
27.584732055664062
22.810575485229492
39.02783966064453
39.31602096557617
42.281410217285156
26.953420639038086
26.282175064086914
43.304161071777344
44.00367736816406
51.57628631591797
39.36354446411133
32.765350341796875
37.550689697265625
49.86281967163086
81.21814727783203
59.57503890991211
35.02566909790039
45.60017395019531
58.70689392089844
34.01363754272461
45.286903381347656
19.810741424560547
44.229801177978516
34.8648567199707
16.541406631469727
32.917213439941406
35.269493103027344
33.387001037597656
21.45144271850586
33.08672332763672
32.6224479675293
24.640216827392578
39.60316848754883
13.411819458007812
28.61916160583496
11.394567489624023
55.58332824707031
6.296863555908203
23.69160270690918
24.642520904541016
43.45109558105469
53.624794006347656
11.609962463378906
46.71430587768555
24.042787551879883
24.99618911743164
67.95410919189453
33.002906799316406
24.736501693725586
44.96248245239258
33.26108932495117
50.95103073120117
46.50544738769531
54.817665100097656
56.40065002441406
10.063820838928223
32.888423919677734
50.373435974121094
69.73615264892578
37.84239196777344
39.12881851196289
34.67311096191406
23.40083122253418
27.29607391357422
40.6905403137207
39.0623779296875
34.79479217529297
29.36423110961914
45.508358001708984
27.041685104370117
25.466407775878906
28.390363693237305
64.26996612548828
25.8118896484375
38.51004409790039
38.009315490722656
21.94691276550293
33.24662780761719
36.01321029663086
57.90058135986328
25.76102066040039
35.51160430908203
59.25223922729492
18.908220291137695
35.83737564086914
24.68812370300293
40.7904167175293
12.874091148376465
47.70151901245117
34.30909729003906
42.77048110961914
47.7713737487793
51.666656494140625
52.19609451293945
48.94518280029297
22.195404052734375
40.1729736328125
34.88713073730469
32.71861267089844
3.254969358444214
21.435054779052734
68.02864074707031
24.669681549072266
25.897417068481445
31.853858947753906
51.56598663330078
18.520557403564453
15.902779579162598
60.27829360961914
44.127906799316406
45.41853713989258
30.690183639526367
34.92030715942383
38.467933654785156
66.69548797607422
21.15320587158203
55.191402435302734
57.182674407958984
35.931976318359375
44.640350341796875
16.686885833740234
31.36855125427246
54.83064270019531
40.64985656738281
62.36420440673828
38.97718048095703
48.34156036376953
29.122957229614258
20.019628524780273
28.06649398803711
28.882179260253906
58.6263542175293
46.87903594970703
44.81346893310547
33.646995544433594
66.57154846191406
50.55792236328125
54.21399688720703
46.123416900634766
23.38042449951172
46.869911193847656
48.828453063964844
28.311769485473633
37.98948287963867
40.672630310058594
44.243717193603516
28.766443252563477
25.05023193359375
29.31910514831543
61.66670608520508
47.79100036621094
33.56196975708008
44.59927749633789
29.710914611816406
75.18325805664062
26.841276168823242
49.15855026245117
23.043853759765625
11.716753959655762
49.70375442504883
31.959962844848633
59.96706008911133
42.948917388916016
57.729000091552734
41.828697204589844
25.445781707763672
32.62797164916992
22.684675216674805
59.146759033203125
59.827117919921875
40.10191345214844
54.99332046508789
63.918243408203125
46.63805389404297
45.40454864501953
57.14350128173828
18.883682250976562
41.2761344909668
39.306861877441406
29.727903366088867
45.71388626098633
31.728538513183594
51.687625885009766
55.644588470458984
38.8116340637207
31.98563575744629
18.1173038482666
51.191829681396484
57.89362716674805
24.955707550048828
24.57137680053711
47.28343200683594
62.802879333496094
31.88522720336914
28.689128875732422
39.83240509033203
35.761409759521484
52.621761322021484
37.23016357421875
60.1370735168457
44.495269775390625
31.496810913085938
49.52710723876953
38.914276123046875
28.27557945251465
24.118375778198242
31.763656616210938
48.130123138427734
36.14642333984375
44.10503005981445
37.77579116821289
48.512542724609375
50.94466781616211
43.219566345214844
25.545928955078125
48.20573806762695
47.01927185058594
28.420541763305664
51.865455627441406
15.758431434631348
46.53831100463867
44.18604278564453
41.54397964477539
33.93082809448242
52.39946365356445
28.75130844116211
26.140575408935547
45.823429107666016
34.4760856628418
50.17073059082031
39.83043670654297
41.468814849853516
26.416948318481445
40.318603515625
33.93010330200195
53.258270263671875
34.35150146484375
18.91788673400879
44.59186935424805
19.297346115112305
45.5196647644043
19.64317512512207
22.096145629882812
32.60378646850586
50.01103210449219
18.312625885009766
26.537643432617188
37.40648651123047
51.30974197387695
45.153358459472656
38.18684387207031
46.36201858520508
40.92811584472656
63.68121337890625
31.815134048461914
20.8905086517334
41.74818420410156
32.951316833496094
39.559871673583984
50.6055908203125
60.97477340698242
63.85174560546875
57.333160400390625
23.49390411376953
44.719547271728516
32.15148162841797
53.61833190917969
49.53170394897461
57.78133773803711
29.234390258789062
27.00539207458496
34.82860565185547
33.85379409790039
30.258663177490234
56.810707092285156
33.79670333862305
16.63591766357422
62.55782699584961
45.3314208984375
37.22003173828125
21.820619583129883
48.934242248535156
39.862918853759766
17.528045654296875
47.202606201171875
37.2799072265625
30.987468719482422
77.84297943115234
69.42351531982422
35.416385650634766
48.62989807128906
38.09142303466797
53.272727966308594
47.05555725097656
20.033166885375977
29.622846603393555
36.730560302734375
52.259742736816406
59.80513381958008
44.13404846191406
50.18696594238281
53.84825134277344
34.6035041809082
44.76510238647461
38.21003341674805
51.937923431396484
40.833526611328125
29.420494079589844
42.752525329589844
35.88539123535156
43.33913803100586
27.6400089263916
9.71396255493164
18.768339157104492
50.442569732666016
68.51725006103516
34.84079360961914
25.79891014099121
37.73340606689453
8.815885543823242
42.40935516357422
57.107444763183594
40.08717727661133
36.98844909667969
43.662071228027344
27.223913192749023
51.06996154785156
34.549625396728516
47.34953308105469
22.372238159179688
34.18039321899414
68.55127716064453
50.863365173339844
31.274621963500977
25.997522354125977
49.5222282409668
43.38282775878906
25.770244598388672
61.373592376708984
48.41184616088867
28.132394790649414
34.37257385253906
36.13100814819336
20.073606491088867
35.156097412109375
12.927414894104004
50.59659957885742
44.813446044921875
31.916027069091797
59.840538024902344
34.86615753173828
73.2232437133789
33.53346633911133
41.86382293701172
41.967342376708984
60.93244171142578
42.20127487182617
43.590301513671875
37.54756164550781
43.78821563720703
47.35821533203125
40.12444305419922
25.895854949951172
25.40595054626465
30.99529457092285
35.99662399291992
35.51137924194336
46.20653533935547
44.38413619995117
28.56521224975586
21.359535217285156
23.141544342041016
28.608518600463867
34.47309875488281
53.23697280883789
32.55336380004883
45.446495056152344
35.84181594848633
22.857669830322266
49.685176849365234
48.07382583618164
16.055927276611328
54.916839599609375
21.428077697753906
38.014034271240234
42.39229965209961
29.090206146240234
54.02677917480469
36.33958053588867
23.61163330078125
27.85385513305664
30.270282745361328
24.638559341430664
58.69165802001953
39.78582000732422
41.78178405761719
37.26346206665039
69.90899658203125
52.823795318603516
39.118839263916016
60.94933319091797
40.62000274658203
39.72618865966797
30.863107681274414
23.47947883605957
46.239418029785156
52.476036071777344
41.37159729003906
56.516544342041016
30.928556442260742
20.964075088500977
47.3700065612793
38.31473922729492
33.597293853759766
39.196773529052734
57.86250686645508
48.934059143066406
43.86086654663086
48.18741226196289
43.73900604248047
53.7594108581543
29.034793853759766
63.02072525024414
20.981353759765625
33.92203903198242
36.870540618896484
36.92239761352539
33.60980987548828
60.32366943359375
42.73760986328125
61.72093200683594
29.47776985168457
19.904624938964844
49.94063949584961
27.585865020751953
34.255592346191406
48.15396499633789
28.874942779541016
31.257339477539062
36.89664077758789
45.20065689086914
28.979036331176758
58.28767776489258
45.24856185913086
17.85280418395996
57.9531364440918
25.134660720825195
43.82759094238281
22.308883666992188
39.803977966308594
49.617679595947266
32.98383712768555
31.006977081298828
46.73564529418945
39.09763717651367
50.06621551513672
34.32415771484375
21.372541427612305
25.431509017944336
41.589500427246094
48.70468521118164
32.97618103027344
42.86801528930664
33.098487854003906
49.174842834472656
12.72671890258789
40.458072662353516
38.25075912475586
2.9749033451080322
54.25782012939453
39.73018264770508
37.388973236083984
39.351593017578125
17.431283950805664
22.667545318603516
44.70891571044922
38.267921447753906
43.864402770996094
43.40763473510742
27.48530387878418
58.02669143676758
14.923356056213379
8.52318000793457
34.03363037109375
15.324868202209473
29.06562042236328
46.531166076660156
53.9326286315918
51.19504928588867
26.462512969970703
31.269460678100586
13.97615909576416
40.98984909057617
45.54444885253906
32.724266052246094
32.49264907836914
54.38548278808594
64.43328857421875
41.7842903137207
22.310293197631836
54.104515075683594
31.919954299926758
35.880489349365234
25.318397521972656
27.63007354736328
48.58758544921875
38.88438034057617
12.489649772644043
12.531454086303711
45.84517288208008
50.58330154418945
57.20176696777344
45.51426315307617
31.21202850341797
39.74140167236328
26.493831634521484
22.729328155517578
59.95151138305664
32.736175537109375
35.859962463378906
30.709421157836914
49.01408386230469
45.11354446411133
28.32172393798828
62.64884567260742
33.289974212646484
21.043001174926758
30.438737869262695
52.987125396728516
61.02739334106445
31.328840255737305
63.76783752441406
46.49935531616211
54.07991409301758
75.00071716308594
48.35456466674805
40.817291259765625
54.47404861450195
38.69318389892578
46.12651062011719
39.29182434082031
56.094154357910156
29.624858856201172
39.797176361083984
49.42961883544922
18.873512268066406
85.41277313232422
27.1900691986084
44.1567268371582
31.962339401245117
49.58808517456055
31.9462890625
38.08229064941406
41.473243713378906
48.21359634399414
25.807443618774414
36.54941177368164
26.09518814086914
33.93522262573242
54.12410354614258
27.821590423583984
16.691207885742188
47.98529815673828
20.32418441772461
24.639928817749023
34.432716369628906
30.360074996948242
34.29738235473633
25.732282638549805
46.895660400390625
14.819128036499023
23.60648536682129
36.05166244506836
44.65570068359375
44.03059768676758
25.667280197143555
33.875823974609375
22.343929290771484
24.412385940551758
33.347084045410156
40.14735412597656
35.751068115234375
41.88176727294922
19.018301010131836
39.21099090576172
56.93705368041992
35.12416458129883
32.57959747314453
16.52849769592285
26.89601707458496
30.055885314941406
26.946455001831055
27.105321884155273
39.587284088134766
33.68056106567383
16.786352157592773
34.399688720703125
22.38794708251953
23.034360885620117
40.95679473876953
42.346839904785156
13.36121654510498
28.312299728393555
31.330591201782227
39.24424743652344
46.84994888305664
34.777706146240234
44.578487396240234
25.448869705200195
30.753084182739258
23.331422805786133
60.071720123291016
49.6596794128418
70.16001892089844
44.6035270690918
47.12417221069336
22.829267501831055
