0.40550851821899414
3.022071599960327
0.24004429578781128
0.04210558533668518
1.3529099225997925
0.31301724910736084
0.08051618188619614
0.02554609812796116
0.1855171173810959
4.3297271728515625
0.3882816433906555
3.2008190155029297
0.02554510161280632
2.072471857070923
2.90854811668396
1.1474748849868774
0.6742398738861084
1.1931912899017334
0.9106253385543823
0.34600168466567993
0.018677834421396255
0.6903061270713806
2.754582643508911
0.5344157814979553
0.0322643406689167
2.920806884765625
0.19559888541698456
0.06697038561105728
0.34249502420425415
1.405450701713562
1.043380856513977
0.02063090354204178
4.818532943725586
0.7911152243614197
1.1014318466186523
0.8255961537361145
0.5985642671585083
0.10658729076385498
3.0246927738189697
0.005785834044218063
0.29265090823173523
7.018256664276123
0.02716253139078617
1.1447657346725464
0.3793904781341553
2.740065336227417
2.232896566390991
0.07025487720966339
0.7832988500595093
0.5993496775627136
0.01870804652571678
0.11390669643878937
0.10591412335634232
1.0738506317138672
0.5003849864006042
1.0143285989761353
0.2832784056663513
5.484568119049072
1.1332184076309204
0.08345727622509003
0.34918224811553955
0.037839584052562714
0.6024182438850403
0.017047444358468056
0.1621992588043213
0.3284997045993805
1.3886442184448242
0.38474905490875244
0.47553515434265137
0.266475111246109
0.3648613691329956
0.054216787219047546
3.560723066329956
2.571504831314087
0.559786319732666
1.096832513809204
0.24347245693206787
0.773430347442627
0.385134220123291
0.012092817574739456
0.4716182351112366
0.10257383435964584
0.7139492034912109
2.8931336402893066
0.42855632305145264
1.6315293312072754
0.568276047706604
4.142441272735596
0.8952690958976746
0.04632461071014404
1.6006972789764404
0.02885863184928894
0.12230300158262253
0.08072902262210846
0.37507960200309753
0.7623702883720398
0.04098843038082123
1.3432891368865967
0.06818839907646179
0.6763061285018921
0.7506284117698669
4.12303352355957
0.6376155614852905
0.7478957176208496
0.06508264690637589
1.3894233703613281
3.2900218963623047
0.13041724264621735
0.35660454630851746
1.0183311700820923
0.3444235920906067
0.062191903591156006
0.2447601854801178
0.4957900643348694
2.337209463119507
2.200856924057007
0.2464979737997055
2.6905736923217773
0.19921748340129852
1.8889118432998657
8.940811157226562
2.7447075843811035
6.687857627868652
0.10452771931886673
3.365929126739502
9.164775848388672
6.411019802093506
3.6046087741851807
0.2299632430076599
0.5605176091194153
2.6058952808380127
0.013340391218662262
1.133070945739746
0.03417573124170303
6.174191474914551
1.5783309936523438
0.051403798162937164
1.964536428451538
3.0884130001068115
0.23251891136169434
0.3927343189716339
0.0028712372295558453
1.1939911842346191
0.27985528111457825
0.25249332189559937
0.5565834641456604
0.48195022344589233
4.499577045440674
0.44056597352027893
1.7348461151123047
1.323310375213623
0.16159658133983612
0.29286909103393555
0.4277329444885254
0.2555030286312103
3.0443451404571533
2.611085891723633
0.013533635064959526
0.7133563756942749
0.0796770453453064
1.4198163747787476
2.502946376800537
0.9645042419433594
0.7729945182800293
1.052022099494934
0.2294473648071289
0.0259915329515934
0.6198237538337708
1.0986186265945435
3.1981403827667236
2.189980983734131
1.907640814781189
1.490525722503662
5.929067134857178
0.2238917052745819
0.5375346541404724
2.0775601863861084
0.02793494611978531
2.379258632659912
0.10591211915016174
1.5570263862609863
1.148826003074646
5.257439136505127
0.03870497643947601
0.007715359330177307
2.734525203704834
0.08831150084733963
0.02537284418940544
0.0035259502474218607
0.21742653846740723
4.106840133666992
0.11514996737241745
0.03168870136141777
0.06614334881305695
6.503437042236328
0.060227155685424805
9.25989818572998
0.071404367685318
0.06942124664783478
1.812171220779419
0.29778459668159485
0.7521507143974304
0.49630579352378845
0.5126883387565613
0.120154470205307
11.802401542663574
0.06587743759155273
0.28867220878601074
1.813794493675232
0.09730139374732971
0.07577639818191528
2.2242469787597656
0.3035426139831543
0.01791176199913025
0.7717964053153992
7.137239933013916
0.3987845182418823
1.6541104316711426
2.194802761077881
0.033135853707790375
0.08984886854887009
0.26679468154907227
1.6312861442565918
3.366272449493408
4.251513481140137
2.046874761581421
1.4267863035202026
0.03644941747188568
0.031805623322725296
0.2715150713920593
0.3567521274089813
3.2172505855560303
0.7124900221824646
0.38738420605659485
0.10872457921504974
0.19868719577789307
0.18426649272441864
1.5699462890625
0.38829511404037476
1.6598461866378784
0.3082142174243927
1.6473232507705688
0.04816959425806999
0.24841292202472687
0.8128052353858948
0.25908181071281433
0.2731406092643738
1.9010645151138306
0.1661061942577362
0.045505084097385406
4.34049129486084
1.1459133625030518
0.03266584873199463
0.4559074640274048
0.18497347831726074
2.52193546295166
0.5225837230682373
0.7806704044342041
2.2729122638702393
0.2741084098815918
0.14017781615257263
0.0983201116323471
0.04686756804585457
2.31357741355896
0.1591208279132843
1.297993779182434
0.900148868560791
0.07630576938390732
0.9137247800827026
0.25412845611572266
1.4009349346160889
0.16246354579925537
0.6299445629119873
2.4572272300720215
3.3431949615478516
0.12894286215305328
0.3197374939918518
0.007318784482777119
0.11972981691360474
0.12523862719535828
0.20582665503025055
0.13495784997940063
0.5409330725669861
1.7176039218902588
0.011121201328933239
0.01969698816537857
0.10400726646184921
2.526122570037842
0.05330787971615791
2.191594123840332
0.015101868659257889
0.2294391244649887
0.022525399923324585
0.9518862962722778
0.04099754989147186
0.007728118449449539
0.24759185314178467
1.1712586879730225
1.716835379600525
1.1460391283035278
2.5864126682281494
0.016460539773106575
2.8938393592834473
0.4836800694465637
0.25042980909347534
0.5112952589988708
0.19011850655078888
0.23937997221946716
0.2848207652568817
3.4743669033050537
0.24241046607494354
1.7256238460540771
0.21039459109306335
3.163591146469116
4.592930316925049
0.01884971745312214
3.768913745880127
0.6135685443878174
0.6474133133888245
2.2953591346740723
0.5785948634147644
0.6793621778488159
0.2049294412136078
0.2317100316286087
0.43257710337638855
0.22190190851688385
0.16132929921150208
0.5330579876899719
0.3479819595813751
1.3685868978500366
0.23390285670757294
3.4041907787323
0.6121906638145447
2.8147239685058594
0.7844836711883545
1.8082278966903687
0.058061178773641586
0.9084733724594116
2.3090267181396484
0.10156219452619553
0.1598389744758606
4.822940349578857
0.5922869443893433
0.041260890662670135
1.1669105291366577
0.5563151836395264
0.7815121412277222
0.11050492525100708
0.9367627501487732
2.4497759342193604
0.03963673114776611
2.0711894035339355
2.874648094177246
0.6692554950714111
0.47922074794769287
0.23547369241714478
0.3760114014148712
0.6037915349006653
2.6162025928497314
0.9568045735359192
6.944245338439941
0.07594971358776093
0.795318067073822
0.026233593001961708
0.7250303030014038
0.195598766207695
0.0738578662276268
2.263151168823242
0.4794798791408539
0.30690228939056396
1.0312985181808472
0.40047594904899597
8.169294357299805
4.24230432510376
0.2216021716594696
0.07163237780332565
2.1235241889953613
1.263913631439209
0.16094239056110382
0.08688539266586304
0.2667059004306793
8.328640937805176
4.093934059143066
0.2427700012922287
2.3971471786499023
1.2229112386703491
0.25859159231185913
7.276194095611572
5.351884365081787
1.59212327003479
0.9473708868026733
5.153804302215576
0.5236897468566895
0.46948304772377014
0.4149089455604553
0.008472551591694355
0.9759358167648315
0.002644964726641774
0.15186920762062073
0.13600143790245056
0.39662179350852966
0.7341243624687195
0.5619862079620361
0.4274686872959137
3.248910427093506
0.277709037065506
0.7659991383552551
1.6688045263290405
1.372650146484375
2.092114210128784
1.1982117891311646
1.1335819959640503
0.2071247696876526
2.1498124599456787
0.13512657582759857
0.15388114750385284
0.09342056512832642
0.039164453744888306
0.41918349266052246
0.08047492802143097
0.8973913192749023
0.04999138042330742
0.16998951137065887
1.6793913841247559
0.06129879131913185
0.26280906796455383
0.25322598218917847
1.7889173030853271
0.6596061587333679
0.2715455889701843
1.405747652053833
2.0224316120147705
0.3055248260498047
1.7357432842254639
2.187378406524658
1.2969834804534912
0.4364910125732422
0.362962931394577
1.661704182624817
0.09151006489992142
0.8365622758865356
2.990652561187744
0.7969303727149963
0.09381197392940521
0.23460865020751953
0.05192233622074127
0.38603538274765015
0.1450008898973465
0.31321650743484497
1.0642385482788086
0.16342592239379883
2.958888292312622
1.1519562005996704
0.40886521339416504
0.11629249155521393
3.0693764686584473
0.3860136866569519
2.317692756652832
2.669642448425293
3.3192901611328125
0.012319225817918777
0.22491079568862915
0.14597085118293762
1.0988881587982178
0.19089579582214355
0.3139282763004303
1.061150312423706
0.1336706429719925
0.09172095358371735
0.013758121989667416
1.1414216756820679
0.017308618873357773
0.2171323597431183
0.023760724812746048
0.899596095085144
0.0708109587430954
1.0696704387664795
0.38991957902908325
2.916301965713501
1.3071073293685913
1.0062603950500488
0.44179269671440125
1.7706931829452515
0.211628258228302
2.475682497024536
0.6342837810516357
0.49354270100593567
3.833340883255005
0.0865355059504509
2.0111753940582275
0.04124247655272484
0.873456597328186
2.7883222103118896
0.12393368780612946
0.02447623200714588
0.03714593127369881
0.11561156064271927
0.11555147916078568
0.43174150586128235
0.12324175238609314
0.6214746236801147
0.04777568578720093
0.544748842716217
4.837466716766357
0.27297860383987427
0.016326097771525383
0.06562899053096771
1.049057126045227
0.4156695306301117
0.3223198652267456
4.376107692718506
0.3621981739997864
0.3497055768966675
0.14991270005702972
0.08398494869470596
0.22483709454536438
0.33710017800331116
2.8126060962677
0.4166717529296875
1.0165174007415771
1.9517308473587036
1.4543370008468628
0.02330745756626129
1.753495216369629
0.04267691820859909
0.22581630945205688
0.36464327573776245
0.27994200587272644
0.43054014444351196
0.5326654314994812
1.5308046340942383
0.14406460523605347
0.7505667805671692
4.666362762451172
2.610501766204834
0.19053217768669128
1.9661022424697876
0.16000135242938995
0.21468400955200195
1.8630149364471436
0.34381091594696045
0.1772957593202591
1.7014521360397339
0.2535022497177124
3.8945727348327637
1.0128289461135864
0.02239018864929676
0.07858134806156158
2.013805866241455
0.05394825339317322
0.14526930451393127
4.056532382965088
1.9688674211502075
0.20521818101406097
0.4233739376068115
1.4573771953582764
0.9205175638198853
0.07515674084424973
0.9513126015663147
0.18215687572956085
0.3117646872997284
2.131739616394043
1.547722339630127
1.482945203781128
0.4102322459220886
1.3022325038909912
0.06525710970163345
1.6686384677886963
1.2960158586502075
1.0130354166030884
0.20517601072788239
4.09703254699707
0.7770248651504517
1.3856433629989624
9.474591255187988
1.4069337844848633
2.10467267036438
0.011100895702838898
0.599246621131897
0.48759180307388306
4.613643646240234
0.1720283329486847
0.6015233397483826
2.1002070903778076
6.4676408767700195
0.29016977548599243
0.11956482380628586
0.40596261620521545
0.06249531731009483
0.03792823478579521
0.4805930554866791
0.005695804487913847
0.7493553161621094
0.010668961331248283
1.2612242698669434
0.8134433627128601
1.1079719066619873
0.3243550658226013
0.4584094285964966
1.4149404764175415
1.9143708944320679
0.8359471559524536
2.721672296524048
2.582714796066284
0.4277408719062805
0.4312487840652466
0.16626548767089844
0.8707053065299988
1.0097951889038086
0.40196213126182556
0.06707501411437988
0.39220529794692993
0.6758673787117004
0.8616025447845459
0.5185003280639648
0.19969214498996735
6.23728609085083
1.0780510902404785
0.012753237038850784
1.1698663234710693
2.5168957710266113
0.1361403614282608
1.0461251735687256
0.18315893411636353
0.24612310528755188
2.652853012084961
1.2553430795669556
0.006063223350793123
0.4710160791873932
0.013097572140395641
0.26937222480773926
0.23061731457710266
5.698868751525879
0.2937059700489044
1.0372220277786255
0.23788687586784363
0.13490614295005798
2.19828724861145
0.19038987159729004
0.12428613752126694
0.7485173344612122
1.834224820137024
0.036824602633714676
0.11492796987295151
0.1966082751750946
0.8750994801521301
2.3848438262939453
4.870613098144531
0.6679433584213257
1.8595832586288452
1.3156936168670654
0.5448442697525024
13.098867416381836
2.946021556854248
0.08365513384342194
0.2068309485912323
0.028050994500517845
0.8457608222961426
2.8265295028686523
0.2035011351108551
0.9629999995231628
0.6338448524475098
0.0715027004480362
0.009451106190681458
0.8620664477348328
0.128512442111969
0.04536742717027664
0.10266567766666412
0.010176341980695724
0.17333632707595825
2.120251178741455
1.974696397781372
0.09961941838264465
0.4170056879520416
0.9950670003890991
3.801907539367676
4.929853439331055
0.360805481672287
2.2353832721710205
2.6880273818969727
0.22828540205955505
2.400733470916748
0.2525698244571686
19.507781982421875
1.6830449104309082
0.03254203125834465
0.5078877806663513
2.343613862991333
4.54518461227417
0.022312024608254433
1.8780577182769775
0.19610628485679626
1.977295160293579
0.6240819096565247
0.38323500752449036
0.175984725356102
0.9996675252914429
2.8292620182037354
1.564824104309082
0.4535323977470398
0.5765992403030396
0.9679768681526184
0.1957474648952484
2.205822706222534
0.124061718583107
1.0439361333847046
1.8172554969787598
2.626796245574951
0.747805118560791
0.6286231875419617
0.2531207799911499
0.5408025979995728
0.09223505109548569
2.726959228515625
0.4301217794418335
0.18376226723194122
8.300375938415527
5.318469047546387
3.7298951148986816
8.309707641601562
1.980963945388794
0.8485166430473328
0.004895380232483149
0.25054967403411865
0.07824487239122391
1.6675748825073242
0.14777511358261108
0.09983212500810623
0.48164936900138855
0.047347262501716614
0.11814048141241074
0.37179332971572876
3.9973971843719482
0.022738995030522346
0.1426989734172821
0.48691171407699585
2.1575257778167725
2.5766425132751465
0.31227463483810425
0.36766359210014343
2.399681329727173
0.5096527934074402
0.6679086685180664
0.20956458151340485
11.006056785583496
0.21273234486579895
0.1195557489991188
0.14440156519412994
0.016466641798615456
8.21481990814209
1.863175868988037
0.011361216194927692
0.8696596026420593
1.1949905157089233
0.09024415910243988
0.3235534131526947
5.2160868644714355
6.102143287658691
2.227391481399536
1.1535581350326538
0.4610989987850189
1.1398675441741943
0.007127672433853149
0.6053077578544617
0.5891082286834717
0.06383008509874344
3.752254009246826
0.21173666417598724
1.1152070760726929
0.0100183617323637
1.559769630432129
0.8207831978797913
1.4237725734710693
2.254253387451172
0.04573117196559906
0.023378994315862656
1.3415954113006592
0.14328302443027496
3.1591949462890625
1.054029941558838
0.2686251103878021
0.3268434405326843
2.6743197441101074
0.2906416654586792
0.01285171415656805
0.02536696009337902
0.4341912865638733
0.1279306262731552
3.441249132156372
6.303772449493408
0.04529719054698944
1.4040285348892212
0.06481365114450455
0.2205144613981247
0.00756057258695364
1.0617443323135376
1.8481740951538086
0.011965828016400337
1.8528727293014526
5.9465250968933105
1.0339536666870117
1.6946988105773926
1.9100333452224731
0.014903075061738491
10.248147010803223
2.433109760284424
2.432706117630005
0.1589353233575821
4.2298431396484375
1.8023273944854736
0.9761155247688293
0.546381950378418
3.5081064701080322
1.5537474155426025
0.5715532898902893
8.224381446838379
0.06894456595182419
0.5288283228874207
0.05196007713675499
1.076833963394165
0.6064863204956055
0.2547967731952667
0.308022677898407
2.0732297897338867
0.2570022940635681
0.5522765517234802
0.007357193157076836
0.05828472971916199
0.6409472227096558
0.012947466224431992
0.0690796747803688
5.561595916748047
0.37107768654823303
0.19321554899215698
0.19202867150306702
0.05427642911672592
4.5578718185424805
0.23804081976413727
0.040859587490558624
3.0359604358673096
0.09773420542478561
0.0280718132853508
2.483814239501953
2.23260235786438
1.7982920408248901
0.6517534255981445
0.13351255655288696
1.5823951959609985
1.1676177978515625
5.577650547027588
0.3969699740409851
2.5792124271392822
0.3778202533721924
6.483806133270264
0.22680215537548065
1.263082504272461
0.20739434659481049
0.24355509877204895
8.921727180480957
0.7554014325141907
0.6236542463302612
0.6565234661102295
6.178037643432617
0.24885588884353638
0.008864902891218662
0.46841931343078613
1.624011516571045
1.711430549621582
1.0051895380020142
0.4728209674358368
0.9809297919273376
1.3728108406066895
0.7795543074607849
0.16121681034564972
0.5752823352813721
0.6579853296279907
2.9856910705566406
1.3047364950180054
7.305054187774658
0.25642505288124084
2.533769130706787
1.595960021018982
0.04312416538596153
0.9224696159362793
0.7072785496711731
0.3823281228542328
2.2609713077545166
0.5586012601852417
2.2144925594329834
0.19229371845722198
8.087935447692871
1.4483122825622559
0.053543757647275925
0.14827094972133636
0.3891661763191223
0.37558379769325256
0.44437792897224426
0.03558794781565666
0.22972840070724487
1.5431666374206543
0.4449971318244934
2.78562593460083
3.0538887977600098
1.0321117639541626
0.7962348461151123
0.5110924243927002
0.016767343506217003
3.3620283603668213
0.17436888813972473
2.0255730152130127
1.0163867473602295
0.18193112313747406
0.17148713767528534
0.008400622755289078
0.8968641757965088
0.739417552947998
0.3116322159767151
0.738965630531311
2.547546148300171
0.19021804630756378
3.2051727771759033
0.010154196061193943
0.35592493414878845
0.014882991090416908
0.4217502772808075
1.5172425508499146
0.7922256588935852
0.843222975730896
0.30048125982284546
0.4211816191673279
3.0644822120666504
1.5994081497192383
1.485443115234375
0.2865133583545685
0.7691788077354431
4.367453575134277
0.611865222454071
4.598671913146973
0.9357370734214783
0.3660065531730652
3.8240208625793457
3.604985237121582
1.406476616859436
0.4280652701854706
0.03590445965528488
3.8950088024139404
0.020743731409311295
0.7579015493392944
0.06776673346757889
0.4786666929721832
0.03441285341978073
0.04047150909900665
0.14735102653503418
3.1833059787750244
0.1030026525259018
0.029124807566404343
2.287851333618164
1.7955995798110962
8.1356201171875
0.18524755537509918
0.6931631565093994
1.9875214099884033
5.203604221343994
0.23988181352615356
2.0899763107299805
0.6973053216934204
0.6152151226997375
3.543943405151367
0.00637183990329504
0.014959881082177162
1.4297386407852173
0.04492303356528282
0.3681153953075409
0.09885357320308685
0.05139876902103424
0.5155264139175415
0.46929261088371277
1.933524489402771
0.9596094489097595
0.33020633459091187
0.0682070329785347
5.406594753265381
0.04870352894067764
2.095633029937744
6.581563949584961
0.02070305310189724
0.5005365014076233
0.8528967499732971
1.2869436740875244
0.9322967529296875
0.6413620710372925
0.44753220677375793
0.36398476362228394
1.283577561378479
0.25972044467926025
0.09153835475444794
2.548304557800293
2.312399387359619
1.2248224020004272
0.05276431515812874
1.7074216604232788
0.12678341567516327
0.33368927240371704
0.5987682342529297
6.431891918182373
14.125309944152832
2.5337107181549072
0.01506504975259304
3.3565621376037598
4.493295192718506
0.09750203043222427
0.8053064942359924
0.16079355776309967
0.5452588796615601
0.6495952010154724
3.281355857849121
0.5607699751853943
0.07267940044403076
0.034976813942193985
0.7405931949615479
1.3243391513824463
0.23773376643657684
2.13372802734375
0.6261516809463501
0.40275412797927856
0.29115405678749084
1.9776692390441895
0.9375491738319397
1.138852834701538
2.490018606185913
0.446086049079895
1.2320187091827393
4.622471809387207
2.5993733406066895
1.2381926774978638
0.7790203094482422
0.45823583006858826
0.6748606562614441
1.669936180114746
0.1299312710762024
0.0740557312965393
0.05594853311777115
0.08828228712081909
5.218545913696289
0.011381679214537144
0.32592540979385376
1.7810008525848389
0.010299893096089363
0.1831294149160385
2.7984201908111572
0.028632424771785736
0.07634834945201874
1.582993507385254
1.414194107055664
0.5775458216667175
0.14062713086605072
0.3279098570346832
0.5154841542243958
1.0472972393035889
0.3539904057979584
2.5837841033935547
0.1661997139453888
0.6303210854530334
1.2210719585418701
0.11357222497463226
0.008368182927370071
0.793997585773468
2.949477195739746
1.3062646389007568
0.3605583906173706
1.169540524482727
1.2441048622131348
0.9645174145698547
1.6543489694595337
0.03816487267613411
0.3815564513206482
1.651335597038269
0.05952920764684677
4.549761772155762
5.763956546783447
2.2658259868621826
0.10067636519670486
0.048494864255189896
1.0161807537078857
3.485314130783081
2.5472333431243896
0.037364497780799866
0.2647109031677246
0.02973210997879505
0.30475467443466187
0.05238056182861328
1.159517765045166
0.019593872129917145
0.416993111371994
0.0316007025539875
2.457620143890381
0.635835587978363
1.1706788539886475
3.002885341644287
0.15529383718967438
1.9562630653381348
0.11684571951627731
0.6936606764793396
1.400099754333496
0.09531812369823456
0.22912976145744324
0.9009412527084351
0.4475696384906769
0.26786571741104126
0.9582114815711975
0.2522500455379486
0.013094816356897354
0.28828489780426025
2.3710098266601562
0.025528492406010628
0.5649291276931763
0.1790585219860077
0.5410076975822449
0.30296674370765686
0.19919425249099731
1.4008620977401733
0.6256952285766602
1.1457242965698242
0.3004586100578308
0.14817003905773163
1.2377254962921143
1.7026610374450684
0.4572390615940094
0.06513787806034088
0.26869460940361023
2.6542160511016846
2.397907018661499
0.050023362040519714
0.025154443457722664
5.003495216369629
0.017568906769156456
2.855264902114868
2.19667387008667
1.6487836837768555
0.16246765851974487
0.12346839904785156
2.3309006690979004
5.647676944732666
6.587014198303223
1.1561620235443115
0.016752922907471657
0.8206912875175476
0.014761937782168388
0.18569833040237427
0.14065688848495483
0.09287364780902863
0.48089858889579773
0.018608294427394867
3.6150429248809814
0.037212520837783813
1.5116266012191772
0.21334724128246307
0.6475266814231873
0.7792150378227234
0.1300555318593979
1.6509487628936768
0.499388724565506
0.4625794589519501
0.22094926238059998
0.7342123985290527
0.48191410303115845
0.40918225049972534
0.8083387017250061
0.014975981786847115
0.5941523909568787
0.18533174693584442
0.12054099142551422
0.7340710759162903
0.03668057546019554
1.5509474277496338
1.4397329092025757
0.059299319982528687
6.992947101593018
0.4320131540298462
0.5765514373779297
0.18964660167694092
1.0769429206848145
0.07844345271587372
0.18126404285430908
0.03221176192164421
0.3685077130794525
0.37908607721328735
2.5376224517822266
0.5666858553886414
0.7942216396331787
2.3888185024261475
0.11841551959514618
0.00633274158462882
0.008317848667502403
1.0992600917816162
2.9718565940856934
1.6621484756469727
0.025178957730531693
0.212467759847641
1.432870626449585
2.7300212383270264
0.2535220682621002
0.3656981587409973
1.2136123180389404
0.18240787088871002
0.9303689002990723
0.5553207397460938
0.057992272078990936
1.4285732507705688
0.21679599583148956
0.46479275822639465
0.16757473349571228
1.1329511404037476
0.14652219414710999
1.6318796873092651
0.10298952460289001
4.545287609100342
0.39252156019210815
0.9348363280296326
0.3884580135345459
0.05264101177453995
0.5876309871673584
1.4650708436965942
1.0621788501739502
0.315694659948349
1.2561250925064087
0.06479296833276749
0.019119692966341972
0.14885151386260986
0.929152250289917
0.4386157989501953
0.4014335870742798
1.0076220035552979
0.21152983605861664
0.10314521193504333
0.14527422189712524
0.6687445640563965
0.06527294963598251
0.131151020526886
0.9469833374023438
4.258910179138184
2.3049073219299316
0.6198549866676331
0.08602983504533768
4.296486854553223
2.125844955444336
4.595083236694336
0.8673031330108643
9.519143104553223
0.020652446895837784
2.1477646827697754
0.6271461844444275
0.0453755222260952
0.03172774240374565
2.118046283721924
0.20133930444717407
0.2158718854188919
0.39501863718032837
0.19976967573165894
0.20393194258213043
3.957714557647705
0.708530843257904
2.4448554515838623
1.0667312145233154
3.3049216270446777
0.015379020012915134
0.0894474983215332
0.08508127182722092
0.903901219367981
0.2029828578233719
0.25836077332496643
1.327576756477356
0.2480740249156952
7.445525646209717
0.6051794290542603
0.33217576146125793
1.8642994165420532
0.3103015124797821
0.030352160334587097
2.104269027709961
0.7343677282333374
1.2679731845855713
0.8821173310279846
0.18734972178936005
0.1343168318271637
0.628381073474884
1.9480489492416382
3.2351813316345215
0.21726977825164795
0.07584525644779205
3.866238832473755
0.5181421637535095
0.3252272307872772
0.07083374261856079
1.0892244577407837
0.030802153050899506
2.730412483215332
5.705835342407227
0.09818024188280106
2.799713611602783
0.017340827733278275
7.2500104904174805
1.0882383584976196
0.37308502197265625
0.9790487289428711
0.43691182136535645
1.8591684103012085
10.807918548583984
0.023238692432641983
1.1273237466812134
0.8354178667068481
0.7709586024284363
1.9132522344589233
0.6717218160629272
0.08196656405925751
0.3630281984806061
0.8524782657623291
0.5087467432022095
1.8140546083450317
0.12040626257658005
0.9153012633323669
0.021249720826745033
0.20255596935749054
0.006602082867175341
0.1621856987476349
0.3897947371006012
0.3173898756504059
0.07215932011604309
0.6504412889480591
0.6536194086074829
1.3236502408981323
0.022723667323589325
3.5258898735046387
3.013707160949707
